"        MT= 55 recoil spectrum "
" Initial neutron energy corresponds to the group:"
   1.73780E+00    1.81970E+00       0.00000E+00           772           794            23
 Debug druck set-a:   772      0.00000E+00        6.21200E-04        0.00000E+00
 Debug druck set-a:   773      1.09935E-01        6.50601E-04        7.15238E-05
 Debug druck set-a:   774      5.19597E-01        6.81199E-04        3.53949E-04
 Debug druck set-a:   775      1.03777E+00        7.13301E-04        7.40239E-04
 Debug druck set-a:   776      1.39319E+00        7.47000E-04        1.04071E-03
 Debug druck set-a:   777      1.76775E+00        7.82100E-04        1.38256E-03
 Debug druck set-a:   778      1.92911E+00        8.19000E-04        1.57994E-03
 Debug druck set-a:   779      2.06791E+00        8.57600E-04        1.77344E-03
 Debug druck set-a:   780      2.11199E+00        8.98000E-04        1.89657E-03
 Debug druck set-a:   781      2.11183E+00        9.40400E-04        1.98597E-03
 Debug druck set-a:   782      2.11210E+00        9.84600E-04        2.07957E-03
 Debug druck set-a:   783      2.11189E+00        1.03110E-03        2.17757E-03
 Debug druck set-a:   784      2.11207E+00        1.07960E-03        2.28019E-03
 Debug druck set-a:   785      2.11184E+00        1.13060E-03        2.38764E-03
 Debug druck set-a:   786      2.11201E+00        1.18380E-03        2.50019E-03
 Debug druck set-a:   787      2.11199E+00        1.23960E-03        2.61802E-03
 Debug druck set-a:   788      2.05759E+00        1.29800E-03        2.67075E-03
 Debug druck set-a:   789      1.89431E+00        1.35920E-03        2.57474E-03
 Debug druck set-a:   790      1.76138E+00        1.42330E-03        2.50698E-03
 Debug druck set-a:   791      1.34811E+00        1.49030E-03        2.00909E-03
 Debug druck set-a:   792      9.76152E-01        1.56060E-03        1.52338E-03
 Debug druck set-a:   793      4.50168E-01        1.63410E-03        7.35621E-04
 Debug druck set-a:   794      6.68869E-02        1.71110E-03        1.14450E-04



          Low               High              Mid              Energy           Number             dn/de            E*dn/de          Cumulative
         Energy            Energy            Energy             Width          Fraction                               Sum   
         [MeV]             [MeV]             [MeV]              [MeV]

       1.31826E-02       1.38038E-02       1.34932E-02       6.21200E-04       0.00000E+00       0.00000E+00       0.00000E+00       0.00000E+00
       1.38038E-02       1.44544E-02       1.41291E-02       6.50601E-04       1.93291E-03       2.97097E+00       4.19771E-02       1.93291E-03
       1.44544E-02       1.51356E-02       1.47950E-02       6.81199E-04       9.56539E-03       1.40420E+01       2.07751E-01       1.14983E-02
       1.51356E-02       1.58489E-02       1.54923E-02       7.13301E-04       2.00048E-02       2.80454E+01       4.34486E-01       3.15031E-02
       1.58489E-02       1.65959E-02       1.62224E-02       7.47000E-04       2.81249E-02       3.76505E+01       6.10782E-01       5.96280E-02
       1.65959E-02       1.73780E-02       1.69870E-02       7.82100E-04       3.73634E-02       4.77732E+01       8.11520E-01       9.69914E-02
       1.73780E-02       1.81970E-02       1.77875E-02       8.19000E-04       4.26975E-02       5.21337E+01       9.27329E-01       1.39689E-01
       1.81970E-02       1.90546E-02       1.86258E-02       8.57600E-04       4.79268E-02       5.58848E+01       1.04090E+00       1.87616E-01
       1.90546E-02       1.99526E-02       1.95036E-02       8.98000E-04       5.12544E-02       5.70761E+01       1.11319E+00       2.38870E-01
       1.99526E-02       2.08930E-02       2.04228E-02       9.40400E-04       5.36704E-02       5.70718E+01       1.16557E+00       2.92540E-01
       2.08930E-02       2.18776E-02       2.13853E-02       9.84600E-04       5.61999E-02       5.70789E+01       1.22065E+00       3.48740E-01
       2.18776E-02       2.29087E-02       2.23931E-02       1.03110E-03       5.88483E-02       5.70734E+01       1.27805E+00       4.07589E-01
       2.29087E-02       2.39883E-02       2.34485E-02       1.07960E-03       6.16216E-02       5.70781E+01       1.33840E+00       4.69210E-01
       2.39883E-02       2.51189E-02       2.45536E-02       1.13060E-03       6.45254E-02       5.70719E+01       1.40132E+00       5.33736E-01
       2.51189E-02       2.63027E-02       2.57108E-02       1.18380E-03       6.75671E-02       5.70765E+01       1.46748E+00       6.01303E-01
       2.63027E-02       2.75423E-02       2.69225E-02       1.23960E-03       7.07514E-02       5.70759E+01       1.53663E+00       6.72054E-01
       2.75423E-02       2.88403E-02       2.81913E-02       1.29800E-03       7.21764E-02       5.56059E+01       1.56760E+00       7.44231E-01
       2.88403E-02       3.01995E-02       2.95199E-02       1.35920E-03       6.95818E-02       5.11932E+01       1.51122E+00       8.13812E-01
       3.01995E-02       3.16228E-02       3.09112E-02       1.42330E-03       6.77506E-02       4.76010E+01       1.47140E+00       8.81563E-01
       3.16228E-02       3.31131E-02       3.23680E-02       1.49030E-03       5.42952E-02       3.64324E+01       1.17924E+00       9.35858E-01
       3.31131E-02       3.46737E-02       3.38934E-02       1.56060E-03       4.11690E-02       2.63803E+01       8.94117E-01       9.77027E-01
       3.46737E-02       3.63078E-02       3.54908E-02       1.63410E-03       1.98800E-02       1.21657E+01       4.31770E-01       9.96907E-01
       3.63078E-02       3.80189E-02       3.71633E-02       1.71110E-03       3.09298E-03       1.80760E+00       6.71766E-02       1.00000E+00

 Sum =                                                                         1.00000E+00
 Renormalization bin#   878 =                                                  3.70031E-02 barn        1.73780E+06        1.81970E+06        1.77875E+06
 Avg. Energy     bin#   878 =                                                  2.46648E-02 MeV         1.73780E+06        1.81970E+06
