"        MT= 52 recoil spectrum "
" Initial neutron energy corresponds to the group:"
   2.82000E+01    2.84000E+01       0.00000E+00           850           874            25
 Debug druck set-a:   850      0.00000E+00        2.25570E-02        0.00000E+00
 Debug druck set-a:   851      4.30210E-11        2.36210E-02        1.01620E-12
 Debug druck set-a:   852      4.25787E-11        2.47330E-02        1.05310E-12
 Debug druck set-a:   853      4.21792E-11        2.58990E-02        1.09240E-12
 Debug druck set-a:   854      4.18178E-11        2.71200E-02        1.13410E-12
 Debug druck set-a:   855      4.15079E-11        2.83970E-02        1.17870E-12
 Debug druck set-a:   856      4.12429E-11        2.97360E-02        1.22640E-12
 Debug druck set-a:   857      4.10303E-11        3.11380E-02        1.27760E-12
 Debug druck set-a:   858      4.08833E-11        3.26050E-02        1.33300E-12
 Debug druck set-a:   859      4.08002E-11        3.41420E-02        1.39300E-12
 Debug druck set-a:   860      4.08000E-11        3.57500E-02        1.45860E-12
 Debug druck set-a:   861      4.08831E-11        3.74360E-02        1.53050E-12
 Debug druck set-a:   862      4.10714E-11        3.92000E-02        1.61000E-12
 Debug druck set-a:   863      4.13843E-11        4.10470E-02        1.69870E-12
 Debug druck set-a:   864      4.18384E-11        4.29820E-02        1.79830E-12
 Debug druck set-a:   865      4.24756E-11        4.50070E-02        1.91170E-12
 Debug druck set-a:   866      4.33439E-11        4.71300E-02        2.04280E-12
 Debug druck set-a:   867      4.45268E-11        4.93500E-02        2.19740E-12
 Debug druck set-a:   868      4.61331E-11        5.16700E-02        2.38370E-12
 Debug druck set-a:   869      4.82480E-11        5.41100E-02        2.61070E-12
 Debug druck set-a:   870      5.08648E-11        5.66600E-02        2.88200E-12
 Debug druck set-a:   871      5.35962E-11        5.93400E-02        3.18040E-12
 Debug druck set-a:   872      5.54878E-11        6.21200E-02        3.44690E-12
 Debug druck set-a:   873      5.50615E-11        6.50600E-02        3.58230E-12
 Debug druck set-a:   874      5.19598E-11        6.81200E-02        3.53950E-12



          Low               High              Mid              Energy           Number             dn/de            E*dn/de          Cumulative
         Energy            Energy            Energy             Width          Fraction                               Sum   
         [MeV]             [MeV]             [MeV]              [MeV]

       4.78630E-01       5.01187E-01       4.89909E-01       2.25570E-02       0.00000E+00       0.00000E+00       0.00000E+00       0.00000E+00
       5.01187E-01       5.24808E-01       5.12998E-01       2.36210E-02       2.18172E-02       9.23634E-01       4.73822E-01       2.18172E-02
       5.24808E-01       5.49541E-01       5.37174E-01       2.47330E-02       2.26094E-02       9.14138E-01       4.91052E-01       4.44266E-02
       5.49541E-01       5.75440E-01       5.62490E-01       2.58990E-02       2.34531E-02       9.05561E-01       5.09370E-01       6.78797E-02
       5.75440E-01       6.02560E-01       5.89000E-01       2.71200E-02       2.43484E-02       8.97803E-01       5.28806E-01       9.22281E-02
       6.02560E-01       6.30957E-01       6.16758E-01       2.83970E-02       2.53059E-02       8.91148E-01       5.49623E-01       1.17534E-01
       6.30957E-01       6.60693E-01       6.45825E-01       2.97360E-02       2.63300E-02       8.85460E-01       5.71852E-01       1.43864E-01
       6.60693E-01       6.91831E-01       6.76262E-01       3.11380E-02       2.74293E-02       8.80894E-01       5.95715E-01       1.71293E-01
       6.91831E-01       7.24436E-01       7.08133E-01       3.26050E-02       2.86187E-02       8.77738E-01       6.21556E-01       1.99912E-01
       7.24436E-01       7.58578E-01       7.41507E-01       3.41420E-02       2.99068E-02       8.75954E-01       6.49526E-01       2.29819E-01
       7.58578E-01       7.94328E-01       7.76453E-01       3.57500E-02       3.13152E-02       8.75950E-01       6.80134E-01       2.61134E-01
       7.94328E-01       8.31764E-01       8.13046E-01       3.74360E-02       3.28589E-02       8.77734E-01       7.13638E-01       2.93993E-01
       8.31764E-01       8.70964E-01       8.51364E-01       3.92000E-02       3.45657E-02       8.81777E-01       7.50714E-01       3.28559E-01
       8.70964E-01       9.12011E-01       8.91487E-01       4.10470E-02       3.64700E-02       8.88494E-01       7.92081E-01       3.65029E-01
       9.12011E-01       9.54993E-01       9.33502E-01       4.29820E-02       3.86084E-02       8.98245E-01       8.38513E-01       4.03637E-01
       9.54993E-01       1.00000E+00       9.77497E-01       4.50070E-02       4.10430E-02       9.11924E-01       8.91403E-01       4.44680E-01
       1.00000E+00       1.04713E+00       1.02357E+00       4.71300E-02       4.38576E-02       9.30567E-01       9.52496E-01       4.88538E-01
       1.04713E+00       1.09648E+00       1.07181E+00       4.93500E-02       4.71768E-02       9.55963E-01       1.02461E+00       5.35714E-01
       1.09648E+00       1.14815E+00       1.12231E+00       5.16700E-02       5.11765E-02       9.90449E-01       1.11160E+00       5.86891E-01
       1.14815E+00       1.20226E+00       1.17520E+00       5.41100E-02       5.60501E-02       1.03585E+00       1.21734E+00       6.42941E-01
       1.20226E+00       1.25892E+00       1.23059E+00       5.66600E-02       6.18747E-02       1.09204E+00       1.34385E+00       7.04816E-01
       1.25892E+00       1.31826E+00       1.28859E+00       5.93400E-02       6.82812E-02       1.15068E+00       1.48275E+00       7.73097E-01
       1.31826E+00       1.38038E+00       1.34932E+00       6.21200E-02       7.40028E-02       1.19129E+00       1.60743E+00       8.47099E-01
       1.38038E+00       1.44544E+00       1.41291E+00       6.50600E-02       7.69097E-02       1.18214E+00       1.67025E+00       9.24009E-01
       1.44544E+00       1.51356E+00       1.47950E+00       6.81200E-02       7.59908E-02       1.11554E+00       1.65045E+00       1.00000E+00

 Sum =                                                                         1.00000E+00
 Renormalization bin#  1017 =                                                  4.65780E-11 barn        2.82000E+07        2.84000E+07        2.83000E+07
 Avg. Energy     bin#  1017 =                                                  1.03744E+00 MeV         2.82000E+07        2.84000E+07
