"        MT= 55 recoil spectrum "
" Initial neutron energy corresponds to the group:"
   2.94000E+01    2.96000E+01       0.00000E+00           849           875            27
 Debug druck set-a:   849      0.00000E+00        2.15420E-02        0.00000E+00
 Debug druck set-a:   850      4.51922E-11        2.25570E-02        1.01940E-12
 Debug druck set-a:   851      4.46891E-11        2.36210E-02        1.05560E-12
 Debug druck set-a:   852      4.42162E-11        2.47330E-02        1.09360E-12
 Debug druck set-a:   853      4.37777E-11        2.58990E-02        1.13380E-12
 Debug druck set-a:   854      4.33776E-11        2.71200E-02        1.17640E-12
 Debug druck set-a:   855      4.30257E-11        2.83970E-02        1.22180E-12
 Debug druck set-a:   856      4.27159E-11        2.97360E-02        1.27020E-12
 Debug druck set-a:   857      4.24594E-11        3.11380E-02        1.32210E-12
 Debug druck set-a:   858      4.22604E-11        3.26050E-02        1.37790E-12
 Debug druck set-a:   859      4.21241E-11        3.41420E-02        1.43820E-12
 Debug druck set-a:   860      4.20587E-11        3.57500E-02        1.50360E-12
 Debug druck set-a:   861      4.20718E-11        3.74360E-02        1.57500E-12
 Debug druck set-a:   862      4.21786E-11        3.92000E-02        1.65340E-12
 Debug druck set-a:   863      4.23929E-11        4.10470E-02        1.74010E-12
 Debug druck set-a:   864      4.27342E-11        4.29820E-02        1.83680E-12
 Debug druck set-a:   865      4.32333E-11        4.50070E-02        1.94580E-12
 Debug druck set-a:   866      4.39211E-11        4.71300E-02        2.07000E-12
 Debug druck set-a:   867      4.48470E-11        4.93500E-02        2.21320E-12
 Debug druck set-a:   868      4.60557E-11        5.16700E-02        2.37970E-12
 Debug druck set-a:   869      4.75698E-11        5.41100E-02        2.57400E-12
 Debug druck set-a:   870      4.94176E-11        5.66600E-02        2.80000E-12
 Debug druck set-a:   871      5.15689E-11        5.93400E-02        3.06010E-12
 Debug druck set-a:   872      5.39681E-11        6.21200E-02        3.35250E-12
 Debug druck set-a:   873      5.62604E-11        6.50600E-02        3.66030E-12
 Debug druck set-a:   874      5.74633E-11        6.81200E-02        3.91440E-12
 Debug druck set-a:   875      5.02075E-11        7.13300E-02        3.58130E-12



          Low               High              Mid              Energy           Number             dn/de            E*dn/de          Cumulative
         Energy            Energy            Energy             Width          Fraction                               Sum   
         [MeV]             [MeV]             [MeV]              [MeV]

       4.57088E-01       4.78630E-01       4.67859E-01       2.15420E-02       0.00000E+00       0.00000E+00       0.00000E+00       0.00000E+00
       4.78630E-01       5.01187E-01       4.89909E-01       2.25570E-02       1.96155E-02       8.69596E-01       4.26022E-01       1.96155E-02
       5.01187E-01       5.24808E-01       5.12998E-01       2.36210E-02       2.03120E-02       8.59914E-01       4.41134E-01       3.99275E-02
       5.24808E-01       5.49541E-01       5.37174E-01       2.47330E-02       2.10432E-02       8.50816E-01       4.57037E-01       6.09707E-02
       5.49541E-01       5.75440E-01       5.62490E-01       2.58990E-02       2.18168E-02       8.42379E-01       4.73830E-01       8.27875E-02
       5.75440E-01       6.02560E-01       5.89000E-01       2.71200E-02       2.26365E-02       8.34679E-01       4.91626E-01       1.05424E-01
       6.02560E-01       6.30957E-01       6.16758E-01       2.83970E-02       2.35101E-02       8.27907E-01       5.10619E-01       1.28934E-01
       6.30957E-01       6.60693E-01       6.45825E-01       2.97360E-02       2.44414E-02       8.21947E-01       5.30834E-01       1.53375E-01
       6.60693E-01       6.91831E-01       6.76262E-01       3.11380E-02       2.54401E-02       8.17011E-01       5.52513E-01       1.78816E-01
       6.91831E-01       7.24436E-01       7.08133E-01       3.26050E-02       2.65138E-02       8.13182E-01       5.75841E-01       2.05329E-01
       7.24436E-01       7.58578E-01       7.41507E-01       3.41420E-02       2.76741E-02       8.10558E-01       6.01035E-01       2.33003E-01
       7.58578E-01       7.94328E-01       7.76453E-01       3.57500E-02       2.89325E-02       8.09301E-01       6.28384E-01       2.61936E-01
       7.94328E-01       8.31764E-01       8.13046E-01       3.74360E-02       3.03064E-02       8.09553E-01       6.58204E-01       2.92242E-01
       8.31764E-01       8.70964E-01       8.51364E-01       3.92000E-02       3.18150E-02       8.11607E-01       6.90973E-01       3.24057E-01
       8.70964E-01       9.12011E-01       8.91487E-01       4.10470E-02       3.34833E-02       8.15731E-01       7.27214E-01       3.57541E-01
       9.12011E-01       9.54993E-01       9.33502E-01       4.29820E-02       3.53440E-02       8.22298E-01       7.67617E-01       3.92885E-01
       9.54993E-01       1.00000E+00       9.77497E-01       4.50070E-02       3.74414E-02       8.31902E-01       8.13181E-01       4.30326E-01
       1.00000E+00       1.04713E+00       1.02357E+00       4.71300E-02       3.98313E-02       8.45137E-01       8.65052E-01       4.70157E-01
       1.04713E+00       1.09648E+00       1.07181E+00       4.93500E-02       4.25868E-02       8.62954E-01       9.24918E-01       5.12744E-01
       1.09648E+00       1.14815E+00       1.12231E+00       5.16700E-02       4.57906E-02       8.86212E-01       9.94609E-01       5.58535E-01
       1.14815E+00       1.20226E+00       1.17520E+00       5.41100E-02       4.95293E-02       9.15345E-01       1.07572E+00       6.08064E-01
       1.20226E+00       1.25892E+00       1.23059E+00       5.66600E-02       5.38781E-02       9.50901E-01       1.17017E+00       6.61942E-01
       1.25892E+00       1.31826E+00       1.28859E+00       5.93400E-02       5.88830E-02       9.92298E-01       1.27867E+00       7.20825E-01
       1.31826E+00       1.38038E+00       1.34932E+00       6.21200E-02       6.45094E-02       1.03846E+00       1.40122E+00       7.85334E-01
       1.38038E+00       1.44544E+00       1.41291E+00       6.50600E-02       7.04321E-02       1.08257E+00       1.52958E+00       8.55767E-01
       1.44544E+00       1.51356E+00       1.47950E+00       6.81200E-02       7.53215E-02       1.10572E+00       1.63591E+00       9.31088E-01
       1.51356E+00       1.58489E+00       1.54923E+00       7.13300E-02       6.89120E-02       9.66101E-01       1.49671E+00       1.00000E+00

 Sum =                                                                         1.00000E+00
 Renormalization bin#  1023 =                                                  5.19692E-11 barn        2.94000E+07        2.96000E+07        2.95000E+07
 Avg. Energy     bin#  1023 =                                                  1.06030E+00 MeV         2.94000E+07        2.96000E+07
