"        MT=107 recoil spectrum "
" Initial neutron energy corresponds to the group:"
   8.31764E-01    8.70964E-01       0.00000E+00           813           843            31
 Debug druck set-a:   813      0.00000E+00        4.10470E-03        0.00000E+00
 Debug druck set-a:   814      3.67131E-10        4.29820E-03        1.57800E-12
 Debug druck set-a:   815      3.67143E-10        4.50070E-03        1.65240E-12
 Debug druck set-a:   816      3.67133E-10        4.71300E-03        1.73030E-12
 Debug druck set-a:   817      3.04276E-09        4.93500E-03        1.50160E-11
 Debug druck set-a:   818      5.47397E-09        5.16700E-03        2.82840E-11
 Debug druck set-a:   819      5.47330E-09        5.41100E-03        2.96160E-11
 Debug druck set-a:   820      2.08825E-08        5.66600E-03        1.18320E-10
 Debug druck set-a:   821      9.28008E-08        5.93400E-03        5.50680E-10
 Debug druck set-a:   822      9.28236E-08        6.21200E-03        5.76620E-10
 Debug druck set-a:   823      1.59731E-07        6.50600E-03        1.03921E-09
 Debug druck set-a:   824      3.31428E-07        6.81200E-03        2.25769E-09
 Debug druck set-a:   825      3.31433E-07        7.13300E-03        2.36411E-09
 Debug druck set-a:   826      3.37705E-07        7.47000E-03        2.52266E-09
 Debug druck set-a:   827      3.40069E-07        7.82100E-03        2.65968E-09
 Debug druck set-a:   828      3.36538E-07        8.19000E-03        2.75625E-09
 Debug druck set-a:   829      3.32020E-07        8.57600E-03        2.84740E-09
 Debug druck set-a:   830      3.30081E-07        8.98000E-03        2.96413E-09
 Debug druck set-a:   831      3.26729E-07        9.40400E-03        3.07256E-09
 Debug druck set-a:   832      3.25212E-07        9.84600E-03        3.20204E-09
 Debug druck set-a:   833      3.23494E-07        1.03110E-02        3.33555E-09
 Debug druck set-a:   834      3.22205E-07        1.07960E-02        3.47853E-09
 Debug druck set-a:   835      3.21624E-07        1.13060E-02        3.63628E-09
 Debug druck set-a:   836      3.21080E-07        1.18380E-02        3.80094E-09
 Debug druck set-a:   837      3.21261E-07        1.23960E-02        3.98235E-09
 Debug druck set-a:   838      3.21680E-07        1.29800E-02        4.17541E-09
 Debug druck set-a:   839      3.22719E-07        1.35920E-02        4.38640E-09
 Debug druck set-a:   840      3.25104E-07        1.42330E-02        4.62721E-09
 Debug druck set-a:   841      3.27423E-07        1.49030E-02        4.87959E-09
 Debug druck set-a:   842      3.29107E-07        1.56060E-02        5.13605E-09
 Debug druck set-a:   843      2.03201E-07        1.63410E-02        3.32050E-09



          Low               High              Mid              Energy           Number             dn/de            E*dn/de          Cumulative
         Energy            Energy            Energy             Width          Fraction                               Sum   
         [MeV]             [MeV]             [MeV]              [MeV]

       8.70964E-02       9.12011E-02       8.91488E-02       4.10470E-03       0.00000E+00       0.00000E+00       0.00000E+00       0.00000E+00
       9.12011E-02       9.54993E-02       9.33502E-02       4.29820E-03       2.19875E-05       5.11552E-03       4.77535E-04       2.19875E-05
       9.54993E-02       1.00000E-01       9.77497E-02       4.50070E-03       2.30242E-05       5.11568E-03       5.00056E-04       4.50117E-05
       1.00000E-01       1.04713E-01       1.02357E-01       4.71300E-03       2.41096E-05       5.11556E-03       5.23610E-04       6.91213E-05
       1.04713E-01       1.09648E-01       1.07180E-01       4.93500E-03       2.09230E-04       4.23971E-02       4.54414E-03       2.78351E-04
       1.09648E-01       1.14815E-01       1.12231E-01       5.16700E-03       3.94103E-04       7.62731E-02       8.56024E-03       6.72454E-04
       1.14815E-01       1.20226E-01       1.17520E-01       5.41100E-03       4.12663E-04       7.62637E-02       8.96255E-03       1.08512E-03
       1.20226E-01       1.25892E-01       1.23059E-01       5.66600E-03       1.64864E-03       2.90972E-01       3.58067E-02       2.73376E-03
       1.25892E-01       1.31826E-01       1.28859E-01       5.93400E-03       7.67305E-03       1.29307E+00       1.66623E-01       1.04068E-02
       1.31826E-01       1.38038E-01       1.34932E-01       6.21200E-03       8.03450E-03       1.29338E+00       1.74519E-01       1.84413E-02
       1.38038E-01       1.44544E-01       1.41291E-01       6.50600E-03       1.44801E-02       2.22566E+00       3.14465E-01       3.29214E-02
       1.44544E-01       1.51356E-01       1.47950E-01       6.81200E-03       3.14582E-02       4.61805E+00       6.83240E-01       6.43796E-02
       1.51356E-01       1.58489E-01       1.54923E-01       7.13300E-03       3.29410E-02       4.61811E+00       7.15449E-01       9.73206E-02
       1.58489E-01       1.65959E-01       1.62224E-01       7.47000E-03       3.51502E-02       4.70551E+00       7.63347E-01       1.32471E-01
       1.65959E-01       1.73780E-01       1.69869E-01       7.82100E-03       3.70594E-02       4.73845E+00       8.04917E-01       1.69530E-01
       1.73780E-01       1.81970E-01       1.77875E-01       8.19000E-03       3.84050E-02       4.68925E+00       8.34101E-01       2.07935E-01
       1.81970E-01       1.90546E-01       1.86258E-01       8.57600E-03       3.96750E-02       4.62629E+00       8.61683E-01       2.47610E-01
       1.90546E-01       1.99526E-01       1.95036E-01       8.98000E-03       4.13015E-02       4.59928E+00       8.97025E-01       2.88912E-01
       1.99526E-01       2.08930E-01       2.04228E-01       9.40400E-03       4.28124E-02       4.55257E+00       9.29762E-01       3.31724E-01
       2.08930E-01       2.18776E-01       2.13853E-01       9.84600E-03       4.46165E-02       4.53144E+00       9.69061E-01       3.76341E-01
       2.18776E-01       2.29087E-01       2.23931E-01       1.03110E-02       4.64768E-02       4.50750E+00       1.00937E+00       4.22817E-01
       2.29087E-01       2.39883E-01       2.34485E-01       1.07960E-02       4.84691E-02       4.48954E+00       1.05273E+00       4.71286E-01
       2.39883E-01       2.51189E-01       2.45536E-01       1.13060E-02       5.06671E-02       4.48144E+00       1.10035E+00       5.21954E-01
       2.51189E-01       2.63027E-01       2.57108E-01       1.18380E-02       5.29615E-02       4.47385E+00       1.15026E+00       5.74915E-01
       2.63027E-01       2.75423E-01       2.69225E-01       1.23960E-02       5.54892E-02       4.47638E+00       1.20515E+00       6.30404E-01
       2.75423E-01       2.88403E-01       2.81913E-01       1.29800E-02       5.81792E-02       4.48222E+00       1.26360E+00       6.88583E-01
       2.88403E-01       3.01995E-01       2.95199E-01       1.35920E-02       6.11191E-02       4.49670E+00       1.32742E+00       7.49703E-01
       3.01995E-01       3.16228E-01       3.09112E-01       1.42330E-02       6.44745E-02       4.52993E+00       1.40025E+00       8.14177E-01
       3.16228E-01       3.31131E-01       3.23680E-01       1.49030E-02       6.79911E-02       4.56224E+00       1.47671E+00       8.82168E-01
       3.31131E-01       3.46737E-01       3.38934E-01       1.56060E-02       7.15646E-02       4.58571E+00       1.55425E+00       9.53733E-01
       3.46737E-01       3.63078E-01       3.54908E-01       1.63410E-02       4.62671E-02       2.83135E+00       1.00487E+00       1.00000E+00

 Sum =                                                                         1.00000E+00
 Renormalization bin#   862 =                                                  7.17680E-08 barn        8.31764E+05        8.70964E+05        8.51364E+05
 Avg. Energy     bin#   862 =                                                  2.46586E-01 MeV         8.31764E+05        8.70964E+05
