"        MT=107 recoil spectrum "
" Initial neutron energy corresponds to the group:"
   1.09648E-01    1.14815E-01       0.00000E+00           818           834            17
 Debug druck set-a:   818      0.00000E+00        5.16700E-03        0.00000E+00
 Debug druck set-a:   819      4.94548E-09        5.41100E-03        2.67600E-11
 Debug druck set-a:   820      6.29456E-09        5.66600E-03        3.56650E-11
 Debug druck set-a:   821      1.25153E-08        5.93400E-03        7.42660E-11
 Debug druck set-a:   822      1.50303E-08        6.21200E-03        9.33680E-11
 Debug druck set-a:   823      1.53005E-08        6.50600E-03        9.95450E-11
 Debug druck set-a:   824      1.53626E-08        6.81200E-03        1.04650E-10
 Debug druck set-a:   825      1.48535E-08        7.13300E-03        1.05950E-10
 Debug druck set-a:   826      1.57684E-08        7.47000E-03        1.17790E-10
 Debug druck set-a:   827      1.65503E-08        7.82100E-03        1.29440E-10
 Debug druck set-a:   828      1.79402E-08        8.19000E-03        1.46930E-10
 Debug druck set-a:   829      1.78393E-08        8.57600E-03        1.52990E-10
 Debug druck set-a:   830      2.10686E-07        8.98000E-03        1.89196E-09
 Debug druck set-a:   831      4.35091E-07        9.40400E-03        4.09160E-09
 Debug druck set-a:   832      4.75104E-07        9.84600E-03        4.67787E-09
 Debug druck set-a:   833      9.93192E-08        1.03110E-02        1.02408E-09
 Debug druck set-a:   834      1.62884E-08        1.07960E-02        1.75850E-10



          Low               High              Mid              Energy           Number             dn/de            E*dn/de          Cumulative
         Energy            Energy            Energy             Width          Fraction                               Sum   
         [MeV]             [MeV]             [MeV]              [MeV]

       1.09648E-01       1.14815E-01       1.12231E-01       5.16700E-03       0.00000E+00       0.00000E+00       0.00000E+00       0.00000E+00
       1.14815E-01       1.20226E-01       1.17520E-01       5.41100E-03       2.06661E-03       3.81928E-01       4.48844E-02       2.06661E-03
       1.20226E-01       1.25892E-01       1.23059E-01       5.66600E-03       2.75433E-03       4.86115E-01       5.98208E-02       4.82094E-03
       1.25892E-01       1.31826E-01       1.28859E-01       5.93400E-03       5.73540E-03       9.66531E-01       1.24546E-01       1.05563E-02
       1.31826E-01       1.38038E-01       1.34932E-01       6.21200E-03       7.21060E-03       1.16075E+00       1.56623E-01       1.77669E-02
       1.38038E-01       1.44544E-01       1.41291E-01       6.50600E-03       7.68764E-03       1.18162E+00       1.66953E-01       2.54546E-02
       1.44544E-01       1.51356E-01       1.47950E-01       6.81200E-03       8.08188E-03       1.18642E+00       1.75531E-01       3.35365E-02
       1.51356E-01       1.58489E-01       1.54923E-01       7.13300E-03       8.18228E-03       1.14710E+00       1.77712E-01       4.17187E-02
       1.58489E-01       1.65959E-01       1.62224E-01       7.47000E-03       9.09666E-03       1.21776E+00       1.97550E-01       5.08154E-02
       1.65959E-01       1.73780E-01       1.69869E-01       7.82100E-03       9.99636E-03       1.27814E+00       2.17118E-01       6.08118E-02
       1.73780E-01       1.81970E-01       1.77875E-01       8.19000E-03       1.13471E-02       1.38548E+00       2.46442E-01       7.21588E-02
       1.81970E-01       1.90546E-01       1.86258E-01       8.57600E-03       1.18151E-02       1.37769E+00       2.56606E-01       8.39739E-02
       1.90546E-01       1.99526E-01       1.95036E-01       8.98000E-03       1.46112E-01       1.62708E+01       3.17339E+00       2.30086E-01
       1.99526E-01       2.08930E-01       2.04228E-01       9.40400E-03       3.15985E-01       3.36011E+01       6.86229E+00       5.46071E-01
       2.08930E-01       2.18776E-01       2.13853E-01       9.84600E-03       3.61261E-01       3.66912E+01       7.84652E+00       9.07332E-01
       2.18776E-01       2.29087E-01       2.23931E-01       1.03110E-02       7.90874E-02       7.67020E+00       1.71760E+00       9.86419E-01
       2.29087E-01       2.39883E-01       2.34485E-01       1.07960E-02       1.35805E-02       1.25792E+00       2.94963E-01       1.00000E+00

 Sum =                                                                         1.00000E+00
 Renormalization bin#   818 =                                                  1.29487E-08 barn        1.09648E+05        1.14815E+05        1.12232E+05
 Avg. Energy     bin#   818 =                                                  2.04418E-01 MeV         1.09648E+05        1.14815E+05
