"        MT= 53 recoil spectrum "
" Initial neutron energy corresponds to the group:"
   7.24436E-02    7.58578E-02       0.00000E+00           700           727            28
 Debug druck set-a:   700      0.00000E+00        2.25570E-05        0.00000E+00
 Debug druck set-a:   701      2.43123E-01        2.36210E-05        5.74279E-06
 Debug druck set-a:   702      5.47264E+00        2.47330E-05        1.35355E-04
 Debug druck set-a:   703      1.23551E+01        2.58990E-05        3.19985E-04
 Debug druck set-a:   704      1.86840E+01        2.71200E-05        5.06709E-04
 Debug druck set-a:   705      2.39842E+01        2.83970E-05        6.81080E-04
 Debug druck set-a:   706      2.61237E+01        2.97360E-05        7.76814E-04
 Debug druck set-a:   707      2.62439E+01        3.11380E-05        8.17183E-04
 Debug druck set-a:   708      2.62480E+01        3.26050E-05        8.55814E-04
 Debug druck set-a:   709      2.62511E+01        3.41420E-05        8.96267E-04
 Debug druck set-a:   710      2.62552E+01        3.57500E-05        9.38623E-04
 Debug druck set-a:   711      2.62575E+01        3.74360E-05        9.82975E-04
 Debug druck set-a:   712      2.62605E+01        3.92000E-05        1.02941E-03
 Debug druck set-a:   713      2.62631E+01        4.10470E-05        1.07802E-03
 Debug druck set-a:   714      2.62647E+01        4.29820E-05        1.12891E-03
 Debug druck set-a:   715      2.62666E+01        4.50070E-05        1.18218E-03
 Debug druck set-a:   716      2.62665E+01        4.71300E-05        1.23794E-03
 Debug druck set-a:   717      2.62667E+01        4.93500E-05        1.29626E-03
 Debug druck set-a:   718      2.62698E+01        5.16700E-05        1.35736E-03
 Debug druck set-a:   719      2.62652E+01        5.41100E-05        1.42121E-03
 Debug druck set-a:   720      2.62633E+01        5.66600E-05        1.48808E-03
 Debug druck set-a:   721      2.62557E+01        5.93400E-05        1.55801E-03
 Debug druck set-a:   722      2.62572E+01        6.21200E-05        1.63110E-03
 Debug druck set-a:   723      2.43815E+01        6.50599E-05        1.58626E-03
 Debug druck set-a:   724      2.00597E+01        6.81201E-05        1.36647E-03
 Debug druck set-a:   725      1.43401E+01        7.13300E-05        1.02288E-03
 Debug druck set-a:   726      6.79850E+00        7.47000E-05        5.07848E-04
 Debug druck set-a:   727      6.94659E-01        7.82101E-05        5.43293E-05



          Low               High              Mid              Energy           Number             dn/de            E*dn/de          Cumulative
         Energy            Energy            Energy             Width          Fraction                               Sum   
         [MeV]             [MeV]             [MeV]              [MeV]

       4.78630E-04       5.01187E-04       4.89909E-04       2.25570E-05       0.00000E+00       0.00000E+00       0.00000E+00       0.00000E+00
       5.01187E-04       5.24808E-04       5.12998E-04       2.36210E-05       2.22048E-04       9.40047E+00       4.82242E-03       2.22048E-04
       5.24808E-04       5.49541E-04       5.37175E-04       2.47330E-05       5.23358E-03       2.11603E+02       1.13668E-01       5.45562E-03
       5.49541E-04       5.75440E-04       5.62491E-04       2.58990E-05       1.23724E-02       4.77717E+02       2.68712E-01       1.78280E-02
       5.75440E-04       6.02560E-04       5.89000E-04       2.71200E-05       1.95922E-02       7.22426E+02       4.25509E-01       3.74202E-02
       6.02560E-04       6.30957E-04       6.16758E-04       2.83970E-05       2.63343E-02       9.27364E+02       5.71960E-01       6.37545E-02
       6.30957E-04       6.60693E-04       6.45825E-04       2.97360E-05       3.00359E-02       1.01009E+03       6.52339E-01       9.37905E-02
       6.60693E-04       6.91831E-04       6.76262E-04       3.11380E-05       3.15968E-02       1.01474E+03       6.86227E-01       1.25387E-01
       6.91831E-04       7.24436E-04       7.08133E-04       3.26050E-05       3.30905E-02       1.01489E+03       7.18679E-01       1.58478E-01
       7.24436E-04       7.58578E-04       7.41507E-04       3.41420E-05       3.46547E-02       1.01501E+03       7.52640E-01       1.93132E-01
       7.58578E-04       7.94328E-04       7.76453E-04       3.57500E-05       3.62924E-02       1.01517E+03       7.88233E-01       2.29425E-01
       7.94328E-04       8.31764E-04       8.13046E-04       3.74360E-05       3.80073E-02       1.01526E+03       8.25454E-01       2.67432E-01
       8.31764E-04       8.70964E-04       8.51364E-04       3.92000E-05       3.98027E-02       1.01537E+03       8.64454E-01       3.07235E-01
       8.70964E-04       9.12011E-04       8.91487E-04       4.10470E-05       4.16822E-02       1.01548E+03       9.05284E-01       3.48917E-01
       9.12011E-04       9.54993E-04       9.33502E-04       4.29820E-05       4.36499E-02       1.01554E+03       9.48008E-01       3.92567E-01
       9.54993E-04       1.00000E-03       9.77497E-04       4.50070E-05       4.57096E-02       1.01561E+03       9.92757E-01       4.38277E-01
       1.00000E-03       1.04713E-03       1.02356E-03       4.71300E-05       4.78656E-02       1.01561E+03       1.03954E+00       4.86142E-01
       1.04713E-03       1.09648E-03       1.07180E-03       4.93500E-05       5.01206E-02       1.01562E+03       1.08854E+00       5.36263E-01
       1.09648E-03       1.14815E-03       1.12231E-03       5.16700E-05       5.24831E-02       1.01573E+03       1.13997E+00       5.88746E-01
       1.14815E-03       1.20226E-03       1.17520E-03       5.41100E-05       5.49519E-02       1.01556E+03       1.19349E+00       6.43698E-01
       1.20226E-03       1.25892E-03       1.23059E-03       5.66600E-05       5.75374E-02       1.01549E+03       1.24965E+00       7.01235E-01
       1.25892E-03       1.31826E-03       1.28859E-03       5.93400E-05       6.02413E-02       1.01519E+03       1.30816E+00       7.61477E-01
       1.31826E-03       1.38038E-03       1.34932E-03       6.21200E-05       6.30674E-02       1.01525E+03       1.36990E+00       8.24544E-01
       1.38038E-03       1.44544E-03       1.41291E-03       6.50599E-05       6.13336E-02       9.42725E+02       1.33199E+00       8.85878E-01
       1.44544E-03       1.51356E-03       1.47950E-03       6.81201E-05       5.28353E-02       7.75620E+02       1.14753E+00       9.38713E-01
       1.51356E-03       1.58489E-03       1.54923E-03       7.13300E-05       3.95502E-02       5.54469E+02       8.58997E-01       9.78263E-01
       1.58489E-03       1.65959E-03       1.62224E-03       7.47000E-05       1.96362E-02       2.62868E+02       4.26435E-01       9.97899E-01
       1.65959E-03       1.73780E-03       1.69870E-03       7.82101E-05       2.10067E-03       2.68594E+01       4.56259E-02       1.00000E+00

 Sum =                                                                         1.00000E+00
 Renormalization bin#   809 =                                                  2.58628E-02 barn        7.24436E+04        7.58578E+04        7.41507E+04
 Avg. Energy     bin#   809 =                                                  1.06437E-03 MeV         7.24436E+04        7.58578E+04
