"        MT= 65 recoil spectrum "
" Initial neutron energy corresponds to the group:"
   7.94328E-01    8.31764E-01       0.00000E+00           756           777            22
 Debug druck set-a:   756      0.00000E+00        2.97360E-04        0.00000E+00
 Debug druck set-a:   757      5.37100E-02        3.11380E-04        1.67242E-05
 Debug druck set-a:   758      1.27143E-01        3.26050E-04        4.14551E-05
 Debug druck set-a:   759      2.21450E-01        3.41420E-04        7.56075E-05
 Debug druck set-a:   760      2.88506E-01        3.57500E-04        1.03141E-04
 Debug druck set-a:   761      3.29685E-01        3.74360E-04        1.23421E-04
 Debug druck set-a:   762      3.90367E-01        3.92000E-04        1.53024E-04
 Debug druck set-a:   763      4.11303E-01        4.10471E-04        1.68828E-04
 Debug druck set-a:   764      4.17231E-01        4.29819E-04        1.79334E-04
 Debug druck set-a:   765      4.18501E-01        4.50070E-04        1.88355E-04
 Debug druck set-a:   766      4.19455E-01        4.71300E-04        1.97689E-04
 Debug druck set-a:   767      4.20075E-01        4.93500E-04        2.07307E-04
 Debug druck set-a:   768      4.20350E-01        5.16700E-04        2.17195E-04
 Debug druck set-a:   769      4.20059E-01        5.41100E-04        2.27294E-04
 Debug druck set-a:   770      4.19297E-01        5.66601E-04        2.37574E-04
 Debug druck set-a:   771      4.01795E-01        5.93399E-04        2.38425E-04
 Debug druck set-a:   772      3.72015E-01        6.21200E-04        2.31096E-04
 Debug druck set-a:   773      3.14288E-01        6.50601E-04        2.04476E-04
 Debug druck set-a:   774      2.46555E-01        6.81199E-04        1.67953E-04
 Debug druck set-a:   775      1.89035E-01        7.13301E-04        1.34839E-04
 Debug druck set-a:   776      9.32499E-02        7.47000E-04        6.96577E-05
 Debug druck set-a:   777      1.16465E-02        7.82100E-04        9.10871E-06



          Low               High              Mid              Energy           Number             dn/de            E*dn/de          Cumulative
         Energy            Energy            Energy             Width          Fraction                               Sum   
         [MeV]             [MeV]             [MeV]              [MeV]

       6.30957E-03       6.60693E-03       6.45825E-03       2.97360E-04       0.00000E+00       0.00000E+00       0.00000E+00       0.00000E+00
       6.60693E-03       6.91831E-03       6.76262E-03       3.11380E-04       5.23858E-03       1.68238E+01       1.13773E-01       5.23858E-03
       6.91831E-03       7.24436E-03       7.08133E-03       3.26050E-04       1.29851E-02       3.98256E+01       2.82018E-01       1.82237E-02
       7.24436E-03       7.58578E-03       7.41507E-03       3.41420E-04       2.36828E-02       6.93656E+01       5.14351E-01       4.19065E-02
       7.58578E-03       7.94328E-03       7.76453E-03       3.57500E-04       3.23072E-02       9.03699E+01       7.01680E-01       7.42138E-02
       7.94328E-03       8.31764E-03       8.13046E-03       3.74360E-04       3.86596E-02       1.03269E+02       8.39621E-01       1.12873E-01
       8.31764E-03       8.70964E-03       8.51364E-03       3.92000E-04       4.79323E-02       1.22276E+02       1.04102E+00       1.60806E-01
       8.70964E-03       9.12011E-03       8.91487E-03       4.10471E-04       5.28826E-02       1.28834E+02       1.14854E+00       2.13688E-01
       9.12011E-03       9.54993E-03       9.33502E-03       4.29819E-04       5.61734E-02       1.30691E+02       1.22000E+00       2.69862E-01
       9.54993E-03       1.00000E-02       9.77496E-03       4.50070E-04       5.89991E-02       1.31089E+02       1.28139E+00       3.28861E-01
       1.00000E-02       1.04713E-02       1.02357E-02       4.71300E-04       6.19228E-02       1.31387E+02       1.34484E+00       3.90784E-01
       1.04713E-02       1.09648E-02       1.07180E-02       4.93500E-04       6.49355E-02       1.31582E+02       1.41030E+00       4.55719E-01
       1.09648E-02       1.14815E-02       1.12232E-02       5.16700E-04       6.80328E-02       1.31668E+02       1.47773E+00       5.23752E-01
       1.14815E-02       1.20226E-02       1.17521E-02       5.41100E-04       7.11961E-02       1.31577E+02       1.54630E+00       5.94948E-01
       1.20226E-02       1.25892E-02       1.23059E-02       5.66601E-04       7.44162E-02       1.31338E+02       1.61623E+00       6.69364E-01
       1.25892E-02       1.31826E-02       1.28859E-02       5.93399E-04       7.46827E-02       1.25856E+02       1.62176E+00       7.44047E-01
       1.31826E-02       1.38038E-02       1.34932E-02       6.21200E-04       7.23870E-02       1.16528E+02       1.57233E+00       8.16434E-01
       1.38038E-02       1.44544E-02       1.41291E-02       6.50601E-04       6.40488E-02       9.84456E+01       1.39095E+00       8.80483E-01
       1.44544E-02       1.51356E-02       1.47950E-02       6.81199E-04       5.26085E-02       7.72293E+01       1.14261E+00       9.33091E-01
       1.51356E-02       1.58489E-02       1.54923E-02       7.13301E-04       4.22361E-02       5.92122E+01       9.17330E-01       9.75327E-01
       1.58489E-02       1.65959E-02       1.62224E-02       7.47000E-04       2.18191E-02       2.92090E+01       4.73840E-01       9.97147E-01
       1.65959E-02       1.73780E-02       1.69870E-02       7.82100E-04       2.85315E-03       3.64807E+00       6.19696E-02       1.00000E+00

 Sum =                                                                         1.00000E+00
 Renormalization bin#   861 =                                                  3.19250E-03 barn        7.94328E+05        8.31764E+05        8.13046E+05
 Avg. Energy     bin#   861 =                                                  1.13737E-02 MeV         7.94328E+05        8.31764E+05
