"        MT= 22 recoil spectrum "
" Initial neutron energy corresponds to the group:"
   9.00000E+00    9.20000E+00       0.00000E+00           826           854            29
 Debug druck set-a:   826      0.00000E+00        7.47000E-03        0.00000E+00
 Debug druck set-a:   827      1.38665E-10        7.82100E-03        1.08450E-12
 Debug druck set-a:   828      1.48926E-10        8.19000E-03        1.21970E-12
 Debug druck set-a:   829      1.48927E-10        8.57600E-03        1.27720E-12
 Debug druck set-a:   830      1.66960E-10        8.98000E-03        1.49930E-12
 Debug druck set-a:   831      2.44683E-10        9.40400E-03        2.30100E-12
 Debug druck set-a:   832      3.16240E-10        9.84600E-03        3.11370E-12
 Debug druck set-a:   833      3.36728E-10        1.03110E-02        3.47200E-12
 Debug druck set-a:   834      4.94943E-10        1.07960E-02        5.34340E-12
 Debug druck set-a:   835      7.48815E-10        1.13060E-02        8.46610E-12
 Debug druck set-a:   836      7.72318E-10        1.18380E-02        9.14270E-12
 Debug druck set-a:   837      8.18329E-10        1.23960E-02        1.01440E-11
 Debug druck set-a:   838      9.41063E-10        1.29800E-02        1.22150E-11
 Debug druck set-a:   839      8.75956E-10        1.35920E-02        1.19060E-11
 Debug druck set-a:   840      5.26256E-10        1.42330E-02        7.49020E-12
 Debug druck set-a:   841      3.23291E-10        1.49030E-02        4.81800E-12
 Debug druck set-a:   842      2.31590E-10        1.56060E-02        3.61420E-12
 Debug druck set-a:   843      1.34594E-10        1.63410E-02        2.19940E-12
 Debug druck set-a:   844      1.28409E-10        1.71110E-02        2.19720E-12
 Debug druck set-a:   845      1.24913E-10        1.79180E-02        2.23820E-12
 Debug druck set-a:   846      1.24853E-10        1.87620E-02        2.34250E-12
 Debug druck set-a:   847      1.24864E-10        1.96470E-02        2.45320E-12
 Debug druck set-a:   848      1.24878E-10        2.05720E-02        2.56900E-12
 Debug druck set-a:   849      1.24863E-10        2.15420E-02        2.68980E-12
 Debug druck set-a:   850      1.24746E-10        2.25570E-02        2.81390E-12
 Debug druck set-a:   851      1.23869E-10        2.36210E-02        2.92590E-12
 Debug druck set-a:   852      1.18441E-10        2.47330E-02        2.92940E-12
 Debug druck set-a:   853      9.79613E-11        2.58990E-02        2.53710E-12
 Debug druck set-a:   854      5.99373E-11        2.71200E-02        1.62550E-12



          Low               High              Mid              Energy           Number             dn/de            E*dn/de          Cumulative
         Energy            Energy            Energy             Width          Fraction                               Sum   
         [MeV]             [MeV]             [MeV]              [MeV]

       1.58489E-01       1.65959E-01       1.62224E-01       7.47000E-03       0.00000E+00       0.00000E+00       0.00000E+00       0.00000E+00
       1.65959E-01       1.73780E-01       1.69869E-01       7.82100E-03       9.29879E-03       1.18895E+00       2.01967E-01       9.29879E-03
       1.73780E-01       1.81970E-01       1.77875E-01       8.19000E-03       1.04580E-02       1.27693E+00       2.27133E-01       1.97568E-02
       1.81970E-01       1.90546E-01       1.86258E-01       8.57600E-03       1.09510E-02       1.27694E+00       2.37841E-01       3.07079E-02
       1.90546E-01       1.99526E-01       1.95036E-01       8.98000E-03       1.28554E-02       1.43156E+00       2.79205E-01       4.35633E-02
       1.99526E-01       2.08930E-01       2.04228E-01       9.40400E-03       1.97294E-02       2.09798E+00       4.28466E-01       6.32926E-02
       2.08930E-01       2.18776E-01       2.13853E-01       9.84600E-03       2.66977E-02       2.71153E+00       5.79868E-01       8.99903E-02
       2.18776E-01       2.29087E-01       2.23931E-01       1.03110E-02       2.97698E-02       2.88719E+00       6.46533E-01       1.19760E-01
       2.29087E-01       2.39883E-01       2.34485E-01       1.07960E-02       4.58157E-02       4.24377E+00       9.95100E-01       1.65576E-01
       2.39883E-01       2.51189E-01       2.45536E-01       1.13060E-02       7.25906E-02       6.42053E+00       1.57647E+00       2.38166E-01
       2.51189E-01       2.63027E-01       2.57108E-01       1.18380E-02       7.83919E-02       6.62206E+00       1.70258E+00       3.16558E-01
       2.63027E-01       2.75423E-01       2.69225E-01       1.23960E-02       8.69773E-02       7.01656E+00       1.88903E+00       4.03536E-01
       2.75423E-01       2.88403E-01       2.81913E-01       1.29800E-02       1.04735E-01       8.06892E+00       2.27473E+00       5.08270E-01
       2.88403E-01       3.01995E-01       2.95199E-01       1.35920E-02       1.02085E-01       7.51068E+00       2.21715E+00       6.10355E-01
       3.01995E-01       3.16228E-01       3.09112E-01       1.42330E-02       6.42229E-02       4.51226E+00       1.39479E+00       6.74578E-01
       3.16228E-01       3.31131E-01       3.23680E-01       1.49030E-02       4.13108E-02       2.77198E+00       8.97233E-01       7.15889E-01
       3.31131E-01       3.46737E-01       3.38934E-01       1.56060E-02       3.09891E-02       1.98572E+00       6.73027E-01       7.46878E-01
       3.46737E-01       3.63078E-01       3.54908E-01       1.63410E-02       1.88582E-02       1.15404E+00       4.09579E-01       7.65737E-01
       3.63078E-01       3.80189E-01       3.71633E-01       1.71110E-02       1.88394E-02       1.10101E+00       4.09172E-01       7.84576E-01
       3.80189E-01       3.98107E-01       3.89148E-01       1.79180E-02       1.91909E-02       1.07104E+00       4.16793E-01       8.03767E-01
       3.98107E-01       4.16869E-01       4.07488E-01       1.87620E-02       2.00852E-02       1.07053E+00       4.36226E-01       8.23852E-01
       4.16869E-01       4.36516E-01       4.26692E-01       1.96470E-02       2.10344E-02       1.07062E+00       4.56824E-01       8.44886E-01
       4.36516E-01       4.57088E-01       4.46802E-01       2.05720E-02       2.20273E-02       1.07074E+00       4.78409E-01       8.66914E-01
       4.57088E-01       4.78630E-01       4.67859E-01       2.15420E-02       2.30631E-02       1.07061E+00       5.00894E-01       8.89977E-01
       4.78630E-01       5.01187E-01       4.89909E-01       2.25570E-02       2.41271E-02       1.06961E+00       5.24009E-01       9.14104E-01
       5.01187E-01       5.24808E-01       5.12998E-01       2.36210E-02       2.50874E-02       1.06208E+00       5.44845E-01       9.39191E-01
       5.24808E-01       5.49541E-01       5.37174E-01       2.47330E-02       2.51174E-02       1.01554E+00       5.45524E-01       9.64309E-01
       5.49541E-01       5.75440E-01       5.62490E-01       2.58990E-02       2.17538E-02       8.39946E-01       4.72462E-01       9.86062E-01
       5.75440E-01       6.02560E-01       5.89000E-01       2.71200E-02       1.39375E-02       5.13918E-01       3.02698E-01       1.00000E+00

 Sum =                                                                         1.00000E+00
 Renormalization bin#   921 =                                                  1.16628E-10 barn        9.00000E+06        9.20000E+06        9.10000E+06
 Avg. Energy     bin#   921 =                                                  3.17500E-01 MeV         9.00000E+06        9.20000E+06
