"        MT= 54 recoil spectrum "
" Initial neutron energy corresponds to the group:"
   3.63078E-01    3.80189E-01       0.00000E+00           738           760            23
 Debug druck set-a:   738      0.00000E+00        1.29800E-04        0.00000E+00
 Debug druck set-a:   739      8.35411E-02        1.35920E-04        1.13549E-05
 Debug druck set-a:   740      4.00645E-01        1.42330E-04        5.70238E-05
 Debug druck set-a:   741      7.67798E-01        1.49030E-04        1.14425E-04
 Debug druck set-a:   742      1.03741E+00        1.56060E-04        1.61898E-04
 Debug druck set-a:   743      1.31362E+00        1.63410E-04        2.14658E-04
 Debug druck set-a:   744      1.46221E+00        1.71110E-04        2.50198E-04
 Debug druck set-a:   745      1.53176E+00        1.79180E-04        2.74461E-04
 Debug druck set-a:   746      1.56597E+00        1.87620E-04        2.93807E-04
 Debug druck set-a:   747      1.56718E+00        1.96470E-04        3.07905E-04
 Debug druck set-a:   748      1.56835E+00        2.05720E-04        3.22641E-04
 Debug druck set-a:   749      1.56917E+00        2.15420E-04        3.38030E-04
 Debug druck set-a:   750      1.56977E+00        2.25570E-04        3.54093E-04
 Debug druck set-a:   751      1.57007E+00        2.36200E-04        3.70849E-04
 Debug druck set-a:   752      1.56993E+00        2.47340E-04        3.88306E-04
 Debug druck set-a:   753      1.56948E+00        2.58990E-04        4.06480E-04
 Debug druck set-a:   754      1.56851E+00        2.71200E-04        4.25381E-04
 Debug druck set-a:   755      1.46882E+00        2.83970E-04        4.17100E-04
 Debug druck set-a:   756      1.39396E+00        2.97360E-04        4.14507E-04
 Debug druck set-a:   757      1.12804E+00        3.11380E-04        3.51249E-04
 Debug druck set-a:   758      8.93946E-01        3.26050E-04        2.91471E-04
 Debug druck set-a:   759      5.40619E-01        3.41420E-04        1.84578E-04
 Debug druck set-a:   760      1.59235E-01        3.57500E-04        5.69266E-05



          Low               High              Mid              Energy           Number             dn/de            E*dn/de          Cumulative
         Energy            Energy            Energy             Width          Fraction                               Sum   
         [MeV]             [MeV]             [MeV]              [MeV]

       2.75423E-03       2.88403E-03       2.81913E-03       1.29800E-04       0.00000E+00       0.00000E+00       0.00000E+00       0.00000E+00
       2.88403E-03       3.01995E-03       2.95199E-03       1.35920E-04       1.89017E-03       1.39065E+01       4.10518E-02       1.89017E-03
       3.01995E-03       3.16228E-03       3.09112E-03       1.42330E-04       9.49235E-03       6.66925E+01       2.06154E-01       1.13825E-02
       3.16228E-03       3.31131E-03       3.23679E-03       1.49030E-04       1.90475E-02       1.27810E+02       4.13695E-01       3.04300E-02
       3.31131E-03       3.46737E-03       3.38934E-03       1.56060E-04       2.69500E-02       1.72690E+02       5.85305E-01       5.73801E-02
       3.46737E-03       3.63078E-03       3.54907E-03       1.63410E-04       3.57326E-02       2.18669E+02       7.76071E-01       9.31127E-02
       3.63078E-03       3.80189E-03       3.71633E-03       1.71110E-04       4.16487E-02       2.43403E+02       9.04568E-01       1.34761E-01
       3.80189E-03       3.98107E-03       3.89148E-03       1.79180E-04       4.56876E-02       2.54981E+02       9.92255E-01       1.80449E-01
       3.98107E-03       4.16869E-03       4.07488E-03       1.87620E-04       4.89080E-02       2.60676E+02       1.06222E+00       2.29357E-01
       4.16869E-03       4.36516E-03       4.26693E-03       1.96470E-04       5.12548E-02       2.60878E+02       1.11315E+00       2.80612E-01
       4.36516E-03       4.57088E-03       4.46802E-03       2.05720E-04       5.37078E-02       2.61073E+02       1.16648E+00       3.34320E-01
       4.57088E-03       4.78630E-03       4.67859E-03       2.15420E-04       5.62695E-02       2.61208E+02       1.22209E+00       3.90589E-01
       4.78630E-03       5.01187E-03       4.89909E-03       2.25570E-04       5.89434E-02       2.61308E+02       1.28017E+00       4.49532E-01
       5.01187E-03       5.24807E-03       5.12997E-03       2.36200E-04       6.17326E-02       2.61358E+02       1.34076E+00       5.11265E-01
       5.24807E-03       5.49541E-03       5.37174E-03       2.47340E-04       6.46386E-02       2.61335E+02       1.40382E+00       5.75904E-01
       5.49541E-03       5.75440E-03       5.62491E-03       2.58990E-04       6.76639E-02       2.61261E+02       1.46957E+00       6.43567E-01
       5.75440E-03       6.02560E-03       5.89000E-03       2.71200E-04       7.08102E-02       2.61099E+02       1.53787E+00       7.14378E-01
       6.02560E-03       6.30957E-03       6.16759E-03       2.83970E-04       6.94317E-02       2.44504E+02       1.50800E+00       7.83809E-01
       6.30957E-03       6.60693E-03       6.45825E-03       2.97360E-04       6.90001E-02       2.32042E+02       1.49858E+00       8.52809E-01
       6.60693E-03       6.91831E-03       6.76262E-03       3.11380E-04       5.84700E-02       1.87777E+02       1.26986E+00       9.11279E-01
       6.91831E-03       7.24436E-03       7.08133E-03       3.26050E-04       4.85191E-02       1.48809E+02       1.05377E+00       9.59799E-01
       7.24436E-03       7.58578E-03       7.41507E-03       3.41420E-04       3.07254E-02       8.99930E+01       6.67304E-01       9.90524E-01
       7.58578E-03       7.94328E-03       7.76453E-03       3.57500E-04       9.47617E-03       2.65068E+01       2.05813E-01       1.00000E+00

 Sum =                                                                         1.00000E+00
 Renormalization bin#   844 =                                                  6.00734E-03 barn        3.63078E+05        3.80189E+05        3.71634E+05
 Avg. Energy     bin#   844 =                                                  5.23313E-03 MeV         3.63078E+05        3.80189E+05
