"        MT=107 recoil spectrum "
" Initial neutron energy corresponds to the group:"
   2.75423E-01    2.88403E-01       0.00000E+00           817           837            21
 Debug druck set-a:   817      0.00000E+00        4.93500E-03        0.00000E+00
 Debug druck set-a:   818      6.79272E-10        5.16700E-03        3.50980E-12
 Debug druck set-a:   819      6.83940E-10        5.41100E-03        3.70080E-12
 Debug druck set-a:   820      5.42676E-09        5.66600E-03        3.07480E-11
 Debug druck set-a:   821      1.04754E-08        5.93400E-03        6.21610E-11
 Debug druck set-a:   822      2.65132E-08        6.21200E-03        1.64700E-10
 Debug druck set-a:   823      9.22687E-08        6.50600E-03        6.00300E-10
 Debug druck set-a:   824      1.00664E-07        6.81200E-03        6.85720E-10
 Debug druck set-a:   825      1.58441E-07        7.13300E-03        1.13016E-09
 Debug druck set-a:   826      1.58367E-07        7.47000E-03        1.18300E-09
 Debug druck set-a:   827      1.58166E-07        7.82100E-03        1.23702E-09
 Debug druck set-a:   828      1.55480E-07        8.19000E-03        1.27338E-09
 Debug druck set-a:   829      1.52822E-07        8.57600E-03        1.31060E-09
 Debug druck set-a:   830      1.49575E-07        8.98000E-03        1.34318E-09
 Debug druck set-a:   831      1.48350E-07        9.40400E-03        1.39508E-09
 Debug druck set-a:   832      1.47120E-07        9.84600E-03        1.44854E-09
 Debug druck set-a:   833      1.46641E-07        1.03110E-02        1.51202E-09
 Debug druck set-a:   834      1.47370E-07        1.07960E-02        1.59101E-09
 Debug druck set-a:   835      1.48765E-07        1.13060E-02        1.68194E-09
 Debug druck set-a:   836      1.51171E-07        1.18380E-02        1.78956E-09
 Debug druck set-a:   837      1.31852E-07        1.23960E-02        1.63444E-09



          Low               High              Mid              Energy           Number             dn/de            E*dn/de          Cumulative
         Energy            Energy            Energy             Width          Fraction                               Sum   
         [MeV]             [MeV]             [MeV]              [MeV]

       1.04713E-01       1.09648E-01       1.07180E-01       4.93500E-03       0.00000E+00       0.00000E+00       0.00000E+00       0.00000E+00
       1.09648E-01       1.14815E-01       1.12231E-01       5.16700E-03       1.74784E-04       3.38270E-02       3.79645E-03       1.74784E-04
       1.14815E-01       1.20226E-01       1.17520E-01       5.41100E-03       1.84296E-04       3.40595E-02       4.00268E-03       3.59080E-04
       1.20226E-01       1.25892E-01       1.23059E-01       5.66600E-03       1.53122E-03       2.70246E-01       3.32563E-02       1.89030E-03
       1.25892E-01       1.31826E-01       1.28859E-01       5.93400E-03       3.09555E-03       5.21663E-01       6.72210E-02       4.98584E-03
       1.31826E-01       1.38038E-01       1.34932E-01       6.21200E-03       8.20188E-03       1.32033E+00       1.78154E-01       1.31877E-02
       1.38038E-01       1.44544E-01       1.41291E-01       6.50600E-03       2.98943E-02       4.59488E+00       6.49215E-01       4.30820E-02
       1.44544E-01       1.51356E-01       1.47950E-01       6.81200E-03       3.41481E-02       5.01293E+00       7.41663E-01       7.72301E-02
       1.51356E-01       1.58489E-01       1.54923E-01       7.13300E-03       5.62807E-02       7.89019E+00       1.22237E+00       1.33511E-01
       1.58489E-01       1.65959E-01       1.62224E-01       7.47000E-03       5.89121E-02       7.88649E+00       1.27938E+00       1.92423E-01
       1.65959E-01       1.73780E-01       1.69869E-01       7.82100E-03       6.16022E-02       7.87651E+00       1.33798E+00       2.54025E-01
       1.73780E-01       1.81970E-01       1.77875E-01       8.19000E-03       6.34129E-02       7.74272E+00       1.37724E+00       3.17438E-01
       1.81970E-01       1.90546E-01       1.86258E-01       8.57600E-03       6.52664E-02       7.61036E+00       1.41749E+00       3.82704E-01
       1.90546E-01       1.99526E-01       1.95036E-01       8.98000E-03       6.68889E-02       7.44865E+00       1.45275E+00       4.49593E-01
       1.99526E-01       2.08930E-01       2.04228E-01       9.40400E-03       6.94734E-02       7.38765E+00       1.50876E+00       5.19067E-01
       2.08930E-01       2.18776E-01       2.13853E-01       9.84600E-03       7.21357E-02       7.32639E+00       1.56677E+00       5.91202E-01
       2.18776E-01       2.29087E-01       2.23931E-01       1.03110E-02       7.52969E-02       7.30258E+00       1.63528E+00       6.66499E-01
       2.29087E-01       2.39883E-01       2.34485E-01       1.07960E-02       7.92305E-02       7.33888E+00       1.72086E+00       7.45730E-01
       2.39883E-01       2.51189E-01       2.45536E-01       1.13060E-02       8.37587E-02       7.40834E+00       1.81902E+00       8.29489E-01
       2.51189E-01       2.63027E-01       2.57108E-01       1.18380E-02       8.91181E-02       7.52814E+00       1.93554E+00       9.18607E-01
       2.63027E-01       2.75423E-01       2.69225E-01       1.23960E-02       8.13933E-02       6.56609E+00       1.76776E+00       1.00000E+00

 Sum =                                                                         1.00000E+00
 Renormalization bin#   838 =                                                  2.00808E-08 barn        2.75423E+05        2.88403E+05        2.81913E+05
 Avg. Energy     bin#   838 =                                                  2.06680E-01 MeV         2.75423E+05        2.88403E+05
