"        MT= 52 recoil spectrum "
" Initial neutron energy corresponds to the group:"
   8.70964E-01    9.12011E-01       0.00000E+00           756           781            26
 Debug druck set-a:   756      0.00000E+00        2.97360E-04        0.00000E+00
 Debug druck set-a:   757      2.52518E+00        3.11380E-04        7.86289E-04
 Debug druck set-a:   758      7.40295E+00        3.26050E-04        2.41373E-03
 Debug druck set-a:   759      1.16023E+01        3.41420E-04        3.96125E-03
 Debug druck set-a:   760      1.50901E+01        3.57500E-04        5.39472E-03
 Debug druck set-a:   761      1.71695E+01        3.74360E-04        6.42757E-03
 Debug druck set-a:   762      1.80765E+01        3.92000E-04        7.08598E-03
 Debug druck set-a:   763      1.80559E+01        4.10471E-04        7.41140E-03
 Debug druck set-a:   764      1.80339E+01        4.29819E-04        7.75133E-03
 Debug druck set-a:   765      1.80113E+01        4.50070E-04        8.10633E-03
 Debug druck set-a:   766      1.79867E+01        4.71300E-04        8.47712E-03
 Debug druck set-a:   767      1.79615E+01        4.93500E-04        8.86398E-03
 Debug druck set-a:   768      1.79374E+01        5.16700E-04        9.26825E-03
 Debug druck set-a:   769      1.79075E+01        5.41100E-04        9.68974E-03
 Debug druck set-a:   770      1.78786E+01        5.66601E-04        1.01300E-02
 Debug druck set-a:   771      1.78451E+01        5.93399E-04        1.05893E-02
 Debug druck set-a:   772      1.78173E+01        6.21200E-04        1.10681E-02
 Debug druck set-a:   773      1.77802E+01        6.50601E-04        1.15678E-02
 Debug druck set-a:   774      1.77461E+01        6.81199E-04        1.20886E-02
 Debug druck set-a:   775      1.77088E+01        7.13301E-04        1.26317E-02
 Debug druck set-a:   776      1.70337E+01        7.47000E-04        1.27242E-02
 Debug druck set-a:   777      1.53121E+01        7.82100E-04        1.19756E-02
 Debug druck set-a:   778      1.19516E+01        8.19000E-04        9.78837E-03
 Debug druck set-a:   779      8.18928E+00        8.57600E-04        7.02312E-03
 Debug druck set-a:   780      3.02075E+00        8.98000E-04        2.71263E-03
 Debug druck set-a:   781      7.28052E-02        9.40400E-04        6.84660E-05



          Low               High              Mid              Energy           Number             dn/de            E*dn/de          Cumulative
         Energy            Energy            Energy             Width          Fraction                               Sum   
         [MeV]             [MeV]             [MeV]              [MeV]

       6.30957E-03       6.60693E-03       6.45825E-03       2.97360E-04       0.00000E+00       0.00000E+00       0.00000E+00       0.00000E+00
       6.60693E-03       6.91831E-03       6.76262E-03       3.11380E-04       3.97104E-03       1.27531E+01       8.62440E-02       3.97104E-03
       6.91831E-03       7.24436E-03       7.08133E-03       3.26050E-04       1.21902E-02       3.73876E+01       2.64754E-01       1.61613E-02
       7.24436E-03       7.58578E-03       7.41507E-03       3.41420E-04       2.00057E-02       5.85957E+01       4.34491E-01       3.61670E-02
       7.58578E-03       7.94328E-03       7.76453E-03       3.57500E-04       2.72453E-02       7.62106E+01       5.91740E-01       6.34123E-02
       7.94328E-03       8.31764E-03       8.13046E-03       3.74360E-04       3.24616E-02       8.67122E+01       7.05010E-01       9.58738E-02
       8.31764E-03       8.70964E-03       8.51364E-03       3.92000E-04       3.57868E-02       9.12928E+01       7.77234E-01       1.31661E-01
       8.70964E-03       9.12011E-03       8.91487E-03       4.10471E-04       3.74303E-02       9.11886E+01       8.12935E-01       1.69091E-01
       9.12011E-03       9.54993E-03       9.33502E-03       4.29819E-04       3.91470E-02       9.10779E+01       8.50214E-01       2.08238E-01
       9.54993E-03       1.00000E-02       9.77496E-03       4.50070E-04       4.09399E-02       9.09634E+01       8.89164E-01       2.49178E-01
       1.00000E-02       1.04713E-02       1.02357E-02       4.71300E-04       4.28125E-02       9.08393E+01       9.29799E-01       2.91990E-01
       1.04713E-02       1.09648E-02       1.07180E-02       4.93500E-04       4.47663E-02       9.07119E+01       9.72255E-01       3.36757E-01
       1.09648E-02       1.14815E-02       1.12232E-02       5.16700E-04       4.68080E-02       9.05903E+01       1.01671E+00       3.83565E-01
       1.14815E-02       1.20226E-02       1.17521E-02       5.41100E-04       4.89367E-02       9.04394E+01       1.06285E+00       4.32501E-01
       1.20226E-02       1.25892E-02       1.23059E-02       5.66601E-04       5.11602E-02       9.02932E+01       1.11114E+00       4.83662E-01
       1.25892E-02       1.31826E-02       1.28859E-02       5.93399E-04       5.34798E-02       9.01245E+01       1.16133E+00       5.37141E-01
       1.31826E-02       1.38038E-02       1.34932E-02       6.21200E-04       5.58979E-02       8.99837E+01       1.21417E+00       5.93039E-01
       1.38038E-02       1.44544E-02       1.41291E-02       6.50601E-04       5.84216E-02       8.97964E+01       1.26874E+00       6.51461E-01
       1.44544E-02       1.51356E-02       1.47950E-02       6.81199E-04       6.10518E-02       8.96240E+01       1.32599E+00       7.12513E-01
       1.51356E-02       1.58489E-02       1.54923E-02       7.13301E-04       6.37947E-02       8.94358E+01       1.38556E+00       7.76307E-01
       1.58489E-02       1.65959E-02       1.62224E-02       7.47000E-04       6.42618E-02       8.60265E+01       1.39556E+00       8.40569E-01
       1.65959E-02       1.73780E-02       1.69870E-02       7.82100E-04       6.04811E-02       7.73317E+01       1.31363E+00       9.01050E-01
       1.73780E-02       1.81970E-02       1.77875E-02       8.19000E-04       4.94348E-02       6.03600E+01       1.07365E+00       9.50485E-01
       1.81970E-02       1.90546E-02       1.86258E-02       8.57600E-04       3.54693E-02       4.13588E+01       7.70341E-01       9.85954E-01
       1.90546E-02       1.99526E-02       1.95036E-02       8.98000E-04       1.36998E-02       1.52559E+01       2.97544E-01       9.99654E-01
       1.99526E-02       2.08930E-02       2.04228E-02       9.40400E-04       3.45778E-04       3.67692E-01       7.50931E-03       1.00000E+00

 Sum =                                                                         1.00000E+00
 Renormalization bin#   863 =                                                  1.98006E-01 barn        8.70964E+05        9.12011E+05        8.91488E+05
 Avg. Energy     bin#   863 =                                                  1.28335E-02 MeV         8.70964E+05        9.12011E+05
