"        MT= 52 recoil spectrum "
" Initial neutron energy corresponds to the group:"
   8.31764E-01    8.70964E-01       0.00000E+00           760           776            17
 Debug druck set-a:   760      0.00000E+00        3.57500E-04        0.00000E+00
 Debug druck set-a:   761      5.51851E-01        3.74360E-04        2.06591E-04
 Debug druck set-a:   762      1.56568E+00        3.92000E-04        6.13747E-04
 Debug druck set-a:   763      3.93278E+00        4.10471E-04        1.61429E-03
 Debug druck set-a:   764      4.35171E+00        4.29819E-04        1.87045E-03
 Debug druck set-a:   765      5.68520E+00        4.50070E-04        2.55874E-03
 Debug druck set-a:   766      5.68033E+00        4.71300E-04        2.67714E-03
 Debug druck set-a:   767      5.67540E+00        4.93500E-04        2.80081E-03
 Debug druck set-a:   768      5.67101E+00        5.16700E-04        2.93021E-03
 Debug druck set-a:   769      5.66495E+00        5.41100E-04        3.06530E-03
 Debug druck set-a:   770      5.65937E+00        5.66601E-04        3.20660E-03
 Debug druck set-a:   771      5.65258E+00        5.93399E-04        3.35424E-03
 Debug druck set-a:   772      5.64778E+00        6.21200E-04        3.50840E-03
 Debug druck set-a:   773      4.64425E+00        6.50601E-04        3.02155E-03
 Debug druck set-a:   774      3.88640E+00        6.81199E-04        2.64741E-03
 Debug druck set-a:   775      2.01653E+00        7.13301E-04        1.43839E-03
 Debug druck set-a:   776      8.15996E-01        7.47000E-04        6.09549E-04



          Low               High              Mid              Energy           Number             dn/de            E*dn/de          Cumulative
         Energy            Energy            Energy             Width          Fraction                               Sum   
         [MeV]             [MeV]             [MeV]              [MeV]

       7.58578E-03       7.94328E-03       7.76453E-03       3.57500E-04       0.00000E+00       0.00000E+00       0.00000E+00       0.00000E+00
       7.94328E-03       8.31764E-03       8.13046E-03       3.74360E-04       5.71903E-03       1.52768E+01       1.24208E-01       5.71903E-03
       8.31764E-03       8.70964E-03       8.51364E-03       3.92000E-04       1.69903E-02       4.33425E+01       3.69003E-01       2.27093E-02
       8.70964E-03       9.12011E-03       8.91487E-03       4.10471E-04       4.46882E-02       1.08871E+02       9.70568E-01       6.73975E-02
       9.12011E-03       9.54993E-03       9.33502E-03       4.29819E-04       5.17794E-02       1.20468E+02       1.12457E+00       1.19177E-01
       9.54993E-03       1.00000E-02       9.77496E-03       4.50070E-04       7.08333E-02       1.57383E+02       1.53841E+00       1.90010E-01
       1.00000E-02       1.04713E-02       1.02357E-02       4.71300E-04       7.41109E-02       1.57248E+02       1.60953E+00       2.64121E-01
       1.04713E-02       1.09648E-02       1.07180E-02       4.93500E-04       7.75345E-02       1.57111E+02       1.68393E+00       3.41656E-01
       1.09648E-02       1.14815E-02       1.12232E-02       5.16700E-04       8.11166E-02       1.56990E+02       1.76192E+00       4.22772E-01
       1.14815E-02       1.20226E-02       1.17521E-02       5.41100E-04       8.48563E-02       1.56822E+02       1.84298E+00       5.07629E-01
       1.20226E-02       1.25892E-02       1.23059E-02       5.66601E-04       8.87679E-02       1.56668E+02       1.92793E+00       5.96396E-01
       1.25892E-02       1.31826E-02       1.28859E-02       5.93399E-04       9.28550E-02       1.56480E+02       2.01638E+00       6.89251E-01
       1.31826E-02       1.38038E-02       1.34932E-02       6.21200E-04       9.71226E-02       1.56347E+02       2.10962E+00       7.86374E-01
       1.38038E-02       1.44544E-02       1.41291E-02       6.50601E-04       8.36452E-02       1.28566E+02       1.81652E+00       8.70019E-01
       1.44544E-02       1.51356E-02       1.47950E-02       6.81199E-04       7.32879E-02       1.07587E+02       1.59174E+00       9.43307E-01
       1.51356E-02       1.58489E-02       1.54923E-02       7.13301E-04       3.98188E-02       5.58232E+01       8.64828E-01       9.83126E-01
       1.58489E-02       1.65959E-02       1.62224E-02       7.47000E-04       1.68741E-02       2.25891E+01       3.66450E-01       1.00000E+00

 Sum =                                                                         1.00000E+00
 Renormalization bin#   862 =                                                  3.61234E-02 barn        8.31764E+05        8.70964E+05        8.51364E+05
 Avg. Energy     bin#   862 =                                                  1.20186E-02 MeV         8.31764E+05        8.70964E+05
