"        MT= 64 recoil spectrum "
" Initial neutron energy corresponds to the group:"
   2.63027E+00    2.75423E+00       0.00000E+00           782           803            22
 Debug druck set-a:   782      0.00000E+00        9.84600E-04        0.00000E+00
 Debug druck set-a:   783      8.44883E-03        1.03110E-03        8.71159E-06
 Debug druck set-a:   784      1.69842E-01        1.07960E-03        1.83362E-04
 Debug druck set-a:   785      3.44545E-01        1.13060E-03        3.89543E-04
 Debug druck set-a:   786      4.87378E-01        1.18380E-03        5.76957E-04
 Debug druck set-a:   787      6.44338E-01        1.23960E-03        7.98722E-04
 Debug druck set-a:   788      7.08184E-01        1.29800E-03        9.19223E-04
 Debug druck set-a:   789      7.73853E-01        1.35920E-03        1.05182E-03
 Debug druck set-a:   790      7.77390E-01        1.42330E-03        1.10646E-03
 Debug druck set-a:   791      8.08501E-01        1.49030E-03        1.20491E-03
 Debug druck set-a:   792      8.08479E-01        1.56060E-03        1.26171E-03
 Debug druck set-a:   793      8.08493E-01        1.63410E-03        1.32116E-03
 Debug druck set-a:   794      8.08499E-01        1.71110E-03        1.38342E-03
 Debug druck set-a:   795      8.08477E-01        1.79180E-03        1.44863E-03
 Debug druck set-a:   796      7.87704E-01        1.87620E-03        1.47789E-03
 Debug druck set-a:   797      7.73827E-01        1.96470E-03        1.52034E-03
 Debug druck set-a:   798      7.46379E-01        2.05720E-03        1.53545E-03
 Debug druck set-a:   799      6.44332E-01        2.15420E-03        1.38802E-03
 Debug druck set-a:   800      5.38144E-01        2.25570E-03        1.21389E-03
 Debug druck set-a:   801      4.04736E-01        2.36210E-03        9.56028E-04
 Debug druck set-a:   802      2.25944E-01        2.47330E-03        5.58827E-04
 Debug druck set-a:   803      3.17682E-02        2.58990E-03        8.22763E-05



          Low               High              Mid              Energy           Number             dn/de            E*dn/de          Cumulative
         Energy            Energy            Energy             Width          Fraction                               Sum   
         [MeV]             [MeV]             [MeV]              [MeV]

       2.08930E-02       2.18776E-02       2.13853E-02       9.84600E-04       0.00000E+00       0.00000E+00       0.00000E+00       0.00000E+00
       2.18776E-02       2.29087E-02       2.23931E-02       1.03110E-03       4.27304E-04       4.14415E-01       9.28007E-03       4.27304E-04
       2.29087E-02       2.39883E-02       2.34485E-02       1.07960E-03       8.99391E-03       8.33077E+00       1.95344E-01       9.42121E-03
       2.39883E-02       2.51189E-02       2.45536E-02       1.13060E-03       1.91071E-02       1.69000E+01       4.14955E-01       2.85283E-02
       2.51189E-02       2.63027E-02       2.57108E-02       1.18380E-03       2.82998E-02       2.39059E+01       6.14639E-01       5.68281E-02
       2.63027E-02       2.75423E-02       2.69225E-02       1.23960E-03       3.91773E-02       3.16048E+01       8.50880E-01       9.60054E-02
       2.75423E-02       2.88403E-02       2.81913E-02       1.29800E-03       4.50879E-02       3.47364E+01       9.79266E-01       1.41093E-01
       2.88403E-02       3.01995E-02       2.95199E-02       1.35920E-03       5.15918E-02       3.79575E+01       1.12050E+00       1.92685E-01
       3.01995E-02       3.16228E-02       3.09112E-02       1.42330E-03       5.42719E-02       3.81310E+01       1.17867E+00       2.46957E-01
       3.16228E-02       3.31131E-02       3.23680E-02       1.49030E-03       5.91009E-02       3.96570E+01       1.28362E+00       3.06058E-01
       3.31131E-02       3.46737E-02       3.38934E-02       1.56060E-03       6.18869E-02       3.96559E+01       1.34407E+00       3.67945E-01
       3.46737E-02       3.63078E-02       3.54908E-02       1.63410E-03       6.48029E-02       3.96566E+01       1.40744E+00       4.32748E-01
       3.63078E-02       3.80189E-02       3.71633E-02       1.71110E-03       6.78568E-02       3.96569E+01       1.47378E+00       5.00604E-01
       3.80189E-02       3.98107E-02       3.89148E-02       1.79180E-03       7.10553E-02       3.96558E+01       1.54320E+00       5.71660E-01
       3.98107E-02       4.16869E-02       4.07488E-02       1.87620E-03       7.24905E-02       3.86369E+01       1.57441E+00       6.44150E-01
       4.16869E-02       4.36516E-02       4.26693E-02       1.96470E-03       7.45727E-02       3.79562E+01       1.61956E+00       7.18723E-01
       4.36516E-02       4.57088E-02       4.46802E-02       2.05720E-03       7.53139E-02       3.66099E+01       1.63574E+00       7.94037E-01
       4.57088E-02       4.78630E-02       4.67859E-02       2.15420E-03       6.80824E-02       3.16045E+01       1.47865E+00       8.62119E-01
       4.78630E-02       5.01187E-02       4.89908E-02       2.25570E-03       5.95413E-02       2.63960E+01       1.29316E+00       9.21661E-01
       5.01187E-02       5.24808E-02       5.12998E-02       2.36210E-03       4.68932E-02       1.98523E+01       1.01842E+00       9.68554E-01
       5.24808E-02       5.49541E-02       5.37174E-02       2.47330E-03       2.74105E-02       1.10825E+01       5.95326E-01       9.95964E-01
       5.49541E-02       5.75440E-02       5.62491E-02       2.58990E-03       4.03565E-03       1.55823E+00       8.76489E-02       1.00000E+00

 Sum =                                                                         1.00000E+00
 Renormalization bin#   887 =                                                  2.03874E-02 barn        2.63027E+06        2.75423E+06        2.69225E+06
 Avg. Energy     bin#   887 =                                                  3.82492E-02 MeV         2.63027E+06        2.75423E+06
