"        MT=815 recoil spectrum "
" Initial neutron energy corresponds to the group:"
   3.01995E+00    3.16228E+00       0.00000E+00           818           843            26
 Debug druck set-a:   818      0.00000E+00        5.16700E-03        0.00000E+00
 Debug druck set-a:   819      1.85308E-10        5.41100E-03        1.00270E-12
 Debug druck set-a:   820      1.85316E-10        5.66600E-03        1.05000E-12
 Debug druck set-a:   821      1.85288E-10        5.93400E-03        1.09950E-12
 Debug druck set-a:   822      1.85335E-10        6.21200E-03        1.15130E-12
 Debug druck set-a:   823      1.85306E-10        6.50600E-03        1.20560E-12
 Debug druck set-a:   824      1.85320E-10        6.81200E-03        1.26240E-12
 Debug druck set-a:   825      1.85322E-10        7.13300E-03        1.32190E-12
 Debug druck set-a:   826      1.85301E-10        7.47000E-03        1.38420E-12
 Debug druck set-a:   827      1.85322E-10        7.82100E-03        1.44940E-12
 Debug druck set-a:   828      1.85311E-10        8.19000E-03        1.51770E-12
 Debug druck set-a:   829      1.85319E-10        8.57600E-03        1.58930E-12
 Debug druck set-a:   830      1.85312E-10        8.98000E-03        1.66410E-12
 Debug druck set-a:   831      1.85304E-10        9.40400E-03        1.74260E-12
 Debug druck set-a:   832      1.85324E-10        9.84600E-03        1.82470E-12
 Debug druck set-a:   833      1.85307E-10        1.03110E-02        1.91070E-12
 Debug druck set-a:   834      1.85319E-10        1.07960E-02        2.00070E-12
 Debug druck set-a:   835      1.85300E-10        1.13060E-02        2.09500E-12
 Debug druck set-a:   836      1.85318E-10        1.18380E-02        2.19380E-12
 Debug druck set-a:   837      1.85318E-10        1.23960E-02        2.29720E-12
 Debug druck set-a:   838      1.85316E-10        1.29800E-02        2.40540E-12
 Debug druck set-a:   839      1.85315E-10        1.35920E-02        2.51880E-12
 Debug druck set-a:   840      1.85309E-10        1.42330E-02        2.63750E-12
 Debug druck set-a:   841      1.85318E-10        1.49030E-02        2.76180E-12
 Debug druck set-a:   842      1.85313E-10        1.56060E-02        2.89200E-12
 Debug druck set-a:   843      1.66709E-10        1.63410E-02        2.72420E-12



          Low               High              Mid              Energy           Number             dn/de            E*dn/de          Cumulative
         Energy            Energy            Energy             Width          Fraction                               Sum   
         [MeV]             [MeV]             [MeV]              [MeV]

       1.09648E-01       1.14815E-01       1.12231E-01       5.16700E-03       0.00000E+00       0.00000E+00       0.00000E+00       0.00000E+00
       1.14815E-01       1.20226E-01       1.17520E-01       5.41100E-03       2.19397E-02       4.05465E+00       4.76505E-01       2.19397E-02
       1.20226E-01       1.25892E-01       1.23059E-01       5.66600E-03       2.29747E-02       4.05483E+00       4.98983E-01       4.49144E-02
       1.25892E-01       1.31826E-01       1.28859E-01       5.93400E-03       2.40578E-02       4.05422E+00       5.22423E-01       6.89721E-02
       1.31826E-01       1.38038E-01       1.34932E-01       6.21200E-03       2.51912E-02       4.05524E+00       5.47182E-01       9.41633E-02
       1.38038E-01       1.44544E-01       1.41291E-01       6.50600E-03       2.63793E-02       4.05461E+00       5.72880E-01       1.20543E-01
       1.44544E-01       1.51356E-01       1.47950E-01       6.81200E-03       2.76221E-02       4.05492E+00       5.99925E-01       1.48165E-01
       1.51356E-01       1.58489E-01       1.54923E-01       7.13300E-03       2.89240E-02       4.05496E+00       6.28204E-01       1.77089E-01
       1.58489E-01       1.65959E-01       1.62224E-01       7.47000E-03       3.02872E-02       4.05451E+00       6.57739E-01       2.07376E-01
       1.65959E-01       1.73780E-01       1.69869E-01       7.82100E-03       3.17138E-02       4.05495E+00       6.88813E-01       2.39090E-01
       1.73780E-01       1.81970E-01       1.77875E-01       8.19000E-03       3.32082E-02       4.05473E+00       7.21235E-01       2.72298E-01
       1.81970E-01       1.90546E-01       1.86258E-01       8.57600E-03       3.47749E-02       4.05491E+00       7.55259E-01       3.07073E-01
       1.90546E-01       1.99526E-01       1.95036E-01       8.98000E-03       3.64116E-02       4.05474E+00       7.90820E-01       3.43484E-01
       1.99526E-01       2.08930E-01       2.04228E-01       9.40400E-03       3.81292E-02       4.05457E+00       8.28057E-01       3.81614E-01
       2.08930E-01       2.18776E-01       2.13853E-01       9.84600E-03       3.99256E-02       4.05501E+00       8.67176E-01       4.21539E-01
       2.18776E-01       2.29087E-01       2.23931E-01       1.03110E-02       4.18073E-02       4.05463E+00       9.07960E-01       4.63347E-01
       2.29087E-01       2.39883E-01       2.34485E-01       1.07960E-02       4.37766E-02       4.05489E+00       9.50811E-01       5.07123E-01
       2.39883E-01       2.51189E-01       2.45536E-01       1.13060E-02       4.58399E-02       4.05448E+00       9.95521E-01       5.52963E-01
       2.51189E-01       2.63027E-01       2.57108E-01       1.18380E-02       4.80018E-02       4.05489E+00       1.04254E+00       6.00965E-01
       2.63027E-01       2.75423E-01       2.69225E-01       1.23960E-02       5.02642E-02       4.05487E+00       1.09167E+00       6.51229E-01
       2.75423E-01       2.88403E-01       2.81913E-01       1.29800E-02       5.26317E-02       4.05483E+00       1.14311E+00       7.03861E-01
       2.88403E-01       3.01995E-01       2.95199E-01       1.35920E-02       5.51130E-02       4.05481E+00       1.19698E+00       7.58974E-01
       3.01995E-01       3.16228E-01       3.09112E-01       1.42330E-02       5.77102E-02       4.05468E+00       1.25335E+00       8.16684E-01
       3.16228E-01       3.31131E-01       3.23680E-01       1.49030E-02       6.04300E-02       4.05489E+00       1.31248E+00       8.77114E-01
       3.31131E-01       3.46737E-01       3.38934E-01       1.56060E-02       6.32788E-02       4.05477E+00       1.37430E+00       9.40393E-01
       3.46737E-01       3.63078E-01       3.54908E-01       1.63410E-02       5.96072E-02       3.64771E+00       1.29460E+00       1.00000E+00

 Sum =                                                                         1.00000E+00
 Renormalization bin#   890 =                                                  4.57025E-11 barn        3.01995E+06        3.16228E+06        3.09112E+06
 Avg. Energy     bin#   890 =                                                  2.38175E-01 MeV         3.01995E+06        3.16228E+06
