"        MT=107 recoil spectrum "
" Initial neutron energy corresponds to the group:"
   9.54993E-02    1.00000E-01       0.00000E+00           663           766           104



          Low               High              Mid              Energy           Number             dn/de            E*dn/de          Cumulative
         Energy            Energy            Energy             Width          Fraction                               Sum   
         [MeV]             [MeV]             [MeV]              [MeV]

       8.70964E-05       9.12011E-05       8.91488E-05       4.10471E-06       0.00000E+00       0.00000E+00       0.00000E+00       0.00000E+00
       9.12011E-05       9.54993E-05       9.33502E-05       4.29820E-06       4.17893E-04       9.72253E+01       9.07600E-03       4.17893E-04
       9.54993E-05       1.00000E-04       9.77497E-05       4.50070E-06       4.37586E-04       9.72262E+01       9.50383E-03       8.55479E-04
       1.00000E-04       1.04713E-04       1.02356E-04       4.71300E-06       4.58212E-04       9.72230E+01       9.95140E-03       1.31369E-03
       1.04713E-04       1.09648E-04       1.07181E-04       4.93501E-06       4.79809E-04       9.72257E+01       1.04207E-02       1.79350E-03
       1.09648E-04       1.14815E-04       1.12232E-04       5.16700E-06       5.02420E-04       9.72363E+01       1.09130E-02       2.29592E-03
       1.14815E-04       1.20226E-04       1.17520E-04       5.41100E-06       5.26084E-04       9.72250E+01       1.14259E-02       2.82200E-03
       1.20226E-04       1.25892E-04       1.23059E-04       5.66600E-06       5.50883E-04       9.72261E+01       1.19645E-02       3.37289E-03
       1.25892E-04       1.31826E-04       1.28859E-04       5.93401E-06       5.76857E-04       9.72121E+01       1.25267E-02       3.94974E-03
       1.31826E-04       1.38038E-04       1.34932E-04       6.21199E-06       6.04047E-04       9.72388E+01       1.31206E-02       4.55379E-03
       1.38038E-04       1.44544E-04       1.41291E-04       6.50601E-06       6.32533E-04       9.72228E+01       1.37367E-02       5.18632E-03
       1.44544E-04       1.51356E-04       1.47950E-04       6.81200E-06       6.62316E-04       9.72279E+01       1.43849E-02       5.84864E-03
       1.51356E-04       1.58489E-04       1.54922E-04       7.13300E-06       6.93557E-04       9.72323E+01       1.50635E-02       6.54220E-03
       1.58489E-04       1.65959E-04       1.62224E-04       7.47000E-06       7.26217E-04       9.72178E+01       1.57711E-02       7.26841E-03
       1.65959E-04       1.73780E-04       1.69870E-04       7.82100E-06       7.60458E-04       9.72328E+01       1.65169E-02       8.02887E-03
       1.73780E-04       1.81970E-04       1.77875E-04       8.19000E-06       7.96278E-04       9.72256E+01       1.72940E-02       8.82515E-03
       1.81970E-04       1.90546E-04       1.86258E-04       8.57600E-06       8.33801E-04       9.72249E+01       1.81089E-02       9.65895E-03
       1.90546E-04       1.99526E-04       1.95036E-04       8.98000E-06       8.73106E-04       9.72279E+01       1.89629E-02       1.05321E-02
       1.99526E-04       2.08930E-04       2.04228E-04       9.40399E-06       9.14275E-04       9.72221E+01       1.98555E-02       1.14463E-02
       2.08930E-04       2.18776E-04       2.13853E-04       9.84601E-06       9.57349E-04       9.72322E+01       2.07934E-02       1.24037E-02
       2.18776E-04       2.29087E-04       2.23932E-04       1.03110E-05       1.00249E-03       9.72252E+01       2.17718E-02       1.34062E-02
       2.29087E-04       2.39883E-04       2.34485E-04       1.07960E-05       1.04970E-03       9.72302E+01       2.27990E-02       1.44559E-02
       2.39883E-04       2.51189E-04       2.45536E-04       1.13060E-05       1.09917E-03       9.72203E+01       2.38711E-02       1.55550E-02
       2.51189E-04       2.63027E-04       2.57108E-04       1.18380E-05       1.15100E-03       9.72291E+01       2.49984E-02       1.67060E-02
       2.63027E-04       2.75423E-04       2.69225E-04       1.23960E-05       1.20526E-03       9.72295E+01       2.61766E-02       1.79113E-02
       2.75423E-04       2.88403E-04       2.81913E-04       1.29800E-05       1.26203E-03       9.72285E+01       2.74100E-02       1.91733E-02
       2.88403E-04       3.01995E-04       2.95199E-04       1.35920E-05       1.32151E-03       9.72273E+01       2.87014E-02       2.04948E-02
       3.01995E-04       3.16228E-04       3.09111E-04       1.42330E-05       1.38379E-03       9.72242E+01       3.00531E-02       2.18786E-02
       3.16228E-04       3.31131E-04       3.23680E-04       1.49030E-05       1.44899E-03       9.72280E+01       3.14707E-02       2.33276E-02
       3.31131E-04       3.46737E-04       3.38934E-04       1.56060E-05       1.51731E-03       9.72261E+01       3.29532E-02       2.48449E-02
       3.46737E-04       3.63078E-04       3.54908E-04       1.63410E-05       1.58883E-03       9.72296E+01       3.45075E-02       2.64338E-02
       3.63078E-04       3.80189E-04       3.71634E-04       1.71110E-05       1.66367E-03       9.72282E+01       3.61333E-02       2.80974E-02
       3.80189E-04       3.98107E-04       3.89148E-04       1.79180E-05       1.74208E-03       9.72251E+01       3.78349E-02       2.98395E-02
       3.98107E-04       4.16869E-04       4.07488E-04       1.87620E-05       1.82422E-03       9.72293E+01       3.96198E-02       3.16637E-02
       4.16869E-04       4.36516E-04       4.26692E-04       1.96470E-05       1.91016E-03       9.72240E+01       4.14848E-02       3.35739E-02
       4.36516E-04       4.57088E-04       4.46802E-04       2.05720E-05       2.00020E-03       9.72290E+01       4.34421E-02       3.55741E-02
       4.57088E-04       4.78630E-04       4.67859E-04       2.15420E-05       2.09445E-03       9.72264E+01       4.54882E-02       3.76685E-02
       4.78630E-04       5.01187E-04       4.89909E-04       2.25570E-05       2.19316E-03       9.72274E+01       4.76325E-02       3.98617E-02
       5.01187E-04       5.24808E-04       5.12998E-04       2.36210E-05       2.29653E-03       9.72241E+01       4.98757E-02       4.21582E-02
       5.24808E-04       5.49541E-04       5.37175E-04       2.47330E-05       2.40476E-03       9.72287E+01       5.22288E-02       4.45630E-02
       5.49541E-04       5.75440E-04       5.62491E-04       2.58990E-05       2.51810E-03       9.72276E+01       5.46896E-02       4.70811E-02
       5.75440E-04       6.02560E-04       5.89000E-04       2.71200E-05       2.63678E-03       9.72265E+01       5.72664E-02       4.97179E-02
       6.02560E-04       6.30957E-04       6.16758E-04       2.83970E-05       2.76102E-03       9.72294E+01       5.99670E-02       5.24789E-02
       6.30957E-04       6.60693E-04       6.45825E-04       2.97360E-05       2.89117E-03       9.72280E+01       6.27923E-02       5.53701E-02
       6.60693E-04       6.91831E-04       6.76262E-04       3.11380E-05       3.02741E-03       9.72254E+01       6.57499E-02       5.83975E-02
       6.91831E-04       7.24436E-04       7.08133E-04       3.26050E-05       3.17008E-03       9.72269E+01       6.88496E-02       6.15675E-02
       7.24436E-04       7.58578E-04       7.41507E-04       3.41420E-05       3.31948E-03       9.72256E+01       7.20935E-02       6.48870E-02
       7.58578E-04       7.94328E-04       7.76453E-04       3.57500E-05       3.47593E-03       9.72289E+01       7.54936E-02       6.83630E-02
       7.94328E-04       8.31764E-04       8.13046E-04       3.74360E-05       3.63976E-03       9.72262E+01       7.90494E-02       7.20027E-02
       8.31764E-04       8.70964E-04       8.51364E-04       3.92000E-05       3.81128E-03       9.72266E+01       8.27752E-02       7.58140E-02
       8.70964E-04       9.12011E-04       8.91487E-04       4.10470E-05       3.99091E-03       9.72279E+01       8.66775E-02       7.98049E-02
       9.12011E-04       9.54993E-04       9.33502E-04       4.29820E-05       4.17893E-03       9.72252E+01       9.07599E-02       8.39838E-02
       9.54993E-04       1.00000E-03       9.77497E-04       4.50070E-05       4.37586E-03       9.72262E+01       9.50383E-02       8.83597E-02
       1.00000E-03       1.04713E-03       1.02356E-03       4.71300E-05       4.58211E-03       9.72229E+01       9.95139E-02       9.29418E-02
       1.04713E-03       1.09648E-03       1.07180E-03       4.93500E-05       4.79809E-03       9.72258E+01       1.04207E-01       9.77399E-02
       1.09648E-03       1.14815E-03       1.12231E-03       5.16700E-05       5.02420E-03       9.72362E+01       1.09130E-01       1.02764E-01
       1.14815E-03       1.20226E-03       1.17520E-03       5.41100E-05       5.26084E-03       9.72250E+01       1.14259E-01       1.08025E-01
       1.20226E-03       1.25892E-03       1.23059E-03       5.66600E-05       5.50883E-03       9.72260E+01       1.19645E-01       1.13534E-01
       1.25892E-03       1.31826E-03       1.28859E-03       5.93400E-05       5.76857E-03       9.72122E+01       1.25267E-01       1.19302E-01
       1.31826E-03       1.38038E-03       1.34932E-03       6.21200E-05       6.04047E-03       9.72387E+01       1.31206E-01       1.25343E-01
       1.38038E-03       1.44544E-03       1.41291E-03       6.50599E-05       6.32533E-03       9.72231E+01       1.37367E-01       1.31668E-01
       1.44544E-03       1.51356E-03       1.47950E-03       6.81201E-05       6.62316E-03       9.72276E+01       1.43848E-01       1.38291E-01
       1.51356E-03       1.58489E-03       1.54923E-03       7.13300E-05       6.93558E-03       9.72323E+01       1.50635E-01       1.45227E-01
       1.58489E-03       1.65959E-03       1.62224E-03       7.47000E-05       7.26217E-03       9.72179E+01       1.57711E-01       1.52489E-01
       1.65959E-03       1.73780E-03       1.69870E-03       7.82101E-05       7.60458E-03       9.72327E+01       1.65169E-01       1.60094E-01
       1.73780E-03       1.81970E-03       1.77875E-03       8.18999E-05       7.96278E-03       9.72258E+01       1.72940E-01       1.68056E-01
       1.81970E-03       1.90546E-03       1.86258E-03       8.57600E-05       8.33801E-03       9.72249E+01       1.81089E-01       1.76394E-01
       1.90546E-03       1.99526E-03       1.95036E-03       8.98001E-05       8.73106E-03       9.72278E+01       1.89629E-01       1.85125E-01
       1.99526E-03       2.08930E-03       2.04228E-03       9.40400E-05       9.14275E-03       9.72219E+01       1.98554E-01       1.94268E-01
       2.08930E-03       2.18776E-03       2.13853E-03       9.84600E-05       9.57349E-03       9.72323E+01       2.07934E-01       2.03842E-01
       2.18776E-03       2.29087E-03       2.23932E-03       1.03110E-04       1.00249E-02       9.72252E+01       2.17718E-01       2.13867E-01
       2.29087E-03       2.39883E-03       2.34485E-03       1.07960E-04       1.04970E-02       9.72302E+01       2.27990E-01       2.24364E-01
       2.39883E-03       2.51189E-03       2.45536E-03       1.13060E-04       1.09917E-02       9.72205E+01       2.38711E-01       2.35355E-01
       2.51189E-03       2.63027E-03       2.57108E-03       1.18380E-04       1.15100E-02       9.72291E+01       2.49984E-01       2.46865E-01
       2.63027E-03       2.75423E-03       2.69225E-03       1.23960E-04       1.20526E-02       9.72295E+01       2.61766E-01       2.58918E-01
       2.75423E-03       2.88403E-03       2.81913E-03       1.29800E-04       1.26203E-02       9.72285E+01       2.74100E-01       2.71538E-01
       2.88403E-03       3.01995E-03       2.95199E-03       1.35920E-04       1.32151E-02       9.72272E+01       2.87014E-01       2.84753E-01
       3.01995E-03       3.16228E-03       3.09112E-03       1.42330E-04       1.38379E-02       9.72242E+01       3.00531E-01       2.98591E-01
       3.16228E-03       3.31131E-03       3.23679E-03       1.49030E-04       1.44899E-02       9.72281E+01       3.14707E-01       3.13081E-01
       3.31131E-03       3.46737E-03       3.38934E-03       1.56060E-04       1.51731E-02       9.72260E+01       3.29532E-01       3.28254E-01
       3.46737E-03       3.63078E-03       3.54907E-03       1.63410E-04       1.58883E-02       9.72296E+01       3.45075E-01       3.44142E-01
       3.63078E-03       3.80189E-03       3.71633E-03       1.71110E-04       1.66367E-02       9.72282E+01       3.61333E-01       3.60779E-01
       3.80189E-03       3.98107E-03       3.89148E-03       1.79180E-04       1.74208E-02       9.72250E+01       3.78349E-01       3.78200E-01
       3.98107E-03       4.16869E-03       4.07488E-03       1.87620E-04       1.82422E-02       9.72293E+01       3.96198E-01       3.96442E-01
       4.16869E-03       4.36516E-03       4.26693E-03       1.96470E-04       1.91016E-02       9.72239E+01       4.14847E-01       4.15544E-01
       4.36516E-03       4.57088E-03       4.46802E-03       2.05720E-04       2.00020E-02       9.72293E+01       4.34422E-01       4.35546E-01
       4.57088E-03       4.78630E-03       4.67859E-03       2.15420E-04       2.09445E-02       9.72264E+01       4.54882E-01       4.56490E-01
       4.78630E-03       5.01187E-03       4.89909E-03       2.25570E-04       2.19316E-02       9.72273E+01       4.76325E-01       4.78422E-01
       5.01187E-03       5.24807E-03       5.12997E-03       2.36200E-04       2.29653E-02       9.72282E+01       4.98778E-01       5.01387E-01
       5.24807E-03       5.49541E-03       5.37174E-03       2.47340E-04       2.40476E-02       9.72247E+01       5.22266E-01       5.25435E-01
       5.49541E-03       5.75440E-03       5.62491E-03       2.58990E-04       2.51810E-02       9.72277E+01       5.46896E-01       5.50616E-01
       5.75440E-03       6.02560E-03       5.89000E-03       2.71200E-04       2.63678E-02       9.72264E+01       5.72664E-01       5.76984E-01
       6.02560E-03       6.30957E-03       6.16759E-03       2.83970E-04       2.76102E-02       9.72294E+01       5.99670E-01       6.04594E-01
       6.30957E-03       6.60693E-03       6.45825E-03       2.97360E-04       2.89117E-02       9.72280E+01       6.27922E-01       6.33505E-01
       6.60693E-03       6.91831E-03       6.76262E-03       3.11380E-04       3.02741E-02       9.72255E+01       6.57499E-01       6.63779E-01
       6.91831E-03       7.24436E-03       7.08133E-03       3.26050E-04       3.17008E-02       9.72269E+01       6.88496E-01       6.95480E-01
       7.24436E-03       7.58578E-03       7.41507E-03       3.41420E-04       3.31948E-02       9.72258E+01       7.20936E-01       7.28675E-01
       7.58578E-03       7.94328E-03       7.76453E-03       3.57500E-04       3.47593E-02       9.72289E+01       7.54937E-01       7.63434E-01
       7.94328E-03       8.31764E-03       8.13046E-03       3.74360E-04       3.63976E-02       9.72262E+01       7.90494E-01       7.99832E-01
       8.31764E-03       8.70964E-03       8.51364E-03       3.92000E-04       3.81128E-02       9.72266E+01       8.27753E-01       8.37945E-01
       8.70964E-03       9.12011E-03       8.91487E-03       4.10471E-04       3.99091E-02       9.72277E+01       8.66773E-01       8.77854E-01
       9.12011E-03       9.54993E-03       9.33502E-03       4.29819E-04       4.17893E-02       9.72253E+01       9.07600E-01       9.19643E-01
       9.54993E-03       1.00000E-02       9.77496E-03       4.50070E-04       4.37586E-02       9.72262E+01       9.50383E-01       9.63402E-01
       1.00000E-02       1.04713E-02       1.02357E-02       4.71300E-04       3.65982E-02       7.76537E+01       7.94836E-01       1.00000E+00

 Sum =                                                                         1.00000E+00
 Renormalization bin#   815 =                                                  2.46786E-09 barn        9.54993E+04        1.00000E+05        9.77496E+04
 Avg. Energy     bin#   815 =                                                  5.23554E-03 MeV         9.54993E+04        1.00000E+05
