"        MT=107 recoil spectrum "
" Initial neutron energy corresponds to the group:"
   1.20226E+00    1.25892E+00       0.00000E+00           790           841            52



          Low               High              Mid              Energy           Number             dn/de            E*dn/de          Cumulative
         Energy            Energy            Energy             Width          Fraction                               Sum   
         [MeV]             [MeV]             [MeV]              [MeV]

       3.01995E-02       3.16228E-02       3.09112E-02       1.42330E-03       0.00000E+00       0.00000E+00       0.00000E+00       0.00000E+00
       3.16228E-02       3.31131E-02       3.23680E-02       1.49030E-03       2.08677E-03       1.40023E+00       4.53227E-02       2.08677E-03
       3.31131E-02       3.46737E-02       3.38934E-02       1.56060E-03       3.88170E-03       2.48732E+00       8.43037E-02       5.96847E-03
       3.46737E-02       3.63078E-02       3.54908E-02       1.63410E-03       4.06465E-03       2.48739E+00       8.82794E-02       1.00331E-02
       3.63078E-02       3.80189E-02       3.71633E-02       1.71110E-03       4.25620E-03       2.48741E+00       9.24404E-02       1.42893E-02
       3.80189E-02       3.98107E-02       3.89148E-02       1.79180E-03       4.45676E-03       2.48731E+00       9.67932E-02       1.87461E-02
       3.98107E-02       4.16869E-02       4.07488E-02       1.87620E-03       4.66677E-03       2.48735E+00       1.01357E-01       2.34129E-02
       4.16869E-02       4.36516E-02       4.26693E-02       1.96470E-03       4.88664E-03       2.48722E+00       1.06128E-01       2.82995E-02
       4.36516E-02       4.57088E-02       4.46802E-02       2.05720E-03       5.11700E-03       2.48736E+00       1.11136E-01       3.34165E-02
       4.57088E-02       4.78630E-02       4.67859E-02       2.15420E-03       5.52087E-03       2.56284E+00       1.19905E-01       3.89374E-02
       4.78630E-02       5.01187E-02       4.89908E-02       2.25570E-03       9.04507E-03       4.00988E+00       1.96447E-01       4.79824E-02
       5.01187E-02       5.24808E-02       5.12998E-02       2.36210E-03       1.08376E-02       4.58812E+00       2.35369E-01       5.88200E-02
       5.24808E-02       5.49541E-02       5.37174E-02       2.47330E-03       1.13485E-02       4.58839E+00       2.46476E-01       7.01685E-02
       5.49541E-02       5.75440E-02       5.62491E-02       2.58990E-03       1.18832E-02       4.58830E+00       2.58088E-01       8.20517E-02
       5.75440E-02       6.02560E-02       5.89000E-02       2.71200E-03       1.24432E-02       4.58820E+00       2.70245E-01       9.44949E-02
       6.02560E-02       6.30957E-02       6.16758E-02       2.83970E-03       1.30292E-02       4.58822E+00       2.82982E-01       1.07524E-01
       6.30957E-02       6.60693E-02       6.45825E-02       2.97360E-03       1.28112E-02       4.30831E+00       2.78241E-01       1.20335E-01
       6.60693E-02       6.91831E-02       6.76262E-02       3.11380E-03       1.25974E-02       4.04566E+00       2.73593E-01       1.32933E-01
       6.91831E-02       7.24436E-02       7.08134E-02       3.26050E-03       1.31911E-02       4.04574E+00       2.86492E-01       1.46124E-01
       7.24436E-02       7.58578E-02       7.41507E-02       3.41420E-03       1.38128E-02       4.04569E+00       2.99990E-01       1.59937E-01
       7.58578E-02       7.94328E-02       7.76453E-02       3.57500E-03       1.44814E-02       4.05074E+00       3.14521E-01       1.74418E-01
       7.94328E-02       8.31764E-02       8.13046E-02       3.74360E-03       1.59288E-02       4.25494E+00       3.45946E-01       1.90347E-01
       8.31764E-02       8.70964E-02       8.51364E-02       3.92000E-03       1.71232E-02       4.36816E+00       3.71889E-01       2.07470E-01
       8.70964E-02       9.12011E-02       8.91488E-02       4.10470E-03       1.79303E-02       4.36823E+00       3.89422E-01       2.25400E-01
       9.12011E-02       9.54993E-02       9.33502E-02       4.29820E-03       1.86079E-02       4.32924E+00       4.04136E-01       2.44008E-01
       9.54993E-02       1.00000E-01       9.77497E-02       4.50070E-03       1.45645E-02       3.23604E+00       3.16322E-01       2.58573E-01
       1.00000E-01       1.04713E-01       1.02357E-01       4.71300E-03       1.28034E-02       2.71662E+00       2.78063E-01       2.71376E-01
       1.04713E-01       1.09648E-01       1.07180E-01       4.93500E-03       1.34066E-02       2.71663E+00       2.91170E-01       2.84783E-01
       1.09648E-01       1.14815E-01       1.12231E-01       5.16700E-03       1.59405E-02       3.08507E+00       3.46242E-01       3.00723E-01
       1.14815E-01       1.20226E-01       1.17520E-01       5.41100E-03       1.99966E-02       3.69554E+00       4.34302E-01       3.20720E-01
       1.20226E-01       1.25892E-01       1.23059E-01       5.66600E-03       2.10011E-02       3.70651E+00       4.56120E-01       3.41721E-01
       1.25892E-01       1.31826E-01       1.28859E-01       5.93400E-03       1.95959E-02       3.30230E+00       4.25532E-01       3.61317E-01
       1.31826E-01       1.38038E-01       1.34932E-01       6.21200E-03       1.76145E-02       2.83557E+00       3.82608E-01       3.78931E-01
       1.38038E-01       1.44544E-01       1.41291E-01       6.50600E-03       1.87067E-02       2.87531E+00       4.06255E-01       3.97638E-01
       1.44544E-01       1.51356E-01       1.47950E-01       6.81200E-03       2.18197E-02       3.20313E+00       4.73904E-01       4.19458E-01
       1.51356E-01       1.58489E-01       1.54923E-01       7.13300E-03       2.33670E-02       3.27590E+00       5.07511E-01       4.42825E-01
       1.58489E-01       1.65959E-01       1.62224E-01       7.47000E-03       2.51946E-02       3.37277E+00       5.47144E-01       4.68019E-01
       1.65959E-01       1.73780E-01       1.69869E-01       7.82100E-03       2.71541E-02       3.47195E+00       5.89778E-01       4.95173E-01
       1.73780E-01       1.81970E-01       1.77875E-01       8.19000E-03       2.60699E-02       3.18313E+00       5.66200E-01       5.21243E-01
       1.81970E-01       1.90546E-01       1.86258E-01       8.57600E-03       2.50429E-02       2.92011E+00       5.43894E-01       5.46286E-01
       1.90546E-01       1.99526E-01       1.95036E-01       8.98000E-03       2.61926E-02       2.91677E+00       5.68875E-01       5.72479E-01
       1.99526E-01       2.08930E-01       2.04228E-01       9.40400E-03       2.73916E-02       2.91276E+00       5.94867E-01       5.99870E-01
       2.08930E-01       2.18776E-01       2.13853E-01       9.84600E-03       2.85329E-02       2.89792E+00       6.19728E-01       6.28403E-01
       2.18776E-01       2.29087E-01       2.23931E-01       1.03110E-02       2.97296E-02       2.88329E+00       6.45659E-01       6.58133E-01
       2.29087E-01       2.39883E-01       2.34485E-01       1.07960E-02       3.13855E-02       2.90715E+00       6.81682E-01       6.89518E-01
       2.39883E-01       2.51189E-01       2.45536E-01       1.13060E-02       3.99844E-02       3.53656E+00       8.68353E-01       7.29503E-01
       2.51189E-01       2.63027E-01       2.57108E-01       1.18380E-02       4.14974E-02       3.50544E+00       9.01278E-01       7.71000E-01
       2.63027E-01       2.75423E-01       2.69225E-01       1.23960E-02       3.97855E-02       3.20954E+00       8.64089E-01       8.10786E-01
       2.75423E-01       2.88403E-01       2.81913E-01       1.29800E-02       4.60402E-02       3.54701E+00       9.99949E-01       8.56826E-01
       2.88403E-01       3.01995E-01       2.95199E-01       1.35920E-02       5.20352E-02       3.82837E+00       1.13013E+00       9.08861E-01
       3.01995E-01       3.16228E-01       3.09112E-01       1.42330E-02       6.15056E-02       4.32134E+00       1.33577E+00       9.70367E-01
       3.16228E-01       3.31131E-01       3.23680E-01       1.49030E-02       2.96335E-02       1.98843E+00       6.43613E-01       1.00000E+00

 Sum =                                                                         1.00000E+00
 Renormalization bin#   870 =                                                  4.76646E-08 barn        1.20226E+06        1.25892E+06        1.23059E+06
 Avg. Energy     bin#   870 =                                                  1.78477E-01 MeV         1.20226E+06        1.25892E+06
