"        MT=107 recoil spectrum "
" Initial neutron energy corresponds to the group:"
   1.25892E+00    1.31826E+00       0.00000E+00           791           842            52



          Low               High              Mid              Energy           Number             dn/de            E*dn/de          Cumulative
         Energy            Energy            Energy             Width          Fraction                               Sum   
         [MeV]             [MeV]             [MeV]              [MeV]

       3.16228E-02       3.31131E-02       3.23680E-02       1.49030E-03       0.00000E+00       0.00000E+00       0.00000E+00       0.00000E+00
       3.31131E-02       3.46737E-02       3.38934E-02       1.56060E-03       1.95473E-03       1.25255E+00       4.24533E-02       1.95473E-03
       3.46737E-02       3.63078E-02       3.54908E-02       1.63410E-03       3.83153E-03       2.34473E+00       8.32162E-02       5.78626E-03
       3.63078E-02       3.80189E-02       3.71633E-02       1.71110E-03       4.01210E-03       2.34475E+00       8.71388E-02       9.79836E-03
       3.80189E-02       3.98107E-02       3.89148E-02       1.79180E-03       4.20108E-03       2.34461E+00       9.12402E-02       1.39994E-02
       3.98107E-02       4.16869E-02       4.07488E-02       1.87620E-03       4.39907E-03       2.34467E+00       9.55424E-02       1.83985E-02
       4.16869E-02       4.36516E-02       4.26693E-02       1.96470E-03       4.60644E-03       2.34460E+00       1.00042E-01       2.30049E-02
       4.36516E-02       4.57088E-02       4.46802E-02       2.05720E-03       4.82359E-03       2.34474E+00       1.04763E-01       2.78285E-02
       4.57088E-02       4.78630E-02       4.67859E-02       2.15420E-03       5.05092E-03       2.34469E+00       1.09698E-01       3.28795E-02
       4.78630E-02       5.01187E-02       4.89908E-02       2.25570E-03       5.42713E-03       2.40596E+00       1.17870E-01       3.83066E-02
       5.01187E-02       5.24808E-02       5.12998E-02       2.36210E-03       8.83941E-03       3.74218E+00       1.91973E-01       4.71460E-02
       5.24808E-02       5.49541E-02       5.37174E-02       2.47330E-03       1.07322E-02       4.33922E+00       2.33092E-01       5.78782E-02
       5.49541E-02       5.75440E-02       5.62491E-02       2.58990E-03       1.12381E-02       4.33920E+00       2.44076E-01       6.91163E-02
       5.75440E-02       6.02560E-02       5.89000E-02       2.71200E-03       1.17677E-02       4.33912E+00       2.55574E-01       8.08840E-02
       6.02560E-02       6.30957E-02       6.16758E-02       2.83970E-03       1.23223E-02       4.33930E+00       2.67630E-01       9.32063E-02
       6.30957E-02       6.60693E-02       6.45825E-02       2.97360E-03       1.29028E-02       4.33911E+00       2.80230E-01       1.06109E-01
       6.60693E-02       6.91831E-02       6.76262E-02       3.11380E-03       1.27558E-02       4.09655E+00       2.77034E-01       1.18865E-01
       6.91831E-02       7.24436E-02       7.08134E-02       3.26050E-03       1.25275E-02       3.84221E+00       2.72080E-01       1.31392E-01
       7.24436E-02       7.58578E-02       7.41507E-02       3.41420E-03       1.31172E-02       3.84195E+00       2.84884E-01       1.44510E-01
       7.58578E-02       7.94328E-02       7.76453E-02       3.57500E-03       1.37354E-02       3.84207E+00       2.98318E-01       1.58245E-01
       7.94328E-02       8.31764E-02       8.13046E-02       3.74360E-03       1.43976E-02       3.84593E+00       3.12692E-01       1.72643E-01
       8.31764E-02       8.70964E-02       8.51364E-02       3.92000E-03       1.58436E-02       4.04172E+00       3.44098E-01       1.88486E-01
       8.70964E-02       9.12011E-02       8.91488E-02       4.10470E-03       1.70880E-02       4.16303E+00       3.71129E-01       2.05574E-01
       9.12011E-02       9.54993E-02       9.33502E-02       4.29820E-03       1.78932E-02       4.16297E+00       3.88614E-01       2.23467E-01
       9.54993E-02       1.00000E-01       9.77497E-02       4.50070E-03       1.85975E-02       4.13214E+00       4.03915E-01       2.42065E-01
       1.00000E-01       1.04713E-01       1.02357E-01       4.71300E-03       1.47406E-02       3.12764E+00       3.20134E-01       2.56806E-01
       1.04713E-01       1.09648E-01       1.07180E-01       4.93500E-03       1.28053E-02       2.59480E+00       2.78112E-01       2.69611E-01
       1.09648E-01       1.14815E-01       1.12231E-01       5.16700E-03       1.34093E-02       2.59517E+00       2.91260E-01       2.83020E-01
       1.14815E-01       1.20226E-01       1.17520E-01       5.41100E-03       1.58545E-02       2.93005E+00       3.44341E-01       2.98875E-01
       1.20226E-01       1.25892E-01       1.23059E-01       5.66600E-03       1.99721E-02       3.52490E+00       4.33770E-01       3.18847E-01
       1.25892E-01       1.31826E-01       1.28859E-01       5.93400E-03       2.10324E-02       3.54439E+00       4.56726E-01       3.39879E-01
       1.31826E-01       1.38038E-01       1.34932E-01       6.21200E-03       1.97719E-02       3.18286E+00       4.29470E-01       3.59651E-01
       1.38038E-01       1.44544E-01       1.41291E-01       6.50600E-03       1.76661E-02       2.71536E+00       3.83655E-01       3.77317E-01
       1.44544E-01       1.51356E-01       1.47950E-01       6.81200E-03       1.86558E-02       2.73867E+00       4.05186E-01       3.95973E-01
       1.51356E-01       1.58489E-01       1.54923E-01       7.13300E-03       2.10590E-02       2.95234E+00       4.57383E-01       4.17032E-01
       1.58489E-01       1.65959E-01       1.62224E-01       7.47000E-03       2.24394E-02       3.00394E+00       4.87311E-01       4.39471E-01
       1.65959E-01       1.73780E-01       1.69869E-01       7.82100E-03       2.53767E-02       3.24469E+00       5.51173E-01       4.64848E-01
       1.73780E-01       1.81970E-01       1.77875E-01       8.19000E-03       2.83308E-02       3.45919E+00       6.15304E-01       4.93179E-01
       1.81970E-01       1.90546E-01       1.86258E-01       8.57600E-03       2.68469E-02       3.13047E+00       5.83075E-01       5.20026E-01
       1.90546E-01       1.99526E-01       1.95036E-01       8.98000E-03       2.51185E-02       2.79716E+00       5.45546E-01       5.45144E-01
       1.99526E-01       2.08930E-01       2.04228E-01       9.40400E-03       2.62727E-02       2.79378E+00       5.70568E-01       5.71417E-01
       2.08930E-01       2.18776E-01       2.13853E-01       9.84600E-03       2.74751E-02       2.79048E+00       5.96753E-01       5.98892E-01
       2.18776E-01       2.29087E-01       2.23931E-01       1.03110E-02       2.86192E-02       2.77559E+00       6.21543E-01       6.27511E-01
       2.29087E-01       2.39883E-01       2.34485E-01       1.07960E-02       2.98176E-02       2.76191E+00       6.47627E-01       6.57329E-01
       2.39883E-01       2.51189E-01       2.45536E-01       1.13060E-02       3.14105E-02       2.77821E+00       6.82152E-01       6.88739E-01
       2.51189E-01       2.63027E-01       2.57108E-01       1.18380E-02       3.98377E-02       3.36524E+00       8.65230E-01       7.28577E-01
       2.63027E-01       2.75423E-01       2.69225E-01       1.23960E-02       4.11316E-02       3.31814E+00       8.93325E-01       7.69709E-01
       2.75423E-01       2.88403E-01       2.81913E-01       1.29800E-02       3.84362E-02       2.96118E+00       8.34796E-01       8.08145E-01
       2.88403E-01       3.01995E-01       2.95199E-01       1.35920E-02       4.58433E-02       3.37282E+00       9.95652E-01       8.53988E-01
       3.01995E-01       3.16228E-01       3.09112E-01       1.42330E-02       5.30607E-02       3.72801E+00       1.15237E+00       9.07049E-01
       3.16228E-01       3.31131E-01       3.23680E-01       1.49030E-02       6.16028E-02       4.13358E+00       1.33796E+00       9.68652E-01
       3.31131E-01       3.46737E-01       3.38934E-01       1.56060E-02       3.13485E-02       2.00874E+00       6.80832E-01       1.00000E+00

 Sum =                                                                         1.00000E+00
 Renormalization bin#   871 =                                                  5.11154E-08 barn        1.25892E+06        1.31826E+06        1.28859E+06
 Avg. Energy     bin#   871 =                                                  1.87376E-01 MeV         1.25892E+06        1.31826E+06
