"        MT= 22 recoil spectrum "
" Initial neutron energy corresponds to the group:"
   1.26000E+01    1.28000E+01       0.00000E+00           767           860            94



          Low               High              Mid              Energy           Number             dn/de            E*dn/de          Cumulative
         Energy            Energy            Energy             Width          Fraction                               Sum   
         [MeV]             [MeV]             [MeV]              [MeV]

       1.04713E-02       1.09648E-02       1.07180E-02       4.93500E-04       0.00000E+00       0.00000E+00       0.00000E+00       0.00000E+00
       1.09648E-02       1.14815E-02       1.12232E-02       5.16700E-04       4.37121E-04       8.45986E-01       9.49463E-03       4.37121E-04
       1.14815E-02       1.20226E-02       1.17521E-02       5.41100E-04       4.57720E-04       8.45908E-01       9.94115E-03       8.94841E-04
       1.20226E-02       1.25892E-02       1.23059E-02       5.66601E-04       4.79285E-04       8.45896E-01       1.04095E-02       1.37413E-03
       1.25892E-02       1.31826E-02       1.28859E-02       5.93399E-04       5.01898E-04       8.45802E-01       1.08989E-02       1.87602E-03
       1.31826E-02       1.38038E-02       1.34932E-02       6.21200E-04       5.25518E-04       8.45973E-01       1.14149E-02       2.40154E-03
       1.38038E-02       1.44544E-02       1.41291E-02       6.50601E-04       5.50313E-04       8.45855E-01       1.19512E-02       2.95186E-03
       1.44544E-02       1.51356E-02       1.47950E-02       6.81199E-04       5.76241E-04       8.45922E-01       1.25154E-02       3.52810E-03
       1.51356E-02       1.58489E-02       1.54923E-02       7.13301E-04       6.03386E-04       8.45906E-01       1.31050E-02       4.13148E-03
       1.58489E-02       1.65959E-02       1.62224E-02       7.47000E-04       6.31831E-04       8.45824E-01       1.37213E-02       4.76331E-03
       1.65959E-02       1.73780E-02       1.69870E-02       7.82100E-04       6.61618E-04       8.45951E-01       1.43701E-02       5.42493E-03
       1.73780E-02       1.81970E-02       1.77875E-02       8.19000E-04       6.92790E-04       8.45897E-01       1.50464E-02       6.11772E-03
       1.81970E-02       1.90546E-02       1.86258E-02       8.57600E-04       7.25430E-04       8.45885E-01       1.57553E-02       6.84315E-03
       1.90546E-02       1.99526E-02       1.95036E-02       8.98000E-04       7.59623E-04       8.45905E-01       1.64982E-02       7.60278E-03
       1.99526E-02       2.08930E-02       2.04228E-02       9.40400E-04       7.95410E-04       8.45821E-01       1.72740E-02       8.39819E-03
       2.08930E-02       2.18776E-02       2.13853E-02       9.84600E-04       8.32917E-04       8.45945E-01       1.80908E-02       9.23110E-03
       2.18776E-02       2.29087E-02       2.23931E-02       1.03110E-03       8.72186E-04       8.45880E-01       1.89419E-02       1.01033E-02
       2.29087E-02       2.39883E-02       2.34485E-02       1.07960E-03       9.13259E-04       8.45923E-01       1.98356E-02       1.10165E-02
       2.39883E-02       2.51189E-02       2.45536E-02       1.13060E-03       9.56304E-04       8.45838E-01       2.07684E-02       1.19729E-02
       2.51189E-02       2.63027E-02       2.57108E-02       1.18380E-03       1.00141E-03       8.45925E-01       2.17494E-02       1.29743E-02
       2.63027E-02       2.75423E-02       2.69225E-02       1.23960E-03       1.04856E-03       8.45886E-01       2.27734E-02       1.40228E-02
       2.75423E-02       2.88403E-02       2.81913E-02       1.29800E-03       1.09798E-03       8.45904E-01       2.38471E-02       1.51208E-02
       2.88403E-02       3.01995E-02       2.95199E-02       1.35920E-03       1.14976E-03       8.45906E-01       2.49711E-02       1.62706E-02
       3.01995E-02       3.16228E-02       3.09112E-02       1.42330E-03       1.20392E-03       8.45863E-01       2.61466E-02       1.74745E-02
       3.16228E-02       3.31131E-02       3.23680E-02       1.49030E-03       1.26068E-03       8.45925E-01       2.73809E-02       1.87352E-02
       3.31131E-02       3.46737E-02       3.38934E-02       1.56060E-03       1.32009E-03       8.45887E-01       2.86700E-02       2.00553E-02
       3.46737E-02       3.63078E-02       3.54908E-02       1.63410E-03       1.38545E-03       8.47838E-01       3.00904E-02       2.14407E-02
       3.63078E-02       3.80189E-02       3.71633E-02       1.71110E-03       1.45296E-03       8.49138E-01       3.15568E-02       2.28937E-02
       3.80189E-02       3.98107E-02       3.89148E-02       1.79180E-03       1.52940E-03       8.53554E-01       3.32159E-02       2.44231E-02
       3.98107E-02       4.16869E-02       4.07488E-02       1.87620E-03       1.62103E-03       8.63995E-01       3.52068E-02       2.60441E-02
       4.16869E-02       4.36516E-02       4.26693E-02       1.96470E-03       1.70246E-03       8.66523E-01       3.69739E-02       2.77465E-02
       4.36516E-02       4.57088E-02       4.46802E-02       2.05720E-03       1.78272E-03       8.66576E-01       3.87188E-02       2.95293E-02
       4.57088E-02       4.78630E-02       4.67859E-02       2.15420E-03       1.86671E-03       8.66545E-01       4.05421E-02       3.13960E-02
       4.78630E-02       5.01187E-02       4.89908E-02       2.25570E-03       1.95469E-03       8.66556E-01       4.24533E-02       3.33507E-02
       5.01187E-02       5.24808E-02       5.12998E-02       2.36210E-03       2.04682E-03       8.66525E-01       4.44525E-02       3.53975E-02
       5.24808E-02       5.49541E-02       5.37174E-02       2.47330E-03       2.14327E-03       8.66564E-01       4.65496E-02       3.75408E-02
       5.49541E-02       5.75440E-02       5.62491E-02       2.58990E-03       2.24430E-03       8.66559E-01       4.87431E-02       3.97851E-02
       5.75440E-02       6.02560E-02       5.89000E-02       2.71200E-03       2.35007E-03       8.66543E-01       5.10394E-02       4.21351E-02
       6.02560E-02       6.30957E-02       6.16758E-02       2.83970E-03       2.46082E-03       8.66579E-01       5.34470E-02       4.45960E-02
       6.30957E-02       6.60693E-02       6.45825E-02       2.97360E-03       2.57679E-03       8.66555E-01       5.59643E-02       4.71727E-02
       6.60693E-02       6.91831E-02       6.76262E-02       3.11380E-03       2.69824E-03       8.66542E-01       5.86010E-02       4.98710E-02
       6.91831E-02       7.24436E-02       7.08134E-02       3.26050E-03       2.82448E-03       8.66273E-01       6.13437E-02       5.26955E-02
       7.24436E-02       7.58578E-02       7.41507E-02       3.41420E-03       2.95681E-03       8.66033E-01       6.42170E-02       5.56523E-02
       7.58578E-02       7.94328E-02       7.76453E-02       3.57500E-03       3.09387E-03       8.65419E-01       6.71957E-02       5.87461E-02
       7.94328E-02       8.31764E-02       8.13046E-02       3.74360E-03       3.23345E-03       8.63728E-01       7.02251E-02       6.19796E-02
       8.31764E-02       8.70964E-02       8.51364E-02       3.92000E-03       3.38398E-03       8.63261E-01       7.34950E-02       6.53636E-02
       8.70964E-02       9.12011E-02       8.91488E-02       4.10470E-03       3.54345E-03       8.63267E-01       7.69591E-02       6.89070E-02
       9.12011E-02       9.54993E-02       9.33502E-02       4.29820E-03       3.71047E-03       8.63263E-01       8.05858E-02       7.26175E-02
       9.54993E-02       1.00000E-01       9.77497E-02       4.50070E-03       3.88534E-03       8.63274E-01       8.43847E-02       7.65028E-02
       1.00000E-01       1.04713E-01       1.02357E-01       4.71300E-03       4.06847E-03       8.63244E-01       8.83586E-02       8.05713E-02
       1.04713E-01       1.09648E-01       1.07180E-01       4.93500E-03       4.25961E-03       8.63143E-01       9.25121E-02       8.48309E-02
       1.09648E-01       1.14815E-01       1.12231E-01       5.16700E-03       4.46015E-03       8.63200E-01       9.68782E-02       8.92911E-02
       1.14815E-01       1.20226E-01       1.17520E-01       5.41100E-03       4.66825E-03       8.62733E-01       1.01389E-01       9.39593E-02
       1.20226E-01       1.25892E-01       1.23059E-01       5.66600E-03       4.88473E-03       8.62112E-01       1.06091E-01       9.88441E-02
       1.25892E-01       1.31826E-01       1.28859E-01       5.93400E-03       5.11464E-03       8.61921E-01       1.11066E-01       1.03959E-01
       1.31826E-01       1.38038E-01       1.34932E-01       6.21200E-03       5.35546E-03       8.62115E-01       1.16327E-01       1.09314E-01
       1.38038E-01       1.44544E-01       1.41291E-01       6.50600E-03       5.61641E-03       8.63266E-01       1.21972E-01       1.14931E-01
       1.44544E-01       1.51356E-01       1.47950E-01       6.81200E-03       5.88953E-03       8.64582E-01       1.27915E-01       1.20820E-01
       1.51356E-01       1.58489E-01       1.54923E-01       7.13300E-03       6.18699E-03       8.67375E-01       1.34376E-01       1.27007E-01
       1.58489E-01       1.65959E-01       1.62224E-01       7.47000E-03       6.54066E-03       8.75591E-01       1.42042E-01       1.33548E-01
       1.65959E-01       1.73780E-01       1.69869E-01       7.82100E-03       6.87000E-03       8.78405E-01       1.49214E-01       1.40418E-01
       1.73780E-01       1.81970E-01       1.77875E-01       8.19000E-03       7.31681E-03       8.93384E-01       1.58911E-01       1.47735E-01
       1.81970E-01       1.90546E-01       1.86258E-01       8.57600E-03       7.73132E-03       9.01507E-01       1.67913E-01       1.55466E-01
       1.90546E-01       1.99526E-01       1.95036E-01       8.98000E-03       8.41434E-03       9.37009E-01       1.82750E-01       1.63880E-01
       1.99526E-01       2.08930E-01       2.04228E-01       9.40400E-03       9.50766E-03       1.01102E+00       2.06479E-01       1.73388E-01
       2.08930E-01       2.18776E-01       2.13853E-01       9.84600E-03       1.08431E-02       1.10127E+00       2.35509E-01       1.84231E-01
       2.18776E-01       2.29087E-01       2.23931E-01       1.03110E-02       1.16989E-02       1.13461E+00       2.54074E-01       1.95930E-01
       2.29087E-01       2.39883E-01       2.34485E-01       1.07960E-02       1.41784E-02       1.31330E+00       3.07950E-01       2.10108E-01
       2.39883E-01       2.51189E-01       2.45536E-01       1.13060E-02       2.00915E-02       1.77706E+00       4.36332E-01       2.30200E-01
       2.51189E-01       2.63027E-01       2.57108E-01       1.18380E-02       2.45067E-02       2.07017E+00       5.32258E-01       2.54706E-01
       2.63027E-01       2.75423E-01       2.69225E-01       1.23960E-02       2.83862E-02       2.28995E+00       6.16512E-01       2.83093E-01
       2.75423E-01       2.88403E-01       2.81913E-01       1.29800E-02       4.63258E-02       3.56902E+00       1.00615E+00       3.29419E-01
       2.88403E-01       3.01995E-01       2.95199E-01       1.35920E-02       5.70032E-02       4.19388E+00       1.23803E+00       3.86422E-01
       3.01995E-01       3.16228E-01       3.09112E-01       1.42330E-02       6.26125E-02       4.39911E+00       1.35981E+00       4.49034E-01
       3.16228E-01       3.31131E-01       3.23680E-01       1.49030E-02       6.92161E-02       4.64444E+00       1.50331E+00       5.18250E-01
       3.31131E-01       3.46737E-01       3.38934E-01       1.56060E-02       7.55553E-02       4.84143E+00       1.64093E+00       5.93806E-01
       3.46737E-01       3.63078E-01       3.54908E-01       1.63410E-02       5.51446E-02       3.37462E+00       1.19768E+00       6.48950E-01
       3.63078E-01       3.80189E-01       3.71633E-01       1.71110E-02       3.26148E-02       1.90607E+00       7.08360E-01       6.81565E-01
       3.80189E-01       3.98107E-01       3.89148E-01       1.79180E-02       2.69644E-02       1.50488E+00       5.85620E-01       7.08529E-01
       3.98107E-01       4.16869E-01       4.07488E-01       1.87620E-02       1.95956E-02       1.04443E+00       4.25592E-01       7.28125E-01
       4.16869E-01       4.36516E-01       4.26692E-01       1.96470E-02       1.80135E-02       9.16856E-01       3.91215E-01       7.46138E-01
       4.36516E-01       4.57088E-01       4.46802E-01       2.05720E-02       1.80185E-02       8.75875E-01       3.91343E-01       7.64157E-01
       4.57088E-01       4.78630E-01       4.67859E-01       2.15420E-02       1.86054E-02       8.63682E-01       4.04081E-01       7.82762E-01
       4.78630E-01       5.01187E-01       4.89909E-01       2.25570E-02       1.94814E-02       8.63654E-01       4.23111E-01       8.02244E-01
       5.01187E-01       5.24808E-01       5.12998E-01       2.36210E-02       2.04019E-02       8.63719E-01       4.43086E-01       8.22646E-01
       5.24808E-01       5.49541E-01       5.37174E-01       2.47330E-02       2.13652E-02       8.63833E-01       4.64029E-01       8.44011E-01
       5.49541E-01       5.75440E-01       5.62490E-01       2.58990E-02       2.23629E-02       8.63464E-01       4.85690E-01       8.66374E-01
       5.75440E-01       6.02560E-01       5.89000E-01       2.71200E-02       2.33916E-02       8.62521E-01       5.08025E-01       8.89765E-01
       6.02560E-01       6.30957E-01       6.16758E-01       2.83970E-02       2.43490E-02       8.57449E-01       5.28839E-01       9.14114E-01
       6.30957E-01       6.60693E-01       6.45825E-01       2.97360E-02       2.50861E-02       8.43627E-01       5.44836E-01       9.39200E-01
       6.60693E-01       6.91831E-01       6.76262E-01       3.11380E-02       2.28034E-02       7.32333E-01       4.95249E-01       9.62004E-01
       6.91831E-01       7.24436E-01       7.08133E-01       3.26050E-02       2.10304E-02       6.45005E-01       4.56750E-01       9.83034E-01
       7.24436E-01       7.58578E-01       7.41507E-01       3.41420E-02       1.45669E-02       4.26657E-01       3.16369E-01       9.97601E-01
       7.58578E-01       7.94328E-01       7.76453E-01       3.57500E-02       2.39894E-03       6.71033E-02       5.21025E-02       1.00000E+00

 Sum =                                                                         1.00000E+00
 Renormalization bin#   939 =                                                  2.38355E-09 barn        1.26000E+07        1.28000E+07        1.27000E+07
 Avg. Energy     bin#   939 =                                                  3.50385E-01 MeV         1.26000E+07        1.28000E+07
