"        MT= 22 recoil spectrum "
" Initial neutron energy corresponds to the group:"
   1.36000E+01    1.38000E+01       0.00000E+00           615           872           258



          Low               High              Mid              Energy           Number             dn/de            E*dn/de          Cumulative
         Energy            Energy            Energy             Width          Fraction                               Sum   
         [MeV]             [MeV]             [MeV]              [MeV]

       9.97500E-06       1.00000E-05       9.98750E-06       2.49996E-08       0.00000E+00       0.00000E+00       0.00000E+00       0.00000E+00
       1.00000E-05       1.04713E-05       1.02356E-05       4.71300E-07       1.10980E-07       2.35476E-01       2.41025E-06       1.10980E-07
       1.04713E-05       1.09648E-05       1.07180E-05       4.93500E-07       1.16206E-07       2.35473E-01       2.52381E-06       2.27186E-07
       1.09648E-05       1.14815E-05       1.12232E-05       5.16700E-07       1.21685E-07       2.35504E-01       2.64310E-06       3.48871E-07
       1.14815E-05       1.20226E-05       1.17521E-05       5.41101E-07       1.27417E-07       2.35477E-01       2.76734E-06       4.76288E-07
       1.20226E-05       1.25892E-05       1.23059E-05       5.66600E-07       1.33431E-07       2.35494E-01       2.89797E-06       6.09719E-07
       1.25892E-05       1.31826E-05       1.28859E-05       5.93400E-07       1.39718E-07       2.35453E-01       3.03402E-06       7.49436E-07
       1.31826E-05       1.38038E-05       1.34932E-05       6.21200E-07       1.46296E-07       2.35506E-01       3.17773E-06       8.95732E-07
       1.38038E-05       1.44544E-05       1.41291E-05       6.50600E-07       1.53196E-07       2.35469E-01       3.32696E-06       1.04893E-06
       1.44544E-05       1.51356E-05       1.47950E-05       6.81200E-07       1.60417E-07       2.35492E-01       3.48410E-06       1.20935E-06
       1.51356E-05       1.58489E-05       1.54922E-05       7.13300E-07       1.67978E-07       2.35495E-01       3.64834E-06       1.37732E-06
       1.58489E-05       1.65959E-05       1.62224E-05       7.47000E-07       1.75890E-07       2.35462E-01       3.81976E-06       1.55321E-06
       1.65959E-05       1.73780E-05       1.69869E-05       7.82101E-07       1.84182E-07       2.35496E-01       4.00036E-06       1.73740E-06
       1.73780E-05       1.81970E-05       1.77875E-05       8.19000E-07       1.92862E-07       2.35485E-01       4.18869E-06       1.93026E-06
       1.81970E-05       1.90546E-05       1.86258E-05       8.57599E-07       2.01952E-07       2.35485E-01       4.38610E-06       2.13221E-06
       1.90546E-05       1.99526E-05       1.95036E-05       8.98001E-07       2.11469E-07       2.35489E-01       4.59288E-06       2.34368E-06
       1.99526E-05       2.08930E-05       2.04228E-05       9.40399E-07       2.21434E-07       2.35469E-01       4.80893E-06       2.56511E-06
       2.08930E-05       2.18776E-05       2.13853E-05       9.84600E-07       2.31877E-07       2.35503E-01       5.03631E-06       2.79699E-06
       2.18776E-05       2.29087E-05       2.23932E-05       1.03110E-06       2.42796E-07       2.35472E-01       5.27296E-06       3.03979E-06
       2.29087E-05       2.39883E-05       2.34485E-05       1.07960E-06       2.54240E-07       2.35495E-01       5.52200E-06       3.29403E-06
       2.39883E-05       2.51189E-05       2.45536E-05       1.13060E-06       2.66220E-07       2.35468E-01       5.78158E-06       3.56024E-06
       2.51189E-05       2.63027E-05       2.57108E-05       1.18380E-06       2.78774E-07       2.35490E-01       6.05465E-06       3.83902E-06
       2.63027E-05       2.75423E-05       2.69225E-05       1.23960E-06       2.91911E-07       2.35488E-01       6.33994E-06       4.13093E-06
       2.75423E-05       2.88403E-05       2.81913E-05       1.29800E-06       3.05662E-07       2.35487E-01       6.63868E-06       4.43659E-06
       2.88403E-05       3.01995E-05       2.95199E-05       1.35920E-06       3.20075E-07       2.35488E-01       6.95157E-06       4.75667E-06
       3.01995E-05       3.16228E-05       3.09111E-05       1.42330E-06       3.35159E-07       2.35480E-01       7.27895E-06       5.09183E-06
       3.16228E-05       3.31131E-05       3.23679E-05       1.49030E-06       3.50953E-07       2.35492E-01       7.62240E-06       5.44278E-06
       3.31131E-05       3.46737E-05       3.38934E-05       1.56060E-06       3.67497E-07       2.35485E-01       7.98137E-06       5.81028E-06
       3.46737E-05       3.63078E-05       3.54907E-05       1.63410E-06       3.84810E-07       2.35487E-01       8.35761E-06       6.19509E-06
       3.63078E-05       3.80189E-05       3.71634E-05       1.71110E-06       4.02950E-07       2.35491E-01       8.75165E-06       6.59804E-06
       3.80189E-05       3.98107E-05       3.89148E-05       1.79180E-06       4.21936E-07       2.35482E-01       9.16374E-06       7.01997E-06
       3.98107E-05       4.16869E-05       4.07488E-05       1.87620E-06       4.41818E-07       2.35485E-01       9.59575E-06       7.46179E-06
       4.16869E-05       4.36516E-05       4.26692E-05       1.96470E-06       4.62644E-07       2.35478E-01       1.00477E-05       7.92443E-06
       4.36516E-05       4.57088E-05       4.46802E-05       2.05720E-06       4.84452E-07       2.35491E-01       1.05218E-05       8.40889E-06
       4.57088E-05       4.78630E-05       4.67859E-05       2.15420E-06       5.07283E-07       2.35486E-01       1.10174E-05       8.91617E-06
       4.78630E-05       5.01187E-05       4.89908E-05       2.25570E-06       5.31184E-07       2.35485E-01       1.15366E-05       9.44735E-06
       5.01187E-05       5.24808E-05       5.12998E-05       2.36210E-06       5.56224E-07       2.35478E-01       1.20800E-05       1.00036E-05
       5.24808E-05       5.49541E-05       5.37174E-05       2.47330E-06       5.82431E-07       2.35487E-01       1.26498E-05       1.05860E-05
       5.49541E-05       5.75440E-05       5.62490E-05       2.58990E-06       6.09884E-07       2.35486E-01       1.32459E-05       1.11959E-05
       5.75440E-05       6.02560E-05       5.89000E-05       2.71200E-06       6.38631E-07       2.35483E-01       1.38700E-05       1.18345E-05
       6.02560E-05       6.30957E-05       6.16758E-05       2.83970E-06       6.68722E-07       2.35490E-01       1.45241E-05       1.25032E-05
       6.30957E-05       6.60693E-05       6.45825E-05       2.97360E-06       7.00243E-07       2.35487E-01       1.52083E-05       1.32035E-05
       6.60693E-05       6.91831E-05       6.76262E-05       3.11380E-06       7.33243E-07       2.35482E-01       1.59247E-05       1.39367E-05
       6.91831E-05       7.24436E-05       7.08134E-05       3.26051E-06       7.67800E-07       2.35485E-01       1.66755E-05       1.47045E-05
       7.24436E-05       7.58578E-05       7.41507E-05       3.41420E-06       8.03982E-07       2.35482E-01       1.74611E-05       1.55085E-05
       7.58578E-05       7.94328E-05       7.76453E-05       3.57500E-06       8.41877E-07       2.35490E-01       1.82847E-05       1.63504E-05
       7.94328E-05       8.31764E-05       8.13046E-05       3.74360E-06       8.81553E-07       2.35483E-01       1.91458E-05       1.72319E-05
       8.31764E-05       8.70964E-05       8.51364E-05       3.92000E-06       9.23098E-07       2.35484E-01       2.00483E-05       1.81550E-05
       8.70964E-05       9.12011E-05       8.91488E-05       4.10471E-06       9.66598E-07       2.35485E-01       2.09932E-05       1.91216E-05
       9.12011E-05       9.54993E-05       9.33502E-05       4.29820E-06       1.01219E-06       2.35492E-01       2.19832E-05       2.01338E-05
       9.54993E-05       1.00000E-04       9.77497E-05       4.50070E-06       1.05988E-06       2.35491E-01       2.30192E-05       2.11937E-05
       1.00000E-04       1.04713E-04       1.02356E-04       4.71300E-06       1.10980E-06       2.35476E-01       2.41026E-05       2.23035E-05
       1.04713E-04       1.09648E-04       1.07181E-04       4.93501E-06       1.16206E-06       2.35473E-01       2.52381E-05       2.34656E-05
       1.09648E-04       1.14815E-04       1.12232E-04       5.16700E-06       1.21685E-06       2.35504E-01       2.64310E-05       2.46824E-05
       1.14815E-04       1.20226E-04       1.17520E-04       5.41100E-06       1.27417E-06       2.35478E-01       2.76734E-05       2.59566E-05
       1.20226E-04       1.25892E-04       1.23059E-04       5.66600E-06       1.33431E-06       2.35494E-01       2.89797E-05       2.72909E-05
       1.25892E-04       1.31826E-04       1.28859E-04       5.93401E-06       1.39718E-06       2.35452E-01       3.03402E-05       2.86881E-05
       1.31826E-04       1.38038E-04       1.34932E-04       6.21199E-06       1.46296E-06       2.35506E-01       3.17773E-05       3.01510E-05
       1.38038E-04       1.44544E-04       1.41291E-04       6.50601E-06       1.53196E-06       2.35468E-01       3.32696E-05       3.16830E-05
       1.44544E-04       1.51356E-04       1.47950E-04       6.81200E-06       1.60417E-06       2.35492E-01       3.48410E-05       3.32872E-05
       1.51356E-04       1.58489E-04       1.54922E-04       7.13300E-06       1.67978E-06       2.35495E-01       3.64835E-05       3.49669E-05
       1.58489E-04       1.65959E-04       1.62224E-04       7.47000E-06       1.75890E-06       2.35462E-01       3.81976E-05       3.67258E-05
       1.65959E-04       1.73780E-04       1.69870E-04       7.82100E-06       1.84182E-06       2.35496E-01       4.00036E-05       3.85677E-05
       1.73780E-04       1.81970E-04       1.77875E-04       8.19000E-06       1.92862E-06       2.35485E-01       4.18869E-05       4.04963E-05
       1.81970E-04       1.90546E-04       1.86258E-04       8.57600E-06       2.01952E-06       2.35485E-01       4.38609E-05       4.25158E-05
       1.90546E-04       1.99526E-04       1.95036E-04       8.98000E-06       2.11469E-06       2.35489E-01       4.59289E-05       4.46305E-05
       1.99526E-04       2.08930E-04       2.04228E-04       9.40399E-06       2.21434E-06       2.35469E-01       4.80893E-05       4.68448E-05
       2.08930E-04       2.18776E-04       2.13853E-04       9.84601E-06       2.31877E-06       2.35503E-01       5.03630E-05       4.91636E-05
       2.18776E-04       2.29087E-04       2.23932E-04       1.03110E-05       2.42796E-06       2.35472E-01       5.27297E-05       5.15916E-05
       2.29087E-04       2.39883E-04       2.34485E-04       1.07960E-05       2.54240E-06       2.35495E-01       5.52200E-05       5.41340E-05
       2.39883E-04       2.51189E-04       2.45536E-04       1.13060E-05       2.66220E-06       2.35468E-01       5.78158E-05       5.67962E-05
       2.51189E-04       2.63027E-04       2.57108E-04       1.18380E-05       2.78774E-06       2.35490E-01       6.05464E-05       5.95839E-05
       2.63027E-04       2.75423E-04       2.69225E-04       1.23960E-05       2.91911E-06       2.35488E-01       6.33993E-05       6.25030E-05
       2.75423E-04       2.88403E-04       2.81913E-04       1.29800E-05       3.05662E-06       2.35487E-01       6.63868E-05       6.55596E-05
       2.88403E-04       3.01995E-04       2.95199E-04       1.35920E-05       3.20075E-06       2.35488E-01       6.95158E-05       6.87604E-05
       3.01995E-04       3.16228E-04       3.09111E-04       1.42330E-05       3.35159E-06       2.35480E-01       7.27896E-05       7.21120E-05
       3.16228E-04       3.31131E-04       3.23680E-04       1.49030E-05       3.50953E-06       2.35491E-01       7.62238E-05       7.56215E-05
       3.31131E-04       3.46737E-04       3.38934E-04       1.56060E-05       3.67497E-06       2.35485E-01       7.98138E-05       7.92965E-05
       3.46737E-04       3.63078E-04       3.54908E-04       1.63410E-05       3.84810E-06       2.35487E-01       8.35762E-05       8.31446E-05
       3.63078E-04       3.80189E-04       3.71634E-04       1.71110E-05       4.02950E-06       2.35492E-01       8.75166E-05       8.71741E-05
       3.80189E-04       3.98107E-04       3.89148E-04       1.79180E-05       4.21936E-06       2.35482E-01       9.16372E-05       9.13934E-05
       3.98107E-04       4.16869E-04       4.07488E-04       1.87620E-05       4.41818E-06       2.35486E-01       9.59576E-05       9.58116E-05
       4.16869E-04       4.36516E-04       4.26692E-04       1.96470E-05       4.62644E-06       2.35478E-01       1.00477E-04       1.00438E-04
       4.36516E-04       4.57088E-04       4.46802E-04       2.05720E-05       4.84452E-06       2.35491E-01       1.05218E-04       1.05283E-04
       4.57088E-04       4.78630E-04       4.67859E-04       2.15420E-05       5.07283E-06       2.35486E-01       1.10174E-04       1.10355E-04
       4.78630E-04       5.01187E-04       4.89909E-04       2.25570E-05       5.31184E-06       2.35485E-01       1.15366E-04       1.15667E-04
       5.01187E-04       5.24808E-04       5.12998E-04       2.36210E-05       5.56224E-06       2.35479E-01       1.20800E-04       1.21229E-04
       5.24808E-04       5.49541E-04       5.37175E-04       2.47330E-05       5.82431E-06       2.35487E-01       1.26498E-04       1.27054E-04
       5.49541E-04       5.75440E-04       5.62491E-04       2.58990E-05       6.09884E-06       2.35486E-01       1.32458E-04       1.33153E-04
       5.75440E-04       6.02560E-04       5.89000E-04       2.71200E-05       6.38631E-06       2.35484E-01       1.38700E-04       1.39539E-04
       6.02560E-04       6.30957E-04       6.16758E-04       2.83970E-05       6.68722E-06       2.35490E-01       1.45241E-04       1.46226E-04
       6.30957E-04       6.60693E-04       6.45825E-04       2.97360E-05       7.00243E-06       2.35486E-01       1.52083E-04       1.53229E-04
       6.60693E-04       6.91831E-04       6.76262E-04       3.11380E-05       7.33243E-06       2.35482E-01       1.59247E-04       1.60561E-04
       6.91831E-04       7.24436E-04       7.08133E-04       3.26050E-05       7.67800E-06       2.35485E-01       1.66755E-04       1.68239E-04
       7.24436E-04       7.58578E-04       7.41507E-04       3.41420E-05       8.03982E-06       2.35482E-01       1.74611E-04       1.76279E-04
       7.58578E-04       7.94328E-04       7.76453E-04       3.57500E-05       8.41877E-06       2.35490E-01       1.82847E-04       1.84698E-04
       7.94328E-04       8.31764E-04       8.13046E-04       3.74360E-05       8.81553E-06       2.35483E-01       1.91458E-04       1.93513E-04
       8.31764E-04       8.70964E-04       8.51364E-04       3.92000E-05       9.23098E-06       2.35484E-01       2.00483E-04       2.02744E-04
       8.70964E-04       9.12011E-04       8.91487E-04       4.10470E-05       9.66599E-06       2.35486E-01       2.09933E-04       2.12410E-04
       9.12011E-04       9.54993E-04       9.33502E-04       4.29820E-05       1.01219E-05       2.35492E-01       2.19832E-04       2.22532E-04
       9.54993E-04       1.00000E-03       9.77497E-04       4.50070E-05       1.05988E-05       2.35491E-01       2.30192E-04       2.33131E-04
       1.00000E-03       1.04713E-03       1.02356E-03       4.71300E-05       1.10980E-05       2.35476E-01       2.41025E-04       2.44229E-04
       1.04713E-03       1.09648E-03       1.07180E-03       4.93500E-05       1.16206E-05       2.35473E-01       2.52381E-04       2.55849E-04
       1.09648E-03       1.14815E-03       1.12231E-03       5.16700E-05       1.21685E-05       2.35504E-01       2.64309E-04       2.68018E-04
       1.14815E-03       1.20226E-03       1.17520E-03       5.41100E-05       1.27417E-05       2.35477E-01       2.76734E-04       2.80760E-04
       1.20226E-03       1.25892E-03       1.23059E-03       5.66600E-05       1.33431E-05       2.35494E-01       2.89797E-04       2.94103E-04
       1.25892E-03       1.31826E-03       1.28859E-03       5.93400E-05       1.39718E-05       2.35453E-01       3.03402E-04       3.08074E-04
       1.31826E-03       1.38038E-03       1.34932E-03       6.21200E-05       1.46296E-05       2.35506E-01       3.17773E-04       3.22704E-04
       1.38038E-03       1.44544E-03       1.41291E-03       6.50599E-05       1.53196E-05       2.35469E-01       3.32697E-04       3.38024E-04
       1.44544E-03       1.51356E-03       1.47950E-03       6.81201E-05       1.60417E-05       2.35491E-01       3.48409E-04       3.54065E-04
       1.51356E-03       1.58489E-03       1.54923E-03       7.13300E-05       1.67978E-05       2.35495E-01       3.64835E-04       3.70863E-04
       1.58489E-03       1.65959E-03       1.62224E-03       7.47000E-05       1.75890E-05       2.35462E-01       3.81976E-04       3.88452E-04
       1.65959E-03       1.73780E-03       1.69870E-03       7.82101E-05       1.84182E-05       2.35496E-01       4.00036E-04       4.06870E-04
       1.73780E-03       1.81970E-03       1.77875E-03       8.18999E-05       1.92862E-05       2.35485E-01       4.18870E-04       4.26157E-04
       1.81970E-03       1.90546E-03       1.86258E-03       8.57600E-05       2.01952E-05       2.35485E-01       4.38609E-04       4.46352E-04
       1.90546E-03       1.99526E-03       1.95036E-03       8.98001E-05       2.11469E-05       2.35489E-01       4.59288E-04       4.67499E-04
       1.99526E-03       2.08930E-03       2.04228E-03       9.40400E-05       2.21434E-05       2.35468E-01       4.80892E-04       4.89642E-04
       2.08930E-03       2.18776E-03       2.13853E-03       9.84600E-05       2.31877E-05       2.35503E-01       5.03631E-04       5.12830E-04
       2.18776E-03       2.29087E-03       2.23932E-03       1.03110E-04       2.42796E-05       2.35472E-01       5.27296E-04       5.37109E-04
       2.29087E-03       2.39883E-03       2.34485E-03       1.07960E-04       2.54240E-05       2.35495E-01       5.52200E-04       5.62533E-04
       2.39883E-03       2.51189E-03       2.45536E-03       1.13060E-04       2.66220E-05       2.35468E-01       5.78159E-04       5.89155E-04
       2.51189E-03       2.63027E-03       2.57108E-03       1.18380E-04       2.78774E-05       2.35490E-01       6.05464E-04       6.17033E-04
       2.63027E-03       2.75423E-03       2.69225E-03       1.23960E-04       2.91911E-05       2.35488E-01       6.33993E-04       6.46224E-04
       2.75423E-03       2.88403E-03       2.81913E-03       1.29800E-04       3.05662E-05       2.35487E-01       6.63868E-04       6.76790E-04
       2.88403E-03       3.01995E-03       2.95199E-03       1.35920E-04       3.20075E-05       2.35488E-01       6.95157E-04       7.08798E-04
       3.01995E-03       3.16228E-03       3.09112E-03       1.42330E-04       3.35159E-05       2.35480E-01       7.27896E-04       7.42313E-04
       3.16228E-03       3.31131E-03       3.23679E-03       1.49030E-04       3.50953E-05       2.35492E-01       7.62238E-04       7.77409E-04
       3.31131E-03       3.46737E-03       3.38934E-03       1.56060E-04       3.67497E-05       2.35484E-01       7.98137E-04       8.14158E-04
       3.46737E-03       3.63078E-03       3.54907E-03       1.63410E-04       3.84810E-05       2.35487E-01       8.35763E-04       8.52639E-04
       3.63078E-03       3.80189E-03       3.71633E-03       1.71110E-04       4.02950E-05       2.35492E-01       8.75166E-04       8.92934E-04
       3.80189E-03       3.98107E-03       3.89148E-03       1.79180E-04       4.21936E-05       2.35482E-01       9.16372E-04       9.35128E-04
       3.98107E-03       4.16869E-03       4.07488E-03       1.87620E-04       4.41818E-05       2.35486E-01       9.59576E-04       9.79310E-04
       4.16869E-03       4.36516E-03       4.26693E-03       1.96470E-04       4.62644E-05       2.35478E-01       1.00477E-03       1.02557E-03
       4.36516E-03       4.57088E-03       4.46802E-03       2.05720E-04       4.84452E-05       2.35491E-01       1.05218E-03       1.07402E-03
       4.57088E-03       4.78630E-03       4.67859E-03       2.15420E-04       5.07283E-05       2.35486E-01       1.10174E-03       1.12475E-03
       4.78630E-03       5.01187E-03       4.89909E-03       2.25570E-04       5.31184E-05       2.35485E-01       1.15366E-03       1.17787E-03
       5.01187E-03       5.24807E-03       5.12997E-03       2.36200E-04       5.56224E-05       2.35489E-01       1.20805E-03       1.23349E-03
       5.24807E-03       5.49541E-03       5.37174E-03       2.47340E-04       5.82431E-05       2.35478E-01       1.26492E-03       1.29173E-03
       5.49541E-03       5.75440E-03       5.62491E-03       2.58990E-04       6.09884E-05       2.35486E-01       1.32459E-03       1.35272E-03
       5.75440E-03       6.02560E-03       5.89000E-03       2.71200E-04       6.38631E-05       2.35483E-01       1.38700E-03       1.41658E-03
       6.02560E-03       6.30957E-03       6.16759E-03       2.83970E-04       6.68722E-05       2.35490E-01       1.45241E-03       1.48346E-03
       6.30957E-03       6.60693E-03       6.45825E-03       2.97360E-04       7.00243E-05       2.35486E-01       1.52083E-03       1.55348E-03
       6.60693E-03       6.91831E-03       6.76262E-03       3.11380E-04       7.33243E-05       2.35482E-01       1.59247E-03       1.62680E-03
       6.91831E-03       7.24436E-03       7.08133E-03       3.26050E-04       7.67800E-05       2.35485E-01       1.66755E-03       1.70358E-03
       7.24436E-03       7.58578E-03       7.41507E-03       3.41420E-04       8.03982E-05       2.35482E-01       1.74612E-03       1.78398E-03
       7.58578E-03       7.94328E-03       7.76453E-03       3.57500E-04       8.41877E-05       2.35490E-01       1.82847E-03       1.86817E-03
       7.94328E-03       8.31764E-03       8.13046E-03       3.74360E-04       8.81553E-05       2.35483E-01       1.91458E-03       1.95633E-03
       8.31764E-03       8.70964E-03       8.51364E-03       3.92000E-04       9.23098E-05       2.35484E-01       2.00483E-03       2.04863E-03
       8.70964E-03       9.12011E-03       8.91487E-03       4.10471E-04       9.66599E-05       2.35485E-01       2.09932E-03       2.14529E-03
       9.12011E-03       9.54993E-03       9.33502E-03       4.29819E-04       1.01216E-04       2.35485E-01       2.19826E-03       2.24651E-03
       9.54993E-03       1.00000E-02       9.77496E-03       4.50070E-04       1.05986E-04       2.35487E-01       2.30188E-03       2.35250E-03
       1.00000E-02       1.04713E-02       1.02357E-02       4.71300E-04       1.10982E-04       2.35481E-01       2.41030E-03       2.46348E-03
       1.04713E-02       1.09648E-02       1.07180E-02       4.93500E-04       1.16210E-04       2.35481E-01       2.52390E-03       2.57969E-03
       1.09648E-02       1.14815E-02       1.12232E-02       5.16700E-04       1.21690E-04       2.35513E-01       2.64320E-03       2.70138E-03
       1.14815E-02       1.20226E-02       1.17521E-02       5.41100E-04       1.27421E-04       2.35485E-01       2.76743E-03       2.82880E-03
       1.20226E-02       1.25892E-02       1.23059E-02       5.66601E-04       1.33428E-04       2.35489E-01       2.89790E-03       2.96223E-03
       1.25892E-02       1.31826E-02       1.28859E-02       5.93399E-04       1.39718E-04       2.35453E-01       3.03402E-03       3.10194E-03
       1.31826E-02       1.38038E-02       1.34932E-02       6.21200E-04       1.46300E-04       2.35512E-01       3.17781E-03       3.24824E-03
       1.38038E-02       1.44544E-02       1.41291E-02       6.50601E-04       1.53197E-04       2.35470E-01       3.32698E-03       3.40144E-03
       1.44544E-02       1.51356E-02       1.47950E-02       6.81199E-04       1.60415E-04       2.35489E-01       3.48406E-03       3.56186E-03
       1.51356E-02       1.58489E-02       1.54923E-02       7.13301E-04       1.67976E-04       2.35492E-01       3.64830E-03       3.72983E-03
       1.58489E-02       1.65959E-02       1.62224E-02       7.47000E-04       1.75893E-04       2.35466E-01       3.81983E-03       3.90573E-03
       1.65959E-02       1.73780E-02       1.69870E-02       7.82100E-04       1.84183E-04       2.35498E-01       4.00039E-03       4.08991E-03
       1.73780E-02       1.81970E-02       1.77875E-02       8.19000E-04       1.92862E-04       2.35485E-01       4.18869E-03       4.28277E-03
       1.81970E-02       1.90546E-02       1.86258E-02       8.57600E-04       2.01952E-04       2.35485E-01       4.38609E-03       4.48472E-03
       1.90546E-02       1.99526E-02       1.95036E-02       8.98000E-04       2.11468E-04       2.35488E-01       4.59286E-03       4.69619E-03
       1.99526E-02       2.08930E-02       2.04228E-02       9.40400E-04       2.21436E-04       2.35470E-01       4.80896E-03       4.91763E-03
       2.08930E-02       2.18776E-02       2.13853E-02       9.84600E-04       2.31873E-04       2.35499E-01       5.03623E-03       5.14950E-03
       2.18776E-02       2.29087E-02       2.23931E-02       1.03110E-03       2.42799E-04       2.35476E-01       5.27305E-03       5.39230E-03
       2.29087E-02       2.39883E-02       2.34485E-02       1.07960E-03       2.54242E-04       2.35496E-01       5.52203E-03       5.64654E-03
       2.39883E-02       2.51189E-02       2.45536E-02       1.13060E-03       2.66223E-04       2.35470E-01       5.78164E-03       5.91276E-03
       2.51189E-02       2.63027E-02       2.57108E-02       1.18380E-03       2.78772E-04       2.35489E-01       6.05461E-03       6.19154E-03
       2.63027E-02       2.75423E-02       2.69225E-02       1.23960E-03       2.91909E-04       2.35486E-01       6.33988E-03       6.48344E-03
       2.75423E-02       2.88403E-02       2.81913E-02       1.29800E-03       3.05667E-04       2.35491E-01       6.63879E-03       6.78911E-03
       2.88403E-02       3.01995E-02       2.95199E-02       1.35920E-03       3.20071E-04       2.35485E-01       6.95149E-03       7.10918E-03
       3.01995E-02       3.16228E-02       3.09112E-02       1.42330E-03       3.35157E-04       2.35479E-01       7.27891E-03       7.44434E-03
       3.16228E-02       3.31131E-02       3.23680E-02       1.49030E-03       3.50950E-04       2.35490E-01       7.62232E-03       7.79529E-03
       3.31131E-02       3.46737E-02       3.38934E-02       1.56060E-03       3.67493E-04       2.35482E-01       7.98130E-03       8.16278E-03
       3.46737E-02       3.63078E-02       3.54908E-02       1.63410E-03       3.84811E-04       2.35488E-01       8.35763E-03       8.54759E-03
       3.63078E-02       3.80189E-02       3.71633E-02       1.71110E-03       4.02946E-04       2.35490E-01       8.75158E-03       8.95054E-03
       3.80189E-02       3.98107E-02       3.89148E-02       1.79180E-03       4.21937E-04       2.35482E-01       9.16374E-03       9.37248E-03
       3.98107E-02       4.16869E-02       4.07488E-02       1.87620E-03       4.41822E-04       2.35488E-01       9.59584E-03       9.81430E-03
       4.16869E-02       4.36516E-02       4.26693E-02       1.96470E-03       4.62644E-04       2.35478E-01       1.00477E-02       1.02769E-02
       4.36516E-02       4.57088E-02       4.46802E-02       2.05720E-03       4.84449E-04       2.35490E-01       1.05217E-02       1.07614E-02
       4.57088E-02       4.78630E-02       4.67859E-02       2.15420E-03       5.07280E-04       2.35484E-01       1.10173E-02       1.12687E-02
       4.78630E-02       5.01187E-02       4.89908E-02       2.25570E-03       5.31186E-04       2.35486E-01       1.15367E-02       1.17999E-02
       5.01187E-02       5.24808E-02       5.12998E-02       2.36210E-03       5.56223E-04       2.35478E-01       1.20800E-02       1.23561E-02
       5.24808E-02       5.49541E-02       5.37174E-02       2.47330E-03       5.82435E-04       2.35489E-01       1.26499E-02       1.29385E-02
       5.49541E-02       5.75440E-02       5.62491E-02       2.58990E-03       6.09883E-04       2.35485E-01       1.32458E-02       1.35484E-02
       5.75440E-02       6.02560E-02       5.89000E-02       2.71200E-03       6.38628E-04       2.35482E-01       1.38699E-02       1.41870E-02
       6.02560E-02       6.30957E-02       6.16758E-02       2.83970E-03       6.68724E-04       2.35491E-01       1.45241E-02       1.48558E-02
       6.30957E-02       6.60693E-02       6.45825E-02       2.97360E-03       7.07689E-04       2.37991E-01       1.53700E-02       1.55634E-02
       6.60693E-02       6.91831E-02       6.76262E-02       3.11380E-03       7.58782E-04       2.43683E-01       1.64794E-02       1.63222E-02
       6.91831E-02       7.24436E-02       7.08134E-02       3.26050E-03       8.33837E-04       2.55739E-01       1.81097E-02       1.71561E-02
       7.24436E-02       7.58578E-02       7.41507E-02       3.41420E-03       8.77279E-04       2.56950E-01       1.90531E-02       1.80333E-02
       7.58578E-02       7.94328E-02       7.76453E-02       3.57500E-03       9.18623E-04       2.56958E-01       1.99515E-02       1.89520E-02
       7.94328E-02       8.31764E-02       8.13046E-02       3.74360E-03       9.61920E-04       2.56950E-01       2.08912E-02       1.99139E-02
       8.31764E-02       8.70964E-02       8.51364E-02       3.92000E-03       1.00725E-03       2.56951E-01       2.18759E-02       2.09211E-02
       8.70964E-02       9.12011E-02       8.91488E-02       4.10470E-03       1.05472E-03       2.56954E-01       2.29071E-02       2.19759E-02
       9.12011E-02       9.54993E-02       9.33502E-02       4.29820E-03       1.10443E-03       2.56952E-01       2.39865E-02       2.30803E-02
       9.54993E-02       1.00000E-01       9.77497E-02       4.50070E-03       1.15648E-03       2.56956E-01       2.51174E-02       2.42368E-02
       1.00000E-01       1.04713E-01       1.02357E-01       4.71300E-03       1.21100E-03       2.56949E-01       2.63004E-02       2.54478E-02
       1.04713E-01       1.09648E-01       1.07180E-01       4.93500E-03       1.26804E-03       2.56948E-01       2.75398E-02       2.67158E-02
       1.09648E-01       1.14815E-01       1.12231E-01       5.16700E-03       1.32783E-03       2.56982E-01       2.88415E-02       2.80436E-02
       1.14815E-01       1.20226E-01       1.17520E-01       5.41100E-03       1.39037E-03       2.56953E-01       3.01973E-02       2.94340E-02
       1.20226E-01       1.25892E-01       1.23059E-01       5.66600E-03       1.45593E-03       2.56958E-01       3.16210E-02       3.08899E-02
       1.25892E-01       1.31826E-01       1.28859E-01       5.93400E-03       1.52238E-03       2.56553E-01       3.30591E-02       3.24123E-02
       1.31826E-01       1.38038E-01       1.34932E-01       6.21200E-03       1.58890E-03       2.55779E-01       3.45128E-02       3.40012E-02
       1.38038E-01       1.44544E-01       1.41291E-01       6.50600E-03       1.65090E-03       2.53750E-01       3.58527E-02       3.56521E-02
       1.44544E-01       1.51356E-01       1.47950E-01       6.81200E-03       1.72709E-03       2.53536E-01       3.75107E-02       3.73792E-02
       1.51356E-01       1.58489E-01       1.54923E-01       7.13300E-03       1.80850E-03       2.53539E-01       3.92789E-02       3.91877E-02
       1.58489E-01       1.65959E-01       1.62224E-01       7.47000E-03       1.89374E-03       2.53512E-01       4.11257E-02       4.10814E-02
       1.65959E-01       1.73780E-01       1.69869E-01       7.82100E-03       1.98297E-03       2.53545E-01       4.30695E-02       4.30644E-02
       1.73780E-01       1.81970E-01       1.77875E-01       8.19000E-03       2.07643E-03       2.53532E-01       4.50970E-02       4.51408E-02
       1.81970E-01       1.90546E-01       1.86258E-01       8.57600E-03       2.17430E-03       2.53533E-01       4.72226E-02       4.73151E-02
       1.90546E-01       1.99526E-01       1.95036E-01       8.98000E-03       2.27509E-03       2.53351E-01       4.94125E-02       4.95902E-02
       1.99526E-01       2.08930E-01       2.04228E-01       9.40400E-03       2.37843E-03       2.52917E-01       5.16527E-02       5.19687E-02
       2.08930E-01       2.18776E-01       2.13853E-01       9.84600E-03       2.48407E-03       2.52292E-01       5.39534E-02       5.44527E-02
       2.18776E-01       2.29087E-01       2.23931E-01       1.03110E-02       2.60081E-03       2.52236E-01       5.64837E-02       5.70535E-02
       2.29087E-01       2.39883E-01       2.34485E-01       1.07960E-02       2.72338E-03       2.52258E-01       5.91508E-02       5.97769E-02
       2.39883E-01       2.51189E-01       2.45536E-01       1.13060E-02       2.85172E-03       2.52231E-01       6.19317E-02       6.26286E-02
       2.51189E-01       2.63027E-01       2.57108E-01       1.18380E-02       3.00576E-03       2.53908E-01       6.52818E-02       6.56344E-02
       2.63027E-01       2.75423E-01       2.69225E-01       1.23960E-02       3.19458E-03       2.57710E-01       6.93821E-02       6.88290E-02
       2.75423E-01       2.88403E-01       2.81913E-01       1.29800E-02       3.47702E-03       2.67875E-01       7.55175E-02       7.23060E-02
       2.88403E-01       3.01995E-01       2.95199E-01       1.35920E-02       3.65940E-03       2.69232E-01       7.94770E-02       7.59654E-02
       3.01995E-01       3.16228E-01       3.09112E-01       1.42330E-02       3.83188E-03       2.69225E-01       8.32205E-02       7.97973E-02
       3.16228E-01       3.31131E-01       3.23680E-01       1.49030E-02       4.30234E-03       2.88690E-01       9.34430E-02       8.40996E-02
       3.31131E-01       3.46737E-01       3.38934E-01       1.56060E-02       5.19316E-03       3.32767E-01       1.12786E-01       8.92928E-02
       3.46737E-01       3.63078E-01       3.54908E-01       1.63410E-02       6.80577E-03       4.16484E-01       1.47813E-01       9.60985E-02
       3.63078E-01       3.80189E-01       3.71633E-01       1.71110E-02       7.24455E-03       4.23386E-01       1.57344E-01       1.03343E-01
       3.80189E-01       3.98107E-01       3.89148E-01       1.79180E-02       9.30904E-03       5.19535E-01       2.02176E-01       1.12652E-01
       3.98107E-01       4.16869E-01       4.07488E-01       1.87620E-02       1.38271E-02       7.36971E-01       3.00307E-01       1.26479E-01
       4.16869E-01       4.36516E-01       4.26692E-01       1.96470E-02       2.19444E-02       1.11694E+00       4.76588E-01       1.48424E-01
       4.36516E-01       4.57088E-01       4.46802E-01       2.05720E-02       2.68367E-02       1.30453E+00       5.82866E-01       1.75260E-01
       4.57088E-01       4.78630E-01       4.67859E-01       2.15420E-02       3.62994E-02       1.68505E+00       7.88368E-01       2.11560E-01
       4.78630E-01       5.01187E-01       4.89909E-01       2.25570E-02       7.24886E-02       3.21358E+00       1.57436E+00       2.84048E-01
       5.01187E-01       5.24808E-01       5.12998E-01       2.36210E-02       8.53616E-02       3.61380E+00       1.85387E+00       3.69410E-01
       5.24808E-01       5.49541E-01       5.37174E-01       2.47330E-02       9.68153E-02       3.91442E+00       2.10272E+00       4.66225E-01
       5.49541E-01       5.75440E-01       5.62490E-01       2.58990E-02       1.24994E-01       4.82619E+00       2.71469E+00       5.91219E-01
       5.75440E-01       6.02560E-01       5.89000E-01       2.71200E-02       1.17625E-01       4.33720E+00       2.55461E+00       7.08844E-01
       6.02560E-01       6.30957E-01       6.16758E-01       2.83970E-02       8.23802E-02       2.90102E+00       1.78923E+00       7.91224E-01
       6.30957E-01       6.60693E-01       6.45825E-01       2.97360E-02       3.46813E-02       1.16631E+00       7.53229E-01       8.25905E-01
       6.60693E-01       6.91831E-01       6.76262E-01       3.11380E-02       2.85645E-02       9.17352E-01       6.20370E-01       8.54470E-01
       6.91831E-01       7.24436E-01       7.08133E-01       3.26050E-02       1.24571E-02       3.82062E-01       2.70551E-01       8.66927E-01
       7.24436E-01       7.58578E-01       7.41507E-01       3.41420E-02       1.05539E-02       3.09118E-01       2.29213E-01       8.77481E-01
       7.58578E-01       7.94328E-01       7.76453E-01       3.57500E-02       9.29596E-03       2.60027E-01       2.01899E-01       8.86777E-01
       7.94328E-01       8.31764E-01       8.13046E-01       3.74360E-02       9.50574E-03       2.53920E-01       2.06449E-01       8.96282E-01
       8.31764E-01       8.70964E-01       8.51364E-01       3.92000E-02       9.95424E-03       2.53935E-01       2.16191E-01       9.06237E-01
       8.70964E-01       9.12011E-01       8.91487E-01       4.10470E-02       1.04283E-02       2.54057E-01       2.26488E-01       9.16665E-01
       9.12011E-01       9.54993E-01       9.33502E-01       4.29820E-02       1.09249E-02       2.54173E-01       2.37271E-01       9.27590E-01
       9.54993E-01       1.00000E+00       9.77497E-01       4.50070E-02       1.14325E-02       2.54016E-01       2.48299E-01       9.39022E-01
       1.00000E+00       1.04713E+00       1.02357E+00       4.71300E-02       1.19470E-02       2.53490E-01       2.59464E-01       9.50969E-01
       1.04713E+00       1.09648E+00       1.07181E+00       4.93500E-02       1.24286E-02       2.51846E-01       2.69930E-01       9.63398E-01
       1.09648E+00       1.14815E+00       1.12231E+00       5.16700E-02       1.25858E-02       2.43580E-01       2.73373E-01       9.75984E-01
       1.14815E+00       1.20226E+00       1.17520E+00       5.41100E-02       1.14597E-02       2.11786E-01       2.48892E-01       9.87443E-01
       1.20226E+00       1.25892E+00       1.23059E+00       5.66600E-02       8.37703E-03       1.47847E-01       1.81940E-01       9.95820E-01
       1.25892E+00       1.31826E+00       1.28859E+00       5.93400E-02       3.91659E-03       6.60025E-02       8.50502E-02       9.99737E-01
       1.31826E+00       1.38038E+00       1.34932E+00       6.21200E-02       2.63096E-04       4.23528E-03       5.71475E-03       1.00000E+00

 Sum =                                                                         1.00000E+00
 Renormalization bin#   944 =                                                  1.02757E-05 barn        1.36000E+07        1.38000E+07        1.37000E+07
 Avg. Energy     bin#   944 =                                                  5.71713E-01 MeV         1.36000E+07        1.38000E+07
