"        MT=107 recoil spectrum "
" Initial neutron energy corresponds to the group:"
   5.24808E-01    5.49541E-01       0.00000E+00           618           766           149



          Low               High              Mid              Energy           Number             dn/de            E*dn/de          Cumulative
         Energy            Energy            Energy             Width          Fraction                               Sum   
         [MeV]             [MeV]             [MeV]              [MeV]

       1.09648E-05       1.14815E-05       1.12232E-05       5.16700E-07       0.00000E+00       0.00000E+00       0.00000E+00       0.00000E+00
       1.14815E-05       1.20226E-05       1.17521E-05       5.41101E-07       5.22039E-05       9.64772E+01       1.13381E-03       5.22039E-05
       1.20226E-05       1.25892E-05       1.23059E-05       5.66600E-07       5.46650E-05       9.64790E+01       1.18726E-03       1.06869E-04
       1.25892E-05       1.31826E-05       1.28859E-05       5.93400E-07       5.72412E-05       9.64631E+01       1.24301E-03       1.64110E-04
       1.31826E-05       1.38038E-05       1.34932E-05       6.21200E-07       5.99374E-05       9.64866E+01       1.30191E-03       2.24048E-04
       1.38038E-05       1.44544E-05       1.41291E-05       6.50600E-07       6.27637E-05       9.64704E+01       1.36304E-03       2.86811E-04
       1.44544E-05       1.51356E-05       1.47950E-05       6.81200E-07       6.57251E-05       9.64842E+01       1.42748E-03       3.52536E-04
       1.51356E-05       1.58489E-05       1.54922E-05       7.13300E-07       6.88215E-05       9.64833E+01       1.49474E-03       4.21358E-04
       1.58489E-05       1.65959E-05       1.62224E-05       7.47000E-07       7.20630E-05       9.64699E+01       1.56497E-03       4.93421E-04
       1.65959E-05       1.73780E-05       1.69869E-05       7.82101E-07       7.54595E-05       9.64831E+01       1.63895E-03       5.68880E-04
       1.73780E-05       1.81970E-05       1.77875E-05       8.19000E-07       7.90162E-05       9.64788E+01       1.71612E-03       6.47896E-04
       1.81970E-05       1.90546E-05       1.86258E-05       8.57599E-07       8.27429E-05       9.64820E+01       1.79705E-03       7.30639E-04
       1.90546E-05       1.99526E-05       1.95036E-05       8.98001E-07       8.66396E-05       9.64806E+01       1.88172E-03       8.17279E-04
       1.99526E-05       2.08930E-05       2.04228E-05       9.40399E-07       9.07215E-05       9.64713E+01       1.97021E-03       9.08001E-04
       2.08930E-05       2.18776E-05       2.13853E-05       9.84600E-07       9.49985E-05       9.64843E+01       2.06335E-03       1.00300E-03
       2.18776E-05       2.29087E-05       2.23932E-05       1.03110E-06       9.94755E-05       9.64750E+01       2.16038E-03       1.10247E-03
       2.29087E-05       2.39883E-05       2.34485E-05       1.07960E-06       1.04163E-04       9.64827E+01       2.26237E-03       1.20664E-03
       2.39883E-05       2.51189E-05       2.45536E-05       1.13060E-06       1.09075E-04       9.64752E+01       2.36881E-03       1.31571E-03
       2.51189E-05       2.63027E-05       2.57108E-05       1.18380E-06       1.14212E-04       9.64794E+01       2.48056E-03       1.42992E-03
       2.63027E-05       2.75423E-05       2.69225E-05       1.23960E-06       1.19595E-04       9.64785E+01       2.59744E-03       1.54952E-03
       2.75423E-05       2.88403E-05       2.81913E-05       1.29800E-06       1.25232E-04       9.64809E+01       2.71992E-03       1.67475E-03
       2.88403E-05       3.01995E-05       2.95199E-05       1.35920E-06       1.31135E-04       9.64796E+01       2.84807E-03       1.80589E-03
       3.01995E-05       3.16228E-05       3.09111E-05       1.42330E-06       1.37313E-04       9.64749E+01       2.98215E-03       1.94320E-03
       3.16228E-05       3.31131E-05       3.23679E-05       1.49030E-06       1.43786E-04       9.64813E+01       3.12290E-03       2.08698E-03
       3.31131E-05       3.46737E-05       3.38934E-05       1.56060E-06       1.50564E-04       9.64782E+01       3.26997E-03       2.23755E-03
       3.46737E-05       3.63078E-05       3.54907E-05       1.63410E-06       1.57657E-04       9.64794E+01       3.42413E-03       2.39521E-03
       3.63078E-05       3.80189E-05       3.71634E-05       1.71110E-06       1.65091E-04       9.64820E+01       3.58560E-03       2.56030E-03
       3.80189E-05       3.98107E-05       3.89148E-05       1.79180E-06       1.72869E-04       9.64780E+01       3.75442E-03       2.73317E-03
       3.98107E-05       4.16869E-05       4.07488E-05       1.87620E-06       1.81018E-04       9.64810E+01       3.93149E-03       2.91418E-03
       4.16869E-05       4.36516E-05       4.26692E-05       1.96470E-06       1.89547E-04       9.64762E+01       4.11657E-03       3.10373E-03
       4.36516E-05       4.57088E-05       4.46802E-05       2.05720E-06       1.98481E-04       9.64810E+01       4.31079E-03       3.30221E-03
       4.57088E-05       4.78630E-05       4.67859E-05       2.15420E-06       2.07835E-04       9.64791E+01       4.51386E-03       3.51005E-03
       4.78630E-05       5.01187E-05       4.89908E-05       2.25570E-06       2.17630E-04       9.64799E+01       4.72663E-03       3.72768E-03
       5.01187E-05       5.24808E-05       5.12998E-05       2.36210E-06       2.27889E-04       9.64773E+01       4.94926E-03       3.95557E-03
       5.24808E-05       5.49541E-05       5.37174E-05       2.47330E-06       2.38624E-04       9.64800E+01       5.18266E-03       4.19419E-03
       5.49541E-05       5.75440E-05       5.62490E-05       2.58990E-06       2.49869E-04       9.64785E+01       5.42682E-03       4.44406E-03
       5.75440E-05       6.02560E-05       5.89000E-05       2.71200E-06       2.61650E-04       9.64784E+01       5.68258E-03       4.70571E-03
       6.02560E-05       6.30957E-05       6.16758E-05       2.83970E-06       2.73980E-04       9.64822E+01       5.95062E-03       4.97969E-03
       6.30957E-05       6.60693E-05       6.45825E-05       2.97360E-06       2.86891E-04       9.64795E+01       6.23089E-03       5.26658E-03
       6.60693E-05       6.91831E-05       6.76262E-05       3.11380E-06       3.00412E-04       9.64778E+01       6.52442E-03       5.56699E-03
       6.91831E-05       7.24436E-05       7.08134E-05       3.26051E-06       3.14569E-04       9.64786E+01       6.83197E-03       5.88156E-03
       7.24436E-05       7.58578E-05       7.41507E-05       3.41420E-06       3.29396E-04       9.64782E+01       7.15392E-03       6.21096E-03
       7.58578E-05       7.94328E-05       7.76453E-05       3.57500E-06       3.44918E-04       9.64806E+01       7.49126E-03       6.55587E-03
       7.94328E-05       8.31764E-05       8.13046E-05       3.74360E-06       3.61175E-04       9.64781E+01       7.84411E-03       6.91705E-03
       8.31764E-05       8.70964E-05       8.51364E-05       3.92000E-06       3.78198E-04       9.64791E+01       8.21389E-03       7.29525E-03
       8.70964E-05       9.12011E-05       8.91488E-05       4.10471E-06       3.96021E-04       9.64798E+01       8.60105E-03       7.69127E-03
       9.12011E-05       9.54993E-05       9.33502E-05       4.29820E-06       4.14685E-04       9.64788E+01       9.00632E-03       8.10595E-03
       9.54993E-05       1.00000E-04       9.77497E-05       4.50070E-06       4.34229E-04       9.64802E+01       9.43091E-03       8.54018E-03
       1.00000E-04       1.04713E-04       1.02356E-04       4.71300E-06       4.54698E-04       9.64775E+01       9.87510E-03       8.99488E-03
       1.04713E-04       1.09648E-04       1.07181E-04       4.93501E-06       4.76118E-04       9.64777E+01       1.03405E-02       9.47100E-03
       1.09648E-04       1.14815E-04       1.12232E-04       5.16700E-06       4.98568E-04       9.64908E+01       1.08293E-02       9.96957E-03
       1.14815E-04       1.20226E-04       1.17520E-04       5.41100E-06       5.22039E-04       9.64774E+01       1.13381E-02       1.04916E-02
       1.20226E-04       1.25892E-04       1.23059E-04       5.66600E-06       5.46650E-04       9.64790E+01       1.18726E-02       1.10383E-02
       1.25892E-04       1.31826E-04       1.28859E-04       5.93401E-06       5.72412E-04       9.64630E+01       1.24301E-02       1.16107E-02
       1.31826E-04       1.38038E-04       1.34932E-04       6.21199E-06       5.99374E-04       9.64867E+01       1.30191E-02       1.22100E-02
       1.38038E-04       1.44544E-04       1.41291E-04       6.50601E-06       6.27637E-04       9.64703E+01       1.36304E-02       1.28377E-02
       1.44544E-04       1.51356E-04       1.47950E-04       6.81200E-06       6.57251E-04       9.64843E+01       1.42749E-02       1.34949E-02
       1.51356E-04       1.58489E-04       1.54922E-04       7.13300E-06       6.88215E-04       9.64833E+01       1.49474E-02       1.41831E-02
       1.58489E-04       1.65959E-04       1.62224E-04       7.47000E-06       7.20630E-04       9.64698E+01       1.56497E-02       1.49038E-02
       1.65959E-04       1.73780E-04       1.69870E-04       7.82100E-06       7.54595E-04       9.64832E+01       1.63896E-02       1.56584E-02
       1.73780E-04       1.81970E-04       1.77875E-04       8.19000E-06       7.90162E-04       9.64788E+01       1.71612E-02       1.64485E-02
       1.81970E-04       1.90546E-04       1.86258E-04       8.57600E-06       8.27429E-04       9.64818E+01       1.79705E-02       1.72760E-02
       1.90546E-04       1.99526E-04       1.95036E-04       8.98000E-06       8.66396E-04       9.64807E+01       1.88172E-02       1.81424E-02
       1.99526E-04       2.08930E-04       2.04228E-04       9.40399E-06       9.07215E-04       9.64713E+01       1.97021E-02       1.90496E-02
       2.08930E-04       2.18776E-04       2.13853E-04       9.84601E-06       9.49985E-04       9.64842E+01       2.06334E-02       1.99996E-02
       2.18776E-04       2.29087E-04       2.23932E-04       1.03110E-05       9.94755E-04       9.64751E+01       2.16038E-02       2.09943E-02
       2.29087E-04       2.39883E-04       2.34485E-04       1.07960E-05       1.04163E-03       9.64827E+01       2.26238E-02       2.20359E-02
       2.39883E-04       2.51189E-04       2.45536E-04       1.13060E-05       1.09075E-03       9.64753E+01       2.36881E-02       2.31267E-02
       2.51189E-04       2.63027E-04       2.57108E-04       1.18380E-05       1.14212E-03       9.64793E+01       2.48056E-02       2.42688E-02
       2.63027E-04       2.75423E-04       2.69225E-04       1.23960E-05       1.19595E-03       9.64785E+01       2.59744E-02       2.54648E-02
       2.75423E-04       2.88403E-04       2.81913E-04       1.29800E-05       1.25232E-03       9.64809E+01       2.71992E-02       2.67171E-02
       2.88403E-04       3.01995E-04       2.95199E-04       1.35920E-05       1.31135E-03       9.64797E+01       2.84807E-02       2.80284E-02
       3.01995E-04       3.16228E-04       3.09111E-04       1.42330E-05       1.37313E-03       9.64750E+01       2.98215E-02       2.94016E-02
       3.16228E-04       3.31131E-04       3.23680E-04       1.49030E-05       1.43786E-03       9.64810E+01       3.12289E-02       3.08394E-02
       3.31131E-04       3.46737E-04       3.38934E-04       1.56060E-05       1.50564E-03       9.64783E+01       3.26998E-02       3.23451E-02
       3.46737E-04       3.63078E-04       3.54908E-04       1.63410E-05       1.57657E-03       9.64795E+01       3.42413E-02       3.39216E-02
       3.63078E-04       3.80189E-04       3.71634E-04       1.71110E-05       1.65091E-03       9.64822E+01       3.58560E-02       3.55725E-02
       3.80189E-04       3.98107E-04       3.89148E-04       1.79180E-05       1.72869E-03       9.64779E+01       3.75442E-02       3.73012E-02
       3.98107E-04       4.16869E-04       4.07488E-04       1.87620E-05       1.81018E-03       9.64811E+01       3.93149E-02       3.91114E-02
       4.16869E-04       4.36516E-04       4.26692E-04       1.96470E-05       1.89547E-03       9.64762E+01       4.11656E-02       4.10069E-02
       4.36516E-04       4.57088E-04       4.46802E-04       2.05720E-05       1.98481E-03       9.64810E+01       4.31079E-02       4.29917E-02
       4.57088E-04       4.78630E-04       4.67859E-04       2.15420E-05       2.07835E-03       9.64790E+01       4.51386E-02       4.50700E-02
       4.78630E-04       5.01187E-04       4.89909E-04       2.25570E-05       2.17630E-03       9.64798E+01       4.72663E-02       4.72463E-02
       5.01187E-04       5.24808E-04       5.12998E-04       2.36210E-05       2.27889E-03       9.64775E+01       4.94927E-02       4.95252E-02
       5.24808E-04       5.49541E-04       5.37175E-04       2.47330E-05       2.38624E-03       9.64800E+01       5.18266E-02       5.19115E-02
       5.49541E-04       5.75440E-04       5.62491E-04       2.58990E-05       2.49869E-03       9.64784E+01       5.42682E-02       5.44102E-02
       5.75440E-04       6.02560E-04       5.89000E-04       2.71200E-05       2.61650E-03       9.64785E+01       5.68259E-02       5.70267E-02
       6.02560E-04       6.30957E-04       6.16758E-04       2.83970E-05       2.73980E-03       9.64822E+01       5.95062E-02       5.97665E-02
       6.30957E-04       6.60693E-04       6.45825E-04       2.97360E-05       2.86891E-03       9.64794E+01       6.23088E-02       6.26354E-02
       6.60693E-04       6.91831E-04       6.76262E-04       3.11380E-05       3.00412E-03       9.64778E+01       6.52442E-02       6.56395E-02
       6.91831E-04       7.24436E-04       7.08133E-04       3.26050E-05       3.14569E-03       9.64788E+01       6.83199E-02       6.87852E-02
       7.24436E-04       7.58578E-04       7.41507E-04       3.41420E-05       3.29396E-03       9.64781E+01       7.15392E-02       7.20791E-02
       7.58578E-04       7.94328E-04       7.76453E-04       3.57500E-05       3.44918E-03       9.64805E+01       7.49126E-02       7.55283E-02
       7.94328E-04       8.31764E-04       8.13046E-04       3.74360E-05       3.61175E-03       9.64781E+01       7.84412E-02       7.91401E-02
       8.31764E-04       8.70964E-04       8.51364E-04       3.92000E-05       3.78198E-03       9.64791E+01       8.21388E-02       8.29220E-02
       8.70964E-04       9.12011E-04       8.91487E-04       4.10470E-05       3.96021E-03       9.64799E+01       8.60107E-02       8.68823E-02
       9.12011E-04       9.54993E-04       9.33502E-04       4.29820E-05       4.14685E-03       9.64787E+01       9.00631E-02       9.10291E-02
       9.54993E-04       1.00000E-03       9.77497E-04       4.50070E-05       4.34229E-03       9.64802E+01       9.43091E-02       9.53714E-02
       1.00000E-03       1.04713E-03       1.02356E-03       4.71300E-05       4.54698E-03       9.64774E+01       9.87509E-02       9.99184E-02
       1.04713E-03       1.09648E-03       1.07180E-03       4.93500E-05       4.76118E-03       9.64778E+01       1.03405E-01       1.04680E-01
       1.09648E-03       1.14815E-03       1.12231E-03       5.16700E-05       4.98568E-03       9.64907E+01       1.08293E-01       1.09665E-01
       1.14815E-03       1.20226E-03       1.17520E-03       5.41100E-05       5.22039E-03       9.64774E+01       1.13381E-01       1.14886E-01
       1.20226E-03       1.25892E-03       1.23059E-03       5.66600E-05       5.46650E-03       9.64790E+01       1.18726E-01       1.20352E-01
       1.25892E-03       1.31826E-03       1.28859E-03       5.93400E-05       5.72412E-03       9.64631E+01       1.24301E-01       1.26076E-01
       1.31826E-03       1.38038E-03       1.34932E-03       6.21200E-05       5.99374E-03       9.64865E+01       1.30191E-01       1.32070E-01
       1.38038E-03       1.44544E-03       1.41291E-03       6.50599E-05       6.27637E-03       9.64706E+01       1.36304E-01       1.38346E-01
       1.44544E-03       1.51356E-03       1.47950E-03       6.81201E-05       6.57251E-03       9.64841E+01       1.42748E-01       1.44919E-01
       1.51356E-03       1.58489E-03       1.54923E-03       7.13300E-05       6.88215E-03       9.64833E+01       1.49474E-01       1.51801E-01
       1.58489E-03       1.65959E-03       1.62224E-03       7.47000E-05       7.20630E-03       9.64699E+01       1.56497E-01       1.59007E-01
       1.65959E-03       1.73780E-03       1.69870E-03       7.82101E-05       7.54595E-03       9.64831E+01       1.63895E-01       1.66553E-01
       1.73780E-03       1.81970E-03       1.77875E-03       8.18999E-05       7.90162E-03       9.64789E+01       1.71612E-01       1.74455E-01
       1.81970E-03       1.90546E-03       1.86258E-03       8.57600E-05       8.27429E-03       9.64819E+01       1.79705E-01       1.82729E-01
       1.90546E-03       1.99526E-03       1.95036E-03       8.98001E-05       8.66396E-03       9.64806E+01       1.88172E-01       1.91393E-01
       1.99526E-03       2.08930E-03       2.04228E-03       9.40400E-05       9.07215E-03       9.64712E+01       1.97021E-01       2.00465E-01
       2.08930E-03       2.18776E-03       2.13853E-03       9.84600E-05       9.49985E-03       9.64844E+01       2.06335E-01       2.09965E-01
       2.18776E-03       2.29087E-03       2.23932E-03       1.03110E-04       9.94755E-03       9.64750E+01       2.16038E-01       2.19913E-01
       2.29087E-03       2.39883E-03       2.34485E-03       1.07960E-04       1.04163E-02       9.64827E+01       2.26237E-01       2.30329E-01
       2.39883E-03       2.51189E-03       2.45536E-03       1.13060E-04       1.09075E-02       9.64754E+01       2.36882E-01       2.41236E-01
       2.51189E-03       2.63027E-03       2.57108E-03       1.18380E-04       1.14212E-02       9.64792E+01       2.48056E-01       2.52658E-01
       2.63027E-03       2.75423E-03       2.69225E-03       1.23960E-04       1.19595E-02       9.64785E+01       2.59744E-01       2.64617E-01
       2.75423E-03       2.88403E-03       2.81913E-03       1.29800E-04       1.25232E-02       9.64809E+01       2.71992E-01       2.77140E-01
       2.88403E-03       3.01995E-03       2.95199E-03       1.35920E-04       1.31135E-02       9.64796E+01       2.84807E-01       2.90254E-01
       3.01995E-03       3.16228E-03       3.09112E-03       1.42330E-04       1.37313E-02       9.64749E+01       2.98215E-01       3.03985E-01
       3.16228E-03       3.31131E-03       3.23679E-03       1.49030E-04       1.43786E-02       9.64811E+01       3.12289E-01       3.18364E-01
       3.31131E-03       3.46737E-03       3.38934E-03       1.56060E-04       1.50564E-02       9.64782E+01       3.26997E-01       3.33420E-01
       3.46737E-03       3.63078E-03       3.54907E-03       1.63410E-04       1.57657E-02       9.64795E+01       3.42413E-01       3.49186E-01
       3.63078E-03       3.80189E-03       3.71633E-03       1.71110E-04       1.65091E-02       9.64822E+01       3.58560E-01       3.65695E-01
       3.80189E-03       3.98107E-03       3.89148E-03       1.79180E-04       1.72869E-02       9.64778E+01       3.75441E-01       3.82982E-01
       3.98107E-03       4.16869E-03       4.07488E-03       1.87620E-04       1.81018E-02       9.64812E+01       3.93149E-01       4.01084E-01
       4.16869E-03       4.36516E-03       4.26693E-03       1.96470E-04       1.89547E-02       9.64761E+01       4.11656E-01       4.20038E-01
       4.36516E-03       4.57088E-03       4.46802E-03       2.05720E-04       1.98481E-02       9.64812E+01       4.31080E-01       4.39886E-01
       4.57088E-03       4.78630E-03       4.67859E-03       2.15420E-04       2.07835E-02       9.64791E+01       4.51386E-01       4.60670E-01
       4.78630E-03       5.01187E-03       4.89909E-03       2.25570E-04       2.17630E-02       9.64797E+01       4.72662E-01       4.82433E-01
       5.01187E-03       5.24807E-03       5.12997E-03       2.36200E-04       2.27889E-02       9.64816E+01       4.94948E-01       5.05222E-01
       5.24807E-03       5.49541E-03       5.37174E-03       2.47340E-04       2.38624E-02       9.64761E+01       5.18244E-01       5.29084E-01
       5.49541E-03       5.75440E-03       5.62491E-03       2.58990E-04       2.49869E-02       9.64785E+01       5.42682E-01       5.54071E-01
       5.75440E-03       6.02560E-03       5.89000E-03       2.71200E-04       2.61650E-02       9.64784E+01       5.68258E-01       5.80236E-01
       6.02560E-03       6.30957E-03       6.16759E-03       2.83970E-04       2.73980E-02       9.64822E+01       5.95062E-01       6.07634E-01
       6.30957E-03       6.60693E-03       6.45825E-03       2.97360E-04       2.86891E-02       9.64793E+01       6.23088E-01       6.36323E-01
       6.60693E-03       6.91831E-03       6.76262E-03       3.11380E-04       3.00412E-02       9.64778E+01       6.52443E-01       6.66364E-01
       6.91831E-03       7.24436E-03       7.08133E-03       3.26050E-04       3.14569E-02       9.64788E+01       6.83199E-01       6.97821E-01
       7.24436E-03       7.58578E-03       7.41507E-03       3.41420E-04       3.29396E-02       9.64782E+01       7.15392E-01       7.30761E-01
       7.58578E-03       7.94328E-03       7.76453E-03       3.57500E-04       3.44918E-02       9.64805E+01       7.49126E-01       7.65253E-01
       7.94328E-03       8.31764E-03       8.13046E-03       3.74360E-04       3.61175E-02       9.64781E+01       7.84411E-01       8.01370E-01
       8.31764E-03       8.70964E-03       8.51364E-03       3.92000E-04       3.78198E-02       9.64791E+01       8.21388E-01       8.39190E-01
       8.70964E-03       9.12011E-03       8.91487E-03       4.10471E-04       3.96021E-02       9.64798E+01       8.60105E-01       8.78792E-01
       9.12011E-03       9.54993E-03       9.33502E-03       4.29819E-04       4.14685E-02       9.64789E+01       9.00632E-01       9.20261E-01
       9.54993E-03       1.00000E-02       9.77496E-03       4.50070E-04       4.34229E-02       9.64802E+01       9.43090E-01       9.63683E-01
       1.00000E-02       1.04713E-02       1.02357E-02       4.71300E-04       3.63166E-02       7.70563E+01       7.88721E-01       1.00000E+00

 Sum =                                                                         1.00000E+00
 Renormalization bin#   852 =                                                  1.99908E-08 barn        5.24808E+05        5.49541E+05        5.37174E+05
 Avg. Energy     bin#   852 =                                                  5.19568E-03 MeV         5.24808E+05        5.49541E+05
