"        MT=107 recoil spectrum "
" Initial neutron energy corresponds to the group:"
   7.24436E-01    7.58578E-01       0.00000E+00           695           827           133



          Low               High              Mid              Energy           Number             dn/de            E*dn/de          Cumulative
         Energy            Energy            Energy             Width          Fraction                               Sum   
         [MeV]             [MeV]             [MeV]              [MeV]

       3.80189E-04       3.98107E-04       3.89148E-04       1.79180E-05       0.00000E+00       0.00000E+00       0.00000E+00       0.00000E+00
       3.98107E-04       4.16869E-04       4.07488E-04       1.87620E-05       3.71119E-05       1.97804E+00       8.06027E-04       3.71119E-05
       4.16869E-04       4.36516E-04       4.26692E-04       1.96470E-05       3.88604E-05       1.97793E+00       8.43968E-04       7.59723E-05
       4.36516E-04       4.57088E-04       4.46802E-04       2.05720E-05       4.06906E-05       1.97796E+00       8.83755E-04       1.16663E-04
       4.57088E-04       4.78630E-04       4.67859E-04       2.15420E-05       4.26096E-05       1.97798E+00       9.25415E-04       1.59273E-04
       4.78630E-04       5.01187E-04       4.89909E-04       2.25570E-05       4.46175E-05       1.97799E+00       9.69033E-04       2.03890E-04
       5.01187E-04       5.24808E-04       5.12998E-04       2.36210E-05       4.67213E-05       1.97796E+00       1.01469E-03       2.50611E-04
       5.24808E-04       5.49541E-04       5.37175E-04       2.47330E-05       4.89211E-05       1.97797E+00       1.06251E-03       2.99532E-04
       5.49541E-04       5.75440E-04       5.62491E-04       2.58990E-05       5.12275E-05       1.97797E+00       1.11259E-03       3.50760E-04
       5.75440E-04       6.02560E-04       5.89000E-04       2.71200E-05       5.36440E-05       1.97803E+00       1.16506E-03       4.04404E-04
       6.02560E-04       6.30957E-04       6.16758E-04       2.83970E-05       5.61708E-05       1.97805E+00       1.21998E-03       4.60575E-04
       6.30957E-04       6.60693E-04       6.45825E-04       2.97360E-05       5.88183E-05       1.97802E+00       1.27745E-03       5.19393E-04
       6.60693E-04       6.91831E-04       6.76262E-04       3.11380E-05       6.15903E-05       1.97798E+00       1.33763E-03       5.80983E-04
       6.91831E-04       7.24436E-04       7.08133E-04       3.26050E-05       6.44937E-05       1.97803E+00       1.40071E-03       6.45477E-04
       7.24436E-04       7.58578E-04       7.41507E-04       3.41420E-05       6.75321E-05       1.97798E+00       1.46668E-03       7.13009E-04
       7.58578E-04       7.94328E-04       7.76453E-04       3.57500E-05       7.07128E-05       1.97798E+00       1.53581E-03       7.83722E-04
       7.94328E-04       8.31764E-04       8.13046E-04       3.74360E-05       7.40462E-05       1.97794E+00       1.60816E-03       8.57768E-04
       8.31764E-04       8.70964E-04       8.51364E-04       3.92000E-05       7.75360E-05       1.97796E+00       1.68396E-03       9.35304E-04
       8.70964E-04       9.12011E-04       8.91487E-04       4.10470E-05       8.11928E-05       1.97804E+00       1.76340E-03       1.01650E-03
       9.12011E-04       9.54993E-04       9.33502E-04       4.29820E-05       8.50166E-05       1.97796E+00       1.84643E-03       1.10151E-03
       9.54993E-04       1.00000E-03       9.77497E-04       4.50070E-05       8.90253E-05       1.97803E+00       1.93352E-03       1.19054E-03
       1.00000E-03       1.04713E-03       1.02356E-03       4.71300E-05       9.32223E-05       1.97798E+00       2.02459E-03       1.28376E-03
       1.04713E-03       1.09648E-03       1.07180E-03       4.93500E-05       9.76112E-05       1.97794E+00       2.11996E-03       1.38137E-03
       1.09648E-03       1.14815E-03       1.12231E-03       5.16700E-05       1.02213E-04       1.97819E+00       2.22016E-03       1.48359E-03
       1.14815E-03       1.20226E-03       1.17520E-03       5.41100E-05       1.07029E-04       1.97798E+00       2.32454E-03       1.59061E-03
       1.20226E-03       1.25892E-03       1.23059E-03       5.66600E-05       1.12075E-04       1.97803E+00       2.43414E-03       1.70269E-03
       1.25892E-03       1.31826E-03       1.28859E-03       5.93400E-05       1.17359E-04       1.97775E+00       2.54850E-03       1.82005E-03
       1.31826E-03       1.38038E-03       1.34932E-03       6.21200E-05       1.22886E-04       1.97820E+00       2.66922E-03       1.94293E-03
       1.38038E-03       1.44544E-03       1.41291E-03       6.50599E-05       1.28682E-04       1.97790E+00       2.79459E-03       2.07162E-03
       1.44544E-03       1.51356E-03       1.47950E-03       6.81201E-05       1.34744E-04       1.97804E+00       2.92651E-03       2.20636E-03
       1.51356E-03       1.58489E-03       1.54923E-03       7.13300E-05       1.41095E-04       1.97806E+00       3.06446E-03       2.34746E-03
       1.58489E-03       1.65959E-03       1.62224E-03       7.47000E-05       1.47744E-04       1.97783E+00       3.20852E-03       2.49520E-03
       1.65959E-03       1.73780E-03       1.69870E-03       7.82101E-05       1.54706E-04       1.97808E+00       3.36016E-03       2.64991E-03
       1.73780E-03       1.81970E-03       1.77875E-03       8.18999E-05       1.61998E-04       1.97800E+00       3.51837E-03       2.81190E-03
       1.81970E-03       1.90546E-03       1.86258E-03       8.57600E-05       1.69632E-04       1.97798E+00       3.68415E-03       2.98154E-03
       1.90546E-03       1.99526E-03       1.95036E-03       8.98001E-05       1.77624E-04       1.97800E+00       3.85780E-03       3.15916E-03
       1.99526E-03       2.08930E-03       2.04228E-03       9.40400E-05       1.86000E-04       1.97788E+00       4.03939E-03       3.34516E-03
       2.08930E-03       2.18776E-03       2.13853E-03       9.84600E-05       1.94764E-04       1.97810E+00       4.23023E-03       3.53992E-03
       2.18776E-03       2.29087E-03       2.23932E-03       1.03110E-04       2.03943E-04       1.97792E+00       4.42918E-03       3.74387E-03
       2.29087E-03       2.39883E-03       2.34485E-03       1.07960E-04       2.13553E-04       1.97807E+00       4.63828E-03       3.95742E-03
       2.39883E-03       2.51189E-03       2.45536E-03       1.13060E-04       2.23617E-04       1.97786E+00       4.85637E-03       4.18104E-03
       2.51189E-03       2.63027E-03       2.57108E-03       1.18380E-04       2.34157E-04       1.97801E+00       5.08563E-03       4.41519E-03
       2.63027E-03       2.75423E-03       2.69225E-03       1.23960E-04       2.45195E-04       1.97802E+00       5.32533E-03       4.66039E-03
       2.75423E-03       2.88403E-03       2.81913E-03       1.29800E-04       2.56749E-04       1.97803E+00       5.57633E-03       4.91714E-03
       2.88403E-03       3.01995E-03       2.95199E-03       1.35920E-04       2.68849E-04       1.97800E+00       5.83903E-03       5.18599E-03
       3.01995E-03       3.16228E-03       3.09112E-03       1.42330E-04       2.81518E-04       1.97793E+00       6.11400E-03       5.46751E-03
       3.16228E-03       3.31131E-03       3.23679E-03       1.49030E-04       2.94785E-04       1.97802E+00       6.40245E-03       5.76229E-03
       3.31131E-03       3.46737E-03       3.38934E-03       1.56060E-04       3.08683E-04       1.97798E+00       6.70404E-03       6.07097E-03
       3.46737E-03       3.63078E-03       3.54907E-03       1.63410E-04       3.23229E-04       1.97802E+00       7.02016E-03       6.39420E-03
       3.63078E-03       3.80189E-03       3.71633E-03       1.71110E-04       3.38460E-04       1.97803E+00       7.35102E-03       6.73266E-03
       3.80189E-03       3.98107E-03       3.89148E-03       1.79180E-04       3.54413E-04       1.97797E+00       7.69723E-03       7.08708E-03
       3.98107E-03       4.16869E-03       4.07488E-03       1.87620E-04       3.71119E-04       1.97804E+00       8.06027E-03       7.45820E-03
       4.16869E-03       4.36516E-03       4.26693E-03       1.96470E-04       3.88604E-04       1.97793E+00       8.43967E-03       7.84680E-03
       4.36516E-03       4.57088E-03       4.46802E-03       2.05720E-04       4.06906E-04       1.97796E+00       8.83757E-03       8.25370E-03
       4.57088E-03       4.78630E-03       4.67859E-03       2.15420E-04       4.26096E-04       1.97798E+00       9.25415E-03       8.67980E-03
       4.78630E-03       5.01187E-03       4.89909E-03       2.25570E-04       4.46175E-04       1.97799E+00       9.69032E-03       9.12598E-03
       5.01187E-03       5.24807E-03       5.12997E-03       2.36200E-04       4.67213E-04       1.97804E+00       1.01473E-02       9.59319E-03
       5.24807E-03       5.49541E-03       5.37174E-03       2.47340E-04       4.89211E-04       1.97789E+00       1.06247E-02       1.00824E-02
       5.49541E-03       5.75440E-03       5.62491E-03       2.58990E-04       5.12275E-04       1.97797E+00       1.11259E-02       1.05947E-02
       5.75440E-03       6.02560E-03       5.89000E-03       2.71200E-04       5.36440E-04       1.97802E+00       1.16506E-02       1.11311E-02
       6.02560E-03       6.30957E-03       6.16759E-03       2.83970E-04       5.61708E-04       1.97805E+00       1.21998E-02       1.16928E-02
       6.30957E-03       6.60693E-03       6.45825E-03       2.97360E-04       5.88183E-04       1.97801E+00       1.27745E-02       1.22810E-02
       6.60693E-03       6.91831E-03       6.76262E-03       3.11380E-04       6.15903E-04       1.97798E+00       1.33763E-02       1.28969E-02
       6.91831E-03       7.24436E-03       7.08133E-03       3.26050E-04       6.44937E-04       1.97803E+00       1.40071E-02       1.35418E-02
       7.24436E-03       7.58578E-03       7.41507E-03       3.41420E-04       6.75321E-04       1.97798E+00       1.46669E-02       1.42172E-02
       7.58578E-03       7.94328E-03       7.76453E-03       3.57500E-04       7.07128E-04       1.97798E+00       1.53581E-02       1.49243E-02
       7.94328E-03       8.31764E-03       8.13046E-03       3.74360E-04       7.40462E-04       1.97794E+00       1.60816E-02       1.56648E-02
       8.31764E-03       8.70964E-03       8.51364E-03       3.92000E-04       7.75360E-04       1.97796E+00       1.68396E-02       1.64401E-02
       8.70964E-03       9.12011E-03       8.91487E-03       4.10471E-04       8.11928E-04       1.97804E+00       1.76340E-02       1.72520E-02
       9.12011E-03       9.54993E-03       9.33502E-03       4.29819E-04       8.50166E-04       1.97796E+00       1.84643E-02       1.81022E-02
       9.54993E-03       1.00000E-02       9.77496E-03       4.50070E-04       8.90253E-04       1.97803E+00       1.93352E-02       1.89925E-02
       1.00000E-02       1.04713E-02       1.02357E-02       4.71300E-04       9.32223E-04       1.97798E+00       2.02459E-02       1.99247E-02
       1.04713E-02       1.09648E-02       1.07180E-02       4.93500E-04       9.76112E-04       1.97794E+00       2.11996E-02       2.09008E-02
       1.09648E-02       1.14815E-02       1.12232E-02       5.16700E-04       1.02213E-03       1.97819E+00       2.22016E-02       2.19229E-02
       1.14815E-02       1.20226E-02       1.17521E-02       5.41100E-04       1.07029E-03       1.97798E+00       2.32454E-02       2.29932E-02
       1.20226E-02       1.25892E-02       1.23059E-02       5.66601E-04       1.12075E-03       1.97802E+00       2.43414E-02       2.41140E-02
       1.25892E-02       1.31826E-02       1.28859E-02       5.93399E-04       1.17359E-03       1.97775E+00       2.54851E-02       2.52876E-02
       1.31826E-02       1.38038E-02       1.34932E-02       6.21200E-04       1.34449E-03       2.16435E+00       2.92040E-02       2.66321E-02
       1.38038E-02       1.44544E-02       1.41291E-02       6.50601E-04       1.76682E-03       2.71568E+00       3.83701E-02       2.83989E-02
       1.44544E-02       1.51356E-02       1.47950E-02       6.81199E-04       2.26222E-03       3.32093E+00       4.91332E-02       3.06611E-02
       1.51356E-02       1.58489E-02       1.54923E-02       7.13301E-04       2.82563E-03       3.96135E+00       6.13702E-02       3.34867E-02
       1.58489E-02       1.65959E-02       1.62224E-02       7.47000E-04       3.46719E-03       4.64149E+00       7.52961E-02       3.69539E-02
       1.65959E-02       1.73780E-02       1.69870E-02       7.82100E-04       3.95747E-03       5.06006E+00       8.59550E-02       4.09114E-02
       1.73780E-02       1.81970E-02       1.77875E-02       8.19000E-04       4.14973E-03       5.06682E+00       9.01261E-02       4.50611E-02
       1.81970E-02       1.90546E-02       1.86258E-02       8.57600E-04       4.34518E-03       5.06668E+00       9.43710E-02       4.94063E-02
       1.90546E-02       1.99526E-02       1.95036E-02       8.98000E-04       4.54988E-03       5.06668E+00       9.88185E-02       5.39562E-02
       1.99526E-02       2.08930E-02       2.04228E-02       9.40400E-04       5.24287E-03       5.57514E+00       1.13860E-01       5.91991E-02
       2.08930E-02       2.18776E-02       2.13853E-02       9.84600E-04       6.26777E-03       6.36581E+00       1.36135E-01       6.54668E-02
       2.18776E-02       2.29087E-02       2.23931E-02       1.03110E-03       7.54641E-03       7.31880E+00       1.63891E-01       7.30132E-02
       2.29087E-02       2.39883E-02       2.34485E-02       1.07960E-03       8.99244E-03       8.32941E+00       1.95312E-01       8.20057E-02
       2.39883E-02       2.51189E-02       2.45536E-02       1.13060E-03       1.04999E-02       9.28706E+00       2.28031E-01       9.25056E-02
       2.51189E-02       2.63027E-02       2.57108E-02       1.18380E-03       1.16116E-02       9.80873E+00       2.52190E-01       1.04117E-01
       2.63027E-02       2.75423E-02       2.69225E-02       1.23960E-03       1.20501E-02       9.72094E+00       2.61712E-01       1.16167E-01
       2.75423E-02       2.88403E-02       2.81913E-02       1.29800E-03       1.22175E-02       9.41254E+00       2.65352E-01       1.28385E-01
       2.88403E-02       3.01995E-02       2.95199E-02       1.35920E-03       1.23579E-02       9.09201E+00       2.68395E-01       1.40743E-01
       3.01995E-02       3.16228E-02       3.09112E-02       1.42330E-03       1.24524E-02       8.74895E+00       2.70440E-01       1.53195E-01
       3.16228E-02       3.31131E-02       3.23680E-02       1.49030E-03       1.24822E-02       8.37565E+00       2.71103E-01       1.65677E-01
       3.31131E-02       3.46737E-02       3.38934E-02       1.56060E-03       1.27367E-02       8.16141E+00       2.76618E-01       1.78414E-01
       3.46737E-02       3.63078E-02       3.54908E-02       1.63410E-03       1.34403E-02       8.22490E+00       2.91908E-01       1.91854E-01
       3.63078E-02       3.80189E-02       3.71633E-02       1.71110E-03       1.42136E-02       8.30673E+00       3.08706E-01       2.06068E-01
       3.80189E-02       3.98107E-02       3.89148E-02       1.79180E-03       1.50388E-02       8.39313E+00       3.26617E-01       2.21107E-01
       3.98107E-02       4.16869E-02       4.07488E-02       1.87620E-03       1.54589E-02       8.23946E+00       3.35748E-01       2.36566E-01
       4.16869E-02       4.36516E-02       4.26693E-02       1.96470E-03       1.54553E-02       7.86649E+00       3.35657E-01       2.52021E-01
       4.36516E-02       4.57088E-02       4.46802E-02       2.05720E-03       1.51451E-02       7.36198E+00       3.28935E-01       2.67166E-01
       4.57088E-02       4.78630E-02       4.67859E-02       2.15420E-03       1.48281E-02       6.88333E+00       3.22043E-01       2.81994E-01
       4.78630E-02       5.01187E-02       4.89908E-02       2.25570E-03       1.49265E-02       6.61724E+00       3.24184E-01       2.96921E-01
       5.01187E-02       5.24808E-02       5.12998E-02       2.36210E-03       1.55527E-02       6.58426E+00       3.37771E-01       3.12473E-01
       5.24808E-02       5.49541E-02       5.37174E-02       2.47330E-03       1.68534E-02       6.81412E+00       3.66037E-01       3.29327E-01
       5.49541E-02       5.75440E-02       5.62491E-02       2.58990E-03       1.78395E-02       6.88812E+00       3.87450E-01       3.47166E-01
       5.75440E-02       6.02560E-02       5.89000E-02       2.71200E-03       1.86843E-02       6.88948E+00       4.05790E-01       3.65850E-01
       6.02560E-02       6.30957E-02       6.16758E-02       2.83970E-03       1.94590E-02       6.85248E+00       4.22632E-01       3.85309E-01
       6.30957E-02       6.60693E-02       6.45825E-02       2.97360E-03       2.02529E-02       6.81090E+00       4.39865E-01       4.05562E-01
       6.60693E-02       6.91831E-02       6.76262E-02       3.11380E-03       2.11491E-02       6.79206E+00       4.59321E-01       4.26711E-01
       6.91831E-02       7.24436E-02       7.08134E-02       3.26050E-03       2.23745E-02       6.86229E+00       4.85942E-01       4.49086E-01
       7.24436E-02       7.58578E-02       7.41507E-02       3.41420E-03       2.34602E-02       6.87136E+00       5.09516E-01       4.72546E-01
       7.58578E-02       7.94328E-02       7.76453E-02       3.57500E-03       2.39911E-02       6.71079E+00       5.21062E-01       4.96537E-01
       7.94328E-02       8.31764E-02       8.13046E-02       3.74360E-03       2.40451E-02       6.42299E+00       5.22218E-01       5.20582E-01
       8.31764E-02       8.70964E-02       8.51364E-02       3.92000E-03       2.45000E-02       6.25000E+00       5.32102E-01       5.45082E-01
       8.70964E-02       9.12011E-02       8.91488E-02       4.10470E-03       2.64503E-02       6.44390E+00       5.74466E-01       5.71532E-01
       9.12011E-02       9.54993E-02       9.33502E-02       4.29820E-03       2.84511E-02       6.61930E+00       6.17913E-01       5.99984E-01
       9.54993E-02       1.00000E-01       9.77497E-02       4.50070E-03       2.99284E-02       6.64971E+00       6.50007E-01       6.29912E-01
       1.00000E-01       1.04713E-01       1.02357E-01       4.71300E-03       3.22149E-02       6.83532E+00       6.99639E-01       6.62127E-01
       1.04713E-01       1.09648E-01       1.07180E-01       4.93500E-03       3.43549E-02       6.96148E+00       7.46135E-01       6.96482E-01
       1.09648E-01       1.14815E-01       1.12231E-01       5.16700E-03       3.52331E-02       6.81886E+00       7.65291E-01       7.31715E-01
       1.14815E-01       1.20226E-01       1.17520E-01       5.41100E-03       3.77449E-02       6.97558E+00       8.19774E-01       7.69460E-01
       1.20226E-01       1.25892E-01       1.23059E-01       5.66600E-03       4.13228E-02       7.29311E+00       8.97483E-01       8.10782E-01
       1.25892E-01       1.31826E-01       1.28859E-01       5.93400E-03       4.50589E-02       7.59334E+00       9.78470E-01       8.55841E-01
       1.31826E-01       1.38038E-01       1.34932E-01       6.21200E-03       4.54011E-02       7.30861E+00       9.86165E-01       9.01242E-01
       1.38038E-01       1.44544E-01       1.41291E-01       6.50600E-03       3.97051E-02       6.10285E+00       8.62277E-01       9.40948E-01
       1.44544E-01       1.51356E-01       1.47950E-01       6.81200E-03       3.08701E-02       4.53172E+00       6.70469E-01       9.71818E-01
       1.51356E-01       1.58489E-01       1.54923E-01       7.13300E-03       2.00660E-02       2.81312E+00       4.35815E-01       9.91884E-01
       1.58489E-01       1.65959E-01       1.62224E-01       7.47000E-03       7.98388E-03       1.06879E+00       1.73384E-01       9.99867E-01
       1.65959E-01       1.73780E-01       1.69869E-01       7.82100E-03       1.32470E-04       1.69377E-02       2.87720E-03       1.00000E+00

 Sum =                                                                         1.00000E+00
 Renormalization bin#   859 =                                                  2.81392E-08 barn        7.24436E+05        7.58578E+05        7.41507E+05
 Avg. Energy     bin#   859 =                                                  8.09753E-02 MeV         7.24436E+05        7.58578E+05
