"        MT=107 recoil spectrum "
" Initial neutron energy corresponds to the group:"
   2.18776E+00    2.29087E+00       0.00000E+00           615           855           241



          Low               High              Mid              Energy           Number             dn/de            E*dn/de          Cumulative
         Energy            Energy            Energy             Width          Fraction                               Sum   
         [MeV]             [MeV]             [MeV]              [MeV]

       9.97500E-06       1.00000E-05       9.98750E-06       2.49996E-08       0.00000E+00       0.00000E+00       0.00000E+00       0.00000E+00
       1.00000E-05       1.04713E-05       1.02356E-05       4.71300E-07       4.06600E-08       8.62720E-02       8.83050E-07       4.06600E-08
       1.04713E-05       1.09648E-05       1.07180E-05       4.93500E-07       4.25753E-08       8.62722E-02       9.24670E-07       8.32353E-08
       1.09648E-05       1.14815E-05       1.12232E-05       5.16700E-07       4.45831E-08       8.62843E-02       9.68382E-07       1.27818E-07
       1.14815E-05       1.20226E-05       1.17521E-05       5.41101E-07       4.66826E-08       8.62734E-02       1.01389E-06       1.74501E-07
       1.20226E-05       1.25892E-05       1.23059E-05       5.66600E-07       4.88835E-08       8.62752E-02       1.06169E-06       2.23385E-07
       1.25892E-05       1.31826E-05       1.28859E-05       5.93400E-07       5.11884E-08       8.62629E-02       1.11158E-06       2.74573E-07
       1.31826E-05       1.38038E-05       1.34932E-05       6.21200E-07       5.35997E-08       8.62843E-02       1.16425E-06       3.28173E-07
       1.38038E-05       1.44544E-05       1.41291E-05       6.50600E-07       5.61265E-08       8.62687E-02       1.21890E-06       3.84299E-07
       1.44544E-05       1.51356E-05       1.47950E-05       6.81200E-07       5.87711E-08       8.62758E-02       1.27645E-06       4.43070E-07
       1.51356E-05       1.58489E-05       1.54922E-05       7.13300E-07       6.15409E-08       8.62763E-02       1.33661E-06       5.04611E-07
       1.58489E-05       1.65959E-05       1.62224E-05       7.47000E-07       6.44416E-08       8.62673E-02       1.39946E-06       5.69053E-07
       1.65959E-05       1.73780E-05       1.69869E-05       7.82101E-07       6.74783E-08       8.62783E-02       1.46560E-06       6.36531E-07
       1.73780E-05       1.81970E-05       1.77875E-05       8.19000E-07       7.06582E-08       8.62737E-02       1.53459E-06       7.07189E-07
       1.81970E-05       1.90546E-05       1.86258E-05       8.57599E-07       7.39887E-08       8.62742E-02       1.60693E-06       7.81178E-07
       1.90546E-05       1.99526E-05       1.95036E-05       8.98001E-07       7.74747E-08       8.62746E-02       1.68267E-06       8.58653E-07
       1.99526E-05       2.08930E-05       2.04228E-05       9.40399E-07       8.11269E-08       8.62685E-02       1.76185E-06       9.39779E-07
       2.08930E-05       2.18776E-05       2.13853E-05       9.84600E-07       8.49525E-08       8.62813E-02       1.84515E-06       1.02473E-06
       2.18776E-05       2.29087E-05       2.23932E-05       1.03110E-06       8.89550E-08       8.62719E-02       1.93190E-06       1.11369E-06
       2.29087E-05       2.39883E-05       2.34485E-05       1.07960E-06       9.31458E-08       8.62781E-02       2.02309E-06       1.20683E-06
       2.39883E-05       2.51189E-05       2.45536E-05       1.13060E-06       9.75329E-08       8.62665E-02       2.11815E-06       1.30437E-06
       2.51189E-05       2.63027E-05       2.57108E-05       1.18380E-06       1.02133E-07       8.62755E-02       2.21821E-06       1.40650E-06
       2.63027E-05       2.75423E-05       2.69225E-05       1.23960E-06       1.06946E-07       8.62745E-02       2.32272E-06       1.51344E-06
       2.75423E-05       2.88403E-05       2.81913E-05       1.29800E-06       1.11988E-07       8.62771E-02       2.43226E-06       1.62543E-06
       2.88403E-05       3.01995E-05       2.95199E-05       1.35920E-06       1.17267E-07       8.62766E-02       2.54688E-06       1.74270E-06
       3.01995E-05       3.16228E-05       3.09111E-05       1.42330E-06       1.22792E-07       8.62726E-02       2.66679E-06       1.86549E-06
       3.16228E-05       3.31131E-05       3.23679E-05       1.49030E-06       1.28579E-07       8.62773E-02       2.79262E-06       1.99407E-06
       3.31131E-05       3.46737E-05       3.38934E-05       1.56060E-06       1.34636E-07       8.62718E-02       2.92404E-06       2.12871E-06
       3.46737E-05       3.63078E-05       3.54907E-05       1.63410E-06       1.40979E-07       8.62732E-02       3.06190E-06       2.26968E-06
       3.63078E-05       3.80189E-05       3.71634E-05       1.71110E-06       1.47625E-07       8.62751E-02       3.20627E-06       2.41731E-06
       3.80189E-05       3.98107E-05       3.89148E-05       1.79180E-06       1.54583E-07       8.62724E-02       3.35727E-06       2.57189E-06
       3.98107E-05       4.16869E-05       4.07488E-05       1.87620E-06       1.61867E-07       8.62740E-02       3.51556E-06       2.73376E-06
       4.16869E-05       4.36516E-05       4.26692E-05       1.96470E-06       1.69496E-07       8.62706E-02       3.68110E-06       2.90326E-06
       4.36516E-05       4.57088E-05       4.46802E-05       2.05720E-06       1.77484E-07       8.62747E-02       3.85477E-06       3.08074E-06
       4.57088E-05       4.78630E-05       4.67859E-05       2.15420E-06       1.85850E-07       8.62732E-02       4.03637E-06       3.26659E-06
       4.78630E-05       5.01187E-05       4.89908E-05       2.25570E-06       1.94608E-07       8.62737E-02       4.22662E-06       3.46120E-06
       5.01187E-05       5.24808E-05       5.12998E-05       2.36210E-06       2.03783E-07       8.62719E-02       4.42572E-06       3.66498E-06
       5.24808E-05       5.49541E-05       5.37174E-05       2.47330E-06       2.13384E-07       8.62750E-02       4.63447E-06       3.87836E-06
       5.49541E-05       5.75440E-05       5.62490E-05       2.58990E-06       2.23443E-07       8.62750E-02       4.85289E-06       4.10181E-06
       5.75440E-05       6.02560E-05       5.89000E-05       2.71200E-06       2.33969E-07       8.62718E-02       5.08141E-06       4.33578E-06
       6.02560E-05       6.30957E-05       6.16758E-05       2.83970E-06       2.44995E-07       8.62749E-02       5.32108E-06       4.58077E-06
       6.30957E-05       6.60693E-05       6.45825E-05       2.97360E-06       2.56544E-07       8.62738E-02       5.57178E-06       4.83732E-06
       6.60693E-05       6.91831E-05       6.76262E-05       3.11380E-06       2.68633E-07       8.62718E-02       5.83423E-06       5.10595E-06
       6.91831E-05       7.24436E-05       7.08134E-05       3.26051E-06       2.81295E-07       8.62735E-02       6.10932E-06       5.38724E-06
       7.24436E-05       7.58578E-05       7.41507E-05       3.41420E-06       2.94555E-07       8.62735E-02       6.39724E-06       5.68180E-06
       7.58578E-05       7.94328E-05       7.76453E-05       3.57500E-06       3.08437E-07       8.62761E-02       6.69894E-06       5.99024E-06
       7.94328E-05       8.31764E-05       8.13046E-05       3.74360E-06       3.22974E-07       8.62735E-02       7.01444E-06       6.31321E-06
       8.31764E-05       8.70964E-05       8.51364E-05       3.92000E-06       3.38190E-07       8.62729E-02       7.34496E-06       6.65140E-06
       8.70964E-05       9.12011E-05       8.91488E-05       4.10471E-06       3.54134E-07       8.62751E-02       7.69132E-06       7.00553E-06
       9.12011E-05       9.54993E-05       9.33502E-05       4.29820E-06       3.70823E-07       8.62742E-02       8.05371E-06       7.37636E-06
       9.54993E-05       1.00000E-04       9.77497E-05       4.50070E-06       3.88298E-07       8.62751E-02       8.43336E-06       7.76465E-06
       1.00000E-04       1.04713E-04       1.02356E-04       4.71300E-06       4.06600E-07       8.62721E-02       8.83051E-06       8.17126E-06
       1.04713E-04       1.09648E-04       1.07181E-04       4.93501E-06       4.25753E-07       8.62721E-02       9.24668E-06       8.59701E-06
       1.09648E-04       1.14815E-04       1.12232E-04       5.16700E-06       4.45831E-07       8.62843E-02       9.68382E-06       9.04284E-06
       1.14815E-04       1.20226E-04       1.17520E-04       5.41100E-06       4.66826E-07       8.62735E-02       1.01389E-05       9.50966E-06
       1.20226E-04       1.25892E-04       1.23059E-04       5.66600E-06       4.88835E-07       8.62752E-02       1.06169E-05       9.99850E-06
       1.25892E-04       1.31826E-04       1.28859E-04       5.93401E-06       5.11884E-07       8.62629E-02       1.11157E-05       1.05104E-05
       1.31826E-04       1.38038E-04       1.34932E-04       6.21199E-06       5.35997E-07       8.62843E-02       1.16425E-05       1.10464E-05
       1.38038E-04       1.44544E-04       1.41291E-04       6.50601E-06       5.61265E-07       8.62686E-02       1.21890E-05       1.16076E-05
       1.44544E-04       1.51356E-04       1.47950E-04       6.81200E-06       5.87711E-07       8.62758E-02       1.27645E-05       1.21954E-05
       1.51356E-04       1.58489E-04       1.54922E-04       7.13300E-06       6.15409E-07       8.62763E-02       1.33661E-05       1.28108E-05
       1.58489E-04       1.65959E-04       1.62224E-04       7.47000E-06       6.44417E-07       8.62673E-02       1.39946E-05       1.34552E-05
       1.65959E-04       1.73780E-04       1.69870E-04       7.82100E-06       6.74783E-07       8.62783E-02       1.46561E-05       1.41300E-05
       1.73780E-04       1.81970E-04       1.77875E-04       8.19000E-06       7.06582E-07       8.62737E-02       1.53459E-05       1.48365E-05
       1.81970E-04       1.90546E-04       1.86258E-04       8.57600E-06       7.39887E-07       8.62741E-02       1.60692E-05       1.55764E-05
       1.90546E-04       1.99526E-04       1.95036E-04       8.98000E-06       7.74747E-07       8.62747E-02       1.68267E-05       1.63512E-05
       1.99526E-04       2.08930E-04       2.04228E-04       9.40399E-06       8.11269E-07       8.62685E-02       1.76184E-05       1.71625E-05
       2.08930E-04       2.18776E-04       2.13853E-04       9.84601E-06       8.49525E-07       8.62812E-02       1.84515E-05       1.80120E-05
       2.18776E-04       2.29087E-04       2.23932E-04       1.03110E-05       8.89550E-07       8.62719E-02       1.93190E-05       1.89015E-05
       2.29087E-04       2.39883E-04       2.34485E-04       1.07960E-05       9.31458E-07       8.62781E-02       2.02309E-05       1.98330E-05
       2.39883E-04       2.51189E-04       2.45536E-04       1.13060E-05       9.75329E-07       8.62665E-02       2.11815E-05       2.08083E-05
       2.51189E-04       2.63027E-04       2.57108E-04       1.18380E-05       1.02133E-06       8.62754E-02       2.21821E-05       2.18296E-05
       2.63027E-04       2.75423E-04       2.69225E-04       1.23960E-05       1.06946E-06       8.62744E-02       2.32272E-05       2.28991E-05
       2.75423E-04       2.88403E-04       2.81913E-04       1.29800E-05       1.11988E-06       8.62771E-02       2.43226E-05       2.40190E-05
       2.88403E-04       3.01995E-04       2.95199E-04       1.35920E-05       1.17267E-06       8.62767E-02       2.54688E-05       2.51916E-05
       3.01995E-04       3.16228E-04       3.09111E-04       1.42330E-05       1.22792E-06       8.62727E-02       2.66679E-05       2.64196E-05
       3.16228E-04       3.31131E-04       3.23680E-04       1.49030E-05       1.28579E-06       8.62770E-02       2.79261E-05       2.77054E-05
       3.31131E-04       3.46737E-04       3.38934E-04       1.56060E-05       1.34636E-06       8.62719E-02       2.92405E-05       2.90517E-05
       3.46737E-04       3.63078E-04       3.54908E-04       1.63410E-05       1.40979E-06       8.62732E-02       3.06190E-05       3.04615E-05
       3.63078E-04       3.80189E-04       3.71634E-04       1.71110E-05       1.47625E-06       8.62752E-02       3.20627E-05       3.19378E-05
       3.80189E-04       3.98107E-04       3.89148E-04       1.79180E-05       1.54583E-06       8.62723E-02       3.35727E-05       3.34836E-05
       3.98107E-04       4.16869E-04       4.07488E-04       1.87620E-05       1.61867E-06       8.62741E-02       3.51556E-05       3.51023E-05
       4.16869E-04       4.36516E-04       4.26692E-04       1.96470E-05       1.69496E-06       8.62706E-02       3.68110E-05       3.67972E-05
       4.36516E-04       4.57088E-04       4.46802E-04       2.05720E-05       1.77484E-06       8.62747E-02       3.85477E-05       3.85721E-05
       4.57088E-04       4.78630E-04       4.67859E-04       2.15420E-05       1.85850E-06       8.62731E-02       4.03637E-05       4.04306E-05
       4.78630E-04       5.01187E-04       4.89909E-04       2.25570E-05       1.94608E-06       8.62736E-02       4.22662E-05       4.23766E-05
       5.01187E-04       5.24808E-04       5.12998E-04       2.36210E-05       2.03783E-06       8.62721E-02       4.42573E-05       4.44145E-05
       5.24808E-04       5.49541E-04       5.37175E-04       2.47330E-05       2.13384E-06       8.62749E-02       4.63447E-05       4.65483E-05
       5.49541E-04       5.75440E-04       5.62491E-04       2.58990E-05       2.23443E-06       8.62750E-02       4.85289E-05       4.87827E-05
       5.75440E-04       6.02560E-04       5.89000E-04       2.71200E-05       2.33969E-06       8.62719E-02       5.08142E-05       5.11224E-05
       6.02560E-04       6.30957E-04       6.16758E-04       2.83970E-05       2.44995E-06       8.62749E-02       5.32108E-05       5.35724E-05
       6.30957E-04       6.60693E-04       6.45825E-04       2.97360E-05       2.56544E-06       8.62737E-02       5.57177E-05       5.61378E-05
       6.60693E-04       6.91831E-04       6.76262E-04       3.11380E-05       2.68633E-06       8.62718E-02       5.83423E-05       5.88241E-05
       6.91831E-04       7.24436E-04       7.08133E-04       3.26050E-05       2.81295E-06       8.62737E-02       6.10933E-05       6.16371E-05
       7.24436E-04       7.58578E-04       7.41507E-04       3.41420E-05       2.94555E-06       8.62735E-02       6.39724E-05       6.45826E-05
       7.58578E-04       7.94328E-04       7.76453E-04       3.57500E-05       3.08437E-06       8.62761E-02       6.69893E-05       6.76670E-05
       7.94328E-04       8.31764E-04       8.13046E-04       3.74360E-05       3.22974E-06       8.62736E-02       7.01444E-05       7.08967E-05
       8.31764E-04       8.70964E-04       8.51364E-04       3.92000E-05       3.38190E-06       8.62728E-02       7.34496E-05       7.42786E-05
       8.70964E-04       9.12011E-04       8.91487E-04       4.10470E-05       3.54134E-06       8.62752E-02       7.69133E-05       7.78200E-05
       9.12011E-04       9.54993E-04       9.33502E-04       4.29820E-05       3.70823E-06       8.62741E-02       8.05370E-05       8.15282E-05
       9.54993E-04       1.00000E-03       9.77497E-04       4.50070E-05       3.88298E-06       8.62751E-02       8.43336E-05       8.54112E-05
       1.00000E-03       1.04713E-03       1.02356E-03       4.71300E-05       4.06600E-06       8.62720E-02       8.83050E-05       8.94772E-05
       1.04713E-03       1.09648E-03       1.07180E-03       4.93500E-05       4.25753E-06       8.62722E-02       9.24670E-05       9.37347E-05
       1.09648E-03       1.14815E-03       1.12231E-03       5.16700E-05       4.45831E-06       8.62842E-02       9.68381E-05       9.81930E-05
       1.14815E-03       1.20226E-03       1.17520E-03       5.41100E-05       4.66826E-06       8.62735E-02       1.01389E-04       1.02861E-04
       1.20226E-03       1.25892E-03       1.23059E-03       5.66600E-05       4.88835E-06       8.62751E-02       1.06169E-04       1.07750E-04
       1.25892E-03       1.31826E-03       1.28859E-03       5.93400E-05       5.11884E-06       8.62630E-02       1.11158E-04       1.12868E-04
       1.31826E-03       1.38038E-03       1.34932E-03       6.21200E-05       5.35997E-06       8.62842E-02       1.16425E-04       1.18228E-04
       1.38038E-03       1.44544E-03       1.41291E-03       6.50599E-05       5.61265E-06       8.62689E-02       1.21890E-04       1.23841E-04
       1.44544E-03       1.51356E-03       1.47950E-03       6.81201E-05       5.87711E-06       8.62756E-02       1.27645E-04       1.29718E-04
       1.51356E-03       1.58489E-03       1.54923E-03       7.13300E-05       6.15409E-06       8.62763E-02       1.33661E-04       1.35872E-04
       1.58489E-03       1.65959E-03       1.62224E-03       7.47000E-05       6.44416E-06       8.62673E-02       1.39946E-04       1.42316E-04
       1.65959E-03       1.73780E-03       1.69870E-03       7.82101E-05       6.74783E-06       8.62783E-02       1.46560E-04       1.49064E-04
       1.73780E-03       1.81970E-03       1.77875E-03       8.18999E-05       7.06582E-06       8.62738E-02       1.53460E-04       1.56130E-04
       1.81970E-03       1.90546E-03       1.86258E-03       8.57600E-05       7.39887E-06       8.62741E-02       1.60692E-04       1.63529E-04
       1.90546E-03       1.99526E-03       1.95036E-03       8.98001E-05       7.74747E-06       8.62747E-02       1.68267E-04       1.71276E-04
       1.99526E-03       2.08930E-03       2.04228E-03       9.40400E-05       8.11269E-06       8.62684E-02       1.76184E-04       1.79389E-04
       2.08930E-03       2.18776E-03       2.13853E-03       9.84600E-05       8.49509E-06       8.62796E-02       1.84512E-04       1.87884E-04
       2.18776E-03       2.29087E-03       2.23932E-03       1.03110E-04       8.89534E-06       8.62703E-02       1.93186E-04       1.96780E-04
       2.29087E-03       2.39883E-03       2.34485E-03       1.07960E-04       9.31458E-06       8.62781E-02       2.02309E-04       2.06094E-04
       2.39883E-03       2.51189E-03       2.45536E-03       1.13060E-04       9.75354E-06       8.62688E-02       2.11821E-04       2.15848E-04
       2.51189E-03       2.63027E-03       2.57108E-03       1.18380E-04       1.02133E-05       8.62754E-02       2.21821E-04       2.26061E-04
       2.63027E-03       2.75423E-03       2.69225E-03       1.23960E-04       1.06947E-05       8.62751E-02       2.32274E-04       2.36756E-04
       2.75423E-03       2.88403E-03       2.81913E-03       1.29800E-04       1.11986E-05       8.62759E-02       2.43223E-04       2.47954E-04
       2.88403E-03       3.01995E-03       2.95199E-03       1.35920E-04       1.17264E-05       8.62742E-02       2.54681E-04       2.59681E-04
       3.01995E-03       3.16228E-03       3.09112E-03       1.42330E-04       1.22790E-05       8.62715E-02       2.66675E-04       2.71960E-04
       3.16228E-03       3.31131E-03       3.23679E-03       1.49030E-04       1.28577E-05       8.62760E-02       2.79258E-04       2.84817E-04
       3.31131E-03       3.46737E-03       3.38934E-03       1.56060E-04       1.34637E-05       8.62728E-02       2.92408E-04       2.98281E-04
       3.46737E-03       3.63078E-03       3.54907E-03       1.63410E-04       1.40982E-05       8.62753E-02       3.06198E-04       3.12379E-04
       3.63078E-03       3.80189E-03       3.71633E-03       1.71110E-04       1.47626E-05       8.62757E-02       3.20629E-04       3.27142E-04
       3.80189E-03       3.98107E-03       3.89148E-03       1.79180E-04       1.54584E-05       8.62731E-02       3.35730E-04       3.42600E-04
       3.98107E-03       4.16869E-03       4.07488E-03       1.87620E-04       1.61869E-05       8.62750E-02       3.51560E-04       3.58787E-04
       4.16869E-03       4.36516E-03       4.26693E-03       1.96470E-04       1.69497E-05       8.62713E-02       3.68113E-04       3.75737E-04
       4.36516E-03       4.57088E-03       4.46802E-03       2.05720E-04       1.77487E-05       8.62761E-02       3.85483E-04       3.93486E-04
       4.57088E-03       4.78630E-03       4.67859E-03       2.15420E-04       1.85851E-05       8.62739E-02       4.03640E-04       4.12071E-04
       4.78630E-03       5.01187E-03       4.89909E-03       2.25570E-04       1.94609E-05       8.62743E-02       4.22665E-04       4.31532E-04
       5.01187E-03       5.24807E-03       5.12997E-03       2.36200E-04       2.03782E-05       8.62754E-02       4.42590E-04       4.51910E-04
       5.24807E-03       5.49541E-03       5.37174E-03       2.47340E-04       2.13385E-05       8.62717E-02       4.63429E-04       4.73248E-04
       5.49541E-03       5.75440E-03       5.62491E-03       2.58990E-04       2.23441E-05       8.62741E-02       4.85283E-04       4.95593E-04
       5.75440E-03       6.02560E-03       5.89000E-03       2.71200E-04       2.33973E-05       8.62730E-02       5.08148E-04       5.18990E-04
       6.02560E-03       6.30957E-03       6.16759E-03       2.83970E-04       2.44999E-05       8.62764E-02       5.32117E-04       5.43490E-04
       6.30957E-03       6.60693E-03       6.45825E-03       2.97360E-04       2.56545E-05       8.62742E-02       5.57181E-04       5.69144E-04
       6.60693E-03       6.91831E-03       6.76262E-03       3.11380E-04       2.68637E-05       8.62731E-02       5.83432E-04       5.96008E-04
       6.91831E-03       7.24436E-03       7.08133E-03       3.26050E-04       2.81297E-05       8.62742E-02       6.10937E-04       6.24138E-04
       7.24436E-03       7.58578E-03       7.41507E-03       3.41420E-04       2.94553E-05       8.62731E-02       6.39721E-04       6.53593E-04
       7.58578E-03       7.94328E-03       7.76453E-03       3.57500E-04       3.08435E-05       8.62756E-02       6.69890E-04       6.84437E-04
       7.94328E-03       8.31764E-03       8.13046E-03       3.74360E-04       3.22972E-05       8.62731E-02       7.01440E-04       7.16734E-04
       8.31764E-03       8.70964E-03       8.51364E-03       3.92000E-04       3.38193E-05       8.62737E-02       7.34503E-04       7.50553E-04
       8.70964E-03       9.12011E-03       8.91487E-03       4.10471E-04       3.54131E-05       8.62743E-02       7.69125E-04       7.85966E-04
       9.12011E-03       9.54993E-03       9.33502E-03       4.29819E-04       3.70822E-05       8.62738E-02       8.05368E-04       8.23048E-04
       9.54993E-03       1.00000E-02       9.77496E-03       4.50070E-04       3.88297E-05       8.62748E-02       8.43334E-04       8.61878E-04
       1.00000E-02       1.04713E-02       1.02357E-02       4.71300E-04       4.06601E-05       8.62722E-02       8.83053E-04       9.02538E-04
       1.04713E-02       1.09648E-02       1.07180E-02       4.93500E-04       4.25754E-05       8.62723E-02       9.24671E-04       9.45114E-04
       1.09648E-02       1.14815E-02       1.12232E-02       5.16700E-04       4.45830E-05       8.62841E-02       9.68380E-04       9.89697E-04
       1.14815E-02       1.20226E-02       1.17521E-02       5.41100E-04       4.66829E-05       8.62741E-02       1.01390E-03       1.03638E-03
       1.20226E-02       1.25892E-02       1.23059E-02       5.66601E-04       4.88838E-05       8.62755E-02       1.06170E-03       1.08526E-03
       1.25892E-02       1.31826E-02       1.28859E-02       5.93399E-04       5.11881E-05       8.62625E-02       1.11157E-03       1.13645E-03
       1.31826E-02       1.38038E-02       1.34932E-02       6.21200E-04       5.35995E-05       8.62838E-02       1.16424E-03       1.19005E-03
       1.38038E-02       1.44544E-02       1.41291E-02       6.50601E-04       5.61265E-05       8.62687E-02       1.21890E-03       1.24618E-03
       1.44544E-02       1.51356E-02       1.47950E-02       6.81199E-04       5.87708E-05       8.62755E-02       1.27645E-03       1.30495E-03
       1.51356E-02       1.58489E-02       1.54923E-02       7.13301E-04       6.15410E-05       8.62764E-02       1.33662E-03       1.36649E-03
       1.58489E-02       1.65959E-02       1.62224E-02       7.47000E-04       6.44416E-05       8.62672E-02       1.39946E-03       1.43093E-03
       1.65959E-02       1.73780E-02       1.69870E-02       7.82100E-04       6.74784E-05       8.62785E-02       1.46561E-03       1.49841E-03
       1.73780E-02       1.81970E-02       1.77875E-02       8.19000E-04       7.06584E-05       8.62740E-02       1.53460E-03       1.56907E-03
       1.81970E-02       1.90546E-02       1.86258E-02       8.57600E-04       7.39887E-05       8.62741E-02       1.60692E-03       1.64306E-03
       1.90546E-02       1.99526E-02       1.95036E-02       8.98000E-04       7.74750E-05       8.62751E-02       1.68267E-03       1.72053E-03
       1.99526E-02       2.08930E-02       2.04228E-02       9.40400E-04       8.11269E-05       8.62685E-02       1.76184E-03       1.80166E-03
       2.08930E-02       2.18776E-02       2.13853E-02       9.84600E-04       8.49509E-05       8.62796E-02       1.84512E-03       1.88661E-03
       2.18776E-02       2.29087E-02       2.23931E-02       1.03110E-03       8.89534E-05       8.62704E-02       1.93187E-03       1.97556E-03
       2.29087E-02       2.39883E-02       2.34485E-02       1.07960E-03       9.31458E-05       8.62779E-02       2.02309E-03       2.06871E-03
       2.39883E-02       2.51189E-02       2.45536E-02       1.13060E-03       9.75354E-05       8.62687E-02       2.11821E-03       2.16624E-03
       2.51189E-02       2.63027E-02       2.57108E-02       1.18380E-03       1.02133E-04       8.62756E-02       2.21821E-03       2.26838E-03
       2.63027E-02       2.75423E-02       2.69225E-02       1.23960E-03       1.06947E-04       8.62750E-02       2.32274E-03       2.37532E-03
       2.75423E-02       2.88403E-02       2.81913E-02       1.29800E-03       1.11986E-04       8.62759E-02       2.43223E-03       2.48731E-03
       2.88403E-02       3.01995E-02       2.95199E-02       1.35920E-03       7.81261E-04       5.74795E-01       1.69679E-02       3.26857E-03
       3.01995E-02       3.16228E-02       3.09112E-02       1.42330E-03       1.94818E-03       1.36878E+00       4.23104E-02       5.21675E-03
       3.16228E-02       3.31131E-02       3.23680E-02       1.49030E-03       2.06193E-03       1.38356E+00       4.47831E-02       7.27868E-03
       3.31131E-02       3.46737E-02       3.38934E-02       1.56060E-03       2.15912E-03       1.38352E+00       4.68923E-02       9.43780E-03
       3.46737E-02       3.63078E-02       3.54908E-02       1.63410E-03       2.26086E-03       1.38355E+00       4.91033E-02       1.16987E-02
       3.63078E-02       3.80189E-02       3.71633E-02       1.71110E-03       2.36742E-03       1.38357E+00       5.14179E-02       1.40661E-02
       3.80189E-02       3.98107E-02       3.89148E-02       1.79180E-03       2.47900E-03       1.38352E+00       5.38395E-02       1.65451E-02
       3.98107E-02       4.16869E-02       4.07488E-02       1.87620E-03       2.59582E-03       1.38355E+00       5.63781E-02       1.91409E-02
       4.16869E-02       4.36516E-02       4.26693E-02       1.96470E-03       2.71815E-03       1.38349E+00       5.90326E-02       2.18590E-02
       4.36516E-02       4.57088E-02       4.46802E-02       2.05720E-03       2.84627E-03       1.38356E+00       6.18179E-02       2.47053E-02
       4.57088E-02       4.78630E-02       4.67859E-02       2.15420E-03       2.98040E-03       1.38353E+00       6.47298E-02       2.76857E-02
       4.78630E-02       5.01187E-02       4.89908E-02       2.25570E-03       3.12086E-03       1.38354E+00       6.77810E-02       3.08066E-02
       5.01187E-02       5.24808E-02       5.12998E-02       2.36210E-03       3.26796E-03       1.38350E+00       7.09730E-02       3.40745E-02
       5.24808E-02       5.49541E-02       5.37174E-02       2.47330E-03       3.42196E-03       1.38356E+00       7.43213E-02       3.74965E-02
       5.49541E-02       5.75440E-02       5.62491E-02       2.58990E-03       3.58322E-03       1.38354E+00       7.78227E-02       4.10797E-02
       5.75440E-02       6.02560E-02       5.89000E-02       2.71200E-03       4.62472E-03       1.70528E+00       1.00441E-01       4.57044E-02
       6.02560E-02       6.30957E-02       6.16758E-02       2.83970E-03       6.68430E-03       2.35388E+00       1.45177E-01       5.23887E-02
       6.30957E-02       6.60693E-02       6.45825E-02       2.97360E-03       7.05941E-03       2.37403E+00       1.53321E-01       5.94482E-02
       6.60693E-02       6.91831E-02       6.76262E-02       3.11380E-03       7.39212E-03       2.37398E+00       1.60544E-01       6.68403E-02
       6.91831E-02       7.24436E-02       7.08134E-02       3.26050E-03       7.74049E-03       2.37402E+00       1.68112E-01       7.45808E-02
       7.24436E-02       7.58578E-02       7.41507E-02       3.41420E-03       8.10528E-03       2.37399E+00       1.76033E-01       8.26860E-02
       7.58578E-02       7.94328E-02       7.76453E-02       3.57500E-03       8.48723E-03       2.37405E+00       1.84334E-01       9.11733E-02
       7.94328E-02       8.31764E-02       8.13046E-02       3.74360E-03       8.88732E-03       2.37400E+00       1.93017E-01       1.00061E-01
       8.31764E-02       8.70964E-02       8.51364E-02       3.92000E-03       9.30574E-03       2.37391E+00       2.02106E-01       1.09366E-01
       8.70964E-02       9.12011E-02       8.91488E-02       4.10470E-03       9.61791E-03       2.34314E+00       2.08888E-01       1.18984E-01
       9.12011E-02       9.54993E-02       9.33502E-02       4.29820E-03       9.93468E-03       2.31136E+00       2.15766E-01       1.28919E-01
       9.54993E-02       1.00000E-01       9.77497E-02       4.50070E-03       1.04029E-02       2.31139E+00       2.25937E-01       1.39322E-01
       1.00000E-01       1.04713E-01       1.02357E-01       4.71300E-03       1.08933E-02       2.31133E+00       2.36580E-01       1.50215E-01
       1.04713E-01       1.09648E-01       1.07180E-01       4.93500E-03       1.14064E-02       2.31133E+00       2.47730E-01       1.61622E-01
       1.09648E-01       1.14815E-01       1.12231E-01       5.16700E-03       1.19443E-02       2.31164E+00       2.59439E-01       1.73566E-01
       1.14815E-01       1.20226E-01       1.17520E-01       5.41100E-03       1.21723E-02       2.24955E+00       2.64368E-01       1.85738E-01
       1.20226E-01       1.25892E-01       1.23059E-01       5.66600E-03       1.19038E-02       2.10091E+00       2.58536E-01       1.97642E-01
       1.25892E-01       1.31826E-01       1.28859E-01       5.93400E-03       1.24286E-02       2.09447E+00       2.69891E-01       2.10070E-01
       1.31826E-01       1.38038E-01       1.34932E-01       6.21200E-03       1.30141E-02       2.09499E+00       2.82681E-01       2.23084E-01
       1.38038E-01       1.44544E-01       1.41291E-01       6.50600E-03       1.36276E-02       2.09462E+00       2.95951E-01       2.36712E-01
       1.44544E-01       1.51356E-01       1.47950E-01       6.81200E-03       1.38556E-02       2.03399E+00       3.00929E-01       2.50568E-01
       1.51356E-01       1.58489E-01       1.54923E-01       7.13300E-03       1.39025E-02       1.94904E+00       3.01951E-01       2.64470E-01
       1.58489E-01       1.65959E-01       1.62224E-01       7.47000E-03       1.45541E-02       1.94834E+00       3.16067E-01       2.79024E-01
       1.65959E-01       1.73780E-01       1.69869E-01       7.82100E-03       1.52395E-02       1.94853E+00       3.30996E-01       2.94264E-01
       1.73780E-01       1.81970E-01       1.77875E-01       8.19000E-03       1.56210E-02       1.90732E+00       3.39265E-01       3.09885E-01
       1.81970E-01       1.90546E-01       1.86258E-01       8.57600E-03       1.59256E-02       1.85699E+00       3.45879E-01       3.25810E-01
       1.90546E-01       1.99526E-01       1.95036E-01       8.98000E-03       1.66760E-02       1.85701E+00       3.62184E-01       3.42486E-01
       1.99526E-01       2.08930E-01       2.04228E-01       9.40400E-03       1.73693E-02       1.84701E+00       3.77212E-01       3.59855E-01
       2.08930E-01       2.18776E-01       2.13853E-01       9.84600E-03       1.77978E-02       1.80762E+00       3.86564E-01       3.77653E-01
       2.18776E-01       2.29087E-01       2.23931E-01       1.03110E-02       1.85917E-02       1.80309E+00       4.03769E-01       3.96245E-01
       2.29087E-01       2.39883E-01       2.34485E-01       1.07960E-02       1.93903E-02       1.79606E+00       4.21149E-01       4.15635E-01
       2.39883E-01       2.51189E-01       2.45536E-01       1.13060E-02       2.00757E-02       1.77567E+00       4.35990E-01       4.35711E-01
       2.51189E-01       2.63027E-01       2.57108E-01       1.18380E-02       2.10072E-02       1.77456E+00       4.56253E-01       4.56718E-01
       2.63027E-01       2.75423E-01       2.69225E-01       1.23960E-02       2.19344E-02       1.76947E+00       4.76386E-01       4.78653E-01
       2.75423E-01       2.88403E-01       2.81913E-01       1.29800E-02       2.29253E-02       1.76620E+00       4.97916E-01       5.01578E-01
       2.88403E-01       3.01995E-01       2.95199E-01       1.35920E-02       2.40632E-02       1.77039E+00       5.22619E-01       5.25641E-01
       3.01995E-01       3.16228E-01       3.09112E-01       1.42330E-02       2.52757E-02       1.77585E+00       5.48935E-01       5.50917E-01
       3.16228E-01       3.31131E-01       3.23680E-01       1.49030E-02       2.66048E-02       1.78520E+00       5.77832E-01       5.77522E-01
       3.31131E-01       3.46737E-01       3.38934E-01       1.56060E-02       2.81669E-02       1.80488E+00       6.11735E-01       6.05689E-01
       3.46737E-01       3.63078E-01       3.54908E-01       1.63410E-02       2.99149E-02       1.83066E+00       6.49716E-01       6.35603E-01
       3.63078E-01       3.80189E-01       3.71633E-01       1.71110E-02       3.19691E-02       1.86833E+00       6.94335E-01       6.67572E-01
       3.80189E-01       3.98107E-01       3.89148E-01       1.79180E-02       3.46776E-02       1.93535E+00       7.53139E-01       7.02250E-01
       3.98107E-01       4.16869E-01       4.07488E-01       1.87620E-02       3.74373E-02       1.99538E+00       8.13093E-01       7.39687E-01
       4.16869E-01       4.36516E-01       4.26692E-01       1.96470E-02       4.12519E-02       2.09965E+00       8.95906E-01       7.80939E-01
       4.36516E-01       4.57088E-01       4.46802E-01       2.05720E-02       4.16485E-02       2.02452E+00       9.04562E-01       8.22588E-01
       4.57088E-01       4.78630E-01       4.67859E-01       2.15420E-02       4.09853E-02       1.90258E+00       8.90137E-01       8.63573E-01
       4.78630E-01       5.01187E-01       4.89909E-01       2.25570E-02       3.78806E-02       1.67933E+00       8.22717E-01       9.01454E-01
       5.01187E-01       5.24808E-01       5.12998E-01       2.36210E-02       3.39939E-02       1.43914E+00       7.38274E-01       9.35447E-01
       5.24808E-01       5.49541E-01       5.37174E-01       2.47330E-02       2.91299E-02       1.17777E+00       6.32671E-01       9.64577E-01
       5.49541E-01       5.75440E-01       5.62490E-01       2.58990E-02       2.28566E-02       8.82527E-01       4.96413E-01       9.87434E-01
       5.75440E-01       6.02560E-01       5.89000E-01       2.71200E-02       1.21849E-02       4.49296E-01       2.64635E-01       9.99619E-01
       6.02560E-01       6.30957E-01       6.16758E-01       2.83970E-02       3.81055E-04       1.34189E-02       8.27620E-03       1.00000E+00

 Sum =                                                                         1.00000E+00
 Renormalization bin#   883 =                                                  1.22174E-04 barn        2.18776E+06        2.29087E+06        2.23932E+06
 Avg. Energy     bin#   883 =                                                  2.89874E-01 MeV         2.18776E+06        2.29087E+06
