"        MT=107 recoil spectrum "
" Initial neutron energy corresponds to the group:"
   7.58578E-02    7.94328E-02       0.00000E+00           671           766            96



          Low               High              Mid              Energy           Number             dn/de            E*dn/de          Cumulative
         Energy            Energy            Energy             Width          Fraction                               Sum   
         [MeV]             [MeV]             [MeV]              [MeV]

       1.25892E-04       1.31826E-04       1.28859E-04       5.93401E-06       0.00000E+00       0.00000E+00       0.00000E+00       0.00000E+00
       1.31826E-04       1.38038E-04       1.34932E-04       6.21199E-06       6.06450E-04       9.76258E+01       1.31728E-02       6.06450E-04
       1.38038E-04       1.44544E-04       1.41291E-04       6.50601E-06       6.35012E-04       9.76039E+01       1.37905E-02       1.24146E-03
       1.44544E-04       1.51356E-04       1.47950E-04       6.81200E-06       6.64953E-04       9.76151E+01       1.44421E-02       1.90642E-03
       1.51356E-04       1.58489E-04       1.54922E-04       7.13300E-06       6.96275E-04       9.76133E+01       1.51225E-02       2.60269E-03
       1.58489E-04       1.65959E-04       1.62224E-04       7.47000E-06       7.29097E-04       9.76033E+01       1.58336E-02       3.33179E-03
       1.65959E-04       1.73780E-04       1.69870E-04       7.82100E-06       7.63478E-04       9.76190E+01       1.65825E-02       4.09527E-03
       1.73780E-04       1.81970E-04       1.77875E-04       8.19000E-06       7.99420E-04       9.76093E+01       1.73622E-02       4.89469E-03
       1.81970E-04       1.90546E-04       1.86258E-04       8.57600E-06       8.37102E-04       9.76098E+01       1.81806E-02       5.73179E-03
       1.90546E-04       1.99526E-04       1.95036E-04       8.98000E-06       8.76584E-04       9.76152E+01       1.90385E-02       6.60837E-03
       1.99526E-04       2.08930E-04       2.04228E-04       9.40399E-06       9.17866E-04       9.76039E+01       1.99334E-02       7.52624E-03
       2.08930E-04       2.18776E-04       2.13853E-04       9.84601E-06       9.61128E-04       9.76160E+01       2.08755E-02       8.48737E-03
       2.18776E-04       2.29087E-04       2.23932E-04       1.03110E-05       1.00643E-03       9.76074E+01       2.18574E-02       9.49380E-03
       2.29087E-04       2.39883E-04       2.34485E-04       1.07960E-05       1.05389E-03       9.76189E+01       2.28902E-02       1.05477E-02
       2.39883E-04       2.51189E-04       2.45536E-04       1.13060E-05       1.10352E-03       9.76044E+01       2.39654E-02       1.16512E-02
       2.51189E-04       2.63027E-04       2.57108E-04       1.18380E-05       1.15554E-03       9.76125E+01       2.50970E-02       1.28067E-02
       2.63027E-04       2.75423E-04       2.69225E-04       1.23960E-05       1.21002E-03       9.76138E+01       2.62801E-02       1.40168E-02
       2.75423E-04       2.88403E-04       2.81913E-04       1.29800E-05       1.26702E-03       9.76135E+01       2.75185E-02       1.52838E-02
       2.88403E-04       3.01995E-04       2.95199E-04       1.35920E-05       1.32673E-03       9.76110E+01       2.88147E-02       1.66105E-02
       3.01995E-04       3.16228E-04       3.09111E-04       1.42330E-05       1.38931E-03       9.76119E+01       3.01729E-02       1.79998E-02
       3.16228E-04       3.31131E-04       3.23680E-04       1.49030E-05       1.45477E-03       9.76160E+01       3.15963E-02       1.94546E-02
       3.31131E-04       3.46737E-04       3.38934E-04       1.56060E-05       1.52330E-03       9.76098E+01       3.30833E-02       2.09779E-02
       3.46737E-04       3.63078E-04       3.54908E-04       1.63410E-05       1.59512E-03       9.76146E+01       3.46441E-02       2.25730E-02
       3.63078E-04       3.80189E-04       3.71634E-04       1.71110E-05       1.67030E-03       9.76158E+01       3.62773E-02       2.42433E-02
       3.80189E-04       3.98107E-04       3.89148E-04       1.79180E-05       1.74903E-03       9.76129E+01       3.79859E-02       2.59923E-02
       3.98107E-04       4.16869E-04       4.07488E-04       1.87620E-05       1.83141E-03       9.76129E+01       3.97761E-02       2.78238E-02
       4.16869E-04       4.36516E-04       4.26692E-04       1.96470E-05       1.91776E-03       9.76106E+01       4.16497E-02       2.97415E-02
       4.36516E-04       4.57088E-04       4.46802E-04       2.05720E-05       2.00812E-03       9.76142E+01       4.36142E-02       3.17496E-02
       4.57088E-04       4.78630E-04       4.67859E-04       2.15420E-05       2.10275E-03       9.76115E+01       4.56684E-02       3.38524E-02
       4.78630E-04       5.01187E-04       4.89909E-04       2.25570E-05       2.20187E-03       9.76136E+01       4.78217E-02       3.60543E-02
       5.01187E-04       5.24808E-04       5.12998E-04       2.36210E-05       2.30562E-03       9.76088E+01       5.00731E-02       3.83599E-02
       5.24808E-04       5.49541E-04       5.37175E-04       2.47330E-05       2.41428E-03       9.76136E+01       5.24356E-02       4.07742E-02
       5.49541E-04       5.75440E-04       5.62491E-04       2.58990E-05       2.52805E-03       9.76118E+01       5.49057E-02       4.33022E-02
       5.75440E-04       6.02560E-04       5.89000E-04       2.71200E-05       2.64721E-03       9.76111E+01       5.74929E-02       4.59494E-02
       6.02560E-04       6.30957E-04       6.16758E-04       2.83970E-05       2.77196E-03       9.76146E+01       6.02046E-02       4.87214E-02
       6.30957E-04       6.60693E-04       6.45825E-04       2.97360E-05       2.90265E-03       9.76138E+01       6.30414E-02       5.16240E-02
       6.60693E-04       6.91831E-04       6.76262E-04       3.11380E-05       3.03939E-03       9.76104E+01       6.60102E-02       5.46634E-02
       6.91831E-04       7.24436E-04       7.08133E-04       3.26050E-05       3.18268E-03       9.76133E+01       6.91233E-02       5.78461E-02
       7.24436E-04       7.58578E-04       7.41507E-04       3.41420E-05       3.33263E-03       9.76107E+01       7.23790E-02       6.11787E-02
       7.58578E-04       7.94328E-04       7.76453E-04       3.57500E-05       3.48972E-03       9.76144E+01       7.57930E-02       6.46684E-02
       7.94328E-04       8.31764E-04       8.13046E-04       3.74360E-05       3.65418E-03       9.76116E+01       7.93627E-02       6.83226E-02
       8.31764E-04       8.70964E-04       8.51364E-04       3.92000E-05       3.82639E-03       9.76120E+01       8.31034E-02       7.21490E-02
       8.70964E-04       9.12011E-04       8.91487E-04       4.10470E-05       4.00670E-03       9.76125E+01       8.70203E-02       7.61557E-02
       9.12011E-04       9.54993E-04       9.33502E-04       4.29820E-05       4.19559E-03       9.76128E+01       9.11217E-02       8.03513E-02
       9.54993E-04       1.00000E-03       9.77497E-04       4.50070E-05       4.39330E-03       9.76137E+01       9.54170E-02       8.47446E-02
       1.00000E-03       1.04713E-03       1.02356E-03       4.71300E-05       4.60037E-03       9.76102E+01       9.99104E-02       8.93450E-02
       1.04713E-03       1.09648E-03       1.07180E-03       4.93500E-05       4.81710E-03       9.76110E+01       1.04620E-01       9.41621E-02
       1.09648E-03       1.14815E-03       1.12231E-03       5.16700E-05       5.04421E-03       9.76236E+01       1.09564E-01       9.92063E-02
       1.14815E-03       1.20226E-03       1.17520E-03       5.41100E-05       5.28183E-03       9.76128E+01       1.14715E-01       1.04488E-01
       1.20226E-03       1.25892E-03       1.23059E-03       5.66600E-05       5.53084E-03       9.76144E+01       1.20123E-01       1.10019E-01
       1.25892E-03       1.31826E-03       1.28859E-03       5.93400E-05       5.79155E-03       9.75995E+01       1.25766E-01       1.15811E-01
       1.31826E-03       1.38038E-03       1.34932E-03       6.21200E-05       6.06450E-03       9.76256E+01       1.31728E-01       1.21875E-01
       1.38038E-03       1.44544E-03       1.41291E-03       6.50599E-05       6.35012E-03       9.76041E+01       1.37906E-01       1.28225E-01
       1.44544E-03       1.51356E-03       1.47950E-03       6.81201E-05       6.64953E-03       9.76148E+01       1.44421E-01       1.34875E-01
       1.51356E-03       1.58489E-03       1.54923E-03       7.13300E-05       6.96275E-03       9.76133E+01       1.51225E-01       1.41837E-01
       1.58489E-03       1.65959E-03       1.62224E-03       7.47000E-05       7.29097E-03       9.76034E+01       1.58336E-01       1.49128E-01
       1.65959E-03       1.73780E-03       1.69870E-03       7.82101E-05       7.63478E-03       9.76189E+01       1.65825E-01       1.56763E-01
       1.73780E-03       1.81970E-03       1.77875E-03       8.18999E-05       7.99420E-03       9.76094E+01       1.73623E-01       1.64757E-01
       1.81970E-03       1.90546E-03       1.86258E-03       8.57600E-05       8.37102E-03       9.76098E+01       1.81806E-01       1.73128E-01
       1.90546E-03       1.99526E-03       1.95036E-03       8.98001E-05       8.76584E-03       9.76151E+01       1.90385E-01       1.81894E-01
       1.99526E-03       2.08930E-03       2.04228E-03       9.40400E-05       9.17866E-03       9.76038E+01       1.99334E-01       1.91073E-01
       2.08930E-03       2.18776E-03       2.13853E-03       9.84600E-05       9.61128E-03       9.76161E+01       2.08755E-01       2.00684E-01
       2.18776E-03       2.29087E-03       2.23932E-03       1.03110E-04       1.00643E-02       9.76074E+01       2.18574E-01       2.10748E-01
       2.29087E-03       2.39883E-03       2.34485E-03       1.07960E-04       1.05389E-02       9.76189E+01       2.28902E-01       2.21287E-01
       2.39883E-03       2.51189E-03       2.45536E-03       1.13060E-04       1.10352E-02       9.76046E+01       2.39654E-01       2.32323E-01
       2.51189E-03       2.63027E-03       2.57108E-03       1.18380E-04       1.15554E-02       9.76125E+01       2.50970E-01       2.43878E-01
       2.63027E-03       2.75423E-03       2.69225E-03       1.23960E-04       1.21002E-02       9.76138E+01       2.62801E-01       2.55978E-01
       2.75423E-03       2.88403E-03       2.81913E-03       1.29800E-04       1.26702E-02       9.76135E+01       2.75185E-01       2.68648E-01
       2.88403E-03       3.01995E-03       2.95199E-03       1.35920E-04       1.32673E-02       9.76109E+01       2.88146E-01       2.81916E-01
       3.01995E-03       3.16228E-03       3.09112E-03       1.42330E-04       1.38931E-02       9.76118E+01       3.01729E-01       2.95809E-01
       3.16228E-03       3.31131E-03       3.23679E-03       1.49030E-04       1.45477E-02       9.76161E+01       3.15963E-01       3.10357E-01
       3.31131E-03       3.46737E-03       3.38934E-03       1.56060E-04       1.52330E-02       9.76096E+01       3.30832E-01       3.25590E-01
       3.46737E-03       3.63078E-03       3.54907E-03       1.63410E-04       1.59512E-02       9.76147E+01       3.46442E-01       3.41541E-01
       3.63078E-03       3.80189E-03       3.71633E-03       1.71110E-04       1.67030E-02       9.76159E+01       3.62773E-01       3.58244E-01
       3.80189E-03       3.98107E-03       3.89148E-03       1.79180E-04       1.74903E-02       9.76128E+01       3.79858E-01       3.75734E-01
       3.98107E-03       4.16869E-03       4.07488E-03       1.87620E-04       1.83141E-02       9.76129E+01       3.97761E-01       3.94048E-01
       4.16869E-03       4.36516E-03       4.26693E-03       1.96470E-04       1.91776E-02       9.76105E+01       4.16497E-01       4.13226E-01
       4.36516E-03       4.57088E-03       4.46802E-03       2.05720E-04       2.00812E-02       9.76144E+01       4.36143E-01       4.33307E-01
       4.57088E-03       4.78630E-03       4.67859E-03       2.15420E-04       2.10275E-02       9.76115E+01       4.56684E-01       4.54334E-01
       4.78630E-03       5.01187E-03       4.89909E-03       2.25570E-04       2.20187E-02       9.76135E+01       4.78217E-01       4.76353E-01
       5.01187E-03       5.24807E-03       5.12997E-03       2.36200E-04       2.30562E-02       9.76130E+01       5.00752E-01       4.99409E-01
       5.24807E-03       5.49541E-03       5.37174E-03       2.47340E-04       2.41428E-02       9.76097E+01       5.24334E-01       5.23552E-01
       5.49541E-03       5.75440E-03       5.62491E-03       2.58990E-04       2.52805E-02       9.76119E+01       5.49057E-01       5.48833E-01
       5.75440E-03       6.02560E-03       5.89000E-03       2.71200E-04       2.64721E-02       9.76110E+01       5.74929E-01       5.75305E-01
       6.02560E-03       6.30957E-03       6.16759E-03       2.83970E-04       2.77196E-02       9.76146E+01       6.02046E-01       6.03024E-01
       6.30957E-03       6.60693E-03       6.45825E-03       2.97360E-04       2.90265E-02       9.76138E+01       6.30414E-01       6.32051E-01
       6.60693E-03       6.91831E-03       6.76262E-03       3.11380E-04       3.03939E-02       9.76104E+01       6.60102E-01       6.62445E-01
       6.91831E-03       7.24436E-03       7.08133E-03       3.26050E-04       3.18268E-02       9.76133E+01       6.91233E-01       6.94272E-01
       7.24436E-03       7.58578E-03       7.41507E-03       3.41420E-04       3.33263E-02       9.76108E+01       7.23791E-01       7.27598E-01
       7.58578E-03       7.94328E-03       7.76453E-03       3.57500E-04       3.48972E-02       9.76144E+01       7.57930E-01       7.62495E-01
       7.94328E-03       8.31764E-03       8.13046E-03       3.74360E-04       3.65418E-02       9.76115E+01       7.93627E-01       7.99037E-01
       8.31764E-03       8.70964E-03       8.51364E-03       3.92000E-04       3.82639E-02       9.76120E+01       8.31034E-01       8.37301E-01
       8.70964E-03       9.12011E-03       8.91487E-03       4.10471E-04       4.00670E-02       9.76124E+01       8.70202E-01       8.77368E-01
       9.12011E-03       9.54993E-03       9.33502E-03       4.29819E-04       4.19559E-02       9.76129E+01       9.11218E-01       9.19324E-01
       9.54993E-03       1.00000E-02       9.77496E-03       4.50070E-04       4.39330E-02       9.76137E+01       9.54170E-01       9.63257E-01
       1.00000E-02       1.04713E-02       1.02357E-02       4.71300E-04       3.67434E-02       7.79619E+01       7.97991E-01       1.00000E+00

 Sum =                                                                         1.00000E+00
 Renormalization bin#   810 =                                                  1.66658E-09 barn        7.58578E+04        7.94328E+04        7.76453E+04
 Avg. Energy     bin#   810 =                                                  5.25587E-03 MeV         7.58578E+04        7.94328E+04
