"        MT=107 recoil spectrum "
" Initial neutron energy corresponds to the group:"
   4.16869E-02    4.36516E-02       0.00000E+00           709           766            58



          Low               High              Mid              Energy           Number             dn/de            E*dn/de          Cumulative
         Energy            Energy            Energy             Width          Fraction                               Sum   
         [MeV]             [MeV]             [MeV]              [MeV]

       7.24436E-04       7.58578E-04       7.41507E-04       3.41420E-05       0.00000E+00       0.00000E+00       0.00000E+00       0.00000E+00
       7.58578E-04       7.94328E-04       7.76453E-04       3.57500E-05       3.71710E-03       1.03975E+02       8.07316E-02       3.71710E-03
       7.94328E-04       8.31764E-04       8.13046E-04       3.74360E-05       3.89221E-03       1.03970E+02       8.45323E-02       7.60931E-03
       8.31764E-04       8.70964E-04       8.51364E-04       3.92000E-05       4.07579E-03       1.03974E+02       8.85198E-02       1.16851E-02
       8.70964E-04       9.12011E-04       8.91487E-04       4.10470E-05       4.26782E-03       1.03974E+02       9.26915E-02       1.59529E-02
       9.12011E-04       9.54993E-04       9.33502E-04       4.29820E-05       4.46905E-03       1.03975E+02       9.70609E-02       2.04220E-02
       9.54993E-04       1.00000E-03       9.77497E-04       4.50070E-05       4.67948E-03       1.03972E+02       1.01633E-01       2.51015E-02
       1.00000E-03       1.04713E-03       1.02356E-03       4.71300E-05       4.90021E-03       1.03972E+02       1.06422E-01       3.00017E-02
       1.04713E-03       1.09648E-03       1.07180E-03       4.93500E-05       5.13088E-03       1.03969E+02       1.11435E-01       3.51325E-02
       1.09648E-03       1.14815E-03       1.12231E-03       5.16700E-05       5.37294E-03       1.03986E+02       1.16705E-01       4.05055E-02
       1.14815E-03       1.20226E-03       1.17520E-03       5.41100E-05       5.62605E-03       1.03974E+02       1.22191E-01       4.61315E-02
       1.20226E-03       1.25892E-03       1.23059E-03       5.66600E-05       5.89129E-03       1.03976E+02       1.27952E-01       5.20228E-02
       1.25892E-03       1.31826E-03       1.28859E-03       5.93400E-05       6.16905E-03       1.03961E+02       1.33963E-01       5.81919E-02
       1.31826E-03       1.38038E-03       1.34932E-03       6.21200E-05       6.45967E-03       1.03987E+02       1.40312E-01       6.46516E-02
       1.38038E-03       1.44544E-03       1.41291E-03       6.50599E-05       6.76391E-03       1.03964E+02       1.46892E-01       7.14155E-02
       1.44544E-03       1.51356E-03       1.47950E-03       6.81201E-05       7.08287E-03       1.03976E+02       1.53833E-01       7.84983E-02
       1.51356E-03       1.58489E-03       1.54923E-03       7.13300E-05       7.41654E-03       1.03975E+02       1.61081E-01       8.59149E-02
       1.58489E-03       1.65959E-03       1.62224E-03       7.47000E-05       7.76603E-03       1.03963E+02       1.68653E-01       9.36809E-02
       1.65959E-03       1.73780E-03       1.69870E-03       7.82101E-05       8.13207E-03       1.03977E+02       1.76626E-01       1.01813E-01
       1.73780E-03       1.81970E-03       1.77875E-03       8.18999E-05       8.51541E-03       1.03973E+02       1.84943E-01       1.10328E-01
       1.81970E-03       1.90546E-03       1.86258E-03       8.57600E-05       8.91677E-03       1.03974E+02       1.93659E-01       1.19245E-01
       1.90546E-03       1.99526E-03       1.95036E-03       8.98001E-05       9.33689E-03       1.03974E+02       2.02787E-01       1.28582E-01
       1.99526E-03       2.08930E-03       2.04228E-03       9.40400E-05       9.77688E-03       1.03965E+02       2.12326E-01       1.38359E-01
       2.08930E-03       2.18776E-03       2.13853E-03       9.84600E-05       1.02378E-02       1.03980E+02       2.22364E-01       1.48597E-01
       2.18776E-03       2.29087E-03       2.23932E-03       1.03110E-04       1.07201E-02       1.03968E+02       2.32817E-01       1.59317E-01
       2.29087E-03       2.39883E-03       2.34485E-03       1.07960E-04       1.12256E-02       1.03979E+02       2.43816E-01       1.70543E-01
       2.39883E-03       2.51189E-03       2.45536E-03       1.13060E-04       1.17546E-02       1.03968E+02       2.55279E-01       1.82297E-01
       2.51189E-03       2.63027E-03       2.57108E-03       1.18380E-04       1.23087E-02       1.03976E+02       2.67330E-01       1.94606E-01
       2.63027E-03       2.75423E-03       2.69225E-03       1.23960E-04       1.28884E-02       1.03973E+02       2.79920E-01       2.07494E-01
       2.75423E-03       2.88403E-03       2.81913E-03       1.29800E-04       1.34962E-02       1.03977E+02       2.93124E-01       2.20990E-01
       2.88403E-03       3.01995E-03       2.95199E-03       1.35920E-04       1.41319E-02       1.03972E+02       3.06925E-01       2.35122E-01
       3.01995E-03       3.16228E-03       3.09112E-03       1.42330E-04       1.47981E-02       1.03971E+02       3.21385E-01       2.49920E-01
       3.16228E-03       3.31131E-03       3.23679E-03       1.49030E-04       1.54953E-02       1.03974E+02       3.36543E-01       2.65416E-01
       3.31131E-03       3.46737E-03       3.38934E-03       1.56060E-04       1.62259E-02       1.03972E+02       3.52397E-01       2.81642E-01
       3.46737E-03       3.63078E-03       3.54907E-03       1.63410E-04       1.69904E-02       1.03974E+02       3.69011E-01       2.98632E-01
       3.63078E-03       3.80189E-03       3.71633E-03       1.71110E-04       1.77912E-02       1.03976E+02       3.86408E-01       3.16423E-01
       3.80189E-03       3.98107E-03       3.89148E-03       1.79180E-04       1.86296E-02       1.03972E+02       4.04603E-01       3.35053E-01
       3.98107E-03       4.16869E-03       4.07488E-03       1.87620E-04       1.95078E-02       1.03975E+02       4.23686E-01       3.54561E-01
       4.16869E-03       4.36516E-03       4.26693E-03       1.96470E-04       2.04271E-02       1.03971E+02       4.43635E-01       3.74988E-01
       4.36516E-03       4.57088E-03       4.46802E-03       2.05720E-04       2.13899E-02       1.03976E+02       4.64566E-01       3.96378E-01
       4.57088E-03       4.78630E-03       4.67859E-03       2.15420E-04       2.23979E-02       1.03973E+02       4.86448E-01       4.18776E-01
       4.78630E-03       5.01187E-03       4.89909E-03       2.25570E-04       2.34533E-02       1.03974E+02       5.09375E-01       4.42229E-01
       5.01187E-03       5.24807E-03       5.12997E-03       2.36200E-04       2.45588E-02       1.03975E+02       5.33388E-01       4.66788E-01
       5.24807E-03       5.49541E-03       5.37174E-03       2.47340E-04       2.57162E-02       1.03971E+02       5.58505E-01       4.92504E-01
       5.49541E-03       5.75440E-03       5.62491E-03       2.58990E-04       2.69280E-02       1.03973E+02       5.84840E-01       5.19432E-01
       5.75440E-03       6.02560E-03       5.89000E-03       2.71200E-04       2.81972E-02       1.03972E+02       6.12394E-01       5.47629E-01
       6.02560E-03       6.30957E-03       6.16759E-03       2.83970E-04       2.95260E-02       1.03976E+02       6.41280E-01       5.77155E-01
       6.30957E-03       6.60693E-03       6.45825E-03       2.97360E-04       3.09177E-02       1.03974E+02       6.71489E-01       6.08073E-01
       6.60693E-03       6.91831E-03       6.76262E-03       3.11380E-04       3.23749E-02       1.03972E+02       7.03125E-01       6.40448E-01
       6.91831E-03       7.24436E-03       7.08133E-03       3.26050E-04       3.39005E-02       1.03973E+02       7.36270E-01       6.74348E-01
       7.24436E-03       7.58578E-03       7.41507E-03       3.41420E-04       3.54982E-02       1.03972E+02       7.70962E-01       7.09846E-01
       7.58578E-03       7.94328E-03       7.76453E-03       3.57500E-04       3.71710E-02       1.03975E+02       8.07316E-01       7.47017E-01
       7.94328E-03       8.31764E-03       8.13046E-03       3.74360E-04       3.89221E-02       1.03970E+02       8.45322E-01       7.85939E-01
       8.31764E-03       8.70964E-03       8.51364E-03       3.92000E-04       4.07579E-02       1.03974E+02       8.85198E-01       8.26697E-01
       8.70964E-03       9.12011E-03       8.91487E-03       4.10471E-04       4.26782E-02       1.03974E+02       9.26914E-01       8.69376E-01
       9.12011E-03       9.54993E-03       9.33502E-03       4.29819E-04       4.46905E-02       1.03975E+02       9.70610E-01       9.14066E-01
       9.54993E-03       1.00000E-02       9.77496E-03       4.50070E-04       4.67948E-02       1.03972E+02       1.01633E+00       9.60861E-01
       1.00000E-02       1.04713E-02       1.02357E-02       4.71300E-04       3.91392E-02       8.30452E+01       8.50021E-01       1.00000E+00

 Sum =                                                                         1.00000E+00
 Renormalization bin#   797 =                                                  2.71825E-10 barn        4.16869E+04        4.36516E+04        4.26692E+04
 Avg. Energy     bin#   797 =                                                  5.56936E-03 MeV         4.16869E+04        4.36516E+04
