"        MT=104 recoil spectrum "
" Initial neutron energy corresponds to the group:"
   1.10000E+01    1.12000E+01       0.00000E+00           615           847           233



          Low               High              Mid              Energy           Number             dn/de            E*dn/de          Cumulative
         Energy            Energy            Energy             Width          Fraction                               Sum   
         [MeV]             [MeV]             [MeV]              [MeV]

       9.97500E-06       1.00000E-05       9.98750E-06       2.49996E-08       0.00000E+00       0.00000E+00       0.00000E+00       0.00000E+00
       1.00000E-05       1.04713E-05       1.02356E-05       4.71300E-07       6.72840E-07       1.42763E+00       1.46127E-05       6.72840E-07
       1.04713E-05       1.09648E-05       1.07180E-05       4.93500E-07       7.04530E-07       1.42762E+00       1.53013E-05       1.37737E-06
       1.09648E-05       1.14815E-05       1.12232E-05       5.16700E-07       7.37780E-07       1.42787E+00       1.60252E-05       2.11515E-06
       1.14815E-05       1.20226E-05       1.17521E-05       5.41101E-07       7.72505E-07       1.42765E+00       1.67779E-05       2.88765E-06
       1.20226E-05       1.25892E-05       1.23059E-05       5.66600E-07       8.08929E-07       1.42769E+00       1.75690E-05       3.69658E-06
       1.25892E-05       1.31826E-05       1.28859E-05       5.93400E-07       8.47079E-07       1.42750E+00       1.83946E-05       4.54366E-06
       1.31826E-05       1.38038E-05       1.34932E-05       6.21200E-07       8.86984E-07       1.42786E+00       1.92664E-05       5.43065E-06
       1.38038E-05       1.44544E-05       1.41291E-05       6.50600E-07       9.28782E-07       1.42758E+00       2.01704E-05       6.35943E-06
       1.44544E-05       1.51356E-05       1.47950E-05       6.81200E-07       9.72558E-07       1.42771E+00       2.11230E-05       7.33199E-06
       1.51356E-05       1.58489E-05       1.54922E-05       7.13300E-07       1.01839E-06       1.42772E+00       2.21186E-05       8.35038E-06
       1.58489E-05       1.65959E-05       1.62224E-05       7.47000E-07       1.06637E-06       1.42754E+00       2.31582E-05       9.41676E-06
       1.65959E-05       1.73780E-05       1.69869E-05       7.82101E-07       1.11664E-06       1.42774E+00       2.42530E-05       1.05334E-05
       1.73780E-05       1.81970E-05       1.77875E-05       8.19000E-07       1.16927E-06       1.42768E+00       2.53948E-05       1.17027E-05
       1.81970E-05       1.90546E-05       1.86258E-05       8.57599E-07       1.22438E-06       1.42768E+00       2.65917E-05       1.29270E-05
       1.90546E-05       1.99526E-05       1.95036E-05       8.98001E-07       1.28208E-06       1.42770E+00       2.78453E-05       1.42091E-05
       1.99526E-05       2.08930E-05       2.04228E-05       9.40399E-07       1.34251E-06       1.42759E+00       2.91554E-05       1.55516E-05
       2.08930E-05       2.18776E-05       2.13853E-05       9.84600E-07       1.40577E-06       1.42776E+00       3.05331E-05       1.69574E-05
       2.18776E-05       2.29087E-05       2.23932E-05       1.03110E-06       1.47202E-06       1.42762E+00       3.19689E-05       1.84294E-05
       2.29087E-05       2.39883E-05       2.34485E-05       1.07960E-06       1.54139E-06       1.42774E+00       3.34784E-05       1.99708E-05
       2.39883E-05       2.51189E-05       2.45536E-05       1.13060E-06       1.61404E-06       1.42760E+00       3.50527E-05       2.15849E-05
       2.51189E-05       2.63027E-05       2.57108E-05       1.18380E-06       1.69012E-06       1.42771E+00       3.67075E-05       2.32750E-05
       2.63027E-05       2.75423E-05       2.69225E-05       1.23960E-06       1.76976E-06       1.42769E+00       3.84370E-05       2.50447E-05
       2.75423E-05       2.88403E-05       2.81913E-05       1.29800E-06       1.85316E-06       1.42771E+00       4.02489E-05       2.68979E-05
       2.88403E-05       3.01995E-05       2.95199E-05       1.35920E-06       1.94049E-06       1.42767E+00       4.21448E-05       2.88384E-05
       3.01995E-05       3.16228E-05       3.09111E-05       1.42330E-06       2.03194E-06       1.42763E+00       4.41296E-05       3.08703E-05
       3.16228E-05       3.31131E-05       3.23679E-05       1.49030E-06       2.12771E-06       1.42771E+00       4.62120E-05       3.29980E-05
       3.31131E-05       3.46737E-05       3.38934E-05       1.56060E-06       2.22801E-06       1.42766E+00       4.83884E-05       3.52261E-05
       3.46737E-05       3.63078E-05       3.54907E-05       1.63410E-06       2.33300E-06       1.42769E+00       5.06699E-05       3.75591E-05
       3.63078E-05       3.80189E-05       3.71634E-05       1.71110E-06       2.44294E-06       1.42770E+00       5.30581E-05       4.00020E-05
       3.80189E-05       3.98107E-05       3.89148E-05       1.79180E-06       2.55809E-06       1.42766E+00       5.55573E-05       4.25601E-05
       3.98107E-05       4.16869E-05       4.07488E-05       1.87620E-06       2.67863E-06       1.42769E+00       5.81767E-05       4.52387E-05
       4.16869E-05       4.36516E-05       4.26692E-05       1.96470E-06       2.80475E-06       1.42757E+00       6.09135E-05       4.80435E-05
       4.36516E-05       4.57088E-05       4.46802E-05       2.05720E-06       2.93703E-06       1.42768E+00       6.37891E-05       5.09805E-05
       4.57088E-05       4.78630E-05       4.67859E-05       2.15420E-06       3.07543E-06       1.42764E+00       6.67936E-05       5.40559E-05
       4.78630E-05       5.01187E-05       4.89908E-05       2.25570E-06       3.22051E-06       1.42772E+00       6.99453E-05       5.72764E-05
       5.01187E-05       5.24808E-05       5.12998E-05       2.36210E-06       3.37228E-06       1.42766E+00       7.32385E-05       6.06487E-05
       5.24808E-05       5.49541E-05       5.37174E-05       2.47330E-06       3.53100E-06       1.42765E+00       7.66896E-05       6.41797E-05
       5.49541E-05       5.75440E-05       5.62490E-05       2.58990E-06       3.69753E-06       1.42767E+00       8.03053E-05       6.78772E-05
       5.75440E-05       6.02560E-05       5.89000E-05       2.71200E-06       3.87185E-06       1.42767E+00       8.40900E-05       7.17491E-05
       6.02560E-05       6.30957E-05       6.16758E-05       2.83970E-06       4.05425E-06       1.42770E+00       8.80549E-05       7.58033E-05
       6.30957E-05       6.60693E-05       6.45825E-05       2.97360E-06       4.24528E-06       1.42766E+00       9.22017E-05       8.00486E-05
       6.60693E-05       6.91831E-05       6.76262E-05       3.11380E-06       4.44550E-06       1.42768E+00       9.65484E-05       8.44941E-05
       6.91831E-05       7.24436E-05       7.08134E-05       3.26051E-06       4.65491E-06       1.42767E+00       1.01098E-04       8.91490E-05
       7.24436E-05       7.58578E-05       7.41507E-05       3.41420E-06       4.87435E-06       1.42767E+00       1.05863E-04       9.40234E-05
       7.58578E-05       7.94328E-05       7.76453E-05       3.57500E-06       5.10408E-06       1.42772E+00       1.10856E-04       9.91275E-05
       7.94328E-05       8.31764E-05       8.13046E-05       3.74360E-06       5.34468E-06       1.42769E+00       1.16077E-04       1.04472E-04
       8.31764E-05       8.70964E-05       8.51364E-05       3.92000E-06       5.59642E-06       1.42766E+00       1.21546E-04       1.10069E-04
       8.70964E-05       9.12011E-05       8.91488E-05       4.10471E-06       5.86013E-06       1.42766E+00       1.27274E-04       1.15929E-04
       9.12011E-05       9.54993E-05       9.33502E-05       4.29820E-06       6.13637E-06       1.42766E+00       1.33273E-04       1.22065E-04
       9.54993E-05       1.00000E-04       9.77497E-05       4.50070E-06       6.42570E-06       1.42771E+00       1.39558E-04       1.28491E-04
       1.00000E-04       1.04713E-04       1.02356E-04       4.71300E-06       6.72840E-06       1.42763E+00       1.46127E-04       1.35219E-04
       1.04713E-04       1.09648E-04       1.07181E-04       4.93501E-06       7.04530E-06       1.42762E+00       1.53013E-04       1.42264E-04
       1.09648E-04       1.14815E-04       1.12232E-04       5.16700E-06       7.37780E-06       1.42787E+00       1.60252E-04       1.49642E-04
       1.14815E-04       1.20226E-04       1.17520E-04       5.41100E-06       7.72505E-06       1.42766E+00       1.67779E-04       1.57367E-04
       1.20226E-04       1.25892E-04       1.23059E-04       5.66600E-06       8.08929E-06       1.42769E+00       1.75690E-04       1.65457E-04
       1.25892E-04       1.31826E-04       1.28859E-04       5.93401E-06       8.47079E-06       1.42750E+00       1.83946E-04       1.73927E-04
       1.31826E-04       1.38038E-04       1.34932E-04       6.21199E-06       8.86984E-06       1.42786E+00       1.92664E-04       1.82797E-04
       1.38038E-04       1.44544E-04       1.41291E-04       6.50601E-06       9.28782E-06       1.42758E+00       2.01704E-04       1.92085E-04
       1.44544E-04       1.51356E-04       1.47950E-04       6.81200E-06       9.72558E-06       1.42771E+00       2.11230E-04       2.01811E-04
       1.51356E-04       1.58489E-04       1.54922E-04       7.13300E-06       1.01839E-05       1.42772E+00       2.21186E-04       2.11995E-04
       1.58489E-04       1.65959E-04       1.62224E-04       7.47000E-06       1.06637E-05       1.42754E+00       2.31582E-04       2.22658E-04
       1.65959E-04       1.73780E-04       1.69870E-04       7.82100E-06       1.11664E-05       1.42774E+00       2.42530E-04       2.33825E-04
       1.73780E-04       1.81970E-04       1.77875E-04       8.19000E-06       1.16927E-05       1.42768E+00       2.53948E-04       2.45517E-04
       1.81970E-04       1.90546E-04       1.86258E-04       8.57600E-06       1.22438E-05       1.42768E+00       2.65917E-04       2.57761E-04
       1.90546E-04       1.99526E-04       1.95036E-04       8.98000E-06       1.28208E-05       1.42770E+00       2.78454E-04       2.70582E-04
       1.99526E-04       2.08930E-04       2.04228E-04       9.40399E-06       1.34251E-05       1.42759E+00       2.91554E-04       2.84007E-04
       2.08930E-04       2.18776E-04       2.13853E-04       9.84601E-06       1.40577E-05       1.42776E+00       3.05331E-04       2.98065E-04
       2.18776E-04       2.29087E-04       2.23932E-04       1.03110E-05       1.47202E-05       1.42762E+00       3.19690E-04       3.12785E-04
       2.29087E-04       2.39883E-04       2.34485E-04       1.07960E-05       1.54139E-05       1.42774E+00       3.34784E-04       3.28199E-04
       2.39883E-04       2.51189E-04       2.45536E-04       1.13060E-05       1.61404E-05       1.42760E+00       3.50527E-04       3.44339E-04
       2.51189E-04       2.63027E-04       2.57108E-04       1.18380E-05       1.69012E-05       1.42771E+00       3.67075E-04       3.61241E-04
       2.63027E-04       2.75423E-04       2.69225E-04       1.23960E-05       1.76976E-05       1.42769E+00       3.84370E-04       3.78938E-04
       2.75423E-04       2.88403E-04       2.81913E-04       1.29800E-05       1.85316E-05       1.42771E+00       4.02489E-04       3.97470E-04
       2.88403E-04       3.01995E-04       2.95199E-04       1.35920E-05       1.94049E-05       1.42768E+00       4.21448E-04       4.16875E-04
       3.01995E-04       3.16228E-04       3.09111E-04       1.42330E-05       2.03194E-05       1.42763E+00       4.41296E-04       4.37194E-04
       3.16228E-04       3.31131E-04       3.23680E-04       1.49030E-05       2.12771E-05       1.42770E+00       4.62118E-04       4.58471E-04
       3.31131E-04       3.46737E-04       3.38934E-04       1.56060E-05       2.22801E-05       1.42767E+00       4.83885E-04       4.80751E-04
       3.46737E-04       3.63078E-04       3.54908E-04       1.63410E-05       2.33300E-05       1.42770E+00       5.06700E-04       5.04081E-04
       3.63078E-04       3.80189E-04       3.71634E-04       1.71110E-05       2.44294E-05       1.42770E+00       5.30581E-04       5.28511E-04
       3.80189E-04       3.98107E-04       3.89148E-04       1.79180E-05       2.55808E-05       1.42766E+00       5.55572E-04       5.54092E-04
       3.98107E-04       4.16869E-04       4.07488E-04       1.87620E-05       2.67863E-05       1.42769E+00       5.81767E-04       5.80878E-04
       4.16869E-04       4.36516E-04       4.26692E-04       1.96470E-05       2.80475E-05       1.42757E+00       6.09135E-04       6.08926E-04
       4.36516E-04       4.57088E-04       4.46802E-04       2.05720E-05       2.93703E-05       1.42768E+00       6.37891E-04       6.38296E-04
       4.57088E-04       4.78630E-04       4.67859E-04       2.15420E-05       3.07543E-05       1.42764E+00       6.67936E-04       6.69050E-04
       4.78630E-04       5.01187E-04       4.89909E-04       2.25570E-05       3.22051E-05       1.42772E+00       6.99452E-04       7.01255E-04
       5.01187E-04       5.24808E-04       5.12998E-04       2.36210E-05       3.37228E-05       1.42766E+00       7.32387E-04       7.34978E-04
       5.24808E-04       5.49541E-04       5.37175E-04       2.47330E-05       3.53100E-05       1.42765E+00       7.66896E-04       7.70288E-04
       5.49541E-04       5.75440E-04       5.62491E-04       2.58990E-05       3.69753E-05       1.42767E+00       8.03053E-04       8.07263E-04
       5.75440E-04       6.02560E-04       5.89000E-04       2.71200E-05       3.87185E-05       1.42767E+00       8.40900E-04       8.45982E-04
       6.02560E-04       6.30957E-04       6.16758E-04       2.83970E-05       4.05425E-05       1.42771E+00       8.80549E-04       8.86524E-04
       6.30957E-04       6.60693E-04       6.45825E-04       2.97360E-05       4.24528E-05       1.42766E+00       9.22016E-04       9.28977E-04
       6.60693E-04       6.91831E-04       6.76262E-04       3.11380E-05       4.44550E-05       1.42768E+00       9.65484E-04       9.73432E-04
       6.91831E-04       7.24436E-04       7.08133E-04       3.26050E-05       4.65491E-05       1.42767E+00       1.01098E-03       1.01998E-03
       7.24436E-04       7.58578E-04       7.41507E-04       3.41420E-05       4.87435E-05       1.42767E+00       1.05863E-03       1.06872E-03
       7.58578E-04       7.94328E-04       7.76453E-04       3.57500E-05       5.10408E-05       1.42772E+00       1.10855E-03       1.11977E-03
       7.94328E-04       8.31764E-04       8.13046E-04       3.74360E-05       5.34468E-05       1.42769E+00       1.16077E-03       1.17321E-03
       8.31764E-04       8.70964E-04       8.51364E-04       3.92000E-05       5.59642E-05       1.42766E+00       1.21546E-03       1.22918E-03
       8.70964E-04       9.12011E-04       8.91487E-04       4.10470E-05       5.86013E-05       1.42766E+00       1.27274E-03       1.28778E-03
       9.12011E-04       9.54993E-04       9.33502E-04       4.29820E-05       6.13637E-05       1.42766E+00       1.33272E-03       1.34914E-03
       9.54993E-04       1.00000E-03       9.77497E-04       4.50070E-05       6.42570E-05       1.42771E+00       1.39558E-03       1.41340E-03
       1.00000E-03       1.04713E-03       1.02356E-03       4.71300E-05       6.72840E-05       1.42763E+00       1.46127E-03       1.48068E-03
       1.04713E-03       1.09648E-03       1.07180E-03       4.93500E-05       7.04530E-05       1.42762E+00       1.53013E-03       1.55114E-03
       1.09648E-03       1.14815E-03       1.12231E-03       5.16700E-05       7.37780E-05       1.42787E+00       1.60252E-03       1.62491E-03
       1.14815E-03       1.20226E-03       1.17520E-03       5.41100E-05       7.72505E-05       1.42766E+00       1.67779E-03       1.70216E-03
       1.20226E-03       1.25892E-03       1.23059E-03       5.66600E-05       8.08929E-05       1.42769E+00       1.75690E-03       1.78306E-03
       1.25892E-03       1.31826E-03       1.28859E-03       5.93400E-05       8.47079E-05       1.42750E+00       1.83946E-03       1.86777E-03
       1.31826E-03       1.38038E-03       1.34932E-03       6.21200E-05       8.86984E-05       1.42786E+00       1.92663E-03       1.95646E-03
       1.38038E-03       1.44544E-03       1.41291E-03       6.50599E-05       9.28782E-05       1.42758E+00       2.01704E-03       2.04934E-03
       1.44544E-03       1.51356E-03       1.47950E-03       6.81201E-05       9.72558E-05       1.42771E+00       2.11230E-03       2.14660E-03
       1.51356E-03       1.58489E-03       1.54923E-03       7.13300E-05       1.01839E-04       1.42772E+00       2.21186E-03       2.24844E-03
       1.58489E-03       1.65959E-03       1.62224E-03       7.47000E-05       1.06637E-04       1.42754E+00       2.31582E-03       2.35507E-03
       1.65959E-03       1.73780E-03       1.69870E-03       7.82101E-05       1.11664E-04       1.42774E+00       2.42530E-03       2.46674E-03
       1.73780E-03       1.81970E-03       1.77875E-03       8.18999E-05       1.16927E-04       1.42768E+00       2.53949E-03       2.58367E-03
       1.81970E-03       1.90546E-03       1.86258E-03       8.57600E-05       1.22438E-04       1.42768E+00       2.65917E-03       2.70610E-03
       1.90546E-03       1.99526E-03       1.95036E-03       8.98001E-05       1.28208E-04       1.42770E+00       2.78453E-03       2.83431E-03
       1.99526E-03       2.08930E-03       2.04228E-03       9.40400E-05       1.34251E-04       1.42759E+00       2.91554E-03       2.96856E-03
       2.08930E-03       2.18776E-03       2.13853E-03       9.84600E-05       1.40577E-04       1.42776E+00       3.05331E-03       3.10914E-03
       2.18776E-03       2.29087E-03       2.23932E-03       1.03110E-04       1.47202E-04       1.42762E+00       3.19690E-03       3.25634E-03
       2.29087E-03       2.39883E-03       2.34485E-03       1.07960E-04       1.54139E-04       1.42774E+00       3.34784E-03       3.41048E-03
       2.39883E-03       2.51189E-03       2.45536E-03       1.13060E-04       1.61404E-04       1.42760E+00       3.50527E-03       3.57188E-03
       2.51189E-03       2.63027E-03       2.57108E-03       1.18380E-04       1.69012E-04       1.42771E+00       3.67075E-03       3.74090E-03
       2.63027E-03       2.75423E-03       2.69225E-03       1.23960E-04       1.76976E-04       1.42769E+00       3.84370E-03       3.91787E-03
       2.75423E-03       2.88403E-03       2.81913E-03       1.29800E-04       1.85317E-04       1.42771E+00       4.02489E-03       4.10319E-03
       2.88403E-03       3.01995E-03       2.95199E-03       1.35920E-04       1.94049E-04       1.42767E+00       4.21448E-03       4.29724E-03
       3.01995E-03       3.16228E-03       3.09112E-03       1.42330E-04       2.03194E-04       1.42763E+00       4.41296E-03       4.50043E-03
       3.16228E-03       3.31131E-03       3.23679E-03       1.49030E-04       2.12771E-04       1.42770E+00       4.62119E-03       4.71320E-03
       3.31131E-03       3.46737E-03       3.38934E-03       1.56060E-04       2.22801E-04       1.42766E+00       4.83884E-03       4.93600E-03
       3.46737E-03       3.63078E-03       3.54907E-03       1.63410E-04       2.33300E-04       1.42770E+00       5.06700E-03       5.16930E-03
       3.63078E-03       3.80189E-03       3.71633E-03       1.71110E-04       2.44294E-04       1.42770E+00       5.30582E-03       5.41360E-03
       3.80189E-03       3.98107E-03       3.89148E-03       1.79180E-04       2.55808E-04       1.42766E+00       5.55571E-03       5.66941E-03
       3.98107E-03       4.16869E-03       4.07488E-03       1.87620E-04       2.67863E-04       1.42769E+00       5.81768E-03       5.93727E-03
       4.16869E-03       4.36516E-03       4.26693E-03       1.96470E-04       2.80487E-04       1.42763E+00       6.09159E-03       6.21776E-03
       4.36516E-03       4.57088E-03       4.46802E-03       2.05720E-04       2.93708E-04       1.42771E+00       6.37904E-03       6.51147E-03
       4.57088E-03       4.78630E-03       4.67859E-03       2.15420E-04       3.07548E-04       1.42767E+00       6.67948E-03       6.81901E-03
       4.78630E-03       5.01187E-03       4.89909E-03       2.25570E-04       3.22043E-04       1.42768E+00       6.99433E-03       7.14106E-03
       5.01187E-03       5.24807E-03       5.12997E-03       2.36200E-04       3.37222E-04       1.42770E+00       7.32405E-03       7.47828E-03
       5.24807E-03       5.49541E-03       5.37174E-03       2.47340E-04       3.53112E-04       1.42763E+00       7.66888E-03       7.83139E-03
       5.49541E-03       5.75440E-03       5.62491E-03       2.58990E-04       3.69753E-04       1.42767E+00       8.03053E-03       8.20114E-03
       5.75440E-03       6.02560E-03       5.89000E-03       2.71200E-04       3.87182E-04       1.42766E+00       8.40893E-03       8.58833E-03
       6.02560E-03       6.30957E-03       6.16759E-03       2.83970E-04       4.05428E-04       1.42771E+00       8.80555E-03       8.99375E-03
       6.30957E-03       6.60693E-03       6.45825E-03       2.97360E-04       4.24537E-04       1.42768E+00       9.22034E-03       9.41829E-03
       6.60693E-03       6.91831E-03       6.76262E-03       3.11380E-04       4.44545E-04       1.42766E+00       9.65472E-03       9.86283E-03
       6.91831E-03       7.24436E-03       7.08133E-03       3.26050E-04       4.65494E-04       1.42768E+00       1.01099E-02       1.03283E-02
       7.24436E-03       7.58578E-03       7.41507E-03       3.41420E-04       4.87432E-04       1.42766E+00       1.05862E-02       1.08158E-02
       7.58578E-03       7.94328E-03       7.76453E-03       3.57500E-04       5.10403E-04       1.42770E+00       1.10854E-02       1.13262E-02
       7.94328E-03       8.31764E-03       8.13046E-03       3.74360E-04       5.34460E-04       1.42766E+00       1.16076E-02       1.18606E-02
       8.31764E-03       8.70964E-03       8.51364E-03       3.92000E-04       5.59648E-04       1.42767E+00       1.21547E-02       1.24203E-02
       8.70964E-03       9.12011E-03       8.91487E-03       4.10471E-04       5.86022E-04       1.42768E+00       1.27276E-02       1.30063E-02
       9.12011E-03       9.54993E-03       9.33502E-03       4.29819E-04       6.13640E-04       1.42767E+00       1.33273E-02       1.36199E-02
       9.54993E-03       1.00000E-02       9.77496E-03       4.50070E-04       6.42559E-04       1.42769E+00       1.39556E-02       1.42625E-02
       1.00000E-02       1.04713E-02       1.02357E-02       4.71300E-04       6.72849E-04       1.42764E+00       1.46129E-02       1.49353E-02
       1.04713E-02       1.09648E-02       1.07180E-02       4.93500E-04       7.04544E-04       1.42765E+00       1.53016E-02       1.56399E-02
       1.09648E-02       1.14815E-02       1.12232E-02       5.16700E-04       7.37766E-04       1.42784E+00       1.60249E-02       1.63777E-02
       1.14815E-02       1.20226E-02       1.17521E-02       5.41100E-04       7.72516E-04       1.42768E+00       1.67781E-02       1.71502E-02
       1.20226E-02       1.25892E-02       1.23059E-02       5.66601E-04       8.08934E-04       1.42770E+00       1.75691E-02       1.79591E-02
       1.25892E-02       1.31826E-02       1.28859E-02       5.93399E-04       8.47068E-04       1.42748E+00       1.83944E-02       1.88062E-02
       1.31826E-02       1.38038E-02       1.34932E-02       6.21200E-04       8.86973E-04       1.42784E+00       1.92661E-02       1.96931E-02
       1.38038E-02       1.44544E-02       1.41291E-02       6.50601E-04       9.28788E-04       1.42759E+00       2.01705E-02       2.06219E-02
       1.44544E-02       1.51356E-02       1.47950E-02       6.81199E-04       9.72547E-04       1.42770E+00       2.11228E-02       2.15945E-02
       1.51356E-02       1.58489E-02       1.54923E-02       7.13301E-04       1.01839E-03       1.42772E+00       2.21185E-02       2.26129E-02
       1.58489E-02       1.65959E-02       1.62224E-02       7.47000E-04       1.06639E-03       1.42756E+00       2.31585E-02       2.36793E-02
       1.65959E-02       1.73780E-02       1.69870E-02       7.82100E-04       1.11664E-03       1.42775E+00       2.42531E-02       2.47959E-02
       1.73780E-02       1.81970E-02       1.77875E-02       8.19000E-04       1.16927E-03       1.42768E+00       2.53948E-02       2.59652E-02
       1.81970E-02       1.90546E-02       1.86258E-02       8.57600E-04       1.22438E-03       1.42768E+00       2.65916E-02       2.71895E-02
       1.90546E-02       1.99526E-02       1.95036E-02       8.98000E-04       1.28207E-03       1.42769E+00       2.78451E-02       2.84716E-02
       1.99526E-02       2.08930E-02       2.04228E-02       9.40400E-04       1.34250E-03       1.42758E+00       2.91553E-02       2.98141E-02
       2.08930E-02       2.18776E-02       2.13853E-02       9.84600E-04       1.40577E-03       1.42776E+00       3.05331E-02       3.12199E-02
       2.18776E-02       2.29087E-02       2.23931E-02       1.03110E-03       1.47202E-03       1.42762E+00       3.19689E-02       3.26919E-02
       2.29087E-02       2.39883E-02       2.34485E-02       1.07960E-03       1.54139E-03       1.42774E+00       3.34783E-02       3.42333E-02
       2.39883E-02       2.51189E-02       2.45536E-02       1.13060E-03       1.61403E-03       1.42759E+00       3.50524E-02       3.58473E-02
       2.51189E-02       2.63027E-02       2.57108E-02       1.18380E-03       1.69011E-03       1.42770E+00       3.67074E-02       3.75374E-02
       2.63027E-02       2.75423E-02       2.69225E-02       1.23960E-03       1.76976E-03       1.42768E+00       3.84368E-02       3.93072E-02
       2.75423E-02       2.88403E-02       2.81913E-02       1.29800E-03       1.85317E-03       1.42771E+00       4.02490E-02       4.11604E-02
       2.88403E-02       3.01995E-02       2.95199E-02       1.35920E-03       1.94050E-03       1.42768E+00       4.21449E-02       4.31009E-02
       3.01995E-02       3.16228E-02       3.09112E-02       1.42330E-03       2.03195E-03       1.42763E+00       4.41298E-02       4.51328E-02
       3.16228E-02       3.31131E-02       3.23680E-02       1.49030E-03       2.15433E-03       1.44556E+00       4.67899E-02       4.72871E-02
       3.31131E-02       3.46737E-02       3.38934E-02       1.56060E-03       2.31038E-03       1.48045E+00       5.01774E-02       4.95975E-02
       3.46737E-02       3.63078E-02       3.54908E-02       1.63410E-03       2.41926E-03       1.48048E+00       5.25434E-02       5.20168E-02
       3.63078E-02       3.80189E-02       3.71633E-02       1.71110E-03       2.53326E-03       1.48049E+00       5.50200E-02       5.45500E-02
       3.80189E-02       3.98107E-02       3.89148E-02       1.79180E-03       3.40029E-03       1.89769E+00       7.38484E-02       5.79503E-02
       3.98107E-02       4.16869E-02       4.07488E-02       1.87620E-03       3.67027E-03       1.95623E+00       7.97138E-02       6.16206E-02
       4.16869E-02       4.36516E-02       4.26693E-02       1.96470E-03       4.37151E-03       2.22502E+00       9.49401E-02       6.59921E-02
       4.36516E-02       4.57088E-02       4.46802E-02       2.05720E-03       4.61425E-03       2.24298E+00       1.00217E-01       7.06064E-02
       4.57088E-02       4.78630E-02       4.67859E-02       2.15420E-03       4.83180E-03       2.24297E+00       1.04939E-01       7.54382E-02
       4.78630E-02       5.01187E-02       4.89908E-02       2.25570E-03       5.09929E-03       2.26063E+00       1.10750E-01       8.05375E-02
       5.01187E-02       5.24808E-02       5.12998E-02       2.36210E-03       5.37626E-03       2.27605E+00       1.16761E-01       8.59137E-02
       5.24808E-02       5.49541E-02       5.37174E-02       2.47330E-03       5.62961E-03       2.27615E+00       1.22269E-01       9.15433E-02
       5.49541E-02       5.75440E-02       5.62491E-02       2.58990E-03       5.95027E-03       2.29749E+00       1.29232E-01       9.74936E-02
       5.75440E-02       6.02560E-02       5.89000E-02       2.71200E-03       6.98379E-03       2.57514E+00       1.51676E-01       1.04477E-01
       6.02560E-02       6.30957E-02       6.16758E-02       2.83970E-03       7.38178E-03       2.59949E+00       1.60326E-01       1.11859E-01
       6.30957E-02       6.60693E-02       6.45825E-02       2.97360E-03       8.19369E-03       2.75548E+00       1.77956E-01       1.20053E-01
       6.60693E-02       6.91831E-02       6.76262E-02       3.11380E-03       8.58018E-03       2.75553E+00       1.86346E-01       1.28633E-01
       6.91831E-02       7.24436E-02       7.08134E-02       3.26050E-03       8.98451E-03       2.75556E+00       1.95131E-01       1.37618E-01
       7.24436E-02       7.58578E-02       7.41507E-02       3.41420E-03       9.40793E-03       2.75553E+00       2.04325E-01       1.47025E-01
       7.58578E-02       7.94328E-02       7.76453E-02       3.57500E-03       9.85507E-03       2.75666E+00       2.14042E-01       1.56881E-01
       7.94328E-02       8.31764E-02       8.13046E-02       3.74360E-03       1.03194E-02       2.75654E+00       2.24119E-01       1.67200E-01
       8.31764E-02       8.70964E-02       8.51364E-02       3.92000E-03       1.08071E-02       2.75691E+00       2.34713E-01       1.78007E-01
       8.70964E-02       9.12011E-02       8.91488E-02       4.10470E-03       1.13167E-02       2.75702E+00       2.45784E-01       1.89324E-01
       9.12011E-02       9.54993E-02       9.33502E-02       4.29820E-03       1.18501E-02       2.75700E+00       2.57366E-01       2.01174E-01
       9.54993E-02       1.00000E-01       9.77497E-02       4.50070E-03       1.23834E-02       2.75143E+00       2.68951E-01       2.13557E-01
       1.00000E-01       1.04713E-01       1.02357E-01       4.71300E-03       1.29643E-02       2.75075E+00       2.81558E-01       2.26522E-01
       1.04713E-01       1.09648E-01       1.07180E-01       4.93500E-03       1.35596E-02       2.74763E+00       2.94492E-01       2.40081E-01
       1.09648E-01       1.14815E-01       1.12231E-01       5.16700E-03       1.41980E-02       2.74782E+00       3.08392E-01       2.54279E-01
       1.14815E-01       1.20226E-01       1.17520E-01       5.41100E-03       1.48326E-02       2.74120E+00       3.22147E-01       2.69112E-01
       1.20226E-01       1.25892E-01       1.23059E-01       5.66600E-03       1.55303E-02       2.74096E+00       3.37300E-01       2.84642E-01
       1.25892E-01       1.31826E-01       1.28859E-01       5.93400E-03       1.62422E-02       2.73714E+00       3.52705E-01       3.00884E-01
       1.31826E-01       1.38038E-01       1.34932E-01       6.21200E-03       1.69847E-02       2.73418E+00       3.68928E-01       3.17869E-01
       1.38038E-01       1.44544E-01       1.41291E-01       6.50600E-03       1.77753E-02       2.73213E+00       3.86026E-01       3.35644E-01
       1.44544E-01       1.51356E-01       1.47950E-01       6.81200E-03       1.85965E-02       2.72997E+00       4.03899E-01       3.54241E-01
       1.51356E-01       1.58489E-01       1.54923E-01       7.13300E-03       1.94433E-02       2.72582E+00       4.22292E-01       3.73684E-01
       1.58489E-01       1.65959E-01       1.62224E-01       7.47000E-03       2.03520E-02       2.72450E+00       4.41979E-01       3.94036E-01
       1.65959E-01       1.73780E-01       1.69869E-01       7.82100E-03       2.12883E-02       2.72195E+00       4.62376E-01       4.15324E-01
       1.73780E-01       1.81970E-01       1.77875E-01       8.19000E-03       2.22689E-02       2.71903E+00       4.83648E-01       4.37593E-01
       1.81970E-01       1.90546E-01       1.86258E-01       8.57600E-03       2.33139E-02       2.71850E+00       5.06343E-01       4.60907E-01
       1.90546E-01       1.99526E-01       1.95036E-01       8.98000E-03       2.43875E-02       2.71575E+00       5.29670E-01       4.85295E-01
       1.99526E-01       2.08930E-01       2.04228E-01       9.40400E-03       2.55365E-02       2.71549E+00       5.54580E-01       5.10831E-01
       2.08930E-01       2.18776E-01       2.13853E-01       9.84600E-03       2.67295E-02       2.71476E+00       5.80559E-01       5.37561E-01
       2.18776E-01       2.29087E-01       2.23931E-01       1.03110E-02       2.79896E-02       2.71454E+00       6.07871E-01       5.65550E-01
       2.29087E-01       2.39883E-01       2.34485E-01       1.07960E-02       2.93210E-02       2.71591E+00       6.36841E-01       5.94871E-01
       2.39883E-01       2.51189E-01       2.45536E-01       1.13060E-02       3.07128E-02       2.71650E+00       6.66999E-01       6.25584E-01
       2.51189E-01       2.63027E-01       2.57108E-01       1.18380E-02       3.21915E-02       2.71933E+00       6.99162E-01       6.57775E-01
       2.63027E-01       2.75423E-01       2.69225E-01       1.23960E-02       3.37489E-02       2.72257E+00       7.32983E-01       6.91524E-01
       2.75423E-01       2.88403E-01       2.81913E-01       1.29800E-02       3.53864E-02       2.72622E+00       7.68557E-01       7.26911E-01
       2.88403E-01       3.01995E-01       2.95199E-01       1.35920E-02       3.71201E-02       2.73103E+00       8.06196E-01       7.64031E-01
       3.01995E-01       3.16228E-01       3.09112E-01       1.42330E-02       3.88497E-02       2.72955E+00       8.43735E-01       8.02880E-01
       3.16228E-01       3.31131E-01       3.23680E-01       1.49030E-02       3.96595E-02       2.66117E+00       8.61368E-01       8.42540E-01
       3.31131E-01       3.46737E-01       3.38934E-01       1.56060E-02       3.95331E-02       2.53320E+00       8.58586E-01       8.82073E-01
       3.46737E-01       3.63078E-01       3.54908E-01       1.63410E-02       4.12507E-02       2.52437E+00       8.95916E-01       9.23324E-01
       3.63078E-01       3.80189E-01       3.71633E-01       1.71110E-02       4.11031E-02       2.40214E+00       8.92717E-01       9.64427E-01
       3.80189E-01       3.98107E-01       3.89148E-01       1.79180E-02       1.92307E-02       1.07326E+00       4.17659E-01       9.83657E-01
       3.98107E-01       4.16869E-01       4.07488E-01       1.87620E-02       1.53433E-02       8.17785E-01       3.33237E-01       9.99001E-01
       4.16869E-01       4.36516E-01       4.26692E-01       1.96470E-02       9.99313E-04       5.08634E-02       2.17030E-02       1.00000E+00

 Sum =                                                                         1.00000E+00
 Renormalization bin#   931 =                                                  3.59105E-06 barn        1.10000E+07        1.12000E+07        1.11000E+07
 Avg. Energy     bin#   931 =                                                  2.05165E-01 MeV         1.10000E+07        1.12000E+07
