"        MT=107 recoil spectrum "
" Initial neutron energy corresponds to the group:"
   1.73780E-01    1.81970E-01       0.00000E+00           645           766           122



          Low               High              Mid              Energy           Number             dn/de            E*dn/de          Cumulative
         Energy            Energy            Energy             Width          Fraction                               Sum   
         [MeV]             [MeV]             [MeV]              [MeV]

       3.80189E-05       3.98107E-05       3.89148E-05       1.79180E-06       0.00000E+00       0.00000E+00       0.00000E+00       0.00000E+00
       3.98107E-05       4.16869E-05       4.07488E-05       1.87620E-06       1.81507E-04       9.67417E+01       3.94211E-03       1.81507E-04
       4.16869E-05       4.36516E-05       4.26692E-05       1.96470E-06       1.90071E-04       9.67431E+01       4.12796E-03       3.71578E-04
       4.36516E-05       4.57088E-05       4.46802E-05       2.05720E-06       1.99024E-04       9.67449E+01       4.32258E-03       5.70602E-04
       4.57088E-05       4.78630E-05       4.67859E-05       2.15420E-06       2.08400E-04       9.67414E+01       4.52613E-03       7.79002E-04
       4.78630E-05       5.01187E-05       4.89908E-05       2.25570E-06       2.18218E-04       9.67408E+01       4.73941E-03       9.97220E-04
       5.01187E-05       5.24808E-05       5.12998E-05       2.36210E-06       2.28513E-04       9.67412E+01       4.96280E-03       1.22573E-03
       5.24808E-05       5.49541E-05       5.37174E-05       2.47330E-06       2.39284E-04       9.67468E+01       5.19699E-03       1.46502E-03
       5.49541E-05       5.75440E-05       5.62490E-05       2.58990E-06       2.50550E-04       9.67413E+01       5.44160E-03       1.71557E-03
       5.75440E-05       6.02560E-05       5.89000E-05       2.71200E-06       2.62363E-04       9.67415E+01       5.69807E-03       1.97793E-03
       6.02560E-05       6.30957E-05       6.16758E-05       2.83970E-06       2.74724E-04       9.67440E+01       5.96677E-03       2.25265E-03
       6.30957E-05       6.60693E-05       6.45825E-05       2.97360E-06       2.87685E-04       9.67463E+01       6.24812E-03       2.54034E-03
       6.60693E-05       6.91831E-05       6.76262E-05       3.11380E-06       3.01228E-04       9.67398E+01       6.54215E-03       2.84157E-03
       6.91831E-05       7.24436E-05       7.08134E-05       3.26051E-06       3.15426E-04       9.67413E+01       6.85058E-03       3.15699E-03
       7.24436E-05       7.58578E-05       7.41507E-05       3.41420E-06       3.30294E-04       9.67411E+01       7.17342E-03       3.48729E-03
       7.58578E-05       7.94328E-05       7.76453E-05       3.57500E-06       3.45868E-04       9.67464E+01       7.51190E-03       3.83315E-03
       7.94328E-05       8.31764E-05       8.13046E-05       3.74360E-06       3.62166E-04       9.67428E+01       7.86564E-03       4.19532E-03
       8.31764E-05       8.70964E-05       8.51364E-05       3.92000E-06       3.79242E-04       9.67454E+01       8.23655E-03       4.57456E-03
       8.70964E-05       9.12011E-05       8.91488E-05       4.10471E-06       3.97112E-04       9.67454E+01       8.62474E-03       4.97167E-03
       9.12011E-05       9.54993E-05       9.33502E-05       4.29820E-06       4.15829E-04       9.67451E+01       9.03117E-03       5.38750E-03
       9.54993E-05       1.00000E-04       9.77497E-05       4.50070E-06       4.35412E-04       9.67431E+01       9.45661E-03       5.82291E-03
       1.00000E-04       1.04713E-04       1.02356E-04       4.71300E-06       4.55948E-04       9.67427E+01       9.90225E-03       6.27886E-03
       1.04713E-04       1.09648E-04       1.07181E-04       4.93501E-06       4.77420E-04       9.67416E+01       1.03688E-02       6.75628E-03
       1.09648E-04       1.14815E-04       1.12232E-04       5.16700E-06       4.99934E-04       9.67552E+01       1.08590E-02       7.25622E-03
       1.14815E-04       1.20226E-04       1.17520E-04       5.41100E-06       5.23473E-04       9.67424E+01       1.13692E-02       7.77969E-03
       1.20226E-04       1.25892E-04       1.23059E-04       5.66600E-06       5.48158E-04       9.67452E+01       1.19054E-02       8.32785E-03
       1.25892E-04       1.31826E-04       1.28859E-04       5.93401E-06       5.73992E-04       9.67293E+01       1.24644E-02       8.90184E-03
       1.31826E-04       1.38038E-04       1.34932E-04       6.21199E-06       6.01044E-04       9.67555E+01       1.30554E-02       9.50288E-03
       1.38038E-04       1.44544E-04       1.41291E-04       6.50601E-06       6.29385E-04       9.67391E+01       1.36684E-02       1.01323E-02
       1.44544E-04       1.51356E-04       1.47950E-04       6.81200E-06       6.59033E-04       9.67460E+01       1.43136E-02       1.07913E-02
       1.51356E-04       1.58489E-04       1.54922E-04       7.13300E-06       6.90094E-04       9.67467E+01       1.49882E-02       1.14814E-02
       1.58489E-04       1.65959E-04       1.62224E-04       7.47000E-06       7.22620E-04       9.67363E+01       1.56929E-02       1.22040E-02
       1.65959E-04       1.73780E-04       1.69870E-04       7.82100E-06       7.56665E-04       9.67478E+01       1.64345E-02       1.29607E-02
       1.73780E-04       1.81970E-04       1.77875E-04       8.19000E-06       7.92334E-04       9.67440E+01       1.72083E-02       1.37530E-02
       1.81970E-04       1.90546E-04       1.86258E-04       8.57600E-06       8.29681E-04       9.67444E+01       1.80194E-02       1.45827E-02
       1.90546E-04       1.99526E-04       1.95036E-04       8.98000E-06       8.68776E-04       9.67457E+01       1.88689E-02       1.54515E-02
       1.99526E-04       2.08930E-04       2.04228E-04       9.40399E-06       9.09724E-04       9.67381E+01       1.97566E-02       1.63612E-02
       2.08930E-04       2.18776E-04       2.13853E-04       9.84601E-06       9.52598E-04       9.67497E+01       2.06902E-02       1.73138E-02
       2.18776E-04       2.29087E-04       2.23932E-04       1.03110E-05       9.97485E-04       9.67398E+01       2.16631E-02       1.83113E-02
       2.29087E-04       2.39883E-04       2.34485E-04       1.07960E-05       1.04449E-03       9.67480E+01       2.26860E-02       1.93558E-02
       2.39883E-04       2.51189E-04       2.45536E-04       1.13060E-05       1.09372E-03       9.67381E+01       2.37527E-02       2.04495E-02
       2.51189E-04       2.63027E-04       2.57108E-04       1.18380E-05       1.14526E-03       9.67447E+01       2.48738E-02       2.15948E-02
       2.63027E-04       2.75423E-04       2.69225E-04       1.23960E-05       1.19925E-03       9.67446E+01       2.60461E-02       2.27940E-02
       2.75423E-04       2.88403E-04       2.81913E-04       1.29800E-05       1.25577E-03       9.67464E+01       2.72741E-02       2.40498E-02
       2.88403E-04       3.01995E-04       2.95199E-04       1.35920E-05       1.31494E-03       9.67439E+01       2.85587E-02       2.53647E-02
       3.01995E-04       3.16228E-04       3.09111E-04       1.42330E-05       1.37692E-03       9.67414E+01       2.99039E-02       2.67416E-02
       3.16228E-04       3.31131E-04       3.23680E-04       1.49030E-05       1.44180E-03       9.67453E+01       3.13145E-02       2.81834E-02
       3.31131E-04       3.46737E-04       3.38934E-04       1.56060E-05       1.50976E-03       9.67425E+01       3.27893E-02       2.96932E-02
       3.46737E-04       3.63078E-04       3.54908E-04       1.63410E-05       1.58091E-03       9.67448E+01       3.43354E-02       3.12741E-02
       3.63078E-04       3.80189E-04       3.71634E-04       1.71110E-05       1.65541E-03       9.67451E+01       3.59537E-02       3.29295E-02
       3.80189E-04       3.98107E-04       3.89148E-04       1.79180E-05       1.73344E-03       9.67428E+01       3.76473E-02       3.46629E-02
       3.98107E-04       4.16869E-04       4.07488E-04       1.87620E-05       1.81507E-03       9.67418E+01       3.94211E-02       3.64780E-02
       4.16869E-04       4.36516E-04       4.26692E-04       1.96470E-05       1.90071E-03       9.67431E+01       4.12795E-02       3.83787E-02
       4.36516E-04       4.57088E-04       4.46802E-04       2.05720E-05       1.99024E-03       9.67449E+01       4.32258E-02       4.03690E-02
       4.57088E-04       4.78630E-04       4.67859E-04       2.15420E-05       2.08400E-03       9.67414E+01       4.52613E-02       4.24530E-02
       4.78630E-04       5.01187E-04       4.89909E-04       2.25570E-05       2.18218E-03       9.67407E+01       4.73941E-02       4.46351E-02
       5.01187E-04       5.24808E-04       5.12998E-04       2.36210E-05       2.28513E-03       9.67414E+01       4.96281E-02       4.69203E-02
       5.24808E-04       5.49541E-04       5.37175E-04       2.47330E-05       2.39284E-03       9.67468E+01       5.19699E-02       4.93131E-02
       5.49541E-04       5.75440E-04       5.62491E-04       2.58990E-05       2.50550E-03       9.67412E+01       5.44160E-02       5.18186E-02
       5.75440E-04       6.02560E-04       5.89000E-04       2.71200E-05       2.62363E-03       9.67416E+01       5.69808E-02       5.44422E-02
       6.02560E-04       6.30957E-04       6.16758E-04       2.83970E-05       2.74724E-03       9.67440E+01       5.96677E-02       5.71895E-02
       6.30957E-04       6.60693E-04       6.45825E-04       2.97360E-05       2.87685E-03       9.67462E+01       6.24811E-02       6.00663E-02
       6.60693E-04       6.91831E-04       6.76262E-04       3.11380E-05       3.01228E-03       9.67398E+01       6.54215E-02       6.30786E-02
       6.91831E-04       7.24436E-04       7.08133E-04       3.26050E-05       3.15426E-03       9.67415E+01       6.85059E-02       6.62329E-02
       7.24436E-04       7.58578E-04       7.41507E-04       3.41420E-05       3.30294E-03       9.67411E+01       7.17342E-02       6.95358E-02
       7.58578E-04       7.94328E-04       7.76453E-04       3.57500E-05       3.45868E-03       9.67463E+01       7.51189E-02       7.29945E-02
       7.94328E-04       8.31764E-04       8.13046E-04       3.74360E-05       3.62166E-03       9.67429E+01       7.86564E-02       7.66162E-02
       8.31764E-04       8.70964E-04       8.51364E-04       3.92000E-05       3.79242E-03       9.67453E+01       8.23655E-02       8.04086E-02
       8.70964E-04       9.12011E-04       8.91487E-04       4.10470E-05       3.97112E-03       9.67456E+01       8.62475E-02       8.43797E-02
       9.12011E-04       9.54993E-04       9.33502E-04       4.29820E-05       4.15829E-03       9.67450E+01       9.03116E-02       8.85380E-02
       9.54993E-04       1.00000E-03       9.77497E-04       4.50070E-05       4.35412E-03       9.67431E+01       9.45661E-02       9.28921E-02
       1.00000E-03       1.04713E-03       1.02356E-03       4.71300E-05       4.55948E-03       9.67427E+01       9.90224E-02       9.74516E-02
       1.04713E-03       1.09648E-03       1.07180E-03       4.93500E-05       4.77420E-03       9.67418E+01       1.03688E-01       1.02226E-01
       1.09648E-03       1.14815E-03       1.12231E-03       5.16700E-05       4.99934E-03       9.67552E+01       1.08590E-01       1.07225E-01
       1.14815E-03       1.20226E-03       1.17520E-03       5.41100E-05       5.23473E-03       9.67423E+01       1.13692E-01       1.12460E-01
       1.20226E-03       1.25892E-03       1.23059E-03       5.66600E-05       5.48158E-03       9.67452E+01       1.19054E-01       1.17941E-01
       1.25892E-03       1.31826E-03       1.28859E-03       5.93400E-05       5.73992E-03       9.67294E+01       1.24645E-01       1.23681E-01
       1.31826E-03       1.38038E-03       1.34932E-03       6.21200E-05       6.01044E-03       9.67554E+01       1.30554E-01       1.29692E-01
       1.38038E-03       1.44544E-03       1.41291E-03       6.50599E-05       6.29385E-03       9.67393E+01       1.36684E-01       1.35986E-01
       1.44544E-03       1.51356E-03       1.47950E-03       6.81201E-05       6.59033E-03       9.67458E+01       1.43135E-01       1.42576E-01
       1.51356E-03       1.58489E-03       1.54923E-03       7.13300E-05       6.90094E-03       9.67467E+01       1.49882E-01       1.49477E-01
       1.58489E-03       1.65959E-03       1.62224E-03       7.47000E-05       7.22620E-03       9.67363E+01       1.56930E-01       1.56703E-01
       1.65959E-03       1.73780E-03       1.69870E-03       7.82101E-05       7.56665E-03       9.67477E+01       1.64345E-01       1.64270E-01
       1.73780E-03       1.81970E-03       1.77875E-03       8.18999E-05       7.92334E-03       9.67442E+01       1.72084E-01       1.72193E-01
       1.81970E-03       1.90546E-03       1.86258E-03       8.57600E-05       8.29681E-03       9.67445E+01       1.80194E-01       1.80490E-01
       1.90546E-03       1.99526E-03       1.95036E-03       8.98001E-05       8.68776E-03       9.67455E+01       1.88689E-01       1.89178E-01
       1.99526E-03       2.08930E-03       2.04228E-03       9.40400E-05       9.09724E-03       9.67380E+01       1.97566E-01       1.98275E-01
       2.08930E-03       2.18776E-03       2.13853E-03       9.84600E-05       9.52598E-03       9.67498E+01       2.06902E-01       2.07801E-01
       2.18776E-03       2.29087E-03       2.23932E-03       1.03110E-04       9.97485E-03       9.67398E+01       2.16631E-01       2.17776E-01
       2.29087E-03       2.39883E-03       2.34485E-03       1.07960E-04       1.04449E-02       9.67480E+01       2.26859E-01       2.28221E-01
       2.39883E-03       2.51189E-03       2.45536E-03       1.13060E-04       1.09372E-02       9.67383E+01       2.37527E-01       2.39158E-01
       2.51189E-03       2.63027E-03       2.57108E-03       1.18380E-04       1.14527E-02       9.67447E+01       2.48738E-01       2.50611E-01
       2.63027E-03       2.75423E-03       2.69225E-03       1.23960E-04       1.19925E-02       9.67446E+01       2.60461E-01       2.62603E-01
       2.75423E-03       2.88403E-03       2.81913E-03       1.29800E-04       1.25577E-02       9.67464E+01       2.72741E-01       2.75161E-01
       2.88403E-03       3.01995E-03       2.95199E-03       1.35920E-04       1.31494E-02       9.67438E+01       2.85587E-01       2.88310E-01
       3.01995E-03       3.16228E-03       3.09112E-03       1.42330E-04       1.37692E-02       9.67414E+01       2.99039E-01       3.02079E-01
       3.16228E-03       3.31131E-03       3.23679E-03       1.49030E-04       1.44180E-02       9.67454E+01       3.13145E-01       3.16497E-01
       3.31131E-03       3.46737E-03       3.38934E-03       1.56060E-04       1.50976E-02       9.67424E+01       3.27893E-01       3.31595E-01
       3.46737E-03       3.63078E-03       3.54907E-03       1.63410E-04       1.58091E-02       9.67448E+01       3.43355E-01       3.47404E-01
       3.63078E-03       3.80189E-03       3.71633E-03       1.71110E-04       1.65541E-02       9.67452E+01       3.59538E-01       3.63958E-01
       3.80189E-03       3.98107E-03       3.89148E-03       1.79180E-04       1.73344E-02       9.67427E+01       3.76472E-01       3.81292E-01
       3.98107E-03       4.16869E-03       4.07488E-03       1.87620E-04       1.81507E-02       9.67419E+01       3.94211E-01       3.99443E-01
       4.16869E-03       4.36516E-03       4.26693E-03       1.96470E-04       1.90071E-02       9.67430E+01       4.12795E-01       4.18450E-01
       4.36516E-03       4.57088E-03       4.46802E-03       2.05720E-04       1.99024E-02       9.67451E+01       4.32259E-01       4.38353E-01
       4.57088E-03       4.78630E-03       4.67859E-03       2.15420E-04       2.08400E-02       9.67414E+01       4.52613E-01       4.59193E-01
       4.78630E-03       5.01187E-03       4.89909E-03       2.25570E-04       2.18218E-02       9.67406E+01       4.73940E-01       4.81014E-01
       5.01187E-03       5.24807E-03       5.12997E-03       2.36200E-04       2.28513E-02       9.67455E+01       4.96302E-01       5.03866E-01
       5.24807E-03       5.49541E-03       5.37174E-03       2.47340E-04       2.39284E-02       9.67428E+01       5.19677E-01       5.27794E-01
       5.49541E-03       5.75440E-03       5.62491E-03       2.58990E-04       2.50550E-02       9.67412E+01       5.44160E-01       5.52849E-01
       5.75440E-03       6.02560E-03       5.89000E-03       2.71200E-04       2.62363E-02       9.67415E+01       5.69807E-01       5.79085E-01
       6.02560E-03       6.30957E-03       6.16759E-03       2.83970E-04       2.74724E-02       9.67440E+01       5.96677E-01       6.06558E-01
       6.30957E-03       6.60693E-03       6.45825E-03       2.97360E-04       2.87685E-02       9.67462E+01       6.24811E-01       6.35326E-01
       6.60693E-03       6.91831E-03       6.76262E-03       3.11380E-04       3.01228E-02       9.67399E+01       6.54215E-01       6.65449E-01
       6.91831E-03       7.24436E-03       7.08133E-03       3.26050E-04       3.15426E-02       9.67415E+01       6.85059E-01       6.96992E-01
       7.24436E-03       7.58578E-03       7.41507E-03       3.41420E-04       3.30294E-02       9.67412E+01       7.17342E-01       7.30021E-01
       7.58578E-03       7.94328E-03       7.76453E-03       3.57500E-04       3.45868E-02       9.67463E+01       7.51189E-01       7.64608E-01
       7.94328E-03       8.31764E-03       8.13046E-03       3.74360E-04       3.62166E-02       9.67428E+01       7.86564E-01       8.00824E-01
       8.31764E-03       8.70964E-03       8.51364E-03       3.92000E-04       3.79242E-02       9.67453E+01       8.23655E-01       8.38749E-01
       8.70964E-03       9.12011E-03       8.91487E-03       4.10471E-04       3.97112E-02       9.67454E+01       8.62473E-01       8.78460E-01
       9.12011E-03       9.54993E-03       9.33502E-03       4.29819E-04       4.15829E-02       9.67451E+01       9.03117E-01       9.20043E-01
       9.54993E-03       1.00000E-02       9.77496E-03       4.50070E-04       4.35412E-02       9.67431E+01       9.45660E-01       9.63584E-01
       1.00000E-02       1.04713E-02       1.02357E-02       4.71300E-04       3.64162E-02       7.72675E+01       7.90883E-01       1.00000E+00

 Sum =                                                                         1.00000E+00
 Renormalization bin#   828 =                                                  5.66314E-09 barn        1.73780E+05        1.81970E+05        1.77875E+05
 Avg. Energy     bin#   828 =                                                  5.20985E-03 MeV         1.73780E+05        1.81970E+05
