"        MT=601 recoil spectrum "
" Initial neutron energy corresponds to the group:"
   7.00000E+00    7.20000E+00       0.00000E+00           797           826            30
 Debug druck set-a:   797      0.00000E+00        1.96470E-03        0.00000E+00
 Debug druck set-a:   798      1.03179E-08        2.05720E-03        2.12260E-11
 Debug druck set-a:   799      2.33405E-08        2.15420E-03        5.02800E-11
 Debug druck set-a:   800      2.53083E-08        2.25570E-03        5.70880E-11
 Debug druck set-a:   801      2.53427E-08        2.36210E-03        5.98620E-11
 Debug druck set-a:   802      2.53439E-08        2.47330E-03        6.26830E-11
 Debug druck set-a:   803      2.53435E-08        2.58990E-03        6.56370E-11
 Debug druck set-a:   804      2.53429E-08        2.71200E-03        6.87300E-11
 Debug druck set-a:   805      2.53439E-08        2.83970E-03        7.19690E-11
 Debug druck set-a:   806      2.53434E-08        2.97360E-03        7.53610E-11
 Debug druck set-a:   807      2.53430E-08        3.11380E-03        7.89130E-11
 Debug druck set-a:   808      2.53434E-08        3.26050E-03        8.26320E-11
 Debug druck set-a:   809      2.53430E-08        3.41420E-03        8.65260E-11
 Debug druck set-a:   810      2.53438E-08        3.57500E-03        9.06040E-11
 Debug druck set-a:   811      2.53430E-08        3.74360E-03        9.48740E-11
 Debug druck set-a:   812      2.53431E-08        3.92000E-03        9.93450E-11
 Debug druck set-a:   813      2.53441E-08        4.10470E-03        1.04030E-10
 Debug druck set-a:   814      2.53432E-08        4.29820E-03        1.08930E-10
 Debug druck set-a:   815      2.53427E-08        4.50070E-03        1.14060E-10
 Debug druck set-a:   816      2.53427E-08        4.71300E-03        1.19440E-10
 Debug druck set-a:   817      2.53435E-08        4.93500E-03        1.25070E-10
 Debug druck set-a:   818      2.53455E-08        5.16700E-03        1.30960E-10
 Debug druck set-a:   819      2.53428E-08        5.41100E-03        1.37130E-10
 Debug druck set-a:   820      2.53442E-08        5.66600E-03        1.43600E-10
 Debug druck set-a:   821      2.53404E-08        5.93400E-03        1.50370E-10
 Debug druck set-a:   822      2.53461E-08        6.21200E-03        1.57450E-10
 Debug druck set-a:   823      2.53412E-08        6.50600E-03        1.64870E-10
 Debug druck set-a:   824      2.51042E-08        6.81200E-03        1.71010E-10
 Debug druck set-a:   825      1.60802E-08        7.13300E-03        1.14700E-10
 Debug druck set-a:   826      2.04337E-09        7.47000E-03        1.52640E-11



          Low               High              Mid              Energy           Number             dn/de            E*dn/de          Cumulative
         Energy            Energy            Energy             Width          Fraction                               Sum   
         [MeV]             [MeV]             [MeV]              [MeV]

       4.16869E-02       4.36516E-02       4.26693E-02       1.96470E-03       0.00000E+00       0.00000E+00       0.00000E+00       0.00000E+00
       4.36516E-02       4.57088E-02       4.46802E-02       2.05720E-03       7.51998E-03       3.65545E+00       1.63326E-01       7.51998E-03
       4.57088E-02       4.78630E-02       4.67859E-02       2.15420E-03       1.78133E-02       8.26909E+00       3.86877E-01       2.53333E-02
       4.78630E-02       5.01187E-02       4.89908E-02       2.25570E-03       2.02252E-02       8.96628E+00       4.39266E-01       4.55585E-02
       5.01187E-02       5.24808E-02       5.12998E-02       2.36210E-03       2.12080E-02       8.97845E+00       4.60592E-01       6.67665E-02
       5.24808E-02       5.49541E-02       5.37174E-02       2.47330E-03       2.22074E-02       8.97886E+00       4.82322E-01       8.89739E-02
       5.49541E-02       5.75440E-02       5.62491E-02       2.58990E-03       2.32540E-02       8.97872E+00       5.05045E-01       1.12228E-01
       5.75440E-02       6.02560E-02       5.89000E-02       2.71200E-03       2.43498E-02       8.97853E+00       5.28835E-01       1.36578E-01
       6.02560E-02       6.30957E-02       6.16758E-02       2.83970E-03       2.54973E-02       8.97887E+00       5.53779E-01       1.62075E-01
       6.30957E-02       6.60693E-02       6.45825E-02       2.97360E-03       2.66990E-02       8.97869E+00       5.79866E-01       1.88774E-01
       6.60693E-02       6.91831E-02       6.76262E-02       3.11380E-03       2.79574E-02       8.97854E+00       6.07185E-01       2.16731E-01
       6.91831E-02       7.24436E-02       7.08134E-02       3.26050E-03       2.92750E-02       8.97868E+00       6.35811E-01       2.46006E-01
       7.24436E-02       7.58578E-02       7.41507E-02       3.41420E-03       3.06546E-02       8.97856E+00       6.65767E-01       2.76661E-01
       7.58578E-02       7.94328E-02       7.76453E-02       3.57500E-03       3.20993E-02       8.97883E+00       6.97164E-01       3.08760E-01
       7.94328E-02       8.31764E-02       8.13046E-02       3.74360E-03       3.36121E-02       8.97855E+00       7.29997E-01       3.42372E-01
       8.31764E-02       8.70964E-02       8.51364E-02       3.92000E-03       3.51961E-02       8.97860E+00       7.64405E-01       3.77568E-01
       8.70964E-02       9.12011E-02       8.91488E-02       4.10470E-03       3.68559E-02       8.97895E+00       8.00462E-01       4.14424E-01
       9.12011E-02       9.54993E-02       9.33502E-02       4.29820E-03       3.85919E-02       8.97863E+00       8.38157E-01       4.53016E-01
       9.54993E-02       1.00000E-01       9.77497E-02       4.50070E-03       4.04094E-02       8.97845E+00       8.77641E-01       4.93426E-01
       1.00000E-01       1.04713E-01       1.02357E-01       4.71300E-03       4.23154E-02       8.97844E+00       9.19002E-01       5.35741E-01
       1.04713E-01       1.09648E-01       1.07180E-01       4.93500E-03       4.43100E-02       8.97872E+00       9.62344E-01       5.80051E-01
       1.09648E-01       1.14815E-01       1.12231E-01       5.16700E-03       4.63967E-02       8.97943E+00       1.00777E+00       6.26448E-01
       1.14815E-01       1.20226E-01       1.17520E-01       5.41100E-03       4.85826E-02       8.97849E+00       1.05516E+00       6.75030E-01
       1.20226E-01       1.25892E-01       1.23059E-01       5.66600E-03       5.08748E-02       8.97897E+00       1.10494E+00       7.25905E-01
       1.25892E-01       1.31826E-01       1.28859E-01       5.93400E-03       5.32733E-02       8.97764E+00       1.15685E+00       7.79178E-01
       1.31826E-01       1.38038E-01       1.34932E-01       6.21200E-03       5.57816E-02       8.97966E+00       1.21164E+00       8.34960E-01
       1.38038E-01       1.44544E-01       1.41291E-01       6.50600E-03       5.84104E-02       8.97793E+00       1.26850E+00       8.93370E-01
       1.44544E-01       1.51356E-01       1.47950E-01       6.81200E-03       6.05857E-02       8.89396E+00       1.31586E+00       9.53956E-01
       1.51356E-01       1.58489E-01       1.54923E-01       7.13300E-03       4.06361E-02       5.69691E+00       8.82580E-01       9.94592E-01
       1.58489E-01       1.65959E-01       1.62224E-01       7.47000E-03       5.40775E-03       7.23930E-01       1.17439E-01       1.00000E+00

 Sum =                                                                         1.00000E+00
 Renormalization bin#   911 =                                                  2.82261E-09 barn        7.00000E+06        7.20000E+06        7.10000E+06
 Avg. Energy     bin#   911 =                                                  1.00815E-01 MeV         7.00000E+06        7.20000E+06
