"        MT=602 recoil spectrum "
" Initial neutron energy corresponds to the group:"
   7.00000E+00    7.20000E+00       0.00000E+00           797           826            30
 Debug druck set-a:   797      0.00000E+00        1.96470E-03        0.00000E+00
 Debug druck set-a:   798      4.69298E-09        2.05720E-03        9.65440E-12
 Debug druck set-a:   799      1.70286E-08        2.15420E-03        3.66830E-11
 Debug druck set-a:   800      2.31338E-08        2.25570E-03        5.21830E-11
 Debug druck set-a:   801      2.33144E-08        2.36210E-03        5.50710E-11
 Debug druck set-a:   802      2.33154E-08        2.47330E-03        5.76660E-11
 Debug druck set-a:   803      2.33148E-08        2.58990E-03        6.03830E-11
 Debug druck set-a:   804      2.33145E-08        2.71200E-03        6.32290E-11
 Debug druck set-a:   805      2.33155E-08        2.83970E-03        6.62090E-11
 Debug druck set-a:   806      2.33152E-08        2.97360E-03        6.93300E-11
 Debug druck set-a:   807      2.33146E-08        3.11380E-03        7.25970E-11
 Debug druck set-a:   808      2.33148E-08        3.26050E-03        7.60180E-11
 Debug druck set-a:   809      2.33147E-08        3.41420E-03        7.96010E-11
 Debug druck set-a:   810      2.33152E-08        3.57500E-03        8.33520E-11
 Debug druck set-a:   811      2.33147E-08        3.74360E-03        8.72810E-11
 Debug druck set-a:   812      2.33148E-08        3.92000E-03        9.13940E-11
 Debug druck set-a:   813      2.33150E-08        4.10470E-03        9.57010E-11
 Debug druck set-a:   814      2.33144E-08        4.29820E-03        1.00210E-10
 Debug druck set-a:   815      2.33141E-08        4.50070E-03        1.04930E-10
 Debug druck set-a:   816      2.33142E-08        4.71300E-03        1.09880E-10
 Debug druck set-a:   817      2.33151E-08        4.93500E-03        1.15060E-10
 Debug druck set-a:   818      2.33172E-08        5.16700E-03        1.20480E-10
 Debug druck set-a:   819      2.33155E-08        5.41100E-03        1.26160E-10
 Debug druck set-a:   820      2.33145E-08        5.66600E-03        1.32100E-10
 Debug druck set-a:   821      2.33114E-08        5.93400E-03        1.38330E-10
 Debug druck set-a:   822      2.33178E-08        6.21200E-03        1.44850E-10
 Debug druck set-a:   823      2.33139E-08        6.50600E-03        1.51680E-10
 Debug druck set-a:   824      2.21301E-08        6.81200E-03        1.50750E-10
 Debug druck set-a:   825      1.20548E-08        7.13300E-03        8.59870E-11
 Debug druck set-a:   826      4.40187E-10        7.47000E-03        3.28820E-12



          Low               High              Mid              Energy           Number             dn/de            E*dn/de          Cumulative
         Energy            Energy            Energy             Width          Fraction                               Sum   
         [MeV]             [MeV]             [MeV]              [MeV]

       4.16869E-02       4.36516E-02       4.26693E-02       1.96470E-03       0.00000E+00       0.00000E+00       0.00000E+00       0.00000E+00
       4.36516E-02       4.57088E-02       4.46802E-02       2.05720E-03       3.80086E-03       1.84759E+00       8.25507E-02       3.80086E-03
       4.57088E-02       4.78630E-02       4.67859E-02       2.15420E-03       1.44418E-02       6.70402E+00       3.13654E-01       1.82427E-02
       4.78630E-02       5.01187E-02       4.89908E-02       2.25570E-03       2.05440E-02       9.10761E+00       4.46189E-01       3.87867E-02
       5.01187E-02       5.24808E-02       5.12998E-02       2.36210E-03       2.16810E-02       9.17869E+00       4.70865E-01       6.04677E-02
       5.24808E-02       5.49541E-02       5.37174E-02       2.47330E-03       2.27026E-02       9.17908E+00       4.93077E-01       8.31703E-02
       5.49541E-02       5.75440E-02       5.62491E-02       2.58990E-03       2.37723E-02       9.17885E+00       5.16302E-01       1.06943E-01
       5.75440E-02       6.02560E-02       5.89000E-02       2.71200E-03       2.48927E-02       9.17874E+00       5.40628E-01       1.31835E-01
       6.02560E-02       6.30957E-02       6.16758E-02       2.83970E-03       2.60659E-02       9.17912E+00       5.66130E-01       1.57901E-01
       6.30957E-02       6.60693E-02       6.45825E-02       2.97360E-03       2.72947E-02       9.17900E+00       5.92803E-01       1.85196E-01
       6.60693E-02       6.91831E-02       6.76262E-02       3.11380E-03       2.85808E-02       9.17875E+00       6.20724E-01       2.13777E-01
       6.91831E-02       7.24436E-02       7.08134E-02       3.26050E-03       2.99277E-02       9.17886E+00       6.49986E-01       2.43704E-01
       7.24436E-02       7.58578E-02       7.41507E-02       3.41420E-03       3.13383E-02       9.17882E+00       6.80616E-01       2.75043E-01
       7.58578E-02       7.94328E-02       7.76453E-02       3.57500E-03       3.28150E-02       9.17902E+00       7.12708E-01       3.07858E-01
       7.94328E-02       8.31764E-02       8.13046E-02       3.74360E-03       3.43618E-02       9.17881E+00       7.46280E-01       3.42220E-01
       8.31764E-02       8.70964E-02       8.51364E-02       3.92000E-03       3.59811E-02       9.17885E+00       7.81454E-01       3.78201E-01
       8.70964E-02       9.12011E-02       8.91488E-02       4.10470E-03       3.76767E-02       9.17891E+00       8.18289E-01       4.15877E-01
       9.12011E-02       9.54993E-02       9.33502E-02       4.29820E-03       3.94519E-02       9.17871E+00       8.56834E-01       4.55329E-01
       9.54993E-02       1.00000E-01       9.77497E-02       4.50070E-03       4.13101E-02       9.17859E+00       8.97204E-01       4.96639E-01
       1.00000E-01       1.04713E-01       1.02357E-01       4.71300E-03       4.32589E-02       9.17863E+00       9.39492E-01       5.39898E-01
       1.04713E-01       1.09648E-01       1.07180E-01       4.93500E-03       4.52982E-02       9.17896E+00       9.83806E-01       5.85196E-01
       1.09648E-01       1.14815E-01       1.12231E-01       5.16700E-03       4.74320E-02       9.17980E+00       1.03026E+00       6.32628E-01
       1.14815E-01       1.20226E-01       1.17520E-01       5.41100E-03       4.96682E-02       9.17911E+00       1.07873E+00       6.82297E-01
       1.20226E-01       1.25892E-01       1.23059E-01       5.66600E-03       5.20067E-02       9.17873E+00       1.12953E+00       7.34303E-01
       1.25892E-01       1.31826E-01       1.28859E-01       5.93400E-03       5.44594E-02       9.17752E+00       1.18261E+00       7.88763E-01
       1.31826E-01       1.38038E-01       1.34932E-01       6.21200E-03       5.70263E-02       9.18002E+00       1.23868E+00       8.45789E-01
       1.38038E-01       1.44544E-01       1.41291E-01       6.50600E-03       5.97152E-02       9.17848E+00       1.29684E+00       9.05504E-01
       1.44544E-01       1.51356E-01       1.47950E-01       6.81200E-03       5.93491E-02       8.71243E+00       1.28900E+00       9.64853E-01
       1.51356E-01       1.58489E-01       1.54923E-01       7.13300E-03       3.38524E-02       4.74588E+00       7.35244E-01       9.98706E-01
       1.58489E-01       1.65959E-01       1.62224E-01       7.47000E-03       1.29454E-03       1.73298E-01       2.81131E-02       1.00000E+00

 Sum =                                                                         1.00000E+00
 Renormalization bin#   911 =                                                  2.54006E-09 barn        7.00000E+06        7.20000E+06        7.10000E+06
 Avg. Energy     bin#   911 =                                                  1.00446E-01 MeV         7.00000E+06        7.20000E+06
