"        MT=800 recoil spectrum "
" Initial neutron energy corresponds to the group:"
   5.00000E+00    5.20000E+00       0.00000E+00           823           846            24
 Debug druck set-a:   823      0.00000E+00        6.50600E-03        0.00000E+00
 Debug druck set-a:   824      1.47475E-10        6.81200E-03        1.00460E-12
 Debug druck set-a:   825      1.47470E-10        7.13300E-03        1.05190E-12
 Debug druck set-a:   826      1.47457E-10        7.47000E-03        1.10150E-12
 Debug druck set-a:   827      1.47475E-10        7.82100E-03        1.15340E-12
 Debug druck set-a:   828      1.47473E-10        8.19000E-03        1.20780E-12
 Debug druck set-a:   829      1.47470E-10        8.57600E-03        1.26470E-12
 Debug druck set-a:   830      1.47472E-10        8.98000E-03        1.32430E-12
 Debug druck set-a:   831      1.47459E-10        9.40400E-03        1.38670E-12
 Debug druck set-a:   832      1.47481E-10        9.84600E-03        1.45210E-12
 Debug druck set-a:   833      1.47464E-10        1.03110E-02        1.52050E-12
 Debug druck set-a:   834      1.47481E-10        1.07960E-02        1.59220E-12
 Debug druck set-a:   835      1.47462E-10        1.13060E-02        1.66720E-12
 Debug druck set-a:   836      1.47474E-10        1.18380E-02        1.74580E-12
 Debug druck set-a:   837      1.47467E-10        1.23960E-02        1.82800E-12
 Debug druck set-a:   838      1.47473E-10        1.29800E-02        1.91420E-12
 Debug druck set-a:   839      1.47469E-10        1.35920E-02        2.00440E-12
 Debug druck set-a:   840      1.47467E-10        1.42330E-02        2.09890E-12
 Debug druck set-a:   841      1.47474E-10        1.49030E-02        2.19780E-12
 Debug druck set-a:   842      1.47469E-10        1.56060E-02        2.30140E-12
 Debug druck set-a:   843      1.47470E-10        1.63410E-02        2.40980E-12
 Debug druck set-a:   844      1.47472E-10        1.71110E-02        2.52340E-12
 Debug druck set-a:   845      1.47254E-10        1.79180E-02        2.63850E-12
 Debug druck set-a:   846      9.59279E-11        1.87620E-02        1.79980E-12



          Low               High              Mid              Energy           Number             dn/de            E*dn/de          Cumulative
         Energy            Energy            Energy             Width          Fraction                               Sum   
         [MeV]             [MeV]             [MeV]              [MeV]

       1.38038E-01       1.44544E-01       1.41291E-01       6.50600E-03       0.00000E+00       0.00000E+00       0.00000E+00       0.00000E+00
       1.44544E-01       1.51356E-01       1.47950E-01       6.81200E-03       2.56348E-02       3.76318E+00       5.56763E-01       2.56348E-02
       1.51356E-01       1.58489E-01       1.54923E-01       7.13300E-03       2.68418E-02       3.76304E+00       5.82980E-01       5.24766E-02
       1.58489E-01       1.65959E-01       1.62224E-01       7.47000E-03       2.81074E-02       3.76271E+00       6.10402E-01       8.05840E-02
       1.65959E-01       1.73780E-01       1.69869E-01       7.82100E-03       2.94318E-02       3.76318E+00       6.39249E-01       1.10016E-01
       1.73780E-01       1.81970E-01       1.77875E-01       8.19000E-03       3.08200E-02       3.76312E+00       6.69365E-01       1.40836E-01
       1.81970E-01       1.90546E-01       1.86258E-01       8.57600E-03       3.22719E-02       3.76305E+00       7.00898E-01       1.73108E-01
       1.90546E-01       1.99526E-01       1.95036E-01       8.98000E-03       3.37927E-02       3.76311E+00       7.33942E-01       2.06900E-01
       1.99526E-01       2.08930E-01       2.04228E-01       9.40400E-03       3.53850E-02       3.76276E+00       7.68461E-01       2.42285E-01
       2.08930E-01       2.18776E-01       2.13853E-01       9.84600E-03       3.70539E-02       3.76334E+00       8.04802E-01       2.79339E-01
       2.18776E-01       2.29087E-01       2.23931E-01       1.03110E-02       3.87992E-02       3.76290E+00       8.42632E-01       3.18139E-01
       2.29087E-01       2.39883E-01       2.34485E-01       1.07960E-02       4.06289E-02       3.76332E+00       8.82443E-01       3.58767E-01
       2.39883E-01       2.51189E-01       2.45536E-01       1.13060E-02       4.25427E-02       3.76284E+00       9.23912E-01       4.01310E-01
       2.51189E-01       2.63027E-01       2.57108E-01       1.18380E-02       4.45483E-02       3.76316E+00       9.67539E-01       4.45858E-01
       2.63027E-01       2.75423E-01       2.69225E-01       1.23960E-02       4.66459E-02       3.76298E+00       1.01309E+00       4.92504E-01
       2.75423E-01       2.88403E-01       2.81913E-01       1.29800E-02       4.88455E-02       3.76313E+00       1.06088E+00       5.41350E-01
       2.88403E-01       3.01995E-01       2.95199E-01       1.35920E-02       5.11471E-02       3.76303E+00       1.11084E+00       5.92497E-01
       3.01995E-01       3.16228E-01       3.09112E-01       1.42330E-02       5.35585E-02       3.76298E+00       1.16318E+00       6.46055E-01
       3.16228E-01       3.31131E-01       3.23680E-01       1.49030E-02       5.60822E-02       3.76315E+00       1.21805E+00       7.02138E-01
       3.31131E-01       3.46737E-01       3.38934E-01       1.56060E-02       5.87258E-02       3.76303E+00       1.27542E+00       7.60863E-01
       3.46737E-01       3.63078E-01       3.54908E-01       1.63410E-02       6.14919E-02       3.76304E+00       1.33553E+00       8.22355E-01
       3.63078E-01       3.80189E-01       3.71633E-01       1.71110E-02       6.43907E-02       3.76312E+00       1.39850E+00       8.86746E-01
       3.80189E-01       3.98107E-01       3.89148E-01       1.79180E-02       6.73277E-02       3.75755E+00       1.46224E+00       9.54074E-01
       3.98107E-01       4.16869E-01       4.07488E-01       1.87620E-02       4.59263E-02       2.44783E+00       9.97463E-01       1.00000E+00

 Sum =                                                                         1.00000E+00
 Renormalization bin#   901 =                                                  3.91889E-11 barn        5.00000E+06        5.20000E+06        5.10000E+06
 Avg. Energy     bin#   901 =                                                  2.77567E-01 MeV         5.00000E+06        5.20000E+06
