"        MT= 60 recoil spectrum "
" Initial neutron energy corresponds to the group:"
   2.63027E+00    2.75423E+00       0.00000E+00           777           804            28
 Debug druck set-a:   777      0.00000E+00        7.82100E-04        0.00000E+00
 Debug druck set-a:   778      1.05988E-01        8.19000E-04        8.68045E-05
 Debug druck set-a:   779      5.01109E-01        8.57600E-04        4.29751E-04
 Debug druck set-a:   780      8.42748E-01        8.98000E-04        7.56788E-04
 Debug druck set-a:   781      1.16693E+00        9.40400E-04        1.09738E-03
 Debug druck set-a:   782      1.34381E+00        9.84600E-04        1.32311E-03
 Debug druck set-a:   783      1.37253E+00        1.03110E-03        1.41522E-03
 Debug druck set-a:   784      1.37265E+00        1.07960E-03        1.48191E-03
 Debug druck set-a:   785      1.37250E+00        1.13060E-03        1.55175E-03
 Debug druck set-a:   786      1.37261E+00        1.18380E-03        1.62489E-03
 Debug druck set-a:   787      1.37259E+00        1.23960E-03        1.70147E-03
 Debug druck set-a:   788      1.37261E+00        1.29800E-03        1.78165E-03
 Debug druck set-a:   789      1.37258E+00        1.35920E-03        1.86561E-03
 Debug druck set-a:   790      1.37254E+00        1.42330E-03        1.95354E-03
 Debug druck set-a:   791      1.37261E+00        1.49030E-03        2.04560E-03
 Debug druck set-a:   792      1.37256E+00        1.56060E-03        2.14202E-03
 Debug druck set-a:   793      1.37260E+00        1.63410E-03        2.24296E-03
 Debug druck set-a:   794      1.37261E+00        1.71110E-03        2.34867E-03
 Debug druck set-a:   795      1.37256E+00        1.79180E-03        2.45936E-03
 Debug druck set-a:   796      1.37260E+00        1.87620E-03        2.57527E-03
 Debug druck set-a:   797      1.37254E+00        1.96470E-03        2.69663E-03
 Debug druck set-a:   798      1.37261E+00        2.05720E-03        2.82373E-03
 Debug druck set-a:   799      1.37258E+00        2.15420E-03        2.95680E-03
 Debug druck set-a:   800      1.36905E+00        2.25570E-03        3.08817E-03
 Debug druck set-a:   801      1.21839E+00        2.36210E-03        2.87797E-03
 Debug druck set-a:   802      8.98985E-01        2.47330E-03        2.22346E-03
 Debug druck set-a:   803      5.44253E-01        2.58990E-03        1.40956E-03
 Debug druck set-a:   804      1.67969E-01        2.71200E-03        4.55533E-04



          Low               High              Mid              Energy           Number             dn/de            E*dn/de          Cumulative
         Energy            Energy            Energy             Width          Fraction                               Sum   
         [MeV]             [MeV]             [MeV]              [MeV]

       1.65959E-02       1.73780E-02       1.69870E-02       7.82100E-04       0.00000E+00       0.00000E+00       0.00000E+00       0.00000E+00
       1.73780E-02       1.81970E-02       1.77875E-02       8.19000E-04       1.75662E-03       2.14484E+00       3.81513E-02       1.75662E-03
       1.81970E-02       1.90546E-02       1.86258E-02       8.57600E-04       8.69667E-03       1.01407E+01       1.88879E-01       1.04533E-02
       1.90546E-02       1.99526E-02       1.95036E-02       8.98000E-04       1.53148E-02       1.70543E+01       3.32620E-01       2.57680E-02
       1.99526E-02       2.08930E-02       2.04228E-02       9.40400E-04       2.22072E-02       2.36146E+01       4.82276E-01       4.79752E-02
       2.08930E-02       2.18776E-02       2.13853E-02       9.84600E-04       2.67751E-02       2.71939E+01       5.81551E-01       7.47503E-02
       2.18776E-02       2.29087E-02       2.23931E-02       1.03110E-03       2.86391E-02       2.77753E+01       6.21977E-01       1.03389E-01
       2.29087E-02       2.39883E-02       2.34485E-02       1.07960E-03       2.99887E-02       2.77776E+01       6.51342E-01       1.33378E-01
       2.39883E-02       2.51189E-02       2.45536E-02       1.13060E-03       3.14020E-02       2.77747E+01       6.81968E-01       1.64780E-01
       2.51189E-02       2.63027E-02       2.57108E-02       1.18380E-03       3.28821E-02       2.77768E+01       7.14163E-01       1.97662E-01
       2.63027E-02       2.75423E-02       2.69225E-02       1.23960E-03       3.44318E-02       2.77765E+01       7.47814E-01       2.32094E-01
       2.75423E-02       2.88403E-02       2.81913E-02       1.29800E-03       3.60544E-02       2.77769E+01       7.83067E-01       2.68149E-01
       2.88403E-02       3.01995E-02       2.95199E-02       1.35920E-03       3.77535E-02       2.77763E+01       8.19952E-01       3.05902E-01
       3.01995E-02       3.16228E-02       3.09112E-02       1.42330E-03       3.95329E-02       2.77755E+01       8.58572E-01       3.45435E-01
       3.16228E-02       3.31131E-02       3.23680E-02       1.49030E-03       4.13958E-02       2.77768E+01       8.99079E-01       3.86831E-01
       3.31131E-02       3.46737E-02       3.38934E-02       1.56060E-03       4.33470E-02       2.77759E+01       9.41420E-01       4.30178E-01
       3.46737E-02       3.63078E-02       3.54908E-02       1.63410E-03       4.53897E-02       2.77766E+01       9.85811E-01       4.75567E-01
       3.63078E-02       3.80189E-02       3.71633E-02       1.71110E-03       4.75289E-02       2.77769E+01       1.03228E+00       5.23096E-01
       3.80189E-02       3.98107E-02       3.89148E-02       1.79180E-03       4.97689E-02       2.77759E+01       1.08089E+00       5.72865E-01
       3.98107E-02       4.16869E-02       4.07488E-02       1.87620E-03       5.21145E-02       2.77766E+01       1.13186E+00       6.24980E-01
       4.16869E-02       4.36516E-02       4.26693E-02       1.96470E-03       5.45704E-02       2.77754E+01       1.18516E+00       6.79550E-01
       4.36516E-02       4.57088E-02       4.46802E-02       2.05720E-03       5.71425E-02       2.77768E+01       1.24107E+00       7.36693E-01
       4.57088E-02       4.78630E-02       4.67859E-02       2.15420E-03       5.98354E-02       2.77761E+01       1.29953E+00       7.96528E-01
       4.78630E-02       5.01187E-02       4.89908E-02       2.25570E-03       6.24938E-02       2.77049E+01       1.35728E+00       8.59022E-01
       5.01187E-02       5.24808E-02       5.12998E-02       2.36210E-03       5.82401E-02       2.46561E+01       1.26485E+00       9.17262E-01
       5.24808E-02       5.49541E-02       5.37174E-02       2.47330E-03       4.49951E-02       1.81923E+01       9.77245E-01       9.62257E-01
       5.49541E-02       5.75440E-02       5.62491E-02       2.58990E-03       2.85246E-02       1.10138E+01       6.19515E-01       9.90782E-01
       5.75440E-02       6.02560E-02       5.89000E-02       2.71200E-03       9.21840E-03       3.39912E+00       2.00208E-01       1.00000E+00

 Sum =                                                                         1.00000E+00
 Renormalization bin#   887 =                                                  4.94156E-02 barn        2.63027E+06        2.75423E+06        2.69225E+06
 Avg. Energy     bin#   887 =                                                  3.73005E-02 MeV         2.63027E+06        2.75423E+06
