"        MT= 91 recoil spectrum "
" Initial neutron energy corresponds to the group:"
   1.98000E+01    2.00000E+01       0.00000E+00           233           898           666



          Low               High              Mid              Energy           Number             dn/de            E*dn/de          Cumulative
         Energy            Energy            Energy             Width          Fraction                               Sum   
         [MeV]             [MeV]             [MeV]              [MeV]

       4.36516E-07       4.57088E-07       4.46802E-07       2.05720E-08       0.00000E+00       0.00000E+00       0.00000E+00       0.00000E+00
       4.57088E-07       4.78630E-07       4.67859E-07       2.15420E-08       7.21925E-12       3.35124E-04       1.56791E-10       7.21925E-12
       4.78630E-07       5.01187E-07       4.89909E-07       2.25570E-08       7.55975E-12       3.35140E-04       1.64188E-10       1.47790E-11
       5.01187E-07       5.24807E-07       5.12997E-07       2.36200E-08       7.91581E-12       3.35132E-04       1.71922E-10       2.26948E-11
       5.24807E-07       5.50000E-07       5.37403E-07       2.51930E-08       8.44282E-12       3.35125E-04       1.80097E-10       3.11376E-11
       5.50000E-07       5.75000E-07       5.62500E-07       2.50000E-08       8.37853E-12       3.35142E-04       1.88517E-10       3.95162E-11
       5.75000E-07       6.00000E-07       5.87500E-07       2.50000E-08       8.37853E-12       3.35141E-04       1.96895E-10       4.78947E-11
       6.00000E-07       6.25000E-07       6.12500E-07       2.50000E-08       8.37853E-12       3.35142E-04       2.05274E-10       5.62732E-11
       6.25000E-07       6.50000E-07       6.37500E-07       2.50000E-08       8.37853E-12       3.35142E-04       2.13653E-10       6.46518E-11
       6.50000E-07       6.75000E-07       6.62500E-07       2.50000E-08       8.37853E-12       3.35141E-04       2.22031E-10       7.30303E-11
       6.75000E-07       7.00000E-07       6.87500E-07       2.50000E-08       8.37853E-12       3.35142E-04       2.30410E-10       8.14088E-11
       7.00000E-07       7.25000E-07       7.12500E-07       2.50000E-08       8.37853E-12       3.35141E-04       2.38788E-10       8.97874E-11
       7.25000E-07       7.50000E-07       7.37500E-07       2.50000E-08       8.37853E-12       3.35142E-04       2.47167E-10       9.81659E-11
       7.50000E-07       7.75000E-07       7.62500E-07       2.50000E-08       8.37853E-12       3.35142E-04       2.55546E-10       1.06544E-10
       7.75000E-07       8.00000E-07       7.87500E-07       2.50000E-08       8.37853E-12       3.35141E-04       2.63923E-10       1.14923E-10
       8.00000E-07       8.25000E-07       8.12500E-07       2.50000E-08       8.37853E-12       3.35142E-04       2.72303E-10       1.23302E-10
       8.25000E-07       8.50000E-07       8.37500E-07       2.50000E-08       8.37853E-12       3.35141E-04       2.80681E-10       1.31680E-10
       8.50000E-07       8.75000E-07       8.62500E-07       2.50000E-08       8.37853E-12       3.35142E-04       2.89060E-10       1.40059E-10
       8.75000E-07       9.00000E-07       8.87500E-07       2.50000E-08       8.37853E-12       3.35142E-04       2.97438E-10       1.48437E-10
       9.00000E-07       9.25000E-07       9.12500E-07       2.50000E-08       8.37853E-12       3.35141E-04       3.05816E-10       1.56816E-10
       9.25000E-07       9.50000E-07       9.37500E-07       2.50000E-08       8.37853E-12       3.35142E-04       3.14195E-10       1.65194E-10
       9.50000E-07       9.75000E-07       9.62500E-07       2.50000E-08       8.37853E-12       3.35141E-04       3.22573E-10       1.73573E-10
       9.75000E-07       1.00000E-06       9.87500E-07       2.50000E-08       8.37853E-12       3.35142E-04       3.30952E-10       1.81951E-10
       1.00000E-06       1.02500E-06       1.01250E-06       2.50000E-08       8.37853E-12       3.35142E-04       3.39331E-10       1.90330E-10
       1.02500E-06       1.05000E-06       1.03750E-06       2.50000E-08       8.37853E-12       3.35142E-04       3.47710E-10       1.98708E-10
       1.05000E-06       1.07500E-06       1.06250E-06       2.50001E-08       8.37853E-12       3.35140E-04       3.56086E-10       2.07087E-10
       1.07500E-06       1.10000E-06       1.08750E-06       2.50000E-08       8.37853E-12       3.35142E-04       3.64467E-10       2.15465E-10
       1.10000E-06       1.12500E-06       1.11250E-06       2.50000E-08       8.37853E-12       3.35142E-04       3.72845E-10       2.23844E-10
       1.12500E-06       1.15000E-06       1.13750E-06       2.50000E-08       8.37853E-12       3.35142E-04       3.81224E-10       2.32222E-10
       1.15000E-06       1.17500E-06       1.16250E-06       2.50000E-08       8.37853E-12       3.35142E-04       3.89602E-10       2.40601E-10
       1.17500E-06       1.20000E-06       1.18750E-06       2.50001E-08       8.37853E-12       3.35140E-04       3.97979E-10       2.48980E-10
       1.20000E-06       1.22500E-06       1.21250E-06       2.50000E-08       8.37853E-12       3.35142E-04       4.06359E-10       2.57358E-10
       1.22500E-06       1.25000E-06       1.23750E-06       2.50000E-08       8.37853E-12       3.35142E-04       4.14738E-10       2.65737E-10
       1.25000E-06       1.27500E-06       1.26250E-06       2.50000E-08       8.37853E-12       3.35142E-04       4.23116E-10       2.74115E-10
       1.27500E-06       1.30000E-06       1.28750E-06       2.50000E-08       8.37853E-12       3.35142E-04       4.31495E-10       2.82494E-10
       1.30000E-06       1.32500E-06       1.31250E-06       2.50001E-08       8.37853E-12       3.35140E-04       4.39871E-10       2.90872E-10
       1.32500E-06       1.35000E-06       1.33750E-06       2.50000E-08       8.37853E-12       3.35142E-04       4.48252E-10       2.99251E-10
       1.35000E-06       1.37500E-06       1.36250E-06       2.50000E-08       8.37853E-12       3.35142E-04       4.56631E-10       3.07629E-10
       1.37500E-06       1.40000E-06       1.38750E-06       2.50000E-08       8.37853E-12       3.35142E-04       4.65009E-10       3.16008E-10
       1.40000E-06       1.42500E-06       1.41250E-06       2.50000E-08       8.37853E-12       3.35142E-04       4.73388E-10       3.24386E-10
       1.42500E-06       1.45000E-06       1.43750E-06       2.50001E-08       8.37853E-12       3.35140E-04       4.81764E-10       3.32765E-10
       1.45000E-06       1.47500E-06       1.46250E-06       2.50000E-08       8.37853E-12       3.35142E-04       4.90145E-10       3.41144E-10
       1.47500E-06       1.50000E-06       1.48750E-06       2.50000E-08       8.37853E-12       3.35142E-04       4.98523E-10       3.49522E-10
       1.50000E-06       1.52500E-06       1.51250E-06       2.50000E-08       8.37853E-12       3.35142E-04       5.06902E-10       3.57901E-10
       1.52500E-06       1.55000E-06       1.53750E-06       2.50000E-08       8.37853E-12       3.35142E-04       5.15280E-10       3.66279E-10
       1.55000E-06       1.57500E-06       1.56250E-06       2.50001E-08       8.37853E-12       3.35140E-04       5.23656E-10       3.74658E-10
       1.57500E-06       1.60000E-06       1.58750E-06       2.50000E-08       8.37853E-12       3.35142E-04       5.32038E-10       3.83036E-10
       1.60000E-06       1.62500E-06       1.61250E-06       2.50000E-08       8.37853E-12       3.35142E-04       5.40416E-10       3.91415E-10
       1.62500E-06       1.65000E-06       1.63750E-06       2.50000E-08       8.37853E-12       3.35142E-04       5.48795E-10       3.99793E-10
       1.65000E-06       1.67500E-06       1.66250E-06       2.50000E-08       8.37853E-12       3.35142E-04       5.57173E-10       4.08172E-10
       1.67500E-06       1.70000E-06       1.68750E-06       2.50001E-08       8.37853E-12       3.35140E-04       5.65549E-10       4.16550E-10
       1.70000E-06       1.72500E-06       1.71250E-06       2.50000E-08       8.37853E-12       3.35142E-04       5.73930E-10       4.24929E-10
       1.72500E-06       1.75000E-06       1.73750E-06       2.50000E-08       8.37853E-12       3.35142E-04       5.82309E-10       4.33308E-10
       1.75000E-06       1.77500E-06       1.76250E-06       2.50000E-08       8.37853E-12       3.35142E-04       5.90687E-10       4.41686E-10
       1.77500E-06       1.80000E-06       1.78750E-06       2.50000E-08       8.37853E-12       3.35142E-04       5.99066E-10       4.50065E-10
       1.80000E-06       1.82500E-06       1.81250E-06       2.50001E-08       8.37853E-12       3.35140E-04       6.07441E-10       4.58443E-10
       1.82500E-06       1.85000E-06       1.83750E-06       2.50000E-08       8.37853E-12       3.35142E-04       6.15823E-10       4.66822E-10
       1.85000E-06       1.87500E-06       1.86250E-06       2.50000E-08       8.37853E-12       3.35142E-04       6.24201E-10       4.75200E-10
       1.87500E-06       1.90000E-06       1.88750E-06       2.50000E-08       8.37853E-12       3.35142E-04       6.32580E-10       4.83579E-10
       1.90000E-06       1.92500E-06       1.91250E-06       2.50000E-08       8.37853E-12       3.35142E-04       6.40959E-10       4.91957E-10
       1.92500E-06       1.95000E-06       1.93750E-06       2.50001E-08       8.37853E-12       3.35140E-04       6.49334E-10       5.00336E-10
       1.95000E-06       1.97500E-06       1.96250E-06       2.50000E-08       8.37853E-12       3.35142E-04       6.57716E-10       5.08714E-10
       1.97500E-06       2.00000E-06       1.98750E-06       2.50000E-08       8.37853E-12       3.35142E-04       6.66094E-10       5.17093E-10
       2.00000E-06       2.02500E-06       2.01250E-06       2.50001E-08       8.37853E-12       3.35140E-04       6.74469E-10       5.25471E-10
       2.02500E-06       2.05000E-06       2.03750E-06       2.49999E-08       8.37853E-12       3.35143E-04       6.82855E-10       5.33850E-10
       2.05000E-06       2.07500E-06       2.06250E-06       2.50001E-08       8.37853E-12       3.35140E-04       6.91226E-10       5.42228E-10
       2.07500E-06       2.10000E-06       2.08750E-06       2.49999E-08       8.37853E-12       3.35143E-04       6.99612E-10       5.50607E-10
       2.10000E-06       2.12500E-06       2.11250E-06       2.50001E-08       8.37853E-12       3.35140E-04       7.07983E-10       5.58985E-10
       2.12500E-06       2.15000E-06       2.13750E-06       2.50001E-08       8.37853E-12       3.35140E-04       7.16362E-10       5.67364E-10
       2.15000E-06       2.17500E-06       2.16250E-06       2.49999E-08       8.37853E-12       3.35143E-04       7.24747E-10       5.75743E-10
       2.17500E-06       2.20000E-06       2.18750E-06       2.50001E-08       8.37853E-12       3.35140E-04       7.33119E-10       5.84121E-10
       2.20000E-06       2.22500E-06       2.21250E-06       2.49999E-08       8.37853E-12       3.35143E-04       7.41505E-10       5.92500E-10
       2.22500E-06       2.25000E-06       2.23750E-06       2.50001E-08       8.37853E-12       3.35140E-04       7.49876E-10       6.00878E-10
       2.25000E-06       2.27500E-06       2.26250E-06       2.50001E-08       8.37853E-12       3.35140E-04       7.58254E-10       6.09257E-10
       2.27500E-06       2.30000E-06       2.28750E-06       2.49999E-08       8.37853E-12       3.35143E-04       7.66640E-10       6.17635E-10
       2.30000E-06       2.32500E-06       2.31250E-06       2.50001E-08       8.37853E-12       3.35140E-04       7.75011E-10       6.26014E-10
       2.32500E-06       2.35000E-06       2.33750E-06       2.49999E-08       8.37853E-12       3.35143E-04       7.83398E-10       6.34392E-10
       2.35000E-06       2.37500E-06       2.36250E-06       2.50001E-08       8.37853E-12       3.35140E-04       7.91768E-10       6.42771E-10
       2.37500E-06       2.40000E-06       2.38750E-06       2.50001E-08       8.37853E-12       3.35140E-04       8.00147E-10       6.51149E-10
       2.40000E-06       2.42500E-06       2.41250E-06       2.49999E-08       8.37853E-12       3.35143E-04       8.08533E-10       6.59528E-10
       2.42500E-06       2.45000E-06       2.43750E-06       2.50001E-08       8.37853E-12       3.35140E-04       8.16904E-10       6.67906E-10
       2.45000E-06       2.47500E-06       2.46250E-06       2.49999E-08       8.37853E-12       3.35143E-04       8.25291E-10       6.76285E-10
       2.47500E-06       2.50000E-06       2.48750E-06       2.50001E-08       8.37853E-12       3.35140E-04       8.33661E-10       6.84663E-10
       2.50000E-06       2.52500E-06       2.51250E-06       2.50001E-08       8.37853E-12       3.35140E-04       8.42039E-10       6.93042E-10
       2.52500E-06       2.55000E-06       2.53750E-06       2.49999E-08       8.37853E-12       3.35143E-04       8.50426E-10       7.01420E-10
       2.55000E-06       2.57500E-06       2.56250E-06       2.50001E-08       8.37853E-12       3.35140E-04       8.58796E-10       7.09799E-10
       2.57500E-06       2.60000E-06       2.58750E-06       2.49999E-08       8.37853E-12       3.35143E-04       8.67183E-10       7.18177E-10
       2.60000E-06       2.62500E-06       2.61250E-06       2.50001E-08       8.37853E-12       3.35140E-04       8.75553E-10       7.26556E-10
       2.62500E-06       2.65000E-06       2.63750E-06       2.50001E-08       8.37853E-12       3.35140E-04       8.83932E-10       7.34934E-10
       2.65000E-06       2.67500E-06       2.66250E-06       2.49999E-08       8.37853E-12       3.35143E-04       8.92319E-10       7.43313E-10
       2.67500E-06       2.70000E-06       2.68750E-06       2.50001E-08       8.37853E-12       3.35140E-04       9.00689E-10       7.51691E-10
       2.70000E-06       2.72500E-06       2.71250E-06       2.49999E-08       8.37853E-12       3.35143E-04       9.09076E-10       7.60070E-10
       2.72500E-06       2.75000E-06       2.73750E-06       2.50001E-08       8.37853E-12       3.35140E-04       9.17446E-10       7.68448E-10
       2.75000E-06       2.77500E-06       2.76250E-06       2.50001E-08       8.37853E-12       3.35140E-04       9.25825E-10       7.76827E-10
       2.77500E-06       2.80000E-06       2.78750E-06       2.49999E-08       8.37853E-12       3.35143E-04       9.34212E-10       7.85206E-10
       2.80000E-06       2.82500E-06       2.81250E-06       2.50001E-08       8.37853E-12       3.35140E-04       9.42582E-10       7.93584E-10
       2.82500E-06       2.85000E-06       2.83750E-06       2.49999E-08       8.37853E-12       3.35143E-04       9.50969E-10       8.01963E-10
       2.85000E-06       2.87500E-06       2.86250E-06       2.50001E-08       8.37853E-12       3.35140E-04       9.59338E-10       8.10341E-10
       2.87500E-06       2.90000E-06       2.88750E-06       2.50001E-08       8.37853E-12       3.35140E-04       9.67717E-10       8.18720E-10
       2.90000E-06       2.92500E-06       2.91250E-06       2.49999E-08       8.37853E-12       3.35143E-04       9.76105E-10       8.27098E-10
       2.92500E-06       2.95000E-06       2.93750E-06       2.50001E-08       8.37853E-12       3.35140E-04       9.84474E-10       8.35477E-10
       2.95000E-06       2.97500E-06       2.96250E-06       2.49999E-08       8.37853E-12       3.35143E-04       9.92862E-10       8.43855E-10
       2.97500E-06       3.00000E-06       2.98750E-06       2.50001E-08       8.37853E-12       3.35140E-04       1.00123E-09       8.52234E-10
       3.00000E-06       3.02500E-06       3.01250E-06       2.50001E-08       8.37853E-12       3.35140E-04       1.00961E-09       8.60612E-10
       3.02500E-06       3.05000E-06       3.03750E-06       2.49999E-08       8.37853E-12       3.35143E-04       1.01800E-09       8.68991E-10
       3.05000E-06       3.07500E-06       3.06250E-06       2.50001E-08       8.37853E-12       3.35140E-04       1.02637E-09       8.77369E-10
       3.07500E-06       3.10000E-06       3.08750E-06       2.49999E-08       8.37853E-12       3.35143E-04       1.03475E-09       8.85748E-10
       3.10000E-06       3.12500E-06       3.11250E-06       2.50001E-08       8.37853E-12       3.35140E-04       1.04312E-09       8.94126E-10
       3.12500E-06       3.15000E-06       3.13750E-06       2.50001E-08       8.37853E-12       3.35140E-04       1.05150E-09       9.02505E-10
       3.15000E-06       3.17500E-06       3.16250E-06       2.49999E-08       8.37853E-12       3.35143E-04       1.05989E-09       9.10883E-10
       3.17500E-06       3.20000E-06       3.18750E-06       2.50001E-08       8.37853E-12       3.35140E-04       1.06826E-09       9.19262E-10
       3.20000E-06       3.22500E-06       3.21250E-06       2.49999E-08       8.37853E-12       3.35143E-04       1.07665E-09       9.27640E-10
       3.22500E-06       3.25000E-06       3.23750E-06       2.50001E-08       8.37853E-12       3.35140E-04       1.08502E-09       9.36019E-10
       3.25000E-06       3.27500E-06       3.26250E-06       2.50001E-08       8.37853E-12       3.35140E-04       1.09339E-09       9.44397E-10
       3.27500E-06       3.30000E-06       3.28750E-06       2.49999E-08       8.37853E-12       3.35143E-04       1.10178E-09       9.52776E-10
       3.30000E-06       3.32500E-06       3.31250E-06       2.50001E-08       8.37853E-12       3.35140E-04       1.11015E-09       9.61154E-10
       3.32500E-06       3.35000E-06       3.33750E-06       2.49999E-08       8.37853E-12       3.35143E-04       1.11854E-09       9.69533E-10
       3.35000E-06       3.37500E-06       3.36250E-06       2.50001E-08       8.37853E-12       3.35140E-04       1.12691E-09       9.77912E-10
       3.37500E-06       3.40000E-06       3.38750E-06       2.50001E-08       8.37853E-12       3.35140E-04       1.13529E-09       9.86290E-10
       3.40000E-06       3.42500E-06       3.41250E-06       2.49999E-08       8.37853E-12       3.35143E-04       1.14368E-09       9.94669E-10
       3.42500E-06       3.45000E-06       3.43750E-06       2.50001E-08       8.37853E-12       3.35140E-04       1.15204E-09       1.00305E-09
       3.45000E-06       3.47500E-06       3.46250E-06       2.49999E-08       8.37853E-12       3.35143E-04       1.16043E-09       1.01143E-09
       3.47500E-06       3.50000E-06       3.48750E-06       2.50001E-08       8.37853E-12       3.35140E-04       1.16880E-09       1.01980E-09
       3.50000E-06       3.52500E-06       3.51250E-06       2.50001E-08       8.37853E-12       3.35140E-04       1.17718E-09       1.02818E-09
       3.52500E-06       3.55000E-06       3.53750E-06       2.49999E-08       8.37853E-12       3.35143E-04       1.18557E-09       1.03656E-09
       3.55000E-06       3.57500E-06       3.56250E-06       2.50001E-08       8.37853E-12       3.35140E-04       1.19394E-09       1.04494E-09
       3.57500E-06       3.60000E-06       3.58750E-06       2.49999E-08       8.37853E-12       3.35143E-04       1.20233E-09       1.05332E-09
       3.60000E-06       3.62500E-06       3.61250E-06       2.50001E-08       8.37853E-12       3.35140E-04       1.21069E-09       1.06170E-09
       3.62500E-06       3.65000E-06       3.63750E-06       2.50001E-08       8.37853E-12       3.35140E-04       1.21907E-09       1.07008E-09
       3.65000E-06       3.67500E-06       3.66250E-06       2.49999E-08       8.37853E-12       3.35143E-04       1.22746E-09       1.07845E-09
       3.67500E-06       3.70000E-06       3.68750E-06       2.50001E-08       8.37853E-12       3.35140E-04       1.23583E-09       1.08683E-09
       3.70000E-06       3.72500E-06       3.71250E-06       2.49999E-08       8.37853E-12       3.35143E-04       1.24422E-09       1.09521E-09
       3.72500E-06       3.75000E-06       3.73750E-06       2.50001E-08       8.37853E-12       3.35140E-04       1.25259E-09       1.10359E-09
       3.75000E-06       3.77500E-06       3.76250E-06       2.50001E-08       8.37853E-12       3.35140E-04       1.26096E-09       1.11197E-09
       3.77500E-06       3.80000E-06       3.78750E-06       2.49999E-08       8.37853E-12       3.35143E-04       1.26936E-09       1.12035E-09
       3.80000E-06       3.82500E-06       3.81250E-06       2.50001E-08       8.37853E-12       3.35140E-04       1.27772E-09       1.12872E-09
       3.82500E-06       3.85000E-06       3.83750E-06       2.49999E-08       8.37853E-12       3.35143E-04       1.28611E-09       1.13710E-09
       3.85000E-06       3.87500E-06       3.86250E-06       2.50001E-08       8.37853E-12       3.35140E-04       1.29448E-09       1.14548E-09
       3.87500E-06       3.90000E-06       3.88750E-06       2.50001E-08       8.37853E-12       3.35140E-04       1.30286E-09       1.15386E-09
       3.90000E-06       3.92500E-06       3.91250E-06       2.49999E-08       8.37853E-12       3.35143E-04       1.31125E-09       1.16224E-09
       3.92500E-06       3.95000E-06       3.93750E-06       2.50001E-08       8.37853E-12       3.35140E-04       1.31961E-09       1.17062E-09
       3.95000E-06       3.97500E-06       3.96250E-06       2.49999E-08       8.37853E-12       3.35143E-04       1.32801E-09       1.17900E-09
       3.97500E-06       4.00000E-06       3.98750E-06       2.50001E-08       8.37853E-12       3.35140E-04       1.33637E-09       1.18737E-09
       4.00000E-06       4.02500E-06       4.01250E-06       2.50001E-08       8.37853E-12       3.35140E-04       1.34475E-09       1.19575E-09
       4.02500E-06       4.05000E-06       4.03750E-06       2.50001E-08       8.37853E-12       3.35140E-04       1.35313E-09       1.20413E-09
       4.05000E-06       4.07500E-06       4.06250E-06       2.49996E-08       8.37853E-12       3.35146E-04       1.36153E-09       1.21251E-09
       4.07500E-06       4.10000E-06       4.08750E-06       2.50001E-08       8.37853E-12       3.35140E-04       1.36989E-09       1.22089E-09
       4.10000E-06       4.12500E-06       4.11250E-06       2.50001E-08       8.37853E-12       3.35140E-04       1.37826E-09       1.22927E-09
       4.12500E-06       4.15000E-06       4.13750E-06       2.50001E-08       8.37853E-12       3.35140E-04       1.38664E-09       1.23765E-09
       4.15000E-06       4.17500E-06       4.16250E-06       2.50001E-08       8.37853E-12       3.35140E-04       1.39502E-09       1.24602E-09
       4.17500E-06       4.20000E-06       4.18750E-06       2.49996E-08       8.37853E-12       3.35146E-04       1.40343E-09       1.25440E-09
       4.20000E-06       4.22500E-06       4.21250E-06       2.50001E-08       8.37853E-12       3.35140E-04       1.41178E-09       1.26278E-09
       4.22500E-06       4.25000E-06       4.23750E-06       2.50001E-08       8.37853E-12       3.35140E-04       1.42016E-09       1.27116E-09
       4.25000E-06       4.27500E-06       4.26250E-06       2.50001E-08       8.37853E-12       3.35140E-04       1.42853E-09       1.27954E-09
       4.27500E-06       4.30000E-06       4.28750E-06       2.50001E-08       8.37853E-12       3.35140E-04       1.43691E-09       1.28792E-09
       4.30000E-06       4.32500E-06       4.31250E-06       2.49996E-08       8.37853E-12       3.35146E-04       1.44532E-09       1.29630E-09
       4.32500E-06       4.35000E-06       4.33750E-06       2.50001E-08       8.37853E-12       3.35140E-04       1.45367E-09       1.30467E-09
       4.35000E-06       4.37500E-06       4.36250E-06       2.50001E-08       8.37853E-12       3.35140E-04       1.46205E-09       1.31305E-09
       4.37500E-06       4.40000E-06       4.38750E-06       2.50001E-08       8.37853E-12       3.35140E-04       1.47043E-09       1.32143E-09
       4.40000E-06       4.42500E-06       4.41250E-06       2.50001E-08       8.37853E-12       3.35140E-04       1.47881E-09       1.32981E-09
       4.42500E-06       4.45000E-06       4.43750E-06       2.49996E-08       8.37853E-12       3.35146E-04       1.48721E-09       1.33819E-09
       4.45000E-06       4.47500E-06       4.46250E-06       2.50001E-08       8.37853E-12       3.35140E-04       1.49556E-09       1.34657E-09
       4.47500E-06       4.50000E-06       4.48750E-06       2.50001E-08       8.37853E-12       3.35140E-04       1.50394E-09       1.35494E-09
       4.50000E-06       4.52500E-06       4.51250E-06       2.50001E-08       8.37853E-12       3.35140E-04       1.51232E-09       1.36332E-09
       4.52500E-06       4.55000E-06       4.53750E-06       2.50001E-08       8.37853E-12       3.35140E-04       1.52070E-09       1.37170E-09
       4.55000E-06       4.57500E-06       4.56250E-06       2.49996E-08       8.37853E-12       3.35146E-04       1.52911E-09       1.38008E-09
       4.57500E-06       4.60000E-06       4.58750E-06       2.50001E-08       8.37853E-12       3.35140E-04       1.53746E-09       1.38846E-09
       4.60000E-06       4.62500E-06       4.61250E-06       2.50001E-08       8.37853E-12       3.35140E-04       1.54583E-09       1.39684E-09
       4.62500E-06       4.65000E-06       4.63750E-06       2.50001E-08       8.37853E-12       3.35140E-04       1.55421E-09       1.40522E-09
       4.65000E-06       4.67500E-06       4.66250E-06       2.50001E-08       8.37853E-12       3.35140E-04       1.56259E-09       1.41359E-09
       4.67500E-06       4.70000E-06       4.68750E-06       2.49996E-08       8.37853E-12       3.35146E-04       1.57100E-09       1.42197E-09
       4.70000E-06       4.72500E-06       4.71250E-06       2.50001E-08       8.37853E-12       3.35140E-04       1.57935E-09       1.43035E-09
       4.72500E-06       4.75000E-06       4.73750E-06       2.50001E-08       8.37853E-12       3.35140E-04       1.58773E-09       1.43873E-09
       4.75000E-06       4.77500E-06       4.76250E-06       2.50001E-08       8.37853E-12       3.35140E-04       1.59610E-09       1.44711E-09
       4.77500E-06       4.80000E-06       4.78750E-06       2.50001E-08       8.37853E-12       3.35140E-04       1.60448E-09       1.45549E-09
       4.80000E-06       4.82500E-06       4.81250E-06       2.49996E-08       8.37853E-12       3.35146E-04       1.61289E-09       1.46387E-09
       4.82500E-06       4.85000E-06       4.83750E-06       2.50001E-08       8.37853E-12       3.35140E-04       1.62124E-09       1.47224E-09
       4.85000E-06       4.87500E-06       4.86250E-06       2.50001E-08       8.37853E-12       3.35140E-04       1.62962E-09       1.48062E-09
       4.87500E-06       4.90000E-06       4.88750E-06       2.50001E-08       8.37853E-12       3.35140E-04       1.63800E-09       1.48900E-09
       4.90000E-06       4.92500E-06       4.91250E-06       2.50001E-08       8.37853E-12       3.35140E-04       1.64638E-09       1.49738E-09
       4.92500E-06       4.95000E-06       4.93750E-06       2.49996E-08       8.37853E-12       3.35146E-04       1.65479E-09       1.50576E-09
       4.95000E-06       4.97500E-06       4.96250E-06       2.50001E-08       8.37853E-12       3.35140E-04       1.66313E-09       1.51414E-09
       4.97500E-06       5.00000E-06       4.98750E-06       2.50001E-08       8.37853E-12       3.35140E-04       1.67151E-09       1.52252E-09
       5.00000E-06       5.02500E-06       5.01250E-06       2.50001E-08       8.37853E-12       3.35140E-04       1.67989E-09       1.53089E-09
       5.02500E-06       5.05000E-06       5.03750E-06       2.50001E-08       8.37853E-12       3.35140E-04       1.68827E-09       1.53927E-09
       5.05000E-06       5.07500E-06       5.06250E-06       2.49996E-08       8.37853E-12       3.35146E-04       1.69668E-09       1.54765E-09
       5.07500E-06       5.10000E-06       5.08750E-06       2.50001E-08       8.37853E-12       3.35140E-04       1.70503E-09       1.55603E-09
       5.10000E-06       5.12500E-06       5.11250E-06       2.50001E-08       8.37853E-12       3.35140E-04       1.71340E-09       1.56441E-09
       5.12500E-06       5.15000E-06       5.13750E-06       2.50001E-08       8.37853E-12       3.35140E-04       1.72178E-09       1.57279E-09
       5.15000E-06       5.17500E-06       5.16250E-06       2.50001E-08       8.37853E-12       3.35140E-04       1.73016E-09       1.58116E-09
       5.17500E-06       5.20000E-06       5.18750E-06       2.49996E-08       8.37853E-12       3.35146E-04       1.73857E-09       1.58954E-09
       5.20000E-06       5.22500E-06       5.21250E-06       2.50001E-08       8.37853E-12       3.35140E-04       1.74692E-09       1.59792E-09
       5.22500E-06       5.25000E-06       5.23750E-06       2.50001E-08       8.37853E-12       3.35140E-04       1.75530E-09       1.60630E-09
       5.25000E-06       5.27500E-06       5.26250E-06       2.50001E-08       8.37853E-12       3.35140E-04       1.76367E-09       1.61468E-09
       5.27500E-06       5.30000E-06       5.28750E-06       2.50001E-08       8.37853E-12       3.35140E-04       1.77205E-09       1.62306E-09
       5.30000E-06       5.32500E-06       5.31250E-06       2.49996E-08       8.37853E-12       3.35146E-04       1.78047E-09       1.63144E-09
       5.32500E-06       5.35000E-06       5.33750E-06       2.50001E-08       8.37853E-12       3.35140E-04       1.78881E-09       1.63981E-09
       5.35000E-06       5.37500E-06       5.36250E-06       2.50001E-08       8.37853E-12       3.35140E-04       1.79719E-09       1.64819E-09
       5.37500E-06       5.40000E-06       5.38750E-06       2.50001E-08       8.37853E-12       3.35140E-04       1.80557E-09       1.65657E-09
       5.40000E-06       5.42500E-06       5.41250E-06       2.50001E-08       8.37853E-12       3.35140E-04       1.81395E-09       1.66495E-09
       5.42500E-06       5.45000E-06       5.43750E-06       2.49996E-08       8.37853E-12       3.35146E-04       1.82236E-09       1.67333E-09
       5.45000E-06       5.47500E-06       5.46250E-06       2.50001E-08       8.37853E-12       3.35140E-04       1.83070E-09       1.68171E-09
       5.47500E-06       5.50000E-06       5.48750E-06       2.50001E-08       8.37853E-12       3.35140E-04       1.83908E-09       1.69009E-09
       5.50000E-06       5.52500E-06       5.51250E-06       2.50001E-08       8.37853E-12       3.35140E-04       1.84746E-09       1.69846E-09
       5.52500E-06       5.55000E-06       5.53750E-06       2.50001E-08       8.37853E-12       3.35140E-04       1.85584E-09       1.70684E-09
       5.55000E-06       5.57500E-06       5.56250E-06       2.49996E-08       8.37853E-12       3.35146E-04       1.86425E-09       1.71522E-09
       5.57500E-06       5.60000E-06       5.58750E-06       2.50001E-08       8.37853E-12       3.35140E-04       1.87260E-09       1.72360E-09
       5.60000E-06       5.62500E-06       5.61250E-06       2.50001E-08       8.37853E-12       3.35140E-04       1.88097E-09       1.73198E-09
       5.62500E-06       5.65000E-06       5.63750E-06       2.50001E-08       8.37853E-12       3.35140E-04       1.88935E-09       1.74036E-09
       5.65000E-06       5.67500E-06       5.66250E-06       2.50001E-08       8.37853E-12       3.35140E-04       1.89773E-09       1.74874E-09
       5.67500E-06       5.70000E-06       5.68750E-06       2.49996E-08       8.37853E-12       3.35146E-04       1.90615E-09       1.75711E-09
       5.70000E-06       5.72500E-06       5.71250E-06       2.50001E-08       8.37853E-12       3.35140E-04       1.91449E-09       1.76549E-09
       5.72500E-06       5.75000E-06       5.73750E-06       2.50001E-08       8.37853E-12       3.35140E-04       1.92287E-09       1.77387E-09
       5.75000E-06       5.77500E-06       5.76250E-06       2.50001E-08       8.37853E-12       3.35140E-04       1.93124E-09       1.78225E-09
       5.77500E-06       5.80000E-06       5.78750E-06       2.50001E-08       8.37853E-12       3.35140E-04       1.93962E-09       1.79063E-09
       5.80000E-06       5.82500E-06       5.81250E-06       2.49996E-08       8.37853E-12       3.35146E-04       1.94804E-09       1.79901E-09
       5.82500E-06       5.85000E-06       5.83750E-06       2.50001E-08       8.37853E-12       3.35140E-04       1.95638E-09       1.80739E-09
       5.85000E-06       5.87500E-06       5.86250E-06       2.50001E-08       8.37853E-12       3.35140E-04       1.96476E-09       1.81576E-09
       5.87500E-06       5.90000E-06       5.88750E-06       2.50001E-08       8.37853E-12       3.35140E-04       1.97314E-09       1.82414E-09
       5.90000E-06       5.92500E-06       5.91250E-06       2.50001E-08       8.37853E-12       3.35140E-04       1.98152E-09       1.83252E-09
       5.92500E-06       5.95000E-06       5.93750E-06       2.49996E-08       8.37853E-12       3.35146E-04       1.98993E-09       1.84090E-09
       5.95000E-06       5.97500E-06       5.96250E-06       2.50001E-08       8.37853E-12       3.35140E-04       1.99827E-09       1.84928E-09
       5.97500E-06       6.00000E-06       5.98750E-06       2.50001E-08       8.37853E-12       3.35140E-04       2.00665E-09       1.85766E-09
       6.00000E-06       6.02500E-06       6.01250E-06       2.50001E-08       8.37853E-12       3.35140E-04       2.01503E-09       1.86603E-09
       6.02500E-06       6.05000E-06       6.03750E-06       2.50001E-08       8.37853E-12       3.35140E-04       2.02341E-09       1.87441E-09
       6.05000E-06       6.07500E-06       6.06250E-06       2.49996E-08       8.37853E-12       3.35146E-04       2.03183E-09       1.88279E-09
       6.07500E-06       6.10000E-06       6.08750E-06       2.50001E-08       8.37853E-12       3.35140E-04       2.04017E-09       1.89117E-09
       6.10000E-06       6.12500E-06       6.11250E-06       2.50001E-08       8.37853E-12       3.35140E-04       2.04854E-09       1.89955E-09
       6.12500E-06       6.15000E-06       6.13750E-06       2.50001E-08       8.37853E-12       3.35140E-04       2.05692E-09       1.90793E-09
       6.15000E-06       6.17500E-06       6.16250E-06       2.50001E-08       8.37853E-12       3.35140E-04       2.06530E-09       1.91631E-09
       6.17500E-06       6.20000E-06       6.18750E-06       2.49996E-08       8.37853E-12       3.35146E-04       2.07372E-09       1.92469E-09
       6.20000E-06       6.22500E-06       6.21250E-06       2.50001E-08       8.37853E-12       3.35140E-04       2.08206E-09       1.93306E-09
       6.22500E-06       6.25000E-06       6.23750E-06       2.50001E-08       8.37853E-12       3.35140E-04       2.09044E-09       1.94144E-09
       6.25000E-06       6.27500E-06       6.26250E-06       2.50001E-08       8.37853E-12       3.35140E-04       2.09881E-09       1.94982E-09
       6.27500E-06       6.30000E-06       6.28750E-06       2.50001E-08       8.37853E-12       3.35140E-04       2.10719E-09       1.95820E-09
       6.30000E-06       6.32500E-06       6.31250E-06       2.49996E-08       8.37853E-12       3.35146E-04       2.11561E-09       1.96658E-09
       6.32500E-06       6.35000E-06       6.33750E-06       2.50001E-08       8.37853E-12       3.35140E-04       2.12395E-09       1.97496E-09
       6.35000E-06       6.37500E-06       6.36250E-06       2.50001E-08       8.37853E-12       3.35140E-04       2.13233E-09       1.98334E-09
       6.37500E-06       6.40000E-06       6.38750E-06       2.50001E-08       8.37853E-12       3.35140E-04       2.14071E-09       1.99171E-09
       6.40000E-06       6.42500E-06       6.41250E-06       2.50001E-08       8.37853E-12       3.35140E-04       2.14909E-09       2.00009E-09
       6.42500E-06       6.45000E-06       6.43750E-06       2.49996E-08       8.37853E-12       3.35146E-04       2.15751E-09       2.00847E-09
       6.45000E-06       6.47500E-06       6.46250E-06       2.50001E-08       8.37853E-12       3.35140E-04       2.16584E-09       2.01685E-09
       6.47500E-06       6.50000E-06       6.48750E-06       2.50001E-08       8.37853E-12       3.35140E-04       2.17422E-09       2.02523E-09
       6.50000E-06       6.52500E-06       6.51250E-06       2.50001E-08       8.37853E-12       3.35140E-04       2.18260E-09       2.03361E-09
       6.52500E-06       6.55000E-06       6.53750E-06       2.50001E-08       8.37853E-12       3.35140E-04       2.19098E-09       2.04199E-09
       6.55000E-06       6.57500E-06       6.56250E-06       2.49996E-08       8.37853E-12       3.35146E-04       2.19940E-09       2.05036E-09
       6.57500E-06       6.60000E-06       6.58750E-06       2.50001E-08       8.37853E-12       3.35140E-04       2.20774E-09       2.05874E-09
       6.60000E-06       6.62500E-06       6.61250E-06       2.50001E-08       8.37853E-12       3.35140E-04       2.21611E-09       2.06712E-09
       6.62500E-06       6.65000E-06       6.63750E-06       2.50001E-08       8.37853E-12       3.35140E-04       2.22449E-09       2.07550E-09
       6.65000E-06       6.67500E-06       6.66250E-06       2.50001E-08       8.37853E-12       3.35140E-04       2.23287E-09       2.08388E-09
       6.67500E-06       6.70000E-06       6.68750E-06       2.49996E-08       8.37853E-12       3.35146E-04       2.24129E-09       2.09226E-09
       6.70000E-06       6.72500E-06       6.71250E-06       2.50001E-08       8.37853E-12       3.35140E-04       2.24963E-09       2.10064E-09
       6.72500E-06       6.75000E-06       6.73750E-06       2.50001E-08       8.37853E-12       3.35140E-04       2.25801E-09       2.10901E-09
       6.75000E-06       6.77500E-06       6.76250E-06       2.50001E-08       8.37853E-12       3.35140E-04       2.26638E-09       2.11739E-09
       6.77500E-06       6.80000E-06       6.78750E-06       2.50001E-08       8.37853E-12       3.35140E-04       2.27476E-09       2.12577E-09
       6.80000E-06       6.82500E-06       6.81250E-06       2.49996E-08       8.37853E-12       3.35146E-04       2.28319E-09       2.13415E-09
       6.82500E-06       6.85000E-06       6.83750E-06       2.50001E-08       8.37853E-12       3.35140E-04       2.29152E-09       2.14253E-09
       6.85000E-06       6.87500E-06       6.86250E-06       2.50001E-08       8.37853E-12       3.35140E-04       2.29990E-09       2.15091E-09
       6.87500E-06       6.90000E-06       6.88750E-06       2.50001E-08       8.37853E-12       3.35140E-04       2.30828E-09       2.15929E-09
       6.90000E-06       6.92500E-06       6.91250E-06       2.50001E-08       8.37853E-12       3.35140E-04       2.31666E-09       2.16767E-09
       6.92500E-06       6.95000E-06       6.93750E-06       2.49996E-08       8.37853E-12       3.35146E-04       2.32508E-09       2.17604E-09
       6.95000E-06       6.97500E-06       6.96250E-06       2.50001E-08       8.37853E-12       3.35140E-04       2.33341E-09       2.18442E-09
       6.97500E-06       7.00000E-06       6.98750E-06       2.50001E-08       8.37853E-12       3.35140E-04       2.34179E-09       2.19280E-09
       7.00000E-06       7.02500E-06       7.01250E-06       2.50001E-08       8.37853E-12       3.35140E-04       2.35017E-09       2.20118E-09
       7.02500E-06       7.05000E-06       7.03750E-06       2.50001E-08       8.37853E-12       3.35140E-04       2.35855E-09       2.20956E-09
       7.05000E-06       7.07500E-06       7.06250E-06       2.49996E-08       8.37853E-12       3.35146E-04       2.36697E-09       2.21794E-09
       7.07500E-06       7.10000E-06       7.08750E-06       2.50001E-08       8.37853E-12       3.35140E-04       2.37531E-09       2.22632E-09
       7.10000E-06       7.12500E-06       7.11250E-06       2.50001E-08       8.37853E-12       3.35140E-04       2.38368E-09       2.23469E-09
       7.12500E-06       7.15000E-06       7.13750E-06       2.50001E-08       8.37853E-12       3.35140E-04       2.39206E-09       2.24307E-09
       7.15000E-06       7.17500E-06       7.16250E-06       2.50001E-08       8.37853E-12       3.35140E-04       2.40044E-09       2.25145E-09
       7.17500E-06       7.20000E-06       7.18750E-06       2.49996E-08       8.37853E-12       3.35146E-04       2.40887E-09       2.25983E-09
       7.20000E-06       7.22500E-06       7.21250E-06       2.50001E-08       8.37853E-12       3.35140E-04       2.41720E-09       2.26821E-09
       7.22500E-06       7.25000E-06       7.23750E-06       2.50001E-08       8.37853E-12       3.35140E-04       2.42558E-09       2.27659E-09
       7.25000E-06       7.27500E-06       7.26250E-06       2.50001E-08       8.37853E-12       3.35140E-04       2.43395E-09       2.28497E-09
       7.27500E-06       7.30000E-06       7.28750E-06       2.50001E-08       8.37853E-12       3.35140E-04       2.44233E-09       2.29334E-09
       7.30000E-06       7.32500E-06       7.31250E-06       2.49996E-08       8.37853E-12       3.35146E-04       2.45076E-09       2.30172E-09
       7.32500E-06       7.35000E-06       7.33750E-06       2.50001E-08       8.37853E-12       3.35140E-04       2.45909E-09       2.31010E-09
       7.35000E-06       7.37500E-06       7.36250E-06       2.50001E-08       8.37853E-12       3.35140E-04       2.46747E-09       2.31848E-09
       7.37500E-06       7.40000E-06       7.38750E-06       2.50001E-08       8.37853E-12       3.35140E-04       2.47585E-09       2.32686E-09
       7.40000E-06       7.42500E-06       7.41250E-06       2.50001E-08       8.37853E-12       3.35140E-04       2.48423E-09       2.33524E-09
       7.42500E-06       7.45000E-06       7.43750E-06       2.49996E-08       8.37853E-12       3.35146E-04       2.49265E-09       2.34362E-09
       7.45000E-06       7.47500E-06       7.46250E-06       2.50001E-08       8.37853E-12       3.35140E-04       2.50098E-09       2.35200E-09
       7.47500E-06       7.50000E-06       7.48750E-06       2.50001E-08       8.37853E-12       3.35140E-04       2.50936E-09       2.36037E-09
       7.50000E-06       7.52500E-06       7.51250E-06       2.50001E-08       8.37853E-12       3.35140E-04       2.51774E-09       2.36875E-09
       7.52500E-06       7.55000E-06       7.53750E-06       2.50001E-08       8.37853E-12       3.35140E-04       2.52612E-09       2.37713E-09
       7.55000E-06       7.57500E-06       7.56250E-06       2.49996E-08       8.37853E-12       3.35146E-04       2.53455E-09       2.38551E-09
       7.57500E-06       7.60000E-06       7.58750E-06       2.50001E-08       8.37853E-12       3.35140E-04       2.54288E-09       2.39389E-09
       7.60000E-06       7.62500E-06       7.61250E-06       2.50001E-08       8.37853E-12       3.35140E-04       2.55125E-09       2.40227E-09
       7.62500E-06       7.65000E-06       7.63750E-06       2.50001E-08       8.37853E-12       3.35140E-04       2.55963E-09       2.41065E-09
       7.65000E-06       7.67500E-06       7.66250E-06       2.50001E-08       8.37853E-12       3.35140E-04       2.56801E-09       2.41902E-09
       7.67500E-06       7.70000E-06       7.68750E-06       2.49996E-08       8.37853E-12       3.35146E-04       2.57644E-09       2.42740E-09
       7.70000E-06       7.72500E-06       7.71250E-06       2.50001E-08       8.37853E-12       3.35140E-04       2.58477E-09       2.43578E-09
       7.72500E-06       7.75000E-06       7.73750E-06       2.50001E-08       8.37853E-12       3.35140E-04       2.59315E-09       2.44416E-09
       7.75000E-06       7.77500E-06       7.76250E-06       2.50001E-08       8.37853E-12       3.35140E-04       2.60152E-09       2.45254E-09
       7.77500E-06       7.80000E-06       7.78750E-06       2.50001E-08       8.37853E-12       3.35140E-04       2.60990E-09       2.46092E-09
       7.80000E-06       7.82500E-06       7.81250E-06       2.49996E-08       8.37853E-12       3.35146E-04       2.61833E-09       2.46930E-09
       7.82500E-06       7.85000E-06       7.83750E-06       2.50001E-08       8.37853E-12       3.35140E-04       2.62666E-09       2.47767E-09
       7.85000E-06       7.87500E-06       7.86250E-06       2.50001E-08       8.37853E-12       3.35140E-04       2.63504E-09       2.48605E-09
       7.87500E-06       7.90000E-06       7.88750E-06       2.50001E-08       8.37853E-12       3.35140E-04       2.64342E-09       2.49443E-09
       7.90000E-06       7.92500E-06       7.91250E-06       2.50001E-08       8.37853E-12       3.35140E-04       2.65180E-09       2.50281E-09
       7.92500E-06       7.95000E-06       7.93750E-06       2.49996E-08       8.37853E-12       3.35146E-04       2.66023E-09       2.51119E-09
       7.95000E-06       7.97500E-06       7.96250E-06       2.50001E-08       8.37853E-12       3.35140E-04       2.66855E-09       2.51957E-09
       7.97500E-06       8.00000E-06       7.98750E-06       2.50001E-08       8.37853E-12       3.35140E-04       2.67693E-09       2.52795E-09
       8.00000E-06       8.02500E-06       8.01250E-06       2.49996E-08       8.37853E-12       3.35146E-04       2.68536E-09       2.53633E-09
       8.02500E-06       8.05000E-06       8.03750E-06       2.50006E-08       8.37853E-12       3.35134E-04       2.69364E-09       2.54470E-09
       8.05000E-06       8.07500E-06       8.06250E-06       2.49996E-08       8.37853E-12       3.35146E-04       2.70212E-09       2.55308E-09
       8.07500E-06       8.10000E-06       8.08750E-06       2.50006E-08       8.37853E-12       3.35134E-04       2.71039E-09       2.56146E-09
       8.10000E-06       8.12500E-06       8.11250E-06       2.49996E-08       8.37853E-12       3.35146E-04       2.71888E-09       2.56984E-09
       8.12500E-06       8.15000E-06       8.13750E-06       2.49996E-08       8.37853E-12       3.35146E-04       2.72725E-09       2.57822E-09
       8.15000E-06       8.17500E-06       8.16250E-06       2.50006E-08       8.37853E-12       3.35134E-04       2.73553E-09       2.58660E-09
       8.17500E-06       8.20000E-06       8.18750E-06       2.49996E-08       8.37853E-12       3.35146E-04       2.74401E-09       2.59498E-09
       8.20000E-06       8.22500E-06       8.21250E-06       2.50006E-08       8.37853E-12       3.35134E-04       2.75229E-09       2.60335E-09
       8.22500E-06       8.25000E-06       8.23750E-06       2.49996E-08       8.37853E-12       3.35146E-04       2.76077E-09       2.61173E-09
       8.25000E-06       8.27500E-06       8.26250E-06       2.49996E-08       8.37853E-12       3.35146E-04       2.76915E-09       2.62011E-09
       8.27500E-06       8.30000E-06       8.28750E-06       2.50006E-08       8.37853E-12       3.35134E-04       2.77742E-09       2.62849E-09
       8.30000E-06       8.32500E-06       8.31250E-06       2.49996E-08       8.37853E-12       3.35146E-04       2.78591E-09       2.63687E-09
       8.32500E-06       8.35000E-06       8.33750E-06       2.50006E-08       8.37853E-12       3.35134E-04       2.79418E-09       2.64525E-09
       8.35000E-06       8.37500E-06       8.36250E-06       2.49996E-08       8.37853E-12       3.35146E-04       2.80266E-09       2.65363E-09
       8.37500E-06       8.40000E-06       8.38750E-06       2.49996E-08       8.37853E-12       3.35146E-04       2.81104E-09       2.66200E-09
       8.40000E-06       8.42500E-06       8.41250E-06       2.50006E-08       8.37853E-12       3.35134E-04       2.81931E-09       2.67038E-09
       8.42500E-06       8.45000E-06       8.43750E-06       2.49996E-08       8.37853E-12       3.35146E-04       2.82780E-09       2.67876E-09
       8.45000E-06       8.47500E-06       8.46250E-06       2.50006E-08       8.37853E-12       3.35134E-04       2.83607E-09       2.68714E-09
       8.47500E-06       8.50000E-06       8.48750E-06       2.49996E-08       8.37853E-12       3.35146E-04       2.84456E-09       2.69552E-09
       8.50000E-06       8.52500E-06       8.51250E-06       2.49996E-08       8.37853E-12       3.35146E-04       2.85293E-09       2.70390E-09
       8.52500E-06       8.55000E-06       8.53750E-06       2.50006E-08       8.37853E-12       3.35134E-04       2.86120E-09       2.71228E-09
       8.55000E-06       8.57500E-06       8.56250E-06       2.49996E-08       8.37853E-12       3.35146E-04       2.86969E-09       2.72066E-09
       8.57500E-06       8.60000E-06       8.58750E-06       2.50006E-08       8.37853E-12       3.35134E-04       2.87796E-09       2.72903E-09
       8.60000E-06       8.62500E-06       8.61250E-06       2.49996E-08       8.37853E-12       3.35146E-04       2.88645E-09       2.73741E-09
       8.62500E-06       8.65000E-06       8.63750E-06       2.49996E-08       8.37853E-12       3.35146E-04       2.89483E-09       2.74579E-09
       8.65000E-06       8.67500E-06       8.66250E-06       2.50006E-08       8.37853E-12       3.35134E-04       2.90310E-09       2.75417E-09
       8.67500E-06       8.70000E-06       8.68750E-06       2.49996E-08       8.37853E-12       3.35146E-04       2.91159E-09       2.76255E-09
       8.70000E-06       8.72500E-06       8.71250E-06       2.50006E-08       8.37853E-12       3.35134E-04       2.91985E-09       2.77093E-09
       8.72500E-06       8.75000E-06       8.73750E-06       2.49996E-08       8.37853E-12       3.35146E-04       2.92834E-09       2.77931E-09
       8.75000E-06       8.77500E-06       8.76250E-06       2.49996E-08       8.37853E-12       3.35146E-04       2.93672E-09       2.78768E-09
       8.77500E-06       8.80000E-06       8.78750E-06       2.50006E-08       8.37853E-12       3.35134E-04       2.94499E-09       2.79606E-09
       8.80000E-06       8.82500E-06       8.81250E-06       2.49996E-08       8.37853E-12       3.35146E-04       2.95348E-09       2.80444E-09
       8.82500E-06       8.85000E-06       8.83750E-06       2.50006E-08       8.37853E-12       3.35134E-04       2.96174E-09       2.81282E-09
       8.85000E-06       8.87500E-06       8.86250E-06       2.49996E-08       8.37853E-12       3.35146E-04       2.97024E-09       2.82120E-09
       8.87500E-06       8.90000E-06       8.88750E-06       2.49996E-08       8.37853E-12       3.35146E-04       2.97861E-09       2.82958E-09
       8.90000E-06       8.92500E-06       8.91250E-06       2.50006E-08       8.37853E-12       3.35134E-04       2.98688E-09       2.83796E-09
       8.92500E-06       8.95000E-06       8.93750E-06       2.49996E-08       8.37853E-12       3.35146E-04       2.99537E-09       2.84633E-09
       8.95000E-06       8.97500E-06       8.96250E-06       2.50006E-08       8.37853E-12       3.35134E-04       3.00364E-09       2.85471E-09
       8.97500E-06       9.00000E-06       8.98750E-06       2.49996E-08       8.37853E-12       3.35146E-04       3.01213E-09       2.86309E-09
       9.00000E-06       9.02500E-06       9.01250E-06       2.49996E-08       8.37853E-12       3.35146E-04       3.02051E-09       2.87147E-09
       9.02500E-06       9.05000E-06       9.03750E-06       2.50006E-08       8.37853E-12       3.35134E-04       3.02877E-09       2.87985E-09
       9.05000E-06       9.07500E-06       9.06250E-06       2.49996E-08       8.37853E-12       3.35146E-04       3.03727E-09       2.88823E-09
       9.07500E-06       9.10000E-06       9.08750E-06       2.50006E-08       8.37853E-12       3.35134E-04       3.04553E-09       2.89661E-09
       9.10000E-06       9.12500E-06       9.11250E-06       2.49996E-08       8.37853E-12       3.35146E-04       3.05402E-09       2.90498E-09
       9.12500E-06       9.15000E-06       9.13750E-06       2.49996E-08       8.37853E-12       3.35146E-04       3.06240E-09       2.91336E-09
       9.15000E-06       9.17500E-06       9.16250E-06       2.50006E-08       8.37853E-12       3.35134E-04       3.07066E-09       2.92174E-09
       9.17500E-06       9.20000E-06       9.18750E-06       2.49996E-08       8.37853E-12       3.35146E-04       3.07916E-09       2.93012E-09
       9.20000E-06       9.22500E-06       9.21250E-06       2.50006E-08       8.37853E-12       3.35134E-04       3.08742E-09       2.93850E-09
       9.22500E-06       9.25000E-06       9.23750E-06       2.49996E-08       8.37853E-12       3.35146E-04       3.09592E-09       2.94688E-09
       9.25000E-06       9.27500E-06       9.26250E-06       2.49996E-08       8.37853E-12       3.35146E-04       3.10429E-09       2.95526E-09
       9.27500E-06       9.30000E-06       9.28750E-06       2.50006E-08       8.37853E-12       3.35134E-04       3.11255E-09       2.96364E-09
       9.30000E-06       9.32500E-06       9.31250E-06       2.49996E-08       8.37853E-12       3.35146E-04       3.12105E-09       2.97201E-09
       9.32500E-06       9.35000E-06       9.33750E-06       2.50006E-08       8.37853E-12       3.35134E-04       3.12931E-09       2.98039E-09
       9.35000E-06       9.37500E-06       9.36250E-06       2.49996E-08       8.37853E-12       3.35146E-04       3.13781E-09       2.98877E-09
       9.37500E-06       9.40000E-06       9.38750E-06       2.49996E-08       8.37853E-12       3.35146E-04       3.14619E-09       2.99715E-09
       9.40000E-06       9.42500E-06       9.41250E-06       2.50006E-08       8.37853E-12       3.35134E-04       3.15445E-09       3.00553E-09
       9.42500E-06       9.45000E-06       9.43750E-06       2.49996E-08       8.37853E-12       3.35146E-04       3.16295E-09       3.01391E-09
       9.45000E-06       9.47500E-06       9.46250E-06       2.50006E-08       8.37853E-12       3.35134E-04       3.17120E-09       3.02229E-09
       9.47500E-06       9.50000E-06       9.48750E-06       2.49996E-08       8.37853E-12       3.35146E-04       3.17970E-09       3.03066E-09
       9.50000E-06       9.52500E-06       9.51250E-06       2.49996E-08       8.37853E-12       3.35146E-04       3.18808E-09       3.03904E-09
       9.52500E-06       9.55000E-06       9.53750E-06       2.50006E-08       8.37853E-12       3.35134E-04       3.19634E-09       3.04742E-09
       9.55000E-06       9.57500E-06       9.56250E-06       2.49996E-08       8.37853E-12       3.35146E-04       3.20484E-09       3.05580E-09
       9.57500E-06       9.60000E-06       9.58750E-06       2.50006E-08       8.37853E-12       3.35134E-04       3.21309E-09       3.06418E-09
       9.60000E-06       9.62500E-06       9.61250E-06       2.49996E-08       8.37853E-12       3.35146E-04       3.22160E-09       3.07256E-09
       9.62500E-06       9.65000E-06       9.63750E-06       2.49996E-08       8.37853E-12       3.35146E-04       3.22997E-09       3.08094E-09
       9.65000E-06       9.67500E-06       9.66250E-06       2.50006E-08       8.37853E-12       3.35134E-04       3.23823E-09       3.08931E-09
       9.67500E-06       9.70000E-06       9.68750E-06       2.49996E-08       8.37853E-12       3.35146E-04       3.24673E-09       3.09769E-09
       9.70000E-06       9.72500E-06       9.71250E-06       2.50006E-08       8.37853E-12       3.35134E-04       3.25499E-09       3.10607E-09
       9.72500E-06       9.75000E-06       9.73750E-06       2.49996E-08       8.37853E-12       3.35146E-04       3.26349E-09       3.11445E-09
       9.75000E-06       9.77500E-06       9.76250E-06       2.49996E-08       8.37853E-12       3.35146E-04       3.27187E-09       3.12283E-09
       9.77500E-06       9.80000E-06       9.78750E-06       2.50006E-08       8.37853E-12       3.35134E-04       3.28012E-09       3.13121E-09
       9.80000E-06       9.82500E-06       9.81250E-06       2.49996E-08       8.37853E-12       3.35146E-04       3.28863E-09       3.13959E-09
       9.82500E-06       9.85000E-06       9.83750E-06       2.50006E-08       8.37853E-12       3.35134E-04       3.29688E-09       3.14797E-09
       9.85000E-06       9.87500E-06       9.86250E-06       2.49996E-08       8.37853E-12       3.35146E-04       3.30538E-09       3.15634E-09
       9.87500E-06       9.90000E-06       9.88750E-06       2.49996E-08       8.37853E-12       3.35146E-04       3.31376E-09       3.16472E-09
       9.90000E-06       9.92500E-06       9.91250E-06       2.50006E-08       8.37853E-12       3.35134E-04       3.32201E-09       3.17310E-09
       9.92500E-06       9.95000E-06       9.93750E-06       2.49996E-08       8.37853E-12       3.35146E-04       3.33052E-09       3.18148E-09
       9.95000E-06       9.97500E-06       9.96250E-06       2.50006E-08       8.37853E-12       3.35134E-04       3.33877E-09       3.18986E-09
       9.97500E-06       1.00000E-05       9.98750E-06       2.49996E-08       8.37853E-12       3.35146E-04       3.34728E-09       3.19824E-09
       1.00000E-05       1.04713E-05       1.02356E-05       4.71300E-07       1.57949E-10       3.35134E-04       3.43032E-09       3.35619E-09
       1.04713E-05       1.09648E-05       1.07180E-05       4.93500E-07       1.65388E-10       3.35132E-04       3.59197E-09       3.52157E-09
       1.09648E-05       1.14815E-05       1.12232E-05       5.16700E-07       1.73187E-10       3.35179E-04       3.76177E-09       3.69476E-09
       1.14815E-05       1.20226E-05       1.17521E-05       5.41101E-07       1.81347E-10       3.35144E-04       3.93863E-09       3.87611E-09
       1.20226E-05       1.25892E-05       1.23059E-05       5.66600E-07       1.89895E-10       3.35148E-04       4.12429E-09       4.06600E-09
       1.25892E-05       1.31826E-05       1.28859E-05       5.93400E-07       1.98845E-10       3.35095E-04       4.31800E-09       4.26485E-09
       1.31826E-05       1.38038E-05       1.34932E-05       6.21200E-07       2.08213E-10       3.35179E-04       4.52263E-09       4.47306E-09
       1.38038E-05       1.44544E-05       1.41291E-05       6.50600E-07       2.18026E-10       3.35114E-04       4.73486E-09       4.69109E-09
       1.44544E-05       1.51356E-05       1.47950E-05       6.81200E-07       2.28297E-10       3.35140E-04       4.95840E-09       4.91938E-09
       1.51356E-05       1.58489E-05       1.54922E-05       7.13300E-07       2.39064E-10       3.35152E-04       5.19226E-09       5.15845E-09
       1.58489E-05       1.65959E-05       1.62224E-05       7.47000E-07       2.50325E-10       3.35107E-04       5.43623E-09       5.40877E-09
       1.65959E-05       1.73780E-05       1.69869E-05       7.82101E-07       2.62122E-10       3.35152E-04       5.69321E-09       5.67089E-09
       1.73780E-05       1.81970E-05       1.77875E-05       8.19000E-07       2.74478E-10       3.35138E-04       5.96127E-09       5.94537E-09
       1.81970E-05       1.90546E-05       1.86258E-05       8.57599E-07       2.87413E-10       3.35137E-04       6.24220E-09       6.23279E-09
       1.90546E-05       1.99526E-05       1.95036E-05       8.98001E-07       3.00956E-10       3.35140E-04       6.53644E-09       6.53374E-09
       1.99526E-05       2.08930E-05       2.04228E-05       9.40399E-07       3.15142E-10       3.35115E-04       6.84398E-09       6.84888E-09
       2.08930E-05       2.18776E-05       2.13853E-05       9.84600E-07       3.29998E-10       3.35160E-04       7.16749E-09       7.17888E-09
       2.18776E-05       2.29087E-05       2.23932E-05       1.03110E-06       3.45547E-10       3.35125E-04       7.50450E-09       7.52443E-09
       2.29087E-05       2.39883E-05       2.34485E-05       1.07960E-06       3.61831E-10       3.35153E-04       7.85884E-09       7.88626E-09
       2.39883E-05       2.51189E-05       2.45536E-05       1.13060E-06       3.78885E-10       3.35119E-04       8.22837E-09       8.26515E-09
       2.51189E-05       2.63027E-05       2.57108E-05       1.18380E-06       3.96744E-10       3.35145E-04       8.61684E-09       8.66189E-09
       2.63027E-05       2.75423E-05       2.69225E-05       1.23960E-06       4.15444E-10       3.35144E-04       9.02291E-09       9.07733E-09
       2.75423E-05       2.88403E-05       2.81913E-05       1.29800E-06       4.35020E-10       3.35146E-04       9.44820E-09       9.51235E-09
       2.88403E-05       3.01995E-05       2.95199E-05       1.35920E-06       4.55521E-10       3.35139E-04       9.89327E-09       9.96787E-09
       3.01995E-05       3.16228E-05       3.09111E-05       1.42330E-06       4.76990E-10       3.35129E-04       1.03592E-08       1.04449E-08
       3.16228E-05       3.31131E-05       3.23679E-05       1.49030E-06       4.99469E-10       3.35148E-04       1.08480E-08       1.09443E-08
       3.31131E-05       3.46737E-05       3.38934E-05       1.56060E-06       5.23008E-10       3.35133E-04       1.13588E-08       1.14673E-08
       3.46737E-05       3.63078E-05       3.54907E-05       1.63410E-06       5.47657E-10       3.35142E-04       1.18945E-08       1.20150E-08
       3.63078E-05       3.80189E-05       3.71634E-05       1.71110E-06       5.73463E-10       3.35143E-04       1.24550E-08       1.25885E-08
       3.80189E-05       3.98107E-05       3.89148E-05       1.79180E-06       6.00492E-10       3.35134E-04       1.30417E-08       1.31890E-08
       3.98107E-05       4.16869E-05       4.07488E-05       1.87620E-06       6.28793E-10       3.35141E-04       1.36566E-08       1.38177E-08
       4.16869E-05       4.36516E-05       4.26692E-05       1.96470E-06       6.58429E-10       3.35130E-04       1.42997E-08       1.44762E-08
       4.36516E-05       4.57088E-05       4.46802E-05       2.05720E-06       6.89463E-10       3.35146E-04       1.49744E-08       1.51656E-08
       4.57088E-05       4.78630E-05       4.67859E-05       2.15420E-06       7.21925E-10       3.35125E-04       1.56791E-08       1.58876E-08
       4.78630E-05       5.01187E-05       4.89908E-05       2.25570E-06       7.55976E-10       3.35140E-04       1.64188E-08       1.66435E-08
       5.01187E-05       5.24808E-05       5.12998E-05       2.36210E-06       7.91581E-10       3.35117E-04       1.71914E-08       1.74351E-08
       5.24808E-05       5.49541E-05       5.37174E-05       2.47330E-06       8.28882E-10       3.35132E-04       1.80024E-08       1.82640E-08
       5.49541E-05       5.75440E-05       5.62490E-05       2.58990E-06       8.67948E-10       3.35129E-04       1.88507E-08       1.91319E-08
       5.75440E-05       6.02560E-05       5.89000E-05       2.71200E-06       9.08852E-10       3.35122E-04       1.97387E-08       2.00408E-08
       6.02560E-05       6.30957E-05       6.16758E-05       2.83970E-06       9.51734E-10       3.35153E-04       2.06708E-08       2.09925E-08
       6.30957E-05       6.60693E-05       6.45825E-05       2.97360E-06       9.96594E-10       3.35147E-04       2.16447E-08       2.19891E-08
       6.60693E-05       6.91831E-05       6.76262E-05       3.11380E-06       1.04357E-09       3.35144E-04       2.26645E-08       2.30327E-08
       6.91831E-05       7.24436E-05       7.08134E-05       3.26051E-06       1.09274E-09       3.35145E-04       2.37327E-08       2.41254E-08
       7.24436E-05       7.58578E-05       7.41507E-05       3.41420E-06       1.14424E-09       3.35142E-04       2.48510E-08       2.52697E-08
       7.58578E-05       7.94328E-05       7.76453E-05       3.57500E-06       1.19814E-09       3.35146E-04       2.60225E-08       2.64678E-08
       7.94328E-05       8.31764E-05       8.13046E-05       3.74360E-06       1.25459E-09       3.35129E-04       2.72476E-08       2.77224E-08
       8.31764E-05       8.70964E-05       8.51364E-05       3.92000E-06       1.31372E-09       3.35133E-04       2.85320E-08       2.90361E-08
       8.70964E-05       9.12011E-05       8.91488E-05       4.10471E-06       1.37568E-09       3.35146E-04       2.98779E-08       3.04118E-08
       9.12011E-05       9.54993E-05       9.33502E-05       4.29820E-06       1.44046E-09       3.35131E-04       3.12845E-08       3.18523E-08
       9.54993E-05       1.00000E-04       9.77497E-05       4.50070E-06       1.50835E-09       3.35136E-04       3.27594E-08       3.33606E-08
       1.00000E-04       1.04713E-04       1.02356E-04       4.71300E-06       1.57949E-09       3.35135E-04       3.43032E-08       3.49401E-08
       1.04713E-04       1.09648E-04       1.07181E-04       4.93501E-06       1.65388E-09       3.35132E-04       3.59196E-08       3.65940E-08
       1.09648E-04       1.14815E-04       1.12232E-04       5.16700E-06       1.73187E-09       3.35179E-04       3.76176E-08       3.83259E-08
       1.14815E-04       1.20226E-04       1.17520E-04       5.41100E-06       1.81347E-09       3.35144E-04       3.93863E-08       4.01393E-08
       1.20226E-04       1.25892E-04       1.23059E-04       5.66600E-06       1.89895E-09       3.35148E-04       4.12429E-08       4.20383E-08
       1.25892E-04       1.31826E-04       1.28859E-04       5.93401E-06       1.98845E-09       3.35095E-04       4.31800E-08       4.40267E-08
       1.31826E-04       1.38038E-04       1.34932E-04       6.21199E-06       2.08213E-09       3.35179E-04       4.52264E-08       4.61088E-08
       1.38038E-04       1.44544E-04       1.41291E-04       6.50601E-06       2.18026E-09       3.35114E-04       4.73486E-08       4.82891E-08
       1.44544E-04       1.51356E-04       1.47950E-04       6.81200E-06       2.28297E-09       3.35140E-04       4.95840E-08       5.05721E-08
       1.51356E-04       1.58489E-04       1.54922E-04       7.13300E-06       2.39064E-09       3.35152E-04       5.19226E-08       5.29627E-08
       1.58489E-04       1.65959E-04       1.62224E-04       7.47000E-06       2.50325E-09       3.35107E-04       5.43623E-08       5.54660E-08
       1.65959E-04       1.73780E-04       1.69870E-04       7.82100E-06       2.62122E-09       3.35152E-04       5.69321E-08       5.80872E-08
       1.73780E-04       1.81970E-04       1.77875E-04       8.19000E-06       2.74478E-09       3.35138E-04       5.96127E-08       6.08320E-08
       1.81970E-04       1.90546E-04       1.86258E-04       8.57600E-06       2.87413E-09       3.35137E-04       6.24219E-08       6.37061E-08
       1.90546E-04       1.99526E-04       1.95036E-04       8.98000E-06       3.00956E-09       3.35141E-04       6.53645E-08       6.67157E-08
       1.99526E-04       2.08930E-04       2.04228E-04       9.40399E-06       3.15142E-09       3.35115E-04       6.84398E-08       6.98671E-08
       2.08930E-04       2.18776E-04       2.13853E-04       9.84601E-06       3.29998E-09       3.35160E-04       7.16749E-08       7.31671E-08
       2.18776E-04       2.29087E-04       2.23932E-04       1.03110E-05       3.45547E-09       3.35125E-04       7.50450E-08       7.66225E-08
       2.29087E-04       2.39883E-04       2.34485E-04       1.07960E-05       3.61831E-09       3.35153E-04       7.85884E-08       8.02408E-08
       2.39883E-04       2.51189E-04       2.45536E-04       1.13060E-05       3.78885E-09       3.35119E-04       8.22837E-08       8.40297E-08
       2.51189E-04       2.63027E-04       2.57108E-04       1.18380E-05       3.96744E-09       3.35144E-04       8.61683E-08       8.79971E-08
       2.63027E-04       2.75423E-04       2.69225E-04       1.23960E-05       4.15444E-09       3.35144E-04       9.02290E-08       9.21516E-08
       2.75423E-04       2.88403E-04       2.81913E-04       1.29800E-05       4.35020E-09       3.35146E-04       9.44820E-08       9.65018E-08
       2.88403E-04       3.01995E-04       2.95199E-04       1.35920E-05       4.55521E-09       3.35140E-04       9.89329E-08       1.01057E-07
       3.01995E-04       3.16228E-04       3.09111E-04       1.42330E-05       4.76990E-09       3.35130E-04       1.03592E-07       1.05827E-07
       3.16228E-04       3.31131E-04       3.23680E-04       1.49030E-05       4.99469E-09       3.35147E-04       1.08480E-07       1.10822E-07
       3.31131E-04       3.46737E-04       3.38934E-04       1.56060E-05       5.23008E-09       3.35133E-04       1.13588E-07       1.16052E-07
       3.46737E-04       3.63078E-04       3.54908E-04       1.63410E-05       5.47657E-09       3.35143E-04       1.18945E-07       1.21528E-07
       3.63078E-04       3.80189E-04       3.71634E-04       1.71110E-05       5.73463E-09       3.35143E-04       1.24550E-07       1.27263E-07
       3.80189E-04       3.98107E-04       3.89148E-04       1.79180E-05       6.00492E-09       3.35134E-04       1.30417E-07       1.33268E-07
       3.98107E-04       4.16869E-04       4.07488E-04       1.87620E-05       6.28793E-09       3.35142E-04       1.36566E-07       1.39556E-07
       4.16869E-04       4.36516E-04       4.26692E-04       1.96470E-05       6.58429E-09       3.35129E-04       1.42997E-07       1.46140E-07
       4.36516E-04       4.57088E-04       4.46802E-04       2.05720E-05       6.89463E-09       3.35146E-04       1.49744E-07       1.53035E-07
       4.57088E-04       4.78630E-04       4.67859E-04       2.15420E-05       7.21953E-09       3.35137E-04       1.56797E-07       1.60254E-07
       4.78630E-04       5.01187E-04       4.89909E-04       2.25570E-05       7.55975E-09       3.35140E-04       1.64188E-07       1.67814E-07
       5.01187E-04       5.24808E-04       5.12998E-04       2.36210E-05       7.91609E-09       3.35130E-04       1.71921E-07       1.75730E-07
       5.24808E-04       5.49541E-04       5.37175E-04       2.47330E-05       8.28910E-09       3.35143E-04       1.80030E-07       1.84019E-07
       5.49541E-04       5.75440E-04       5.62491E-04       2.58990E-05       8.67977E-09       3.35139E-04       1.88513E-07       1.92699E-07
       5.75440E-04       6.02560E-04       5.89000E-04       2.71200E-05       9.08887E-09       3.35136E-04       1.97395E-07       2.01788E-07
       6.02560E-04       6.30957E-04       6.16758E-04       2.83970E-05       9.51712E-09       3.35146E-04       2.06704E-07       2.11305E-07
       6.30957E-04       6.60693E-04       6.45825E-04       2.97360E-05       9.96572E-09       3.35140E-04       2.16442E-07       2.21271E-07
       6.60693E-04       6.91831E-04       6.76262E-04       3.11380E-05       1.04354E-08       3.35133E-04       2.26638E-07       2.31706E-07
       6.91831E-04       7.24436E-04       7.08133E-04       3.26050E-05       1.09272E-08       3.35139E-04       2.37323E-07       2.42633E-07
       7.24436E-04       7.58578E-04       7.41507E-04       3.41420E-05       1.14421E-08       3.35134E-04       2.48504E-07       2.54075E-07
       7.58578E-04       7.94328E-04       7.76453E-04       3.57500E-05       1.19814E-08       3.35143E-04       2.60223E-07       2.66057E-07
       7.94328E-04       8.31764E-04       8.13046E-04       3.74360E-05       1.25461E-08       3.35135E-04       2.72480E-07       2.78603E-07
       8.31764E-04       8.70964E-04       8.51364E-04       3.92000E-05       1.31373E-08       3.35136E-04       2.85323E-07       2.91740E-07
       8.70964E-04       9.12011E-04       8.91487E-04       4.10470E-05       1.37565E-08       3.35140E-04       2.98773E-07       3.05497E-07
       9.12011E-04       9.54993E-04       9.33502E-04       4.29820E-05       1.44049E-08       3.35137E-04       3.12851E-07       3.19901E-07
       9.54993E-04       1.00000E-03       9.77497E-04       4.50070E-05       1.50837E-08       3.35141E-04       3.27599E-07       3.34985E-07
       1.00000E-03       1.04713E-03       1.02356E-03       4.71300E-05       1.57947E-08       3.35131E-04       3.43029E-07       3.50780E-07
       1.04713E-03       1.09648E-03       1.07180E-03       4.93500E-05       1.65387E-08       3.35131E-04       3.59195E-07       3.67319E-07
       1.09648E-03       1.14815E-03       1.12231E-03       5.16700E-05       1.73186E-08       3.35177E-04       3.76175E-07       3.84637E-07
       1.14815E-03       1.20226E-03       1.17520E-03       5.41100E-05       1.81343E-08       3.35138E-04       3.93856E-07       4.02772E-07
       1.20226E-03       1.25892E-03       1.23059E-03       5.66600E-05       1.89892E-08       3.35144E-04       4.12424E-07       4.21761E-07
       1.25892E-03       1.31826E-03       1.28859E-03       5.93400E-05       1.98844E-08       3.35093E-04       4.31797E-07       4.41645E-07
       1.31826E-03       1.38038E-03       1.34932E-03       6.21200E-05       2.08212E-08       3.35176E-04       4.52260E-07       4.62466E-07
       1.38038E-03       1.44544E-03       1.41291E-03       6.50599E-05       2.18028E-08       3.35118E-04       4.73492E-07       4.84269E-07
       1.44544E-03       1.51356E-03       1.47950E-03       6.81201E-05       2.28300E-08       3.35143E-04       4.95843E-07       5.07099E-07
       1.51356E-03       1.58489E-03       1.54923E-03       7.13300E-05       2.39061E-08       3.35148E-04       5.19220E-07       5.31005E-07
       1.58489E-03       1.65959E-03       1.62224E-03       7.47000E-05       2.50328E-08       3.35112E-04       5.43631E-07       5.56038E-07
       1.65959E-03       1.73780E-03       1.69870E-03       7.82101E-05       2.62125E-08       3.35155E-04       5.69327E-07       5.82250E-07
       1.73780E-03       1.81970E-03       1.77875E-03       8.18999E-05       2.74478E-08       3.35139E-04       5.96128E-07       6.09698E-07
       1.81970E-03       1.90546E-03       1.86258E-03       8.57600E-05       2.87415E-08       3.35139E-04       6.24222E-07       6.38440E-07
       1.90546E-03       1.99526E-03       1.95036E-03       8.98001E-05       3.00958E-08       3.35142E-04       6.53647E-07       6.68536E-07
       1.99526E-03       2.08930E-03       2.04228E-03       9.40400E-05       3.15144E-08       3.35117E-04       6.84402E-07       7.00050E-07
       2.08930E-03       2.18776E-03       2.13853E-03       9.84600E-05       3.29997E-08       3.35159E-04       7.16747E-07       7.33050E-07
       2.18776E-03       2.29087E-03       2.23932E-03       1.03110E-04       3.45547E-08       3.35125E-04       7.50450E-07       7.67604E-07
       2.29087E-03       2.39883E-03       2.34485E-03       1.07960E-04       3.61832E-08       3.35154E-04       7.85885E-07       8.03788E-07
       2.39883E-03       2.51189E-03       2.45536E-03       1.13060E-04       3.78884E-08       3.35118E-04       8.22835E-07       8.41676E-07
       2.51189E-03       2.63027E-03       2.57108E-03       1.18380E-04       3.96743E-08       3.35144E-04       8.61681E-07       8.81350E-07
       2.63027E-03       2.75423E-03       2.69225E-03       1.23960E-04       4.15440E-08       3.35141E-04       9.02283E-07       9.22894E-07
       2.75423E-03       2.88403E-03       2.81913E-03       1.29800E-04       4.35019E-08       3.35146E-04       9.44819E-07       9.66396E-07
       2.88403E-03       3.01995E-03       2.95199E-03       1.35920E-04       4.55520E-08       3.35138E-04       9.89325E-07       1.01195E-06
       3.01995E-03       3.16228E-03       3.09112E-03       1.42330E-04       4.76989E-08       3.35129E-04       1.03592E-06       1.05965E-06
       3.16228E-03       3.31131E-03       3.23679E-03       1.49030E-04       4.99467E-08       3.35145E-04       1.08480E-06       1.10959E-06
       3.31131E-03       3.46737E-03       3.38934E-03       1.56060E-04       5.23010E-08       3.35134E-04       1.13588E-06       1.16189E-06
       3.46737E-03       3.63078E-03       3.54907E-03       1.63410E-04       5.47656E-08       3.35142E-04       1.18945E-06       1.21666E-06
       3.63078E-03       3.80189E-03       3.71633E-03       1.71110E-04       5.73465E-08       3.35144E-04       1.24551E-06       1.27401E-06
       3.80189E-03       3.98107E-03       3.89148E-03       1.79180E-04       6.00494E-08       3.35134E-04       1.30417E-06       1.33406E-06
       3.98107E-03       4.16869E-03       4.07488E-03       1.87620E-04       6.28793E-08       3.35142E-04       1.36566E-06       1.39694E-06
       4.16869E-03       4.36516E-03       4.26693E-03       1.96470E-04       6.58426E-08       3.35127E-04       1.42996E-06       1.46278E-06
       4.36516E-03       4.57088E-03       4.46802E-03       2.05720E-04       6.89459E-08       3.35145E-04       1.49743E-06       1.53172E-06
       4.57088E-03       4.78630E-03       4.67859E-03       2.15420E-04       7.21953E-08       3.35137E-04       1.56797E-06       1.60392E-06
       4.78630E-03       5.01187E-03       4.89909E-03       2.25570E-04       7.55975E-08       3.35140E-04       1.64188E-06       1.67952E-06
       5.01187E-03       5.24807E-03       5.12997E-03       2.36200E-04       7.91609E-08       3.35144E-04       1.71928E-06       1.75868E-06
       5.24807E-03       5.49541E-03       5.37174E-03       2.47340E-04       8.28910E-08       3.35129E-04       1.80023E-06       1.84157E-06
       5.49541E-03       5.75440E-03       5.62491E-03       2.58990E-04       8.67977E-08       3.35139E-04       1.88513E-06       1.92837E-06
       5.75440E-03       6.02560E-03       5.89000E-03       2.71200E-04       9.08887E-08       3.35135E-04       1.97395E-06       2.01926E-06
       6.02560E-03       6.30957E-03       6.16759E-03       2.83970E-04       9.51713E-08       3.35146E-04       2.06704E-06       2.11443E-06
       6.30957E-03       6.60693E-03       6.45825E-03       2.97360E-04       9.96572E-08       3.35140E-04       2.16442E-06       2.21408E-06
       6.60693E-03       6.91831E-03       6.76262E-03       3.11380E-04       1.04354E-07       3.35133E-04       2.26638E-06       2.31844E-06
       6.91831E-03       7.24436E-03       7.08133E-03       3.26050E-04       1.09272E-07       3.35139E-04       2.37323E-06       2.42771E-06
       7.24436E-03       7.58578E-03       7.41507E-03       3.41420E-04       1.14421E-07       3.35134E-04       2.48504E-06       2.54213E-06
       7.58578E-03       7.94328E-03       7.76453E-03       3.57500E-04       1.19814E-07       3.35143E-04       2.60223E-06       2.66195E-06
       7.94328E-03       8.31764E-03       8.13046E-03       3.74360E-04       1.25461E-07       3.35135E-04       2.72480E-06       2.78741E-06
       8.31764E-03       8.70964E-03       8.51364E-03       3.92000E-04       1.31373E-07       3.35136E-04       2.85323E-06       2.91878E-06
       8.70964E-03       9.12011E-03       8.91487E-03       4.10471E-04       1.37565E-07       3.35139E-04       2.98772E-06       3.05634E-06
       9.12011E-03       9.54993E-03       9.33502E-03       4.29819E-04       1.44049E-07       3.35138E-04       3.12852E-06       3.20039E-06
       9.54993E-03       1.00000E-02       9.77496E-03       4.50070E-04       1.50837E-07       3.35141E-04       3.27599E-06       3.35123E-06
       1.00000E-02       1.04713E-02       1.02357E-02       4.71300E-04       1.57947E-07       3.35131E-04       3.43029E-06       3.50918E-06
       1.04713E-02       1.09648E-02       1.07180E-02       4.93500E-04       1.65387E-07       3.35131E-04       3.59195E-06       3.67456E-06
       1.09648E-02       1.14815E-02       1.12232E-02       5.16700E-04       1.73186E-07       3.35177E-04       3.76175E-06       3.84775E-06
       1.14815E-02       1.20226E-02       1.17521E-02       5.41100E-04       1.81343E-07       3.35138E-04       3.93856E-06       4.02909E-06
       1.20226E-02       1.25892E-02       1.23059E-02       5.66601E-04       1.89892E-07       3.35143E-04       4.12424E-06       4.21899E-06
       1.25892E-02       1.31826E-02       1.28859E-02       5.93399E-04       1.98844E-07       3.35093E-04       4.31797E-06       4.41783E-06
       1.31826E-02       1.38038E-02       1.34932E-02       6.21200E-04       2.08212E-07       3.35176E-04       4.52260E-06       4.62604E-06
       1.38038E-02       1.44544E-02       1.41291E-02       6.50601E-04       2.18028E-07       3.35118E-04       4.73491E-06       4.84407E-06
       1.44544E-02       1.51356E-02       1.47950E-02       6.81199E-04       2.28300E-07       3.35144E-04       4.95845E-06       5.07237E-06
       1.51356E-02       1.58489E-02       1.54923E-02       7.13301E-04       2.39061E-07       3.35147E-04       5.19219E-06       5.31143E-06
       1.58489E-02       1.65959E-02       1.62224E-02       7.47000E-04       2.50328E-07       3.35111E-04       5.43631E-06       5.56176E-06
       1.65959E-02       1.73780E-02       1.69870E-02       7.82100E-04       2.62125E-07       3.35156E-04       5.69327E-06       5.82388E-06
       1.73780E-02       1.81970E-02       1.77875E-02       8.19000E-04       2.74478E-07       3.35138E-04       5.96127E-06       6.09836E-06
       1.81970E-02       1.90546E-02       1.86258E-02       8.57600E-04       2.87415E-07       3.35139E-04       6.24223E-06       6.38578E-06
       1.90546E-02       1.99526E-02       1.95036E-02       8.98000E-04       3.00958E-07       3.35142E-04       6.53647E-06       6.68673E-06
       1.99526E-02       2.08930E-02       2.04228E-02       9.40400E-04       3.15144E-07       3.35117E-04       6.84402E-06       7.00188E-06
       2.08930E-02       2.18776E-02       2.13853E-02       9.84600E-04       3.29997E-07       3.35159E-04       7.16747E-06       7.33188E-06
       2.18776E-02       2.29087E-02       2.23931E-02       1.03110E-03       3.45547E-07       3.35125E-04       7.50451E-06       7.67742E-06
       2.29087E-02       2.39883E-02       2.34485E-02       1.07960E-03       3.61832E-07       3.35153E-04       7.85884E-06       8.03925E-06
       2.39883E-02       2.51189E-02       2.45536E-02       1.13060E-03       3.78884E-07       3.35117E-04       8.22834E-06       8.41814E-06
       2.51189E-02       2.63027E-02       2.57108E-02       1.18380E-03       3.96743E-07       3.35144E-04       8.61683E-06       8.81488E-06
       2.63027E-02       2.75423E-02       2.69225E-02       1.23960E-03       4.15440E-07       3.35140E-04       9.02281E-06       9.23032E-06
       2.75423E-02       2.88403E-02       2.81913E-02       1.29800E-03       4.35019E-07       3.35146E-04       9.44819E-06       9.66534E-06
       2.88403E-02       3.01995E-02       2.95199E-02       1.35920E-03       4.55520E-07       3.35138E-04       9.89325E-06       1.01209E-05
       3.01995E-02       3.16228E-02       3.09112E-02       1.42330E-03       4.76989E-07       3.35129E-04       1.03592E-05       1.05978E-05
       3.16228E-02       3.31131E-02       3.23680E-02       1.49030E-03       4.99467E-07       3.35145E-04       1.08480E-05       1.10973E-05
       3.31131E-02       3.46737E-02       3.38934E-02       1.56060E-03       5.23010E-07       3.35134E-04       1.13588E-05       1.16203E-05
       3.46737E-02       3.63078E-02       3.54908E-02       1.63410E-03       5.47656E-07       3.35142E-04       1.18944E-05       1.21680E-05
       3.63078E-02       3.80189E-02       3.71633E-02       1.71110E-03       5.73465E-07       3.35144E-04       1.24551E-05       1.27414E-05
       3.80189E-02       3.98107E-02       3.89148E-02       1.79180E-03       6.00494E-07       3.35134E-04       1.30417E-05       1.33419E-05
       3.98107E-02       4.16869E-02       4.07488E-02       1.87620E-03       6.28793E-07       3.35142E-04       1.36566E-05       1.39707E-05
       4.16869E-02       4.36516E-02       4.26693E-02       1.96470E-03       6.58426E-07       3.35127E-04       1.42996E-05       1.46292E-05
       4.36516E-02       4.57088E-02       4.46802E-02       2.05720E-03       6.89459E-07       3.35145E-04       1.49743E-05       1.53186E-05
       4.57088E-02       4.78630E-02       4.67859E-02       2.15420E-03       7.21953E-07       3.35137E-04       1.56797E-05       1.60406E-05
       4.78630E-02       5.01187E-02       4.89908E-02       2.25570E-03       7.55976E-07       3.35140E-04       1.64188E-05       1.67965E-05
       5.01187E-02       5.24808E-02       5.12998E-02       2.36210E-03       7.91609E-07       3.35129E-04       1.71920E-05       1.75882E-05
       5.24808E-02       5.49541E-02       5.37174E-02       2.47330E-03       8.28910E-07       3.35143E-04       1.80030E-05       1.84171E-05
       5.49541E-02       5.75440E-02       5.62491E-02       2.58990E-03       8.67977E-07       3.35139E-04       1.88513E-05       1.92850E-05
       5.75440E-02       6.02560E-02       5.89000E-02       2.71200E-03       9.08887E-07       3.35135E-04       1.97395E-05       2.01939E-05
       6.02560E-02       6.30957E-02       6.16758E-02       2.83970E-03       9.51713E-07       3.35146E-04       2.06704E-05       2.11456E-05
       6.30957E-02       6.60693E-02       6.45825E-02       2.97360E-03       9.96572E-07       3.35140E-04       2.16442E-05       2.21422E-05
       6.60693E-02       6.91831E-02       6.76262E-02       3.11380E-03       1.04354E-06       3.35133E-04       2.26637E-05       2.31858E-05
       6.91831E-02       7.24436E-02       7.08134E-02       3.26050E-03       1.09272E-06       3.35139E-04       2.37323E-05       2.42785E-05
       7.24436E-02       7.58578E-02       7.41507E-02       3.41420E-03       1.14421E-06       3.35134E-04       2.48504E-05       2.54227E-05
       7.58578E-02       7.94328E-02       7.76453E-02       3.57500E-03       1.19814E-06       3.35143E-04       2.60223E-05       2.66208E-05
       7.94328E-02       8.31764E-02       8.13046E-02       3.74360E-03       1.25461E-06       3.35135E-04       2.72480E-05       2.78754E-05
       8.31764E-02       8.70964E-02       8.51364E-02       3.92000E-03       1.31373E-06       3.35136E-04       2.85323E-05       2.91892E-05
       8.70964E-02       9.12011E-02       8.91488E-02       4.10470E-03       1.37565E-06       3.35139E-04       2.98773E-05       3.05648E-05
       9.12011E-02       9.54993E-02       9.33502E-02       4.29820E-03       1.44049E-06       3.35137E-04       3.12852E-05       3.20053E-05
       9.54993E-02       1.00000E-01       9.77497E-02       4.50070E-03       5.62359E-06       1.24949E-03       1.22137E-04       3.76289E-05
       1.00000E-01       1.04713E-01       1.02357E-01       4.71300E-03       3.28143E-05       6.96251E-03       7.12659E-04       7.04432E-05
       1.04713E-01       1.09648E-01       1.07180E-01       4.93500E-03       3.43600E-05       6.96252E-03       7.46247E-04       1.04803E-04
       1.09648E-01       1.14815E-01       1.12231E-01       5.16700E-03       3.59802E-05       6.96347E-03       7.81520E-04       1.40783E-04
       1.14815E-01       1.20226E-01       1.17520E-01       5.41100E-03       4.74421E-05       8.76772E-03       1.03039E-03       1.88226E-04
       1.20226E-01       1.25892E-01       1.23059E-01       5.66600E-03       5.91673E-05       1.04425E-02       1.28505E-03       2.47393E-04
       1.25892E-01       1.31826E-01       1.28859E-01       5.93400E-03       6.19564E-05       1.04409E-02       1.34541E-03       3.09349E-04
       1.31826E-01       1.38038E-01       1.34932E-01       6.21200E-03       6.48751E-05       1.04435E-02       1.40916E-03       3.74224E-04
       1.38038E-01       1.44544E-01       1.41291E-01       6.50600E-03       6.79337E-05       1.04417E-02       1.47532E-03       4.42158E-04
       1.44544E-01       1.51356E-01       1.47950E-01       6.81200E-03       7.11342E-05       1.04425E-02       1.54496E-03       5.13292E-04
       1.51356E-01       1.58489E-01       1.54923E-01       7.13300E-03       7.44870E-05       1.04426E-02       1.61779E-03       5.87779E-04
       1.58489E-01       1.65959E-01       1.62224E-01       7.47000E-03       7.79981E-05       1.04415E-02       1.69386E-03       6.65777E-04
       1.65959E-01       1.73780E-01       1.69869E-01       7.82100E-03       8.16738E-05       1.04429E-02       1.77393E-03       7.47451E-04
       1.73780E-01       1.81970E-01       1.77875E-01       8.19000E-03       8.55225E-05       1.04423E-02       1.85743E-03       8.32974E-04
       1.81970E-01       1.90546E-01       1.86258E-01       8.57600E-03       8.95535E-05       1.04423E-02       1.94497E-03       9.22527E-04
       1.90546E-01       1.99526E-01       1.95036E-01       8.98000E-03       2.08699E-04       2.32404E-02       4.53272E-03       1.13123E-03
       1.99526E-01       2.08930E-01       2.04228E-01       9.40400E-03       1.15156E-03       1.22454E-01       2.50086E-02       2.28279E-03
       2.08930E-01       2.18776E-01       2.13853E-01       9.84600E-03       1.23381E-03       1.25310E-01       2.67980E-02       3.51659E-03
       2.18776E-01       2.29087E-01       2.23931E-01       1.03110E-02       1.29195E-03       1.25298E-01       2.80582E-02       4.80854E-03
       2.29087E-01       2.39883E-01       2.34485E-01       1.07960E-02       1.40064E-03       1.29737E-01       3.04214E-02       6.20918E-03
       2.39883E-01       2.51189E-01       2.45536E-01       1.13060E-02       1.52374E-03       1.34773E-01       3.30916E-02       7.73293E-03
       2.51189E-01       2.63027E-01       2.57108E-01       1.18380E-02       1.59557E-03       1.34783E-01       3.46539E-02       9.32849E-03
       2.63027E-01       2.75423E-01       2.69225E-01       1.23960E-02       1.67076E-03       1.34782E-01       3.62868E-02       1.09993E-02
       2.75423E-01       2.88403E-01       2.81913E-01       1.29800E-02       1.74950E-03       1.34784E-01       3.79974E-02       1.27487E-02
       2.88403E-01       3.01995E-01       2.95199E-01       1.35920E-02       2.69075E-03       1.97966E-01       5.84393E-02       1.54395E-02
       3.01995E-01       3.16228E-01       3.09112E-01       1.42330E-02       5.08655E-03       3.57377E-01       1.10469E-01       2.05261E-02
       3.16228E-01       3.31131E-01       3.23680E-01       1.49030E-02       5.32625E-03       3.57394E-01       1.15681E-01       2.58523E-02
       3.31131E-01       3.46737E-01       3.38934E-01       1.56060E-02       5.57731E-03       3.57383E-01       1.21129E-01       3.14296E-02
       3.46737E-01       3.63078E-01       3.54908E-01       1.63410E-02       5.80885E-03       3.55477E-01       1.26162E-01       3.72385E-02
       3.63078E-01       3.80189E-01       3.71633E-01       1.71110E-02       6.06588E-03       3.54502E-01       1.31745E-01       4.33043E-02
       3.80189E-01       3.98107E-01       3.89148E-01       1.79180E-02       6.09156E-03       3.39968E-01       1.32298E-01       4.93959E-02
       3.98107E-01       4.16869E-01       4.07488E-01       1.87620E-02       3.65064E-03       1.94576E-01       7.92875E-02       5.30465E-02
       4.16869E-01       4.36516E-01       4.26692E-01       1.96470E-02       3.65444E-03       1.86005E-01       7.93669E-02       5.67010E-02
       4.36516E-01       4.57088E-01       4.46802E-01       2.05720E-02       3.82669E-03       1.86014E-01       8.31116E-02       6.05277E-02
       4.57088E-01       4.78630E-01       4.67859E-01       2.15420E-02       4.01200E-03       1.86241E-01       8.71345E-02       6.45397E-02
       4.78630E-01       5.01187E-01       4.89909E-01       2.25570E-02       4.81229E-03       2.13339E-01       1.04517E-01       6.93520E-02
       5.01187E-01       5.24808E-01       5.12998E-01       2.36210E-02       7.73029E-03       3.27264E-01       1.67885E-01       7.70822E-02
       5.24808E-01       5.49541E-01       5.37174E-01       2.47330E-02       8.09454E-03       3.27277E-01       1.75805E-01       8.51768E-02
       5.49541E-01       5.75440E-01       5.62490E-01       2.58990E-02       8.47603E-03       3.27272E-01       1.84088E-01       9.36528E-02
       5.75440E-01       6.02560E-01       5.89000E-01       2.71200E-02       8.19726E-03       3.02259E-01       1.78030E-01       1.01850E-01
       6.02560E-01       6.30957E-01       6.16758E-01       2.83970E-02       6.22048E-03       2.19054E-01       1.35104E-01       1.08071E-01
       6.30957E-01       6.60693E-01       6.45825E-01       2.97360E-02       6.51365E-03       2.19049E-01       1.41468E-01       1.14584E-01
       6.60693E-01       6.91831E-01       6.76262E-01       3.11380E-02       6.85333E-03       2.20095E-01       1.48842E-01       1.21438E-01
       6.91831E-01       7.24436E-01       7.08133E-01       3.26050E-02       9.76799E-03       2.99586E-01       2.12147E-01       1.31206E-01
       7.24436E-01       7.58578E-01       7.41507E-01       3.41420E-02       1.06437E-02       3.11748E-01       2.31163E-01       1.41849E-01
       7.58578E-01       7.94328E-01       7.76453E-01       3.57500E-02       1.09849E-02       3.07269E-01       2.38580E-01       1.52834E-01
       7.94328E-01       8.31764E-01       8.13046E-01       3.74360E-02       9.11304E-03       2.43430E-01       1.97920E-01       1.61947E-01
       8.31764E-01       8.70964E-01       8.51364E-01       3.92000E-02       9.28619E-03       2.36892E-01       2.01682E-01       1.71233E-01
       8.70964E-01       9.12011E-01       8.91487E-01       4.10470E-02       1.05161E-02       2.56195E-01       2.28395E-01       1.81749E-01
       9.12011E-01       9.54993E-01       9.33502E-01       4.29820E-02       1.21201E-02       2.81981E-01       2.63230E-01       1.93869E-01
       9.54993E-01       1.00000E+00       9.77497E-01       4.50070E-02       1.26138E-02       2.80263E-01       2.73956E-01       2.06483E-01
       1.00000E+00       1.04713E+00       1.02357E+00       4.71300E-02       1.26631E-02       2.68685E-01       2.75016E-01       2.19146E-01
       1.04713E+00       1.09648E+00       1.07181E+00       4.93500E-02       1.32161E-02       2.67804E-01       2.87033E-01       2.32362E-01
       1.09648E+00       1.14815E+00       1.12231E+00       5.16700E-02       1.36311E-02       2.63810E-01       2.96078E-01       2.45994E-01
       1.14815E+00       1.20226E+00       1.17520E+00       5.41100E-02       1.41564E-02       2.61623E-01       3.07460E-01       2.60150E-01
       1.20226E+00       1.25892E+00       1.23059E+00       5.66600E-02       1.42292E-02       2.51133E-01       3.09041E-01       2.74379E-01
       1.25892E+00       1.31826E+00       1.28859E+00       5.93400E-02       1.60904E-02       2.71156E-01       3.49409E-01       2.90470E-01
       1.31826E+00       1.38038E+00       1.34932E+00       6.21200E-02       1.84117E-02       2.96389E-01       3.99923E-01       3.08881E-01
       1.38038E+00       1.44544E+00       1.41291E+00       6.50600E-02       1.71414E-02       2.63470E-01       3.72260E-01       3.26023E-01
       1.44544E+00       1.51356E+00       1.47950E+00       6.81200E-02       1.75074E-02       2.57008E-01       3.80244E-01       3.43530E-01
       1.51356E+00       1.58489E+00       1.54923E+00       7.13300E-02       1.81637E-02       2.54643E-01       3.94499E-01       3.61694E-01
       1.58489E+00       1.65959E+00       1.62224E+00       7.47000E-02       1.97945E-02       2.64986E-01       4.29871E-01       3.81488E-01
       1.65959E+00       1.73780E+00       1.69869E+00       7.82100E-02       2.16892E-02       2.77320E-01       4.71082E-01       4.03177E-01
       1.73780E+00       1.81970E+00       1.77875E+00       8.19000E-02       2.28055E-02       2.78456E-01       4.95303E-01       4.25983E-01
       1.81970E+00       1.90546E+00       1.86258E+00       8.57600E-02       2.32527E-02       2.71137E-01       5.05014E-01       4.49236E-01
       1.90546E+00       1.99526E+00       1.95036E+00       8.98000E-02       2.47459E-02       2.75566E-01       5.37454E-01       4.73981E-01
       1.99526E+00       2.08930E+00       2.04228E+00       9.40400E-02       2.34900E-02       2.49787E-01       5.10136E-01       4.97471E-01
       2.08930E+00       2.18776E+00       2.13853E+00       9.84600E-02       2.65521E-02       2.69674E-01       5.76706E-01       5.24023E-01
       2.18776E+00       2.29087E+00       2.23932E+00       1.03110E-01       2.65650E-02       2.57637E-01       5.76931E-01       5.50588E-01
       2.29087E+00       2.39883E+00       2.34485E+00       1.07960E-01       3.11956E-02       2.88955E-01       6.77556E-01       5.81784E-01
       2.39883E+00       2.51189E+00       2.45536E+00       1.13060E-01       2.56631E-02       2.26987E-01       5.57334E-01       6.07447E-01
       2.51189E+00       2.63027E+00       2.57108E+00       1.18380E-01       3.32986E-02       2.81286E-01       7.23208E-01       6.40746E-01
       2.63027E+00       2.75423E+00       2.69225E+00       1.23960E-01       3.28383E-02       2.64910E-01       7.13205E-01       6.73584E-01
       2.75423E+00       2.88403E+00       2.81913E+00       1.29800E-01       3.44281E-02       2.65239E-01       7.47744E-01       7.08012E-01
       2.88403E+00       3.01995E+00       2.95199E+00       1.35920E-01       3.89941E-02       2.86890E-01       8.46897E-01       7.47006E-01
       3.01995E+00       3.16228E+00       3.09111E+00       1.42330E-01       3.63822E-02       2.55619E-01       7.90147E-01       7.83388E-01
       3.16228E+00       3.31131E+00       3.23679E+00       1.49030E-01       3.91736E-02       2.62857E-01       8.50815E-01       8.22562E-01
       3.31131E+00       3.46737E+00       3.38934E+00       1.56060E-01       4.19412E-02       2.68751E-01       9.10887E-01       8.64503E-01
       3.46737E+00       3.63078E+00       3.54908E+00       1.63410E-01       4.06309E-02       2.48644E-01       8.82456E-01       9.05134E-01
       3.63078E+00       3.80189E+00       3.71633E+00       1.71110E-01       4.15452E-02       2.42798E-01       9.02319E-01       9.46679E-01
       3.80189E+00       3.98107E+00       3.89148E+00       1.79180E-01       3.15709E-02       1.76197E-01       6.85665E-01       9.78250E-01
       3.98107E+00       4.16869E+00       4.07488E+00       1.87620E-01       1.72237E-02       9.18009E-02       3.74078E-01       9.95474E-01
       4.16869E+00       4.36516E+00       4.26692E+00       1.96470E-01       4.29475E-03       2.18596E-02       9.32733E-02       9.99769E-01
       4.36516E+00       4.57088E+00       4.46802E+00       2.05720E-01       2.31285E-04       1.12427E-03       5.02326E-03       1.00000E+00

 Sum =                                                                         1.00000E+00
 Renormalization bin#   975 =                                                  1.41552E-01 barn        1.98000E+07        2.00000E+07        1.99000E+07
 Avg. Energy     bin#   975 =                                                  2.10744E+00 MeV         1.98000E+07        2.00000E+07
