"        MT=107 recoil spectrum "
" Initial neutron energy corresponds to the group:"
   6.40000E+00    6.60000E+00       0.00000E+00           657           879           223



          Low               High              Mid              Energy           Number             dn/de            E*dn/de          Cumulative
         Energy            Energy            Energy             Width          Fraction                               Sum   
         [MeV]             [MeV]             [MeV]              [MeV]

       6.60693E-05       6.91831E-05       6.76262E-05       3.11380E-06       0.00000E+00       0.00000E+00       0.00000E+00       0.00000E+00
       6.91831E-05       7.24436E-05       7.08134E-05       3.26051E-06       1.55542E-11       4.77048E-06       3.37814E-10       1.55542E-11
       7.24436E-05       7.58578E-05       7.41507E-05       3.41420E-06       1.69403E-11       4.96171E-06       3.67914E-10       3.24944E-11
       7.58578E-05       7.94328E-05       7.76453E-05       3.57500E-06       1.84159E-11       5.15129E-06       3.99974E-10       5.09103E-11
       7.94328E-05       8.31764E-05       8.13046E-05       3.74360E-06       2.00421E-11       5.35371E-06       4.35281E-10       7.09524E-11
       8.31764E-05       8.70964E-05       8.51364E-05       3.92000E-06       2.18296E-11       5.56877E-06       4.74105E-10       9.27820E-11
       8.70964E-05       9.12011E-05       8.91488E-05       4.10471E-06       2.36871E-11       5.77072E-06       5.14453E-10       1.16469E-10
       9.12011E-05       9.54993E-05       9.33502E-05       4.29820E-06       2.58431E-11       6.01254E-06       5.61272E-10       1.42312E-10
       9.54993E-05       1.00000E-04       9.77497E-05       4.50070E-06       2.80960E-11       6.24258E-06       6.10210E-10       1.70408E-10
       1.00000E-04       1.04713E-04       1.02356E-04       4.71300E-06       3.06130E-11       6.49544E-06       6.64851E-10       2.01021E-10
       1.04713E-04       1.09648E-04       1.07181E-04       4.93501E-06       3.25362E-11       6.59294E-06       7.06635E-10       2.33557E-10
       1.09648E-04       1.14815E-04       1.12232E-04       5.16700E-06       3.40819E-11       6.59608E-06       7.40288E-10       2.67639E-10
       1.14815E-04       1.20226E-04       1.17520E-04       5.41100E-06       3.58082E-11       6.61767E-06       7.77712E-10       3.03448E-10
       1.20226E-04       1.25892E-04       1.23059E-04       5.66600E-06       3.75225E-11       6.62240E-06       8.14945E-10       3.40970E-10
       1.25892E-04       1.31826E-04       1.28859E-04       5.93401E-06       3.93980E-11       6.63935E-06       8.55540E-10       3.80368E-10
       1.31826E-04       1.38038E-04       1.34932E-04       6.21199E-06       4.12824E-11       6.64559E-06       8.96703E-10       4.21650E-10
       1.38038E-04       1.44544E-04       1.41291E-04       6.50601E-06       4.33533E-11       6.66357E-06       9.41502E-10       4.65004E-10
       1.44544E-04       1.51356E-04       1.47950E-04       6.81200E-06       4.54107E-11       6.66629E-06       9.86278E-10       5.10414E-10
       1.51356E-04       1.58489E-04       1.54922E-04       7.13300E-06       4.77114E-11       6.68883E-06       1.03625E-09       5.58126E-10
       1.58489E-04       1.65959E-04       1.62224E-04       7.47000E-06       4.99957E-11       6.69286E-06       1.08574E-09       6.08121E-10
       1.65959E-04       1.73780E-04       1.69870E-04       7.82100E-06       5.24291E-11       6.70364E-06       1.13874E-09       6.60551E-10
       1.73780E-04       1.81970E-04       1.77875E-04       8.19000E-06       7.02989E-11       8.58350E-06       1.52679E-09       7.30850E-10
       1.81970E-04       1.90546E-04       1.86258E-04       8.57600E-06       7.35813E-11       8.57991E-06       1.59808E-09       8.04431E-10
       1.90546E-04       1.99526E-04       1.95036E-04       8.98000E-06       7.71368E-11       8.58985E-06       1.67533E-09       8.81568E-10
       1.99526E-04       2.08930E-04       2.04228E-04       9.40399E-06       8.07922E-11       8.59127E-06       1.75458E-09       9.62360E-10
       2.08930E-04       2.18776E-04       2.13853E-04       9.84601E-06       8.45938E-11       8.59169E-06       1.83736E-09       1.04695E-09
       2.18776E-04       2.29087E-04       2.23932E-04       1.03110E-05       8.86133E-11       8.59405E-06       1.92448E-09       1.13557E-09
       2.29087E-04       2.39883E-04       2.34485E-04       1.07960E-05       9.28461E-11       8.60006E-06       2.01658E-09       1.22841E-09
       2.39883E-04       2.51189E-04       2.45536E-04       1.13060E-05       9.72297E-11       8.59983E-06       2.11157E-09       1.32564E-09
       2.51189E-04       2.63027E-04       2.57108E-04       1.18380E-05       1.01903E-10       8.60809E-06       2.21321E-09       1.42755E-09
       2.63027E-04       2.75423E-04       2.69225E-04       1.23960E-05       1.06738E-10       8.61070E-06       2.31822E-09       1.53428E-09
       2.75423E-04       2.88403E-04       2.81913E-04       1.29800E-05       1.11757E-10       8.60996E-06       2.42726E-09       1.64604E-09
       2.88403E-04       3.01995E-04       2.95199E-04       1.35920E-05       1.17099E-10       8.61528E-06       2.54322E-09       1.76314E-09
       3.01995E-04       3.16228E-04       3.09111E-04       1.42330E-05       1.22658E-10       8.61786E-06       2.66388E-09       1.88580E-09
       3.16228E-04       3.31131E-04       3.23680E-04       1.49030E-05       1.28514E-10       8.62336E-06       2.79121E-09       2.01431E-09
       3.31131E-04       3.46737E-04       3.38934E-04       1.56060E-05       1.34609E-10       8.62547E-06       2.92346E-09       2.14892E-09
       3.46737E-04       3.63078E-04       3.54908E-04       1.63410E-05       1.41025E-10       8.63010E-06       3.06289E-09       2.28995E-09
       3.63078E-04       3.80189E-04       3.71634E-04       1.71110E-05       1.62859E-10       9.51778E-06       3.53712E-09       2.45280E-09
       3.80189E-04       3.98107E-04       3.89148E-04       1.79180E-05       1.71108E-10       9.54950E-06       3.71617E-09       2.62391E-09
       3.98107E-04       4.16869E-04       4.07488E-04       1.87620E-05       1.79571E-10       9.57098E-06       3.90006E-09       2.80348E-09
       4.16869E-04       4.36516E-04       4.26692E-04       1.96470E-05       1.88211E-10       9.57962E-06       4.08755E-09       2.99169E-09
       4.36516E-04       4.57088E-04       4.46802E-04       2.05720E-05       1.97585E-10       9.60455E-06       4.29133E-09       3.18928E-09
       4.57088E-04       4.78630E-04       4.67859E-04       2.15420E-05       2.07162E-10       9.61667E-06       4.49925E-09       3.39644E-09
       4.78630E-04       5.01187E-04       4.89909E-04       2.25570E-05       2.17238E-10       9.63061E-06       4.71812E-09       3.61368E-09
       5.01187E-04       5.24808E-04       5.12998E-04       2.36210E-05       2.27649E-10       9.63758E-06       4.94405E-09       3.84133E-09
       5.24808E-04       5.49541E-04       5.37175E-04       2.47330E-05       2.38545E-10       9.64480E-06       5.18094E-09       4.07987E-09
       5.49541E-04       5.75440E-04       5.62491E-04       2.58990E-05       2.49825E-10       9.64612E-06       5.42585E-09       4.32970E-09
       5.75440E-04       6.02560E-04       5.89000E-04       2.71200E-05       2.61732E-10       9.65090E-06       5.68438E-09       4.59143E-09
       6.02560E-04       6.30957E-04       6.16758E-04       2.83970E-05       2.74077E-10       9.65164E-06       5.95273E-09       4.86551E-09
       6.30957E-04       6.60693E-04       6.45825E-04       2.97360E-05       2.87126E-10       9.65585E-06       6.23599E-09       5.15263E-09
       6.60693E-04       6.91831E-04       6.76262E-04       3.11380E-05       3.00677E-10       9.65627E-06       6.53017E-09       5.45331E-09
       6.91831E-04       7.24436E-04       7.08133E-04       3.26050E-05       3.14928E-10       9.65891E-06       6.83980E-09       5.76824E-09
       7.24436E-04       7.58578E-04       7.41507E-04       3.41420E-05       3.29847E-10       9.66103E-06       7.16372E-09       6.09809E-09
       7.58578E-04       7.94328E-04       7.76453E-04       3.57500E-05       3.45488E-10       9.66400E-06       7.50364E-09       6.44357E-09
       7.94328E-04       8.31764E-04       8.13046E-04       3.74360E-05       3.61848E-10       9.66577E-06       7.85872E-09       6.80542E-09
       8.31764E-04       8.70964E-04       8.51364E-04       3.92000E-05       3.78982E-10       9.66790E-06       8.23090E-09       7.18440E-09
       8.70964E-04       9.12011E-04       8.91487E-04       4.10470E-05       3.96992E-10       9.67164E-06       8.62215E-09       7.58140E-09
       9.12011E-04       9.54993E-04       9.33502E-04       4.29820E-05       4.15755E-10       9.67278E-06       9.02956E-09       7.99715E-09
       9.54993E-04       1.00000E-03       9.77497E-04       4.50070E-05       4.35499E-10       9.67625E-06       9.45850E-09       8.43265E-09
       1.00000E-03       1.04713E-03       1.02356E-03       4.71300E-05       4.56126E-10       9.67804E-06       9.90611E-09       8.88878E-09
       1.04713E-03       1.09648E-03       1.07180E-03       4.93500E-05       4.77748E-10       9.68082E-06       1.03760E-08       9.36652E-09
       1.09648E-03       1.14815E-03       1.12231E-03       5.16700E-05       5.00434E-10       9.68519E-06       1.08698E-08       9.86696E-09
       1.14815E-03       1.20226E-03       1.17520E-03       5.41100E-05       5.24165E-10       9.68702E-06       1.13842E-08       1.03911E-08
       1.20226E-03       1.25892E-03       1.23059E-03       5.66600E-05       5.49041E-10       9.69009E-06       1.19245E-08       1.09402E-08
       1.25892E-03       1.31826E-03       1.28859E-03       5.93400E-05       5.74980E-10       9.68958E-06       1.24859E-08       1.15151E-08
       1.31826E-03       1.38038E-03       1.34932E-03       6.21200E-05       6.02088E-10       9.69233E-06       1.30781E-08       1.21172E-08
       1.38038E-03       1.44544E-03       1.41291E-03       6.50599E-05       6.30494E-10       9.69097E-06       1.36925E-08       1.27477E-08
       1.44544E-03       1.51356E-03       1.47950E-03       6.81201E-05       6.60221E-10       9.69201E-06       1.43393E-08       1.34079E-08
       1.51356E-03       1.58489E-03       1.54923E-03       7.13300E-05       6.91362E-10       9.69245E-06       1.50158E-08       1.40993E-08
       1.58489E-03       1.65959E-03       1.62224E-03       7.47000E-05       7.23950E-10       9.69144E-06       1.57219E-08       1.48233E-08
       1.65959E-03       1.73780E-03       1.69870E-03       7.82101E-05       7.58098E-10       9.69310E-06       1.64656E-08       1.55814E-08
       1.73780E-03       1.81970E-03       1.77875E-03       8.18999E-05       7.93891E-10       9.69343E-06       1.72422E-08       1.63752E-08
       1.81970E-03       1.90546E-03       1.86258E-03       8.57600E-05       8.31309E-10       9.69344E-06       1.80548E-08       1.72066E-08
       1.90546E-03       1.99526E-03       1.95036E-03       8.98001E-05       8.70542E-10       9.69422E-06       1.89072E-08       1.80771E-08
       1.99526E-03       2.08930E-03       2.04228E-03       9.40400E-05       9.11642E-10       9.69419E-06       1.97983E-08       1.89887E-08
       2.08930E-03       2.18776E-03       2.13853E-03       9.84600E-05       9.54675E-10       9.69607E-06       2.07353E-08       1.99434E-08
       2.18776E-03       2.29087E-03       2.23932E-03       1.03110E-04       9.99665E-10       9.69512E-06       2.17104E-08       2.09431E-08
       2.29087E-03       2.39883E-03       2.34485E-03       1.07960E-04       1.04681E-09       9.69632E-06       2.27364E-08       2.19899E-08
       2.39883E-03       2.51189E-03       2.45536E-03       1.13060E-04       1.09619E-09       9.69566E-06       2.38063E-08       2.30861E-08
       2.51189E-03       2.63027E-03       2.57108E-03       1.18380E-04       1.14796E-09       9.69724E-06       2.49324E-08       2.42340E-08
       2.63027E-03       2.75423E-03       2.69225E-03       1.23960E-04       1.20215E-09       9.69787E-06       2.61091E-08       2.54362E-08
       2.75423E-03       2.88403E-03       2.81913E-03       1.29800E-04       1.25886E-09       9.69846E-06       2.73412E-08       2.66951E-08
       2.88403E-03       3.01995E-03       2.95199E-03       1.35920E-04       1.31827E-09       9.69885E-06       2.86309E-08       2.80133E-08
       3.01995E-03       3.16228E-03       3.09112E-03       1.42330E-04       1.38052E-09       9.69945E-06       2.99821E-08       2.93938E-08
       3.16228E-03       3.31131E-03       3.23679E-03       1.49030E-04       1.44570E-09       9.70070E-06       3.13992E-08       3.08395E-08
       3.31131E-03       3.46737E-03       3.38934E-03       1.56060E-04       1.59245E-09       1.02041E-05       3.45850E-08       3.24320E-08
       3.46737E-03       3.63078E-03       3.54907E-03       1.63410E-04       2.60330E-09       1.59311E-05       5.65407E-08       3.50353E-08
       3.63078E-03       3.80189E-03       3.71633E-03       1.71110E-04       4.32421E-09       2.52716E-05       9.39175E-08       3.93595E-08
       3.80189E-03       3.98107E-03       3.89148E-03       1.79180E-04       7.56286E-09       4.22081E-05       1.64252E-07       4.69224E-08
       3.98107E-03       4.16869E-03       4.07488E-03       1.87620E-04       1.21114E-08       6.45528E-05       2.63045E-07       5.90337E-08
       4.16869E-03       4.36516E-03       4.26693E-03       1.96470E-04       1.75580E-08       8.93672E-05       3.81323E-07       7.65917E-08
       4.36516E-03       4.57088E-03       4.46802E-03       2.05720E-04       2.38176E-08       1.15777E-04       5.17294E-07       1.00409E-07
       4.57088E-03       4.78630E-03       4.67859E-03       2.15420E-04       3.10319E-08       1.44053E-04       6.73965E-07       1.31441E-07
       4.78630E-03       5.01187E-03       4.89909E-03       2.25570E-04       4.00992E-08       1.77768E-04       8.70900E-07       1.71540E-07
       5.01187E-03       5.24807E-03       5.12997E-03       2.36200E-04       5.22900E-08       2.21380E-04       1.13567E-06       2.23830E-07
       5.24807E-03       5.49541E-03       5.37174E-03       2.47340E-04       6.94646E-08       2.80846E-04       1.50863E-06       2.93295E-07
       5.49541E-03       5.75440E-03       5.62491E-03       2.58990E-04       9.33402E-08       3.60401E-04       2.02722E-06       3.86635E-07
       5.75440E-03       6.02560E-03       5.89000E-03       2.71200E-04       1.25050E-07       4.61098E-04       2.71587E-06       5.11685E-07
       6.02560E-03       6.30957E-03       6.16759E-03       2.83970E-04       1.56424E-07       5.50849E-04       3.39741E-06       6.68109E-07
       6.30957E-03       6.60693E-03       6.45825E-03       2.97360E-04       1.82299E-07       6.13057E-04       3.95927E-06       8.50408E-07
       6.60693E-03       6.91831E-03       6.76262E-03       3.11380E-04       1.96475E-07       6.30982E-04       4.26709E-06       1.04688E-06
       6.91831E-03       7.24436E-03       7.08133E-03       3.26050E-04       2.05813E-07       6.31231E-04       4.46996E-06       1.25270E-06
       7.24436E-03       7.58578E-03       7.41507E-03       3.41420E-04       2.15593E-07       6.31461E-04       4.68232E-06       1.46829E-06
       7.58578E-03       7.94328E-03       7.76453E-03       3.57500E-04       2.25841E-07       6.31723E-04       4.90503E-06       1.69413E-06
       7.94328E-03       8.31764E-03       8.13046E-03       3.74360E-04       2.36580E-07       6.31959E-04       5.13812E-06       1.93071E-06
       8.31764E-03       8.70964E-03       8.51364E-03       3.92000E-04       2.47832E-07       6.32224E-04       5.38252E-06       2.17854E-06
       8.70964E-03       9.12011E-03       8.91487E-03       4.10471E-04       2.59608E-07       6.32465E-04       5.63835E-06       2.43815E-06
       9.12011E-03       9.54993E-03       9.33502E-03       4.29819E-04       2.71935E-07       6.32672E-04       5.90601E-06       2.71009E-06
       9.54993E-03       1.00000E-02       9.77496E-03       4.50070E-04       2.84849E-07       6.32900E-04       6.18657E-06       2.99493E-06
       1.00000E-02       1.04713E-02       1.02357E-02       4.71300E-04       2.98382E-07       6.33105E-04       6.48024E-06       3.29332E-06
       1.04713E-02       1.09648E-02       1.07180E-02       4.93500E-04       3.12557E-07       6.33348E-04       6.78825E-06       3.60587E-06
       1.09648E-02       1.14815E-02       1.12232E-02       5.16700E-04       3.27422E-07       6.33679E-04       7.11188E-06       3.93330E-06
       1.14815E-02       1.20226E-02       1.17521E-02       5.41100E-04       3.42982E-07       6.33861E-04       7.44917E-06       4.27628E-06
       1.20226E-02       1.25892E-02       1.23059E-02       5.66601E-04       3.69484E-07       6.52106E-04       8.02476E-06       4.64576E-06
       1.25892E-02       1.31826E-02       1.28859E-02       5.93399E-04       4.95030E-07       8.34227E-04       1.07498E-05       5.14079E-06
       1.31826E-02       1.38038E-02       1.34932E-02       6.21200E-04       6.66397E-07       1.07276E-03       1.44749E-05       5.80719E-06
       1.38038E-02       1.44544E-02       1.41291E-02       6.50601E-04       8.67284E-07       1.33305E-03       1.88348E-05       6.67447E-06
       1.44544E-02       1.51356E-02       1.47950E-02       6.81199E-04       1.12472E-06       1.65109E-03       2.44279E-05       7.79920E-06
       1.51356E-02       1.58489E-02       1.54923E-02       7.13301E-04       1.49578E-06       2.09699E-03       3.24870E-05       9.29498E-06
       1.58489E-02       1.65959E-02       1.62224E-02       7.47000E-04       1.96979E-06       2.63693E-03       4.27774E-05       1.12648E-05
       1.65959E-02       1.73780E-02       1.69870E-02       7.82100E-04       2.16082E-06       2.76284E-03       4.69323E-05       1.34256E-05
       1.73780E-02       1.81970E-02       1.77875E-02       8.19000E-04       2.26305E-06       2.76319E-03       4.91502E-05       1.56886E-05
       1.81970E-02       1.90546E-02       1.86258E-02       8.57600E-04       2.37011E-06       2.76366E-03       5.14753E-05       1.80588E-05
       1.90546E-02       1.99526E-02       1.95036E-02       8.98000E-04       2.48225E-06       2.76420E-03       5.39119E-05       2.05410E-05
       1.99526E-02       2.08930E-02       2.04228E-02       9.40400E-04       2.59978E-06       2.76455E-03       5.64599E-05       2.31408E-05
       2.08930E-02       2.18776E-02       2.13853E-02       9.84600E-04       2.72301E-06       2.76560E-03       5.91432E-05       2.58638E-05
       2.18776E-02       2.29087E-02       2.23931E-02       1.03110E-03       2.85212E-06       2.76609E-03       6.19415E-05       2.87159E-05
       2.29087E-02       2.39883E-02       2.34485E-02       1.07960E-03       3.15256E-06       2.92011E-03       6.84723E-05       3.18685E-05
       2.39883E-02       2.51189E-02       2.45536E-02       1.13060E-03       4.37075E-06       3.86587E-03       9.49210E-05       3.62392E-05
       2.51189E-02       2.63027E-02       2.57108E-02       1.18380E-03       5.96357E-06       5.03765E-03       1.29522E-04       4.22028E-05
       2.63027E-02       2.75423E-02       2.69225E-02       1.23960E-03       8.03077E-06       6.47851E-03       1.74418E-04       5.02336E-05
       2.75423E-02       2.88403E-02       2.81913E-02       1.29800E-03       1.04868E-05       8.07917E-03       2.27762E-04       6.07203E-05
       2.88403E-02       3.01995E-02       2.95199E-02       1.35920E-03       1.12918E-05       8.30767E-03       2.45242E-04       7.20121E-05
       3.01995E-02       3.16228E-02       3.09112E-02       1.42330E-03       1.17830E-05       8.27868E-03       2.55903E-04       8.37952E-05
       3.16228E-02       3.31131E-02       3.23680E-02       1.49030E-03       1.22939E-05       8.24925E-03       2.67011E-04       9.60890E-05
       3.31131E-02       3.46737E-02       3.38934E-02       1.56060E-03       1.28252E-05       8.21811E-03       2.78540E-04       1.08914E-04
       3.46737E-02       3.63078E-02       3.54908E-02       1.63410E-03       1.33771E-05       8.18623E-03       2.90536E-04       1.22291E-04
       3.63078E-02       3.80189E-02       3.71633E-02       1.71110E-03       1.39507E-05       8.15310E-03       3.02996E-04       1.36242E-04
       3.80189E-02       3.98107E-02       3.89148E-02       1.79180E-03       1.45467E-05       8.11850E-03       3.15930E-04       1.50789E-04
       3.98107E-02       4.16869E-02       4.07488E-02       1.87620E-03       1.51657E-05       8.08321E-03       3.29381E-04       1.65955E-04
       4.16869E-02       4.36516E-02       4.26693E-02       1.96470E-03       1.58085E-05       8.04623E-03       3.43327E-04       1.81763E-04
       4.36516E-02       4.57088E-02       4.46802E-02       2.05720E-03       1.64759E-05       8.00889E-03       3.57839E-04       1.98239E-04
       4.57088E-02       4.78630E-02       4.67859E-02       2.15420E-03       1.71684E-05       7.96976E-03       3.72872E-04       2.15407E-04
       4.78630E-02       5.01187E-02       4.89908E-02       2.25570E-03       1.88538E-05       8.35828E-03       4.09479E-04       2.34261E-04
       5.01187E-02       5.24808E-02       5.12998E-02       2.36210E-03       6.31545E-05       2.67366E-02       1.37158E-03       2.97416E-04
       5.24808E-02       5.49541E-02       5.37174E-02       2.47330E-03       1.43292E-04       5.79356E-02       3.11215E-03       4.40708E-04
       5.49541E-02       5.75440E-02       5.62491E-02       2.58990E-03       2.15307E-04       8.31333E-02       4.67617E-03       6.56014E-04
       5.75440E-02       6.02560E-02       5.89000E-02       2.71200E-03       2.28425E-04       8.42273E-02       4.96099E-03       8.84439E-04
       6.02560E-02       6.30957E-02       6.16758E-02       2.83970E-03       2.39489E-04       8.43362E-02       5.20150E-03       1.12393E-03
       6.30957E-02       6.60693E-02       6.45825E-02       2.97360E-03       2.51088E-04       8.44392E-02       5.45330E-03       1.37502E-03
       6.60693E-02       6.91831E-02       6.76262E-02       3.11380E-03       2.63246E-04       8.45416E-02       5.71722E-03       1.63826E-03
       6.91831E-02       7.24436E-02       7.08134E-02       3.26050E-03       2.75985E-04       8.46451E-02       5.99400E-03       1.91425E-03
       7.24436E-02       7.58578E-02       7.41507E-02       3.41420E-03       2.89335E-04       8.47447E-02       6.28388E-03       2.20358E-03
       7.58578E-02       7.94328E-02       7.76453E-02       3.57500E-03       3.03323E-04       8.48455E-02       6.58785E-03       2.50691E-03
       7.94328E-02       8.31764E-02       8.13046E-02       3.74360E-03       3.17974E-04       8.49381E-02       6.90586E-03       2.82488E-03
       8.31764E-02       8.70964E-02       8.51364E-02       3.92000E-03       3.33318E-04       8.50302E-02       7.23916E-03       3.15820E-03
       8.70964E-02       9.12011E-02       8.91488E-02       4.10470E-03       3.49384E-04       8.51180E-02       7.58816E-03       3.50758E-03
       9.12011E-02       9.54993E-02       9.33502E-02       4.29820E-03       3.66206E-04       8.51999E-02       7.95342E-03       3.87379E-03
       9.54993E-02       1.00000E-01       9.77497E-02       4.50070E-03       3.83807E-04       8.52771E-02       8.33580E-03       4.25759E-03
       1.00000E-01       1.04713E-01       1.02357E-01       4.71300E-03       4.02230E-04       8.53447E-02       8.73559E-03       4.65982E-03
       1.04713E-01       1.09648E-01       1.07180E-01       4.93500E-03       4.58034E-04       9.28134E-02       9.94778E-03       5.11786E-03
       1.09648E-01       1.14815E-01       1.12231E-01       5.16700E-03       1.58179E-03       3.06133E-01       3.43578E-02       6.69965E-03
       1.14815E-01       1.20226E-01       1.17520E-01       5.41100E-03       2.65914E-03       4.91432E-01       5.77534E-02       9.35879E-03
       1.20226E-01       1.25892E-01       1.23059E-01       5.66600E-03       2.80536E-03       4.95121E-01       6.09291E-02       1.21641E-02
       1.25892E-01       1.31826E-01       1.28859E-01       5.93400E-03       2.95217E-03       4.97500E-01       6.41074E-02       1.51163E-02
       1.31826E-01       1.38038E-01       1.34932E-01       6.21200E-03       3.10569E-03       4.99951E-01       6.74593E-02       1.82220E-02
       1.38038E-01       1.44544E-01       1.41291E-01       6.50600E-03       3.26631E-03       5.02045E-01       7.09345E-02       2.14883E-02
       1.44544E-01       1.51356E-01       1.47950E-01       6.81200E-03       3.43398E-03       5.04107E-01       7.45826E-02       2.49223E-02
       1.51356E-01       1.58489E-01       1.54923E-01       7.13300E-03       3.60903E-03       5.05962E-01       7.83849E-02       2.85313E-02
       1.58489E-01       1.65959E-01       1.62224E-01       7.47000E-03       3.79151E-03       5.07564E-01       8.23391E-02       3.23228E-02
       1.65959E-01       1.73780E-01       1.69869E-01       7.82100E-03       3.98154E-03       5.09083E-01       8.64777E-02       3.63044E-02
       1.73780E-01       1.81970E-01       1.77875E-01       8.19000E-03       4.17926E-03       5.10288E-01       9.07675E-02       4.04836E-02
       1.81970E-01       1.90546E-01       1.86258E-01       8.57600E-03       4.38479E-03       5.11286E-01       9.52311E-02       4.48684E-02
       1.90546E-01       1.99526E-01       1.95036E-01       8.98000E-03       4.59811E-03       5.12039E-01       9.98661E-02       4.94665E-02
       1.99526E-01       2.08930E-01       2.04228E-01       9.40400E-03       4.81945E-03       5.12490E-01       1.04665E-01       5.42860E-02
       2.08930E-01       2.18776E-01       2.13853E-01       9.84600E-03       5.04874E-03       5.12771E-01       1.09658E-01       5.93347E-02
       2.18776E-01       2.29087E-01       2.23931E-01       1.03110E-02       6.03215E-03       5.85021E-01       1.31005E-01       6.53669E-02
       2.29087E-01       2.39883E-01       2.34485E-01       1.07960E-02       1.14191E-02       1.05771E+00       2.48018E-01       7.67859E-02
       2.39883E-01       2.51189E-01       2.45536E-01       1.13060E-02       1.19137E-02       1.05375E+00       2.58735E-01       8.86997E-02
       2.51189E-01       2.63027E-01       2.57108E-01       1.18380E-02       1.20605E-02       1.01879E+00       2.61940E-01       1.00760E-01
       2.63027E-01       2.75423E-01       2.69225E-01       1.23960E-02       1.22129E-02       9.85233E-01       2.65249E-01       1.12973E-01
       2.75423E-01       2.88403E-01       2.81913E-01       1.29800E-02       1.23732E-02       9.53249E-01       2.68733E-01       1.25346E-01
       2.88403E-01       3.01995E-01       2.95199E-01       1.35920E-02       1.25432E-02       9.22833E-01       2.72420E-01       1.37889E-01
       3.01995E-01       3.16228E-01       3.09112E-01       1.42330E-02       1.27251E-02       8.94055E-01       2.76363E-01       1.50615E-01
       3.16228E-01       3.31131E-01       3.23680E-01       1.49030E-02       1.29210E-02       8.67005E-01       2.80632E-01       1.63535E-01
       3.31131E-01       3.46737E-01       3.38934E-01       1.56060E-02       1.31332E-02       8.41548E-01       2.85229E-01       1.76669E-01
       3.46737E-01       3.63078E-01       3.54908E-01       1.63410E-02       1.33635E-02       8.17790E-01       2.90240E-01       1.90032E-01
       3.63078E-01       3.80189E-01       3.71633E-01       1.71110E-02       1.36142E-02       7.95641E-01       2.95687E-01       2.03646E-01
       3.80189E-01       3.98107E-01       3.89148E-01       1.79180E-02       1.38873E-02       7.75047E-01       3.01608E-01       2.17534E-01
       3.98107E-01       4.16869E-01       4.07488E-01       1.87620E-02       1.41844E-02       7.56020E-01       3.08069E-01       2.31718E-01
       4.16869E-01       4.36516E-01       4.26692E-01       1.96470E-02       1.45075E-02       7.38410E-01       3.15074E-01       2.46226E-01
       4.36516E-01       4.57088E-01       4.46802E-01       2.05720E-02       1.48584E-02       7.22262E-01       3.22708E-01       2.61084E-01
       4.57088E-01       4.78630E-01       4.67859E-01       2.15420E-02       1.52384E-02       7.07382E-01       3.30955E-01       2.76322E-01
       4.78630E-01       5.01187E-01       4.89909E-01       2.25570E-02       1.56495E-02       6.93775E-01       3.39886E-01       2.91972E-01
       5.01187E-01       5.24808E-01       5.12998E-01       2.36210E-02       1.60936E-02       6.81324E-01       3.49518E-01       3.08066E-01
       5.24808E-01       5.49541E-01       5.37174E-01       2.47330E-02       1.65725E-02       6.70058E-01       3.59938E-01       3.24638E-01
       5.49541E-01       5.75440E-01       5.62490E-01       2.58990E-02       1.70892E-02       6.59840E-01       3.71154E-01       3.41727E-01
       5.75440E-01       6.02560E-01       5.89000E-01       2.71200E-02       1.76468E-02       6.50694E-01       3.83259E-01       3.59374E-01
       6.02560E-01       6.30957E-01       6.16758E-01       2.83970E-02       1.82491E-02       6.42643E-01       3.96355E-01       3.77623E-01
       6.30957E-01       6.60693E-01       6.45825E-01       2.97360E-02       1.89013E-02       6.35636E-01       4.10510E-01       3.96524E-01
       6.60693E-01       6.91831E-01       6.76262E-01       3.11380E-02       1.96093E-02       6.29753E-01       4.25878E-01       4.16134E-01
       6.91831E-01       7.24436E-01       7.08133E-01       3.26050E-02       2.03802E-02       6.25063E-01       4.42628E-01       4.36514E-01
       7.24436E-01       7.58578E-01       7.41507E-01       3.41420E-02       2.12224E-02       6.21594E-01       4.60916E-01       4.57736E-01
       7.58578E-01       7.94328E-01       7.76453E-01       3.57500E-02       2.21454E-02       6.19452E-01       4.80975E-01       4.79882E-01
       7.94328E-01       8.31764E-01       8.13046E-01       3.74360E-02       2.31598E-02       6.18651E-01       5.02992E-01       5.03042E-01
       8.31764E-01       8.70964E-01       8.51364E-01       3.92000E-02       2.42761E-02       6.19287E-01       5.27239E-01       5.27318E-01
       8.70964E-01       9.12011E-01       8.91487E-01       4.10470E-02       2.54978E-02       6.21186E-01       5.53779E-01       5.52815E-01
       9.12011E-01       9.54993E-01       9.33502E-01       4.29820E-02       2.68409E-02       6.24468E-01       5.82942E-01       5.79656E-01
       9.54993E-01       1.00000E+00       9.77497E-01       4.50070E-02       2.83063E-02       6.28931E-01       6.14778E-01       6.07963E-01
       1.00000E+00       1.04713E+00       1.02357E+00       4.71300E-02       2.98873E-02       6.34146E-01       6.49090E-01       6.37850E-01
       1.04713E+00       1.09648E+00       1.07181E+00       4.93500E-02       3.15257E-02       6.38819E-01       6.84690E-01       6.69376E-01
       1.09648E+00       1.14815E+00       1.12231E+00       5.16700E-02       3.33166E-02       6.44795E-01       7.23663E-01       7.02692E-01
       1.14815E+00       1.20226E+00       1.17520E+00       5.41100E-02       3.50714E-02       6.48151E-01       7.61710E-01       7.37764E-01
       1.20226E+00       1.25892E+00       1.23059E+00       5.66600E-02       3.41464E-02       6.02654E-01       7.41620E-01       7.71910E-01
       1.25892E+00       1.31826E+00       1.28859E+00       5.93400E-02       3.53522E-02       5.95756E-01       7.67685E-01       8.07262E-01
       1.31826E+00       1.38038E+00       1.34932E+00       6.21200E-02       3.74729E-02       6.03235E-01       8.13957E-01       8.44735E-01
       1.38038E+00       1.44544E+00       1.41291E+00       6.50600E-02       3.75690E-02       5.77451E-01       8.15887E-01       8.82304E-01
       1.44544E+00       1.51356E+00       1.47950E+00       6.81200E-02       1.79530E-02       2.63550E-01       3.89922E-01       9.00257E-01
       1.51356E+00       1.58489E+00       1.54923E+00       7.13300E-02       1.56610E-02       2.19557E-01       3.40143E-01       9.15918E-01
       1.58489E+00       1.65959E+00       1.62224E+00       7.47000E-02       1.93439E-02       2.58954E-01       4.20086E-01       9.35262E-01
       1.65959E+00       1.73780E+00       1.69869E+00       7.82100E-02       2.61653E-02       3.34552E-01       5.68302E-01       9.61427E-01
       1.73780E+00       1.81970E+00       1.77875E+00       8.19000E-02       3.50049E-02       4.27410E-01       7.60256E-01       9.96432E-01
       1.81970E+00       1.90546E+00       1.86258E+00       8.57600E-02       3.56784E-03       4.16026E-02       7.74882E-02       1.00000E+00

 Sum =                                                                         1.00000E+00
 Renormalization bin#   908 =                                                  6.70238E-02 barn        6.40000E+06        6.60000E+06        6.50000E+06
 Avg. Energy     bin#   908 =                                                  8.57068E-01 MeV         6.40000E+06        6.60000E+06
