"        MT= 28 recoil spectrum "
" Initial neutron energy corresponds to the group:"
   1.34000E+01    1.36000E+01       0.00000E+00           211           867           657



          Low               High              Mid              Energy           Number             dn/de            E*dn/de          Cumulative
         Energy            Energy            Energy             Width          Fraction                               Sum   
         [MeV]             [MeV]             [MeV]              [MeV]

       1.58489E-07       1.65959E-07       1.62224E-07       7.47000E-09       0.00000E+00       0.00000E+00       0.00000E+00       0.00000E+00
       1.65959E-07       1.73780E-07       1.69869E-07       7.82099E-09       6.15661E-09       7.87191E-01       1.33720E-07       6.15661E-09
       1.73780E-07       1.81970E-07       1.77875E-07       8.19001E-09       6.44620E-09       7.87081E-01       1.40002E-07       1.26028E-08
       1.81970E-07       1.90546E-07       1.86258E-07       8.57601E-09       6.75050E-09       7.87138E-01       1.46611E-07       1.93533E-08
       1.90546E-07       1.99526E-07       1.95036E-07       8.97999E-09       7.06833E-09       7.87120E-01       1.53517E-07       2.64216E-08
       1.99526E-07       2.08930E-07       2.04228E-07       9.40400E-09       7.40147E-09       7.87056E-01       1.60739E-07       3.38231E-08
       2.08930E-07       2.18776E-07       2.13853E-07       9.84600E-09       7.75051E-09       7.87173E-01       1.68339E-07       4.15736E-08
       2.18776E-07       2.29087E-07       2.23931E-07       1.03110E-08       8.11543E-09       7.87066E-01       1.76249E-07       4.96890E-08
       2.29087E-07       2.39883E-07       2.34485E-07       1.07960E-08       8.49801E-09       7.87144E-01       1.84573E-07       5.81871E-08
       2.39883E-07       2.51189E-07       2.45536E-07       1.13060E-08       8.89884E-09       7.87091E-01       1.93259E-07       6.70859E-08
       2.51189E-07       2.63027E-07       2.57108E-07       1.18380E-08       9.31791E-09       7.87117E-01       2.02374E-07       7.64038E-08
       2.63027E-07       2.75423E-07       2.69225E-07       1.23960E-08       9.75700E-09       7.87110E-01       2.11910E-07       8.61608E-08
       2.75423E-07       2.88403E-07       2.81913E-07       1.29800E-08       1.02173E-08       7.87154E-01       2.21909E-07       9.63781E-08
       2.88403E-07       3.01995E-07       2.95199E-07       1.35920E-08       1.06987E-08       7.87134E-01       2.32361E-07       1.07077E-07
       3.01995E-07       3.16228E-07       3.09111E-07       1.42330E-08       1.12026E-08       7.87084E-01       2.43297E-07       1.18279E-07
       3.16228E-07       3.31131E-07       3.23680E-07       1.49030E-08       1.17305E-08       7.87125E-01       2.54776E-07       1.30010E-07
       3.31131E-07       3.46737E-07       3.38934E-07       1.56060E-08       1.22838E-08       7.87121E-01       2.66782E-07       1.42294E-07
       3.46737E-07       3.63078E-07       3.54908E-07       1.63410E-08       1.28624E-08       7.87123E-01       2.79356E-07       1.55156E-07
       3.63078E-07       3.80189E-07       3.71633E-07       1.71110E-08       1.34686E-08       7.87132E-01       2.92525E-07       1.68625E-07
       3.80189E-07       3.98107E-07       3.89148E-07       1.79180E-08       1.41031E-08       7.87093E-01       3.06296E-07       1.82728E-07
       3.98107E-07       4.16869E-07       4.07488E-07       1.87620E-08       1.47682E-08       7.87134E-01       3.20748E-07       1.97496E-07
       4.16869E-07       4.36516E-07       4.26693E-07       1.96470E-08       1.54639E-08       7.87090E-01       3.35845E-07       2.12960E-07
       4.36516E-07       4.57088E-07       4.46802E-07       2.05720E-08       1.61926E-08       7.87118E-01       3.51686E-07       2.29153E-07
       4.57088E-07       4.78630E-07       4.67859E-07       2.15420E-08       1.69560E-08       7.87113E-01       3.68258E-07       2.46109E-07
       4.78630E-07       5.01187E-07       4.89909E-07       2.25570E-08       1.77553E-08       7.87129E-01       3.85621E-07       2.63864E-07
       5.01187E-07       5.24807E-07       5.12997E-07       2.36200E-08       1.85917E-08       7.87118E-01       4.03789E-07       2.82456E-07
       5.24807E-07       5.50000E-07       5.37403E-07       2.51930E-08       1.98295E-08       7.87101E-01       4.22991E-07       3.02285E-07
       5.50000E-07       5.75000E-07       5.62500E-07       2.50000E-08       1.96776E-08       7.87106E-01       4.42747E-07       3.21963E-07
       5.75000E-07       6.00000E-07       5.87500E-07       2.50000E-08       1.96776E-08       7.87104E-01       4.62423E-07       3.41640E-07
       6.00000E-07       6.25000E-07       6.12500E-07       2.50000E-08       1.96776E-08       7.87106E-01       4.82102E-07       3.61318E-07
       6.25000E-07       6.50000E-07       6.37500E-07       2.50000E-08       1.96776E-08       7.87106E-01       5.01780E-07       3.80996E-07
       6.50000E-07       6.75000E-07       6.62500E-07       2.50000E-08       1.96776E-08       7.87104E-01       5.21456E-07       4.00673E-07
       6.75000E-07       7.00000E-07       6.87500E-07       2.50000E-08       1.96776E-08       7.87106E-01       5.41135E-07       4.20351E-07
       7.00000E-07       7.25000E-07       7.12500E-07       2.50000E-08       1.96776E-08       7.87104E-01       5.60811E-07       4.40028E-07
       7.25000E-07       7.50000E-07       7.37500E-07       2.50000E-08       1.96776E-08       7.87106E-01       5.80490E-07       4.59706E-07
       7.50000E-07       7.75000E-07       7.62500E-07       2.50000E-08       1.96776E-08       7.87106E-01       6.00168E-07       4.79384E-07
       7.75000E-07       8.00000E-07       7.87500E-07       2.50000E-08       1.96776E-08       7.87104E-01       6.19844E-07       4.99061E-07
       8.00000E-07       8.25000E-07       8.12500E-07       2.50000E-08       1.96776E-08       7.87106E-01       6.39523E-07       5.18739E-07
       8.25000E-07       8.50000E-07       8.37500E-07       2.50000E-08       1.96776E-08       7.87104E-01       6.59199E-07       5.38416E-07
       8.50000E-07       8.75000E-07       8.62500E-07       2.50000E-08       1.96776E-08       7.87106E-01       6.78879E-07       5.58094E-07
       8.75000E-07       9.00000E-07       8.87500E-07       2.50000E-08       1.96776E-08       7.87106E-01       6.98556E-07       5.77772E-07
       9.00000E-07       9.25000E-07       9.12500E-07       2.50000E-08       1.96776E-08       7.87104E-01       7.18232E-07       5.97449E-07
       9.25000E-07       9.50000E-07       9.37500E-07       2.50000E-08       1.96776E-08       7.87106E-01       7.37911E-07       6.17127E-07
       9.50000E-07       9.75000E-07       9.62500E-07       2.50000E-08       1.96776E-08       7.87104E-01       7.57587E-07       6.36804E-07
       9.75000E-07       1.00000E-06       9.87500E-07       2.50000E-08       1.96776E-08       7.87106E-01       7.77267E-07       6.56482E-07
       1.00000E-06       1.02500E-06       1.01250E-06       2.50000E-08       1.96776E-08       7.87106E-01       7.96944E-07       6.76160E-07
       1.02500E-06       1.05000E-06       1.03750E-06       2.50000E-08       1.96776E-08       7.87106E-01       8.16622E-07       6.95837E-07
       1.05000E-06       1.07500E-06       1.06250E-06       2.50001E-08       1.96776E-08       7.87102E-01       8.36295E-07       7.15515E-07
       1.07500E-06       1.10000E-06       1.08750E-06       2.50000E-08       1.96776E-08       7.87106E-01       8.55977E-07       7.35192E-07
       1.10000E-06       1.12500E-06       1.11250E-06       2.50000E-08       1.96776E-08       7.87106E-01       8.75655E-07       7.54870E-07
       1.12500E-06       1.15000E-06       1.13750E-06       2.50000E-08       1.96776E-08       7.87106E-01       8.95333E-07       7.74548E-07
       1.15000E-06       1.17500E-06       1.16250E-06       2.50000E-08       1.96776E-08       7.87106E-01       9.15010E-07       7.94225E-07
       1.17500E-06       1.20000E-06       1.18750E-06       2.50001E-08       1.96776E-08       7.87102E-01       9.34683E-07       8.13903E-07
       1.20000E-06       1.22500E-06       1.21250E-06       2.50000E-08       1.96776E-08       7.87106E-01       9.54365E-07       8.33580E-07
       1.22500E-06       1.25000E-06       1.23750E-06       2.50000E-08       1.96776E-08       7.87106E-01       9.74043E-07       8.53258E-07
       1.25000E-06       1.27500E-06       1.26250E-06       2.50000E-08       1.96776E-08       7.87106E-01       9.93721E-07       8.72936E-07
       1.27500E-06       1.30000E-06       1.28750E-06       2.50000E-08       1.96776E-08       7.87106E-01       1.01340E-06       8.92613E-07
       1.30000E-06       1.32500E-06       1.31250E-06       2.50001E-08       1.96776E-08       7.87102E-01       1.03307E-06       9.12291E-07
       1.32500E-06       1.35000E-06       1.33750E-06       2.50000E-08       1.96776E-08       7.87106E-01       1.05275E-06       9.31968E-07
       1.35000E-06       1.37500E-06       1.36250E-06       2.50000E-08       1.96776E-08       7.87106E-01       1.07243E-06       9.51646E-07
       1.37500E-06       1.40000E-06       1.38750E-06       2.50000E-08       1.96776E-08       7.87106E-01       1.09211E-06       9.71324E-07
       1.40000E-06       1.42500E-06       1.41250E-06       2.50000E-08       1.96776E-08       7.87106E-01       1.11179E-06       9.91001E-07
       1.42500E-06       1.45000E-06       1.43750E-06       2.50001E-08       1.96776E-08       7.87102E-01       1.13146E-06       1.01068E-06
       1.45000E-06       1.47500E-06       1.46250E-06       2.50000E-08       1.96776E-08       7.87106E-01       1.15114E-06       1.03036E-06
       1.47500E-06       1.50000E-06       1.48750E-06       2.50000E-08       1.96776E-08       7.87106E-01       1.17082E-06       1.05003E-06
       1.50000E-06       1.52500E-06       1.51250E-06       2.50000E-08       1.96776E-08       7.87106E-01       1.19050E-06       1.06971E-06
       1.52500E-06       1.55000E-06       1.53750E-06       2.50000E-08       1.96776E-08       7.87106E-01       1.21017E-06       1.08939E-06
       1.55000E-06       1.57500E-06       1.56250E-06       2.50001E-08       1.96776E-08       7.87102E-01       1.22985E-06       1.10907E-06
       1.57500E-06       1.60000E-06       1.58750E-06       2.50000E-08       1.96776E-08       7.87106E-01       1.24953E-06       1.12874E-06
       1.60000E-06       1.62500E-06       1.61250E-06       2.50000E-08       1.96776E-08       7.87106E-01       1.26921E-06       1.14842E-06
       1.62500E-06       1.65000E-06       1.63750E-06       2.50000E-08       1.96776E-08       7.87106E-01       1.28889E-06       1.16810E-06
       1.65000E-06       1.67500E-06       1.66250E-06       2.50000E-08       1.96776E-08       7.87106E-01       1.30856E-06       1.18778E-06
       1.67500E-06       1.70000E-06       1.68750E-06       2.50001E-08       1.96776E-08       7.87102E-01       1.32823E-06       1.20745E-06
       1.70000E-06       1.72500E-06       1.71250E-06       2.50000E-08       1.96776E-08       7.87106E-01       1.34792E-06       1.22713E-06
       1.72500E-06       1.75000E-06       1.73750E-06       2.50000E-08       1.96776E-08       7.87106E-01       1.36760E-06       1.24681E-06
       1.75000E-06       1.77500E-06       1.76250E-06       2.50000E-08       1.96776E-08       7.87106E-01       1.38727E-06       1.26649E-06
       1.77500E-06       1.80000E-06       1.78750E-06       2.50000E-08       1.96776E-08       7.87106E-01       1.40695E-06       1.28617E-06
       1.80000E-06       1.82500E-06       1.81250E-06       2.50001E-08       1.96776E-08       7.87102E-01       1.42662E-06       1.30584E-06
       1.82500E-06       1.85000E-06       1.83750E-06       2.50000E-08       1.96776E-08       7.87106E-01       1.44631E-06       1.32552E-06
       1.85000E-06       1.87500E-06       1.86250E-06       2.50000E-08       1.96776E-08       7.87106E-01       1.46598E-06       1.34520E-06
       1.87500E-06       1.90000E-06       1.88750E-06       2.50000E-08       1.96776E-08       7.87106E-01       1.48566E-06       1.36488E-06
       1.90000E-06       1.92500E-06       1.91250E-06       2.50000E-08       1.96776E-08       7.87106E-01       1.50534E-06       1.38455E-06
       1.92500E-06       1.95000E-06       1.93750E-06       2.50001E-08       1.96776E-08       7.87102E-01       1.52501E-06       1.40423E-06
       1.95000E-06       1.97500E-06       1.96250E-06       2.50000E-08       1.96776E-08       7.87106E-01       1.54469E-06       1.42391E-06
       1.97500E-06       2.00000E-06       1.98750E-06       2.50000E-08       1.96776E-08       7.87106E-01       1.56437E-06       1.44359E-06
       2.00000E-06       2.02500E-06       2.01250E-06       2.50001E-08       1.96776E-08       7.87102E-01       1.58404E-06       1.46326E-06
       2.02500E-06       2.05000E-06       2.03750E-06       2.49999E-08       1.96776E-08       7.87109E-01       1.60374E-06       1.48294E-06
       2.05000E-06       2.07500E-06       2.06250E-06       2.50001E-08       1.96776E-08       7.87102E-01       1.62340E-06       1.50262E-06
       2.07500E-06       2.10000E-06       2.08750E-06       2.49999E-08       1.96776E-08       7.87109E-01       1.64309E-06       1.52230E-06
       2.10000E-06       2.12500E-06       2.11250E-06       2.50001E-08       1.96776E-08       7.87102E-01       1.66275E-06       1.54197E-06
       2.12500E-06       2.15000E-06       2.13750E-06       2.50001E-08       1.96776E-08       7.87102E-01       1.68243E-06       1.56165E-06
       2.15000E-06       2.17500E-06       2.16250E-06       2.49999E-08       1.96776E-08       7.87109E-01       1.70212E-06       1.58133E-06
       2.17500E-06       2.20000E-06       2.18750E-06       2.50001E-08       1.96776E-08       7.87102E-01       1.72178E-06       1.60101E-06
       2.20000E-06       2.22500E-06       2.21250E-06       2.49999E-08       1.96776E-08       7.87109E-01       1.74148E-06       1.62068E-06
       2.22500E-06       2.25000E-06       2.23750E-06       2.50001E-08       1.96776E-08       7.87102E-01       1.76114E-06       1.64036E-06
       2.25000E-06       2.27500E-06       2.26250E-06       2.50001E-08       1.96776E-08       7.87102E-01       1.78082E-06       1.66004E-06
       2.27500E-06       2.30000E-06       2.28750E-06       2.49999E-08       1.96776E-08       7.87109E-01       1.80051E-06       1.67972E-06
       2.30000E-06       2.32500E-06       2.31250E-06       2.50001E-08       1.96776E-08       7.87102E-01       1.82017E-06       1.69939E-06
       2.32500E-06       2.35000E-06       2.33750E-06       2.49999E-08       1.96776E-08       7.87109E-01       1.83987E-06       1.71907E-06
       2.35000E-06       2.37500E-06       2.36250E-06       2.50001E-08       1.96776E-08       7.87102E-01       1.85953E-06       1.73875E-06
       2.37500E-06       2.40000E-06       2.38750E-06       2.50001E-08       1.96776E-08       7.87102E-01       1.87921E-06       1.75843E-06
       2.40000E-06       2.42500E-06       2.41250E-06       2.49999E-08       1.96776E-08       7.87109E-01       1.89890E-06       1.77811E-06
       2.42500E-06       2.45000E-06       2.43750E-06       2.50001E-08       1.96776E-08       7.87102E-01       1.91856E-06       1.79778E-06
       2.45000E-06       2.47500E-06       2.46250E-06       2.49999E-08       1.96776E-08       7.87109E-01       1.93826E-06       1.81746E-06
       2.47500E-06       2.50000E-06       2.48750E-06       2.50001E-08       1.96776E-08       7.87102E-01       1.95792E-06       1.83714E-06
       2.50000E-06       2.52500E-06       2.51250E-06       2.50001E-08       1.96776E-08       7.87102E-01       1.97759E-06       1.85682E-06
       2.52500E-06       2.55000E-06       2.53750E-06       2.49999E-08       1.96776E-08       7.87109E-01       1.99729E-06       1.87649E-06
       2.55000E-06       2.57500E-06       2.56250E-06       2.50001E-08       1.96776E-08       7.87102E-01       2.01695E-06       1.89617E-06
       2.57500E-06       2.60000E-06       2.58750E-06       2.49999E-08       1.96776E-08       7.87109E-01       2.03665E-06       1.91585E-06
       2.60000E-06       2.62500E-06       2.61250E-06       2.50001E-08       1.96776E-08       7.87102E-01       2.05630E-06       1.93553E-06
       2.62500E-06       2.65000E-06       2.63750E-06       2.50001E-08       1.96776E-08       7.87102E-01       2.07598E-06       1.95520E-06
       2.65000E-06       2.67500E-06       2.66250E-06       2.49999E-08       1.96776E-08       7.87109E-01       2.09568E-06       1.97488E-06
       2.67500E-06       2.70000E-06       2.68750E-06       2.50001E-08       1.96776E-08       7.87102E-01       2.11534E-06       1.99456E-06
       2.70000E-06       2.72500E-06       2.71250E-06       2.49999E-08       1.96776E-08       7.87109E-01       2.13503E-06       2.01424E-06
       2.72500E-06       2.75000E-06       2.73750E-06       2.50001E-08       1.96776E-08       7.87102E-01       2.15469E-06       2.03391E-06
       2.75000E-06       2.77500E-06       2.76250E-06       2.50001E-08       1.96776E-08       7.87102E-01       2.17437E-06       2.05359E-06
       2.77500E-06       2.80000E-06       2.78750E-06       2.49999E-08       1.96776E-08       7.87109E-01       2.19407E-06       2.07327E-06
       2.80000E-06       2.82500E-06       2.81250E-06       2.50001E-08       1.96776E-08       7.87102E-01       2.21372E-06       2.09295E-06
       2.82500E-06       2.85000E-06       2.83750E-06       2.49999E-08       1.96776E-08       7.87109E-01       2.23342E-06       2.11262E-06
       2.85000E-06       2.87500E-06       2.86250E-06       2.50001E-08       1.96776E-08       7.87102E-01       2.25308E-06       2.13230E-06
       2.87500E-06       2.90000E-06       2.88750E-06       2.50001E-08       1.96776E-08       7.87102E-01       2.27276E-06       2.15198E-06
       2.90000E-06       2.92500E-06       2.91250E-06       2.49999E-08       1.96776E-08       7.87109E-01       2.29246E-06       2.17166E-06
       2.92500E-06       2.95000E-06       2.93750E-06       2.50001E-08       1.96776E-08       7.87102E-01       2.31211E-06       2.19133E-06
       2.95000E-06       2.97500E-06       2.96250E-06       2.49999E-08       1.96776E-08       7.87109E-01       2.33181E-06       2.21101E-06
       2.97500E-06       3.00000E-06       2.98750E-06       2.50001E-08       1.96776E-08       7.87102E-01       2.35147E-06       2.23069E-06
       3.00000E-06       3.02500E-06       3.01250E-06       2.50001E-08       1.96776E-08       7.87102E-01       2.37114E-06       2.25037E-06
       3.02500E-06       3.05000E-06       3.03750E-06       2.49999E-08       1.96776E-08       7.87109E-01       2.39084E-06       2.27005E-06
       3.05000E-06       3.07500E-06       3.06250E-06       2.50001E-08       1.96776E-08       7.87102E-01       2.41050E-06       2.28972E-06
       3.07500E-06       3.10000E-06       3.08750E-06       2.49999E-08       1.96776E-08       7.87109E-01       2.43020E-06       2.30940E-06
       3.10000E-06       3.12500E-06       3.11250E-06       2.50001E-08       1.96776E-08       7.87102E-01       2.44985E-06       2.32908E-06
       3.12500E-06       3.15000E-06       3.13750E-06       2.50001E-08       1.96776E-08       7.87102E-01       2.46953E-06       2.34876E-06
       3.15000E-06       3.17500E-06       3.16250E-06       2.49999E-08       1.96776E-08       7.87109E-01       2.48923E-06       2.36843E-06
       3.17500E-06       3.20000E-06       3.18750E-06       2.50001E-08       1.96776E-08       7.87102E-01       2.50889E-06       2.38811E-06
       3.20000E-06       3.22500E-06       3.21250E-06       2.49999E-08       1.96776E-08       7.87109E-01       2.52859E-06       2.40779E-06
       3.22500E-06       3.25000E-06       3.23750E-06       2.50001E-08       1.96776E-08       7.87102E-01       2.54824E-06       2.42747E-06
       3.25000E-06       3.27500E-06       3.26250E-06       2.50001E-08       1.96776E-08       7.87102E-01       2.56792E-06       2.44714E-06
       3.27500E-06       3.30000E-06       3.28750E-06       2.49999E-08       1.96776E-08       7.87109E-01       2.58762E-06       2.46682E-06
       3.30000E-06       3.32500E-06       3.31250E-06       2.50001E-08       1.96776E-08       7.87102E-01       2.60727E-06       2.48650E-06
       3.32500E-06       3.35000E-06       3.33750E-06       2.49999E-08       1.96776E-08       7.87109E-01       2.62698E-06       2.50618E-06
       3.35000E-06       3.37500E-06       3.36250E-06       2.50001E-08       1.96776E-08       7.87102E-01       2.64663E-06       2.52585E-06
       3.37500E-06       3.40000E-06       3.38750E-06       2.50001E-08       1.96776E-08       7.87102E-01       2.66631E-06       2.54553E-06
       3.40000E-06       3.42500E-06       3.41250E-06       2.49999E-08       1.96776E-08       7.87109E-01       2.68601E-06       2.56521E-06
       3.42500E-06       3.45000E-06       3.43750E-06       2.50001E-08       1.96776E-08       7.87102E-01       2.70566E-06       2.58489E-06
       3.45000E-06       3.47500E-06       3.46250E-06       2.49999E-08       1.96776E-08       7.87109E-01       2.72537E-06       2.60456E-06
       3.47500E-06       3.50000E-06       3.48750E-06       2.50001E-08       1.96776E-08       7.87102E-01       2.74502E-06       2.62424E-06
       3.50000E-06       3.52500E-06       3.51250E-06       2.50001E-08       1.96776E-08       7.87102E-01       2.76469E-06       2.64392E-06
       3.52500E-06       3.55000E-06       3.53750E-06       2.49999E-08       1.96776E-08       7.87109E-01       2.78440E-06       2.66360E-06
       3.55000E-06       3.57500E-06       3.56250E-06       2.50001E-08       1.96776E-08       7.87102E-01       2.80405E-06       2.68327E-06
       3.57500E-06       3.60000E-06       3.58750E-06       2.49999E-08       1.96776E-08       7.87109E-01       2.82375E-06       2.70295E-06
       3.60000E-06       3.62500E-06       3.61250E-06       2.50001E-08       1.96776E-08       7.87102E-01       2.84340E-06       2.72263E-06
       3.62500E-06       3.65000E-06       3.63750E-06       2.50001E-08       1.96776E-08       7.87102E-01       2.86308E-06       2.74231E-06
       3.65000E-06       3.67500E-06       3.66250E-06       2.49999E-08       1.96776E-08       7.87109E-01       2.88279E-06       2.76199E-06
       3.67500E-06       3.70000E-06       3.68750E-06       2.50001E-08       1.96776E-08       7.87102E-01       2.90244E-06       2.78166E-06
       3.70000E-06       3.72500E-06       3.71250E-06       2.49999E-08       1.96776E-08       7.87109E-01       2.92214E-06       2.80134E-06
       3.72500E-06       3.75000E-06       3.73750E-06       2.50001E-08       1.96776E-08       7.87102E-01       2.94179E-06       2.82102E-06
       3.75000E-06       3.77500E-06       3.76250E-06       2.50001E-08       1.96776E-08       7.87102E-01       2.96147E-06       2.84070E-06
       3.77500E-06       3.80000E-06       3.78750E-06       2.49999E-08       1.96776E-08       7.87109E-01       2.98118E-06       2.86037E-06
       3.80000E-06       3.82500E-06       3.81250E-06       2.50001E-08       1.96776E-08       7.87102E-01       3.00083E-06       2.88005E-06
       3.82500E-06       3.85000E-06       3.83750E-06       2.49999E-08       1.96776E-08       7.87109E-01       3.02053E-06       2.89973E-06
       3.85000E-06       3.87500E-06       3.86250E-06       2.50001E-08       1.96776E-08       7.87102E-01       3.04018E-06       2.91941E-06
       3.87500E-06       3.90000E-06       3.88750E-06       2.50001E-08       1.96776E-08       7.87102E-01       3.05986E-06       2.93908E-06
       3.90000E-06       3.92500E-06       3.91250E-06       2.49999E-08       1.96776E-08       7.87109E-01       3.07956E-06       2.95876E-06
       3.92500E-06       3.95000E-06       3.93750E-06       2.50001E-08       1.96776E-08       7.87102E-01       3.09921E-06       2.97844E-06
       3.95000E-06       3.97500E-06       3.96250E-06       2.49999E-08       1.96776E-08       7.87109E-01       3.11892E-06       2.99812E-06
       3.97500E-06       4.00000E-06       3.98750E-06       2.50001E-08       1.96776E-08       7.87102E-01       3.13857E-06       3.01779E-06
       4.00000E-06       4.02500E-06       4.01250E-06       2.50001E-08       1.96776E-08       7.87102E-01       3.15825E-06       3.03747E-06
       4.02500E-06       4.05000E-06       4.03750E-06       2.50001E-08       1.96776E-08       7.87102E-01       3.17792E-06       3.05715E-06
       4.05000E-06       4.07500E-06       4.06250E-06       2.49996E-08       1.96776E-08       7.87117E-01       3.19766E-06       3.07683E-06
       4.07500E-06       4.10000E-06       4.08750E-06       2.50001E-08       1.96776E-08       7.87102E-01       3.21728E-06       3.09650E-06
       4.10000E-06       4.12500E-06       4.11250E-06       2.50001E-08       1.96776E-08       7.87102E-01       3.23696E-06       3.11618E-06
       4.12500E-06       4.15000E-06       4.13750E-06       2.50001E-08       1.96776E-08       7.87102E-01       3.25663E-06       3.13586E-06
       4.15000E-06       4.17500E-06       4.16250E-06       2.50001E-08       1.96776E-08       7.87102E-01       3.27631E-06       3.15554E-06
       4.17500E-06       4.20000E-06       4.18750E-06       2.49996E-08       1.96776E-08       7.87117E-01       3.29605E-06       3.17521E-06
       4.20000E-06       4.22500E-06       4.21250E-06       2.50001E-08       1.96776E-08       7.87102E-01       3.31567E-06       3.19489E-06
       4.22500E-06       4.25000E-06       4.23750E-06       2.50001E-08       1.96776E-08       7.87102E-01       3.33534E-06       3.21457E-06
       4.25000E-06       4.27500E-06       4.26250E-06       2.50001E-08       1.96776E-08       7.87102E-01       3.35502E-06       3.23425E-06
       4.27500E-06       4.30000E-06       4.28750E-06       2.50001E-08       1.96776E-08       7.87102E-01       3.37470E-06       3.25393E-06
       4.30000E-06       4.32500E-06       4.31250E-06       2.49996E-08       1.96776E-08       7.87117E-01       3.39444E-06       3.27360E-06
       4.32500E-06       4.35000E-06       4.33750E-06       2.50001E-08       1.96776E-08       7.87102E-01       3.41405E-06       3.29328E-06
       4.35000E-06       4.37500E-06       4.36250E-06       2.50001E-08       1.96776E-08       7.87102E-01       3.43373E-06       3.31296E-06
       4.37500E-06       4.40000E-06       4.38750E-06       2.50001E-08       1.96776E-08       7.87102E-01       3.45341E-06       3.33264E-06
       4.40000E-06       4.42500E-06       4.41250E-06       2.50001E-08       1.96776E-08       7.87102E-01       3.47309E-06       3.35231E-06
       4.42500E-06       4.45000E-06       4.43750E-06       2.49996E-08       1.96776E-08       7.87117E-01       3.49283E-06       3.37199E-06
       4.45000E-06       4.47500E-06       4.46250E-06       2.50001E-08       1.96776E-08       7.87102E-01       3.51244E-06       3.39167E-06
       4.47500E-06       4.50000E-06       4.48750E-06       2.50001E-08       1.96776E-08       7.87102E-01       3.53212E-06       3.41135E-06
       4.50000E-06       4.52500E-06       4.51250E-06       2.50001E-08       1.96776E-08       7.87102E-01       3.55180E-06       3.43102E-06
       4.52500E-06       4.55000E-06       4.53750E-06       2.50001E-08       1.96776E-08       7.87102E-01       3.57147E-06       3.45070E-06
       4.55000E-06       4.57500E-06       4.56250E-06       2.49996E-08       1.96776E-08       7.87117E-01       3.59122E-06       3.47038E-06
       4.57500E-06       4.60000E-06       4.58750E-06       2.50001E-08       1.96776E-08       7.87102E-01       3.61083E-06       3.49006E-06
       4.60000E-06       4.62500E-06       4.61250E-06       2.50001E-08       1.96776E-08       7.87102E-01       3.63051E-06       3.50973E-06
       4.62500E-06       4.65000E-06       4.63750E-06       2.50001E-08       1.96776E-08       7.87102E-01       3.65018E-06       3.52941E-06
       4.65000E-06       4.67500E-06       4.66250E-06       2.50001E-08       1.96776E-08       7.87102E-01       3.66986E-06       3.54909E-06
       4.67500E-06       4.70000E-06       4.68750E-06       2.49996E-08       1.96776E-08       7.87117E-01       3.68961E-06       3.56877E-06
       4.70000E-06       4.72500E-06       4.71250E-06       2.50001E-08       1.96776E-08       7.87102E-01       3.70922E-06       3.58844E-06
       4.72500E-06       4.75000E-06       4.73750E-06       2.50001E-08       1.96776E-08       7.87102E-01       3.72889E-06       3.60812E-06
       4.75000E-06       4.77500E-06       4.76250E-06       2.50001E-08       1.96776E-08       7.87102E-01       3.74857E-06       3.62780E-06
       4.77500E-06       4.80000E-06       4.78750E-06       2.50001E-08       1.96776E-08       7.87102E-01       3.76825E-06       3.64748E-06
       4.80000E-06       4.82500E-06       4.81250E-06       2.49996E-08       1.96776E-08       7.87117E-01       3.78800E-06       3.66715E-06
       4.82500E-06       4.85000E-06       4.83750E-06       2.50001E-08       1.96776E-08       7.87102E-01       3.80760E-06       3.68683E-06
       4.85000E-06       4.87500E-06       4.86250E-06       2.50001E-08       1.96776E-08       7.87102E-01       3.82728E-06       3.70651E-06
       4.87500E-06       4.90000E-06       4.88750E-06       2.50001E-08       1.96776E-08       7.87102E-01       3.84696E-06       3.72619E-06
       4.90000E-06       4.92500E-06       4.91250E-06       2.50001E-08       1.96776E-08       7.87102E-01       3.86664E-06       3.74587E-06
       4.92500E-06       4.95000E-06       4.93750E-06       2.49996E-08       1.96776E-08       7.87117E-01       3.88639E-06       3.76554E-06
       4.95000E-06       4.97500E-06       4.96250E-06       2.50001E-08       1.96776E-08       7.87102E-01       3.90599E-06       3.78522E-06
       4.97500E-06       5.00000E-06       4.98750E-06       2.50001E-08       1.96776E-08       7.87102E-01       3.92567E-06       3.80490E-06
       5.00000E-06       5.02500E-06       5.01250E-06       2.50001E-08       1.96776E-08       7.87102E-01       3.94535E-06       3.82458E-06
       5.02500E-06       5.05000E-06       5.03750E-06       2.50001E-08       1.96776E-08       7.87102E-01       3.96502E-06       3.84425E-06
       5.05000E-06       5.07500E-06       5.06250E-06       2.49996E-08       1.96776E-08       7.87117E-01       3.98478E-06       3.86393E-06
       5.07500E-06       5.10000E-06       5.08750E-06       2.50001E-08       1.96776E-08       7.87102E-01       4.00438E-06       3.88361E-06
       5.10000E-06       5.12500E-06       5.11250E-06       2.50001E-08       1.96776E-08       7.87102E-01       4.02406E-06       3.90329E-06
       5.12500E-06       5.15000E-06       5.13750E-06       2.50001E-08       1.96776E-08       7.87102E-01       4.04373E-06       3.92296E-06
       5.15000E-06       5.17500E-06       5.16250E-06       2.50001E-08       1.96776E-08       7.87102E-01       4.06341E-06       3.94264E-06
       5.17500E-06       5.20000E-06       5.18750E-06       2.49996E-08       1.96776E-08       7.87117E-01       4.08317E-06       3.96232E-06
       5.20000E-06       5.22500E-06       5.21250E-06       2.50001E-08       1.96776E-08       7.87102E-01       4.10277E-06       3.98200E-06
       5.22500E-06       5.25000E-06       5.23750E-06       2.50001E-08       1.96776E-08       7.87102E-01       4.12244E-06       4.00168E-06
       5.25000E-06       5.27500E-06       5.26250E-06       2.50001E-08       1.96776E-08       7.87102E-01       4.14212E-06       4.02135E-06
       5.27500E-06       5.30000E-06       5.28750E-06       2.50001E-08       1.96776E-08       7.87102E-01       4.16180E-06       4.04103E-06
       5.30000E-06       5.32500E-06       5.31250E-06       2.49996E-08       1.96776E-08       7.87117E-01       4.18156E-06       4.06071E-06
       5.32500E-06       5.35000E-06       5.33750E-06       2.50001E-08       1.96776E-08       7.87102E-01       4.20116E-06       4.08039E-06
       5.35000E-06       5.37500E-06       5.36250E-06       2.50001E-08       1.96776E-08       7.87102E-01       4.22083E-06       4.10007E-06
       5.37500E-06       5.40000E-06       5.38750E-06       2.50001E-08       1.96776E-08       7.87102E-01       4.24051E-06       4.11974E-06
       5.40000E-06       5.42500E-06       5.41250E-06       2.50001E-08       1.96776E-08       7.87102E-01       4.26019E-06       4.13942E-06
       5.42500E-06       5.45000E-06       5.43750E-06       2.49996E-08       1.96776E-08       7.87117E-01       4.27995E-06       4.15910E-06
       5.45000E-06       5.47500E-06       5.46250E-06       2.50001E-08       1.96776E-08       7.87102E-01       4.29954E-06       4.17878E-06
       5.47500E-06       5.50000E-06       5.48750E-06       2.50001E-08       1.96776E-08       7.87102E-01       4.31922E-06       4.19845E-06
       5.50000E-06       5.52500E-06       5.51250E-06       2.50001E-08       1.96776E-08       7.87102E-01       4.33890E-06       4.21813E-06
       5.52500E-06       5.55000E-06       5.53750E-06       2.50001E-08       1.96776E-08       7.87102E-01       4.35858E-06       4.23781E-06
       5.55000E-06       5.57500E-06       5.56250E-06       2.49996E-08       1.96776E-08       7.87117E-01       4.37834E-06       4.25749E-06
       5.57500E-06       5.60000E-06       5.58750E-06       2.50001E-08       1.96776E-08       7.87102E-01       4.39793E-06       4.27717E-06
       5.60000E-06       5.62500E-06       5.61250E-06       2.50001E-08       1.96776E-08       7.87102E-01       4.41761E-06       4.29684E-06
       5.62500E-06       5.65000E-06       5.63750E-06       2.50001E-08       1.96776E-08       7.87102E-01       4.43729E-06       4.31652E-06
       5.65000E-06       5.67500E-06       5.66250E-06       2.50001E-08       1.96776E-08       7.87102E-01       4.45696E-06       4.33620E-06
       5.67500E-06       5.70000E-06       5.68750E-06       2.49996E-08       1.96776E-08       7.87117E-01       4.47673E-06       4.35588E-06
       5.70000E-06       5.72500E-06       5.71250E-06       2.50001E-08       1.96776E-08       7.87102E-01       4.49632E-06       4.37555E-06
       5.72500E-06       5.75000E-06       5.73750E-06       2.50001E-08       1.96776E-08       7.87102E-01       4.51600E-06       4.39523E-06
       5.75000E-06       5.77500E-06       5.76250E-06       2.50001E-08       1.96776E-08       7.87102E-01       4.53567E-06       4.41491E-06
       5.77500E-06       5.80000E-06       5.78750E-06       2.50001E-08       1.96776E-08       7.87102E-01       4.55535E-06       4.43459E-06
       5.80000E-06       5.82500E-06       5.81250E-06       2.49996E-08       1.96776E-08       7.87117E-01       4.57512E-06       4.45427E-06
       5.82500E-06       5.85000E-06       5.83750E-06       2.50001E-08       1.96776E-08       7.87102E-01       4.59471E-06       4.47394E-06
       5.85000E-06       5.87500E-06       5.86250E-06       2.50001E-08       1.96776E-08       7.87102E-01       4.61438E-06       4.49362E-06
       5.87500E-06       5.90000E-06       5.88750E-06       2.50001E-08       1.96776E-08       7.87102E-01       4.63406E-06       4.51330E-06
       5.90000E-06       5.92500E-06       5.91250E-06       2.50001E-08       1.96776E-08       7.87102E-01       4.65374E-06       4.53298E-06
       5.92500E-06       5.95000E-06       5.93750E-06       2.49996E-08       1.96776E-08       7.87117E-01       4.67351E-06       4.55266E-06
       5.95000E-06       5.97500E-06       5.96250E-06       2.50001E-08       1.96776E-08       7.87102E-01       4.69309E-06       4.57233E-06
       5.97500E-06       6.00000E-06       5.98750E-06       2.50001E-08       1.96776E-08       7.87102E-01       4.71277E-06       4.59201E-06
       6.00000E-06       6.02500E-06       6.01250E-06       2.50001E-08       1.96776E-08       7.87102E-01       4.73245E-06       4.61169E-06
       6.02500E-06       6.05000E-06       6.03750E-06       2.50001E-08       1.96776E-08       7.87102E-01       4.75213E-06       4.63137E-06
       6.05000E-06       6.07500E-06       6.06250E-06       2.49996E-08       1.96776E-08       7.87117E-01       4.77189E-06       4.65104E-06
       6.07500E-06       6.10000E-06       6.08750E-06       2.50001E-08       1.96776E-08       7.87102E-01       4.79148E-06       4.67072E-06
       6.10000E-06       6.12500E-06       6.11250E-06       2.50001E-08       1.96776E-08       7.87102E-01       4.81116E-06       4.69040E-06
       6.12500E-06       6.15000E-06       6.13750E-06       2.50001E-08       1.96776E-08       7.87102E-01       4.83084E-06       4.71008E-06
       6.15000E-06       6.17500E-06       6.16250E-06       2.50001E-08       1.96776E-08       7.87102E-01       4.85051E-06       4.72976E-06
       6.17500E-06       6.20000E-06       6.18750E-06       2.49996E-08       1.96776E-08       7.87117E-01       4.87028E-06       4.74943E-06
       6.20000E-06       6.22500E-06       6.21250E-06       2.50001E-08       1.96776E-08       7.87102E-01       4.88987E-06       4.76911E-06
       6.22500E-06       6.25000E-06       6.23750E-06       2.50001E-08       1.96776E-08       7.87102E-01       4.90955E-06       4.78879E-06
       6.25000E-06       6.27500E-06       6.26250E-06       2.50001E-08       1.96776E-08       7.87102E-01       4.92922E-06       4.80847E-06
       6.27500E-06       6.30000E-06       6.28750E-06       2.50001E-08       1.96776E-08       7.87102E-01       4.94890E-06       4.82814E-06
       6.30000E-06       6.32500E-06       6.31250E-06       2.49996E-08       1.96776E-08       7.87117E-01       4.96867E-06       4.84782E-06
       6.32500E-06       6.35000E-06       6.33750E-06       2.50001E-08       1.96776E-08       7.87102E-01       4.98826E-06       4.86750E-06
       6.35000E-06       6.37500E-06       6.36250E-06       2.50001E-08       1.96776E-08       7.87102E-01       5.00793E-06       4.88718E-06
       6.37500E-06       6.40000E-06       6.38750E-06       2.50001E-08       1.96776E-08       7.87102E-01       5.02761E-06       4.90686E-06
       6.40000E-06       6.42500E-06       6.41250E-06       2.50001E-08       1.96776E-08       7.87102E-01       5.04729E-06       4.92653E-06
       6.42500E-06       6.45000E-06       6.43750E-06       2.49996E-08       1.96776E-08       7.87117E-01       5.06706E-06       4.94621E-06
       6.45000E-06       6.47500E-06       6.46250E-06       2.50001E-08       1.96776E-08       7.87102E-01       5.08664E-06       4.96589E-06
       6.47500E-06       6.50000E-06       6.48750E-06       2.50001E-08       1.96776E-08       7.87102E-01       5.10632E-06       4.98557E-06
       6.50000E-06       6.52500E-06       6.51250E-06       2.50001E-08       1.96776E-08       7.87102E-01       5.12600E-06       5.00525E-06
       6.52500E-06       6.55000E-06       6.53750E-06       2.50001E-08       1.96776E-08       7.87102E-01       5.14568E-06       5.02492E-06
       6.55000E-06       6.57500E-06       6.56250E-06       2.49996E-08       1.96776E-08       7.87117E-01       5.16545E-06       5.04460E-06
       6.57500E-06       6.60000E-06       6.58750E-06       2.50001E-08       1.96776E-08       7.87102E-01       5.18503E-06       5.06428E-06
       6.60000E-06       6.62500E-06       6.61250E-06       2.50001E-08       1.96776E-08       7.87102E-01       5.20471E-06       5.08396E-06
       6.62500E-06       6.65000E-06       6.63750E-06       2.50001E-08       1.96776E-08       7.87102E-01       5.22439E-06       5.10363E-06
       6.65000E-06       6.67500E-06       6.66250E-06       2.50001E-08       1.96776E-08       7.87102E-01       5.24407E-06       5.12331E-06
       6.67500E-06       6.70000E-06       6.68750E-06       2.49996E-08       1.96776E-08       7.87117E-01       5.26384E-06       5.14299E-06
       6.70000E-06       6.72500E-06       6.71250E-06       2.50001E-08       1.96776E-08       7.87102E-01       5.28342E-06       5.16267E-06
       6.72500E-06       6.75000E-06       6.73750E-06       2.50001E-08       1.96776E-08       7.87102E-01       5.30310E-06       5.18235E-06
       6.75000E-06       6.77500E-06       6.76250E-06       2.50001E-08       1.96776E-08       7.87102E-01       5.32278E-06       5.20202E-06
       6.77500E-06       6.80000E-06       6.78750E-06       2.50001E-08       1.96776E-08       7.87102E-01       5.34245E-06       5.22170E-06
       6.80000E-06       6.82500E-06       6.81250E-06       2.49996E-08       1.96776E-08       7.87117E-01       5.36223E-06       5.24138E-06
       6.82500E-06       6.85000E-06       6.83750E-06       2.50001E-08       1.96776E-08       7.87102E-01       5.38181E-06       5.26106E-06
       6.85000E-06       6.87500E-06       6.86250E-06       2.50001E-08       1.96776E-08       7.87102E-01       5.40149E-06       5.28073E-06
       6.87500E-06       6.90000E-06       6.88750E-06       2.50001E-08       1.96776E-08       7.87102E-01       5.42116E-06       5.30041E-06
       6.90000E-06       6.92500E-06       6.91250E-06       2.50001E-08       1.96776E-08       7.87102E-01       5.44084E-06       5.32009E-06
       6.92500E-06       6.95000E-06       6.93750E-06       2.49996E-08       1.96776E-08       7.87117E-01       5.46062E-06       5.33977E-06
       6.95000E-06       6.97500E-06       6.96250E-06       2.50001E-08       1.96776E-08       7.87102E-01       5.48020E-06       5.35945E-06
       6.97500E-06       7.00000E-06       6.98750E-06       2.50001E-08       1.96776E-08       7.87102E-01       5.49987E-06       5.37912E-06
       7.00000E-06       7.02500E-06       7.01250E-06       2.50001E-08       1.96776E-08       7.87102E-01       5.51955E-06       5.39880E-06
       7.02500E-06       7.05000E-06       7.03750E-06       2.50001E-08       1.96776E-08       7.87102E-01       5.53923E-06       5.41848E-06
       7.05000E-06       7.07500E-06       7.06250E-06       2.49996E-08       1.96776E-08       7.87117E-01       5.55901E-06       5.43816E-06
       7.07500E-06       7.10000E-06       7.08750E-06       2.50001E-08       1.96776E-08       7.87102E-01       5.57858E-06       5.45784E-06
       7.10000E-06       7.12500E-06       7.11250E-06       2.50001E-08       1.96776E-08       7.87102E-01       5.59826E-06       5.47751E-06
       7.12500E-06       7.15000E-06       7.13750E-06       2.50001E-08       1.96776E-08       7.87102E-01       5.61794E-06       5.49719E-06
       7.15000E-06       7.17500E-06       7.16250E-06       2.50001E-08       1.96776E-08       7.87102E-01       5.63762E-06       5.51687E-06
       7.17500E-06       7.20000E-06       7.18750E-06       2.49996E-08       1.96776E-08       7.87117E-01       5.65740E-06       5.53655E-06
       7.20000E-06       7.22500E-06       7.21250E-06       2.50001E-08       1.96776E-08       7.87102E-01       5.67697E-06       5.55622E-06
       7.22500E-06       7.25000E-06       7.23750E-06       2.50001E-08       1.96776E-08       7.87102E-01       5.69665E-06       5.57590E-06
       7.25000E-06       7.27500E-06       7.26250E-06       2.50001E-08       1.96776E-08       7.87102E-01       5.71633E-06       5.59558E-06
       7.27500E-06       7.30000E-06       7.28750E-06       2.50001E-08       1.96776E-08       7.87102E-01       5.73600E-06       5.61526E-06
       7.30000E-06       7.32500E-06       7.31250E-06       2.49996E-08       1.96776E-08       7.87117E-01       5.75579E-06       5.63494E-06
       7.32500E-06       7.35000E-06       7.33750E-06       2.50001E-08       1.96776E-08       7.87102E-01       5.77536E-06       5.65461E-06
       7.35000E-06       7.37500E-06       7.36250E-06       2.50001E-08       1.96776E-08       7.87102E-01       5.79504E-06       5.67429E-06
       7.37500E-06       7.40000E-06       7.38750E-06       2.50001E-08       1.96776E-08       7.87102E-01       5.81471E-06       5.69397E-06
       7.40000E-06       7.42500E-06       7.41250E-06       2.50001E-08       1.96776E-08       7.87102E-01       5.83439E-06       5.71365E-06
       7.42500E-06       7.45000E-06       7.43750E-06       2.49996E-08       1.96776E-08       7.87117E-01       5.85418E-06       5.73332E-06
       7.45000E-06       7.47500E-06       7.46250E-06       2.50001E-08       1.96776E-08       7.87102E-01       5.87375E-06       5.75300E-06
       7.47500E-06       7.50000E-06       7.48750E-06       2.50001E-08       1.96776E-08       7.87102E-01       5.89342E-06       5.77268E-06
       7.50000E-06       7.52500E-06       7.51250E-06       2.50001E-08       1.96776E-08       7.87102E-01       5.91310E-06       5.79236E-06
       7.52500E-06       7.55000E-06       7.53750E-06       2.50001E-08       1.96776E-08       7.87102E-01       5.93278E-06       5.81204E-06
       7.55000E-06       7.57500E-06       7.56250E-06       2.49996E-08       1.96776E-08       7.87117E-01       5.95257E-06       5.83171E-06
       7.57500E-06       7.60000E-06       7.58750E-06       2.50001E-08       1.96776E-08       7.87102E-01       5.97213E-06       5.85139E-06
       7.60000E-06       7.62500E-06       7.61250E-06       2.50001E-08       1.96776E-08       7.87102E-01       5.99181E-06       5.87107E-06
       7.62500E-06       7.65000E-06       7.63750E-06       2.50001E-08       1.96776E-08       7.87102E-01       6.01149E-06       5.89075E-06
       7.65000E-06       7.67500E-06       7.66250E-06       2.50001E-08       1.96776E-08       7.87102E-01       6.03117E-06       5.91043E-06
       7.67500E-06       7.70000E-06       7.68750E-06       2.49996E-08       1.96776E-08       7.87117E-01       6.05096E-06       5.93010E-06
       7.70000E-06       7.72500E-06       7.71250E-06       2.50001E-08       1.96776E-08       7.87102E-01       6.07052E-06       5.94978E-06
       7.72500E-06       7.75000E-06       7.73750E-06       2.50001E-08       1.96776E-08       7.87102E-01       6.09020E-06       5.96946E-06
       7.75000E-06       7.77500E-06       7.76250E-06       2.50001E-08       1.96776E-08       7.87102E-01       6.10988E-06       5.98914E-06
       7.77500E-06       7.80000E-06       7.78750E-06       2.50001E-08       1.96776E-08       7.87102E-01       6.12955E-06       6.00881E-06
       7.80000E-06       7.82500E-06       7.81250E-06       2.49996E-08       1.96776E-08       7.87117E-01       6.14935E-06       6.02849E-06
       7.82500E-06       7.85000E-06       7.83750E-06       2.50001E-08       1.96776E-08       7.87102E-01       6.16891E-06       6.04817E-06
       7.85000E-06       7.87500E-06       7.86250E-06       2.50001E-08       1.96776E-08       7.87102E-01       6.18859E-06       6.06785E-06
       7.87500E-06       7.90000E-06       7.88750E-06       2.50001E-08       1.96776E-08       7.87102E-01       6.20826E-06       6.08753E-06
       7.90000E-06       7.92500E-06       7.91250E-06       2.50001E-08       1.96776E-08       7.87102E-01       6.22794E-06       6.10720E-06
       7.92500E-06       7.95000E-06       7.93750E-06       2.49996E-08       1.96776E-08       7.87117E-01       6.24774E-06       6.12688E-06
       7.95000E-06       7.97500E-06       7.96250E-06       2.50001E-08       1.96776E-08       7.87102E-01       6.26730E-06       6.14656E-06
       7.97500E-06       8.00000E-06       7.98750E-06       2.50001E-08       1.96776E-08       7.87102E-01       6.28697E-06       6.16624E-06
       8.00000E-06       8.02500E-06       8.01250E-06       2.49996E-08       1.96776E-08       7.87117E-01       6.30677E-06       6.18592E-06
       8.02500E-06       8.05000E-06       8.03750E-06       2.50006E-08       1.96776E-08       7.87087E-01       6.32621E-06       6.20559E-06
       8.05000E-06       8.07500E-06       8.06250E-06       2.49996E-08       1.96776E-08       7.87117E-01       6.34613E-06       6.22527E-06
       8.07500E-06       8.10000E-06       8.08750E-06       2.50006E-08       1.96776E-08       7.87087E-01       6.36556E-06       6.24495E-06
       8.10000E-06       8.12500E-06       8.11250E-06       2.49996E-08       1.96776E-08       7.87117E-01       6.38548E-06       6.26463E-06
       8.12500E-06       8.15000E-06       8.13750E-06       2.49996E-08       1.96776E-08       7.87117E-01       6.40516E-06       6.28430E-06
       8.15000E-06       8.17500E-06       8.16250E-06       2.50006E-08       1.96776E-08       7.87087E-01       6.42460E-06       6.30398E-06
       8.17500E-06       8.20000E-06       8.18750E-06       2.49996E-08       1.96776E-08       7.87117E-01       6.44452E-06       6.32366E-06
       8.20000E-06       8.22500E-06       8.21250E-06       2.50006E-08       1.96776E-08       7.87087E-01       6.46395E-06       6.34334E-06
       8.22500E-06       8.25000E-06       8.23750E-06       2.49996E-08       1.96776E-08       7.87117E-01       6.48387E-06       6.36302E-06
       8.25000E-06       8.27500E-06       8.26250E-06       2.49996E-08       1.96776E-08       7.87117E-01       6.50355E-06       6.38269E-06
       8.27500E-06       8.30000E-06       8.28750E-06       2.50006E-08       1.96776E-08       7.87087E-01       6.52298E-06       6.40237E-06
       8.30000E-06       8.32500E-06       8.31250E-06       2.49996E-08       1.96776E-08       7.87117E-01       6.54291E-06       6.42205E-06
       8.32500E-06       8.35000E-06       8.33750E-06       2.50006E-08       1.96776E-08       7.87087E-01       6.56233E-06       6.44173E-06
       8.35000E-06       8.37500E-06       8.36250E-06       2.49996E-08       1.96776E-08       7.87117E-01       6.58226E-06       6.46140E-06
       8.37500E-06       8.40000E-06       8.38750E-06       2.49996E-08       1.96776E-08       7.87117E-01       6.60194E-06       6.48108E-06
       8.40000E-06       8.42500E-06       8.41250E-06       2.50006E-08       1.96776E-08       7.87087E-01       6.62137E-06       6.50076E-06
       8.42500E-06       8.45000E-06       8.43750E-06       2.49996E-08       1.96776E-08       7.87117E-01       6.64130E-06       6.52044E-06
       8.45000E-06       8.47500E-06       8.46250E-06       2.50006E-08       1.96776E-08       7.87087E-01       6.66072E-06       6.54012E-06
       8.47500E-06       8.50000E-06       8.48750E-06       2.49996E-08       1.96776E-08       7.87117E-01       6.68065E-06       6.55979E-06
       8.50000E-06       8.52500E-06       8.51250E-06       2.49996E-08       1.96776E-08       7.87117E-01       6.70033E-06       6.57947E-06
       8.52500E-06       8.55000E-06       8.53750E-06       2.50006E-08       1.96776E-08       7.87087E-01       6.71975E-06       6.59915E-06
       8.55000E-06       8.57500E-06       8.56250E-06       2.49996E-08       1.96776E-08       7.87117E-01       6.73969E-06       6.61883E-06
       8.57500E-06       8.60000E-06       8.58750E-06       2.50006E-08       1.96776E-08       7.87087E-01       6.75911E-06       6.63851E-06
       8.60000E-06       8.62500E-06       8.61250E-06       2.49996E-08       1.96776E-08       7.87117E-01       6.77904E-06       6.65818E-06
       8.62500E-06       8.65000E-06       8.63750E-06       2.49996E-08       1.96776E-08       7.87117E-01       6.79872E-06       6.67786E-06
       8.65000E-06       8.67500E-06       8.66250E-06       2.50006E-08       1.96776E-08       7.87087E-01       6.81814E-06       6.69754E-06
       8.67500E-06       8.70000E-06       8.68750E-06       2.49996E-08       1.96776E-08       7.87117E-01       6.83808E-06       6.71722E-06
       8.70000E-06       8.72500E-06       8.71250E-06       2.50006E-08       1.96776E-08       7.87087E-01       6.85749E-06       6.73689E-06
       8.72500E-06       8.75000E-06       8.73750E-06       2.49996E-08       1.96776E-08       7.87117E-01       6.87743E-06       6.75657E-06
       8.75000E-06       8.77500E-06       8.76250E-06       2.49996E-08       1.96776E-08       7.87117E-01       6.89711E-06       6.77625E-06
       8.77500E-06       8.80000E-06       8.78750E-06       2.50006E-08       1.96776E-08       7.87087E-01       6.91652E-06       6.79593E-06
       8.80000E-06       8.82500E-06       8.81250E-06       2.49996E-08       1.96776E-08       7.87117E-01       6.93647E-06       6.81561E-06
       8.82500E-06       8.85000E-06       8.83750E-06       2.50006E-08       1.96776E-08       7.87087E-01       6.95588E-06       6.83528E-06
       8.85000E-06       8.87500E-06       8.86250E-06       2.49996E-08       1.96776E-08       7.87117E-01       6.97582E-06       6.85496E-06
       8.87500E-06       8.90000E-06       8.88750E-06       2.49996E-08       1.96776E-08       7.87117E-01       6.99550E-06       6.87464E-06
       8.90000E-06       8.92500E-06       8.91250E-06       2.50006E-08       1.96776E-08       7.87087E-01       7.01491E-06       6.89432E-06
       8.92500E-06       8.95000E-06       8.93750E-06       2.49996E-08       1.96776E-08       7.87117E-01       7.03486E-06       6.91399E-06
       8.95000E-06       8.97500E-06       8.96250E-06       2.50006E-08       1.96776E-08       7.87087E-01       7.05426E-06       6.93367E-06
       8.97500E-06       9.00000E-06       8.98750E-06       2.49996E-08       1.96776E-08       7.87117E-01       7.07421E-06       6.95335E-06
       9.00000E-06       9.02500E-06       9.01250E-06       2.49996E-08       1.96776E-08       7.87117E-01       7.09389E-06       6.97303E-06
       9.02500E-06       9.05000E-06       9.03750E-06       2.50006E-08       1.96776E-08       7.87087E-01       7.11330E-06       6.99271E-06
       9.05000E-06       9.07500E-06       9.06250E-06       2.49996E-08       1.96776E-08       7.87117E-01       7.13325E-06       7.01238E-06
       9.07500E-06       9.10000E-06       9.08750E-06       2.50006E-08       1.96776E-08       7.87087E-01       7.15265E-06       7.03206E-06
       9.10000E-06       9.12500E-06       9.11250E-06       2.49996E-08       1.96776E-08       7.87117E-01       7.17260E-06       7.05174E-06
       9.12500E-06       9.15000E-06       9.13750E-06       2.49996E-08       1.96776E-08       7.87117E-01       7.19228E-06       7.07142E-06
       9.15000E-06       9.17500E-06       9.16250E-06       2.50006E-08       1.96776E-08       7.87087E-01       7.21168E-06       7.09110E-06
       9.17500E-06       9.20000E-06       9.18750E-06       2.49996E-08       1.96776E-08       7.87117E-01       7.23163E-06       7.11077E-06
       9.20000E-06       9.22500E-06       9.21250E-06       2.50006E-08       1.96776E-08       7.87087E-01       7.25104E-06       7.13045E-06
       9.22500E-06       9.25000E-06       9.23750E-06       2.49996E-08       1.96776E-08       7.87117E-01       7.27099E-06       7.15013E-06
       9.25000E-06       9.27500E-06       9.26250E-06       2.49996E-08       1.96776E-08       7.87117E-01       7.29067E-06       7.16981E-06
       9.27500E-06       9.30000E-06       9.28750E-06       2.50006E-08       1.96776E-08       7.87087E-01       7.31007E-06       7.18948E-06
       9.30000E-06       9.32500E-06       9.31250E-06       2.49996E-08       1.96776E-08       7.87117E-01       7.33002E-06       7.20916E-06
       9.32500E-06       9.35000E-06       9.33750E-06       2.50006E-08       1.96776E-08       7.87087E-01       7.34942E-06       7.22884E-06
       9.35000E-06       9.37500E-06       9.36250E-06       2.49996E-08       1.96776E-08       7.87117E-01       7.36938E-06       7.24852E-06
       9.37500E-06       9.40000E-06       9.38750E-06       2.49996E-08       1.96776E-08       7.87117E-01       7.38906E-06       7.26820E-06
       9.40000E-06       9.42500E-06       9.41250E-06       2.50006E-08       1.96776E-08       7.87087E-01       7.40845E-06       7.28787E-06
       9.42500E-06       9.45000E-06       9.43750E-06       2.49996E-08       1.96776E-08       7.87117E-01       7.42841E-06       7.30755E-06
       9.45000E-06       9.47500E-06       9.46250E-06       2.50006E-08       1.96776E-08       7.87087E-01       7.44781E-06       7.32723E-06
       9.47500E-06       9.50000E-06       9.48750E-06       2.49996E-08       1.96776E-08       7.87117E-01       7.46777E-06       7.34691E-06
       9.50000E-06       9.52500E-06       9.51250E-06       2.49996E-08       1.96776E-08       7.87117E-01       7.48745E-06       7.36658E-06
       9.52500E-06       9.55000E-06       9.53750E-06       2.50006E-08       1.96776E-08       7.87087E-01       7.50684E-06       7.38626E-06
       9.55000E-06       9.57500E-06       9.56250E-06       2.49996E-08       1.96776E-08       7.87117E-01       7.52680E-06       7.40594E-06
       9.57500E-06       9.60000E-06       9.58750E-06       2.50006E-08       1.96776E-08       7.87087E-01       7.54619E-06       7.42562E-06
       9.60000E-06       9.62500E-06       9.61250E-06       2.49996E-08       1.96776E-08       7.87117E-01       7.56616E-06       7.44530E-06
       9.62500E-06       9.65000E-06       9.63750E-06       2.49996E-08       1.96776E-08       7.87117E-01       7.58584E-06       7.46497E-06
       9.65000E-06       9.67500E-06       9.66250E-06       2.50006E-08       1.96776E-08       7.87087E-01       7.60522E-06       7.48465E-06
       9.67500E-06       9.70000E-06       9.68750E-06       2.49996E-08       1.96776E-08       7.87117E-01       7.62519E-06       7.50433E-06
       9.70000E-06       9.72500E-06       9.71250E-06       2.50006E-08       1.96776E-08       7.87087E-01       7.64458E-06       7.52401E-06
       9.72500E-06       9.75000E-06       9.73750E-06       2.49996E-08       1.96776E-08       7.87117E-01       7.66455E-06       7.54369E-06
       9.75000E-06       9.77500E-06       9.76250E-06       2.49996E-08       1.96776E-08       7.87117E-01       7.68423E-06       7.56336E-06
       9.77500E-06       9.80000E-06       9.78750E-06       2.50006E-08       1.96776E-08       7.87087E-01       7.70361E-06       7.58304E-06
       9.80000E-06       9.82500E-06       9.81250E-06       2.49996E-08       1.96776E-08       7.87117E-01       7.72358E-06       7.60272E-06
       9.82500E-06       9.85000E-06       9.83750E-06       2.50006E-08       1.96776E-08       7.87087E-01       7.74296E-06       7.62240E-06
       9.85000E-06       9.87500E-06       9.86250E-06       2.49996E-08       1.96776E-08       7.87117E-01       7.76294E-06       7.64207E-06
       9.87500E-06       9.90000E-06       9.88750E-06       2.49996E-08       1.96776E-08       7.87117E-01       7.78262E-06       7.66175E-06
       9.90000E-06       9.92500E-06       9.91250E-06       2.50006E-08       1.96776E-08       7.87087E-01       7.80200E-06       7.68143E-06
       9.92500E-06       9.95000E-06       9.93750E-06       2.49996E-08       1.96776E-08       7.87117E-01       7.82197E-06       7.70111E-06
       9.95000E-06       9.97500E-06       9.96250E-06       2.50006E-08       1.96776E-08       7.87087E-01       7.84135E-06       7.72079E-06
       9.97500E-06       1.00000E-05       9.98750E-06       2.49996E-08       1.96776E-08       7.87117E-01       7.86133E-06       7.74046E-06
       1.00000E-05       1.04713E-05       1.02356E-05       4.71300E-07       3.70957E-07       7.87092E-01       8.05640E-06       8.11142E-06
       1.04713E-05       1.09648E-05       1.07180E-05       4.93500E-07       3.88432E-07       7.87096E-01       8.43613E-06       8.49985E-06
       1.09648E-05       1.14815E-05       1.12232E-05       5.16700E-07       4.06748E-07       7.87205E-01       8.83492E-06       8.90660E-06
       1.14815E-05       1.20226E-05       1.17521E-05       5.41101E-07       4.25907E-07       7.87112E-01       9.25019E-06       9.33251E-06
       1.20226E-05       1.25892E-05       1.23059E-05       5.66600E-07       4.45990E-07       7.87133E-01       9.68638E-06       9.77850E-06
       1.25892E-05       1.31826E-05       1.28859E-05       5.93400E-07       4.67008E-07       7.87004E-01       1.01413E-05       1.02455E-05
       1.31826E-05       1.38038E-05       1.34932E-05       6.21200E-07       4.89009E-07       7.87202E-01       1.06219E-05       1.07345E-05
       1.38038E-05       1.44544E-05       1.41291E-05       6.50600E-07       5.12064E-07       7.87064E-01       1.11205E-05       1.12466E-05
       1.44544E-05       1.51356E-05       1.47950E-05       6.81200E-07       5.36190E-07       7.87126E-01       1.16455E-05       1.17828E-05
       1.51356E-05       1.58489E-05       1.54922E-05       7.13300E-07       5.61464E-07       7.87136E-01       1.21945E-05       1.23442E-05
       1.58489E-05       1.65959E-05       1.62224E-05       7.47000E-07       5.87927E-07       7.87051E-01       1.27679E-05       1.29322E-05
       1.65959E-05       1.73780E-05       1.69869E-05       7.82101E-07       6.15661E-07       7.87189E-01       1.33719E-05       1.35478E-05
       1.73780E-05       1.81970E-05       1.77875E-05       8.19000E-07       6.44620E-07       7.87081E-01       1.40002E-05       1.41924E-05
       1.81970E-05       1.90546E-05       1.86258E-05       8.57599E-07       6.75050E-07       7.87139E-01       1.46611E-05       1.48675E-05
       1.90546E-05       1.99526E-05       1.95036E-05       8.98001E-07       7.06833E-07       7.87119E-01       1.53517E-05       1.55743E-05
       1.99526E-05       2.08930E-05       2.04228E-05       9.40399E-07       7.40147E-07       7.87057E-01       1.60739E-05       1.63145E-05
       2.08930E-05       2.18776E-05       2.13853E-05       9.84600E-07       7.75051E-07       7.87173E-01       1.68339E-05       1.70895E-05
       2.18776E-05       2.29087E-05       2.23932E-05       1.03110E-06       8.11543E-07       7.87064E-01       1.76248E-05       1.79011E-05
       2.29087E-05       2.39883E-05       2.34485E-05       1.07960E-06       8.49801E-07       7.87145E-01       1.84574E-05       1.87509E-05
       2.39883E-05       2.51189E-05       2.45536E-05       1.13060E-06       8.89884E-07       7.87090E-01       1.93259E-05       1.96408E-05
       2.51189E-05       2.63027E-05       2.57108E-05       1.18380E-06       9.31791E-07       7.87119E-01       2.02375E-05       2.05725E-05
       2.63027E-05       2.75423E-05       2.69225E-05       1.23960E-06       9.75700E-07       7.87109E-01       2.11909E-05       2.15482E-05
       2.75423E-05       2.88403E-05       2.81913E-05       1.29800E-06       1.02173E-06       7.87155E-01       2.21909E-05       2.25700E-05
       2.88403E-05       3.01995E-05       2.95199E-05       1.35920E-06       1.06987E-06       7.87135E-01       2.32361E-05       2.36398E-05
       3.01995E-05       3.16228E-05       3.09111E-05       1.42330E-06       1.12026E-06       7.87083E-01       2.43296E-05       2.47601E-05
       3.16228E-05       3.31131E-05       3.23679E-05       1.49030E-06       1.17305E-06       7.87127E-01       2.54777E-05       2.59332E-05
       3.31131E-05       3.46737E-05       3.38934E-05       1.56060E-06       1.22838E-06       7.87120E-01       2.66782E-05       2.71615E-05
       3.46737E-05       3.63078E-05       3.54907E-05       1.63410E-06       1.28624E-06       7.87122E-01       2.79356E-05       2.84478E-05
       3.63078E-05       3.80189E-05       3.71634E-05       1.71110E-06       1.34686E-06       7.87132E-01       2.92525E-05       2.97946E-05
       3.80189E-05       3.98107E-05       3.89148E-05       1.79180E-06       1.41031E-06       7.87093E-01       3.06296E-05       3.12049E-05
       3.98107E-05       4.16869E-05       4.07488E-05       1.87620E-06       1.47682E-06       7.87134E-01       3.20748E-05       3.26818E-05
       4.16869E-05       4.36516E-05       4.26692E-05       1.96470E-06       1.54639E-06       7.87089E-01       3.35845E-05       3.42282E-05
       4.36516E-05       4.57088E-05       4.46802E-05       2.05720E-06       1.61926E-06       7.87118E-01       3.51686E-05       3.58474E-05
       4.57088E-05       4.78630E-05       4.67859E-05       2.15420E-06       1.69560E-06       7.87114E-01       3.68258E-05       3.75430E-05
       4.78630E-05       5.01187E-05       4.89908E-05       2.25570E-06       1.77553E-06       7.87131E-01       3.85622E-05       3.93185E-05
       5.01187E-05       5.24808E-05       5.12998E-05       2.36210E-06       1.85917E-06       7.87082E-01       4.03771E-05       4.11777E-05
       5.24808E-05       5.49541E-05       5.37174E-05       2.47330E-06       1.94681E-06       7.87130E-01       4.22826E-05       4.31245E-05
       5.49541E-05       5.75440E-05       5.62490E-05       2.58990E-06       2.03857E-06       7.87124E-01       4.42749E-05       4.51631E-05
       5.75440E-05       6.02560E-05       5.89000E-05       2.71200E-06       2.13463E-06       7.87104E-01       4.63604E-05       4.72977E-05
       6.02560E-05       6.30957E-05       6.16758E-05       2.83970E-06       2.23522E-06       7.87131E-01       4.85470E-05       4.95329E-05
       6.30957E-05       6.60693E-05       6.45825E-05       2.97360E-06       2.34057E-06       7.87118E-01       5.08340E-05       5.18735E-05
       6.60693E-05       6.91831E-05       6.76262E-05       3.11380E-06       2.45087E-06       7.87101E-01       5.32286E-05       5.43244E-05
       6.91831E-05       7.24436E-05       7.08134E-05       3.26051E-06       2.56641E-06       7.87121E-01       5.57387E-05       5.68908E-05
       7.24436E-05       7.58578E-05       7.41507E-05       3.41420E-06       2.68731E-06       7.87098E-01       5.83638E-05       5.95781E-05
       7.58578E-05       7.94328E-05       7.76453E-05       3.57500E-06       2.81397E-06       7.87126E-01       6.11166E-05       6.23921E-05
       7.94328E-05       8.31764E-05       8.13046E-05       3.74360E-06       2.94658E-06       7.87098E-01       6.39947E-05       6.53387E-05
       8.31764E-05       8.70964E-05       8.51364E-05       3.92000E-06       3.08549E-06       7.87115E-01       6.70121E-05       6.84241E-05
       8.70964E-05       9.12011E-05       8.91488E-05       4.10471E-06       3.23087E-06       7.87113E-01       7.01702E-05       7.16550E-05
       9.12011E-05       9.54993E-05       9.33502E-05       4.29820E-06       3.38314E-06       7.87106E-01       7.34765E-05       7.50382E-05
       9.54993E-05       1.00000E-04       9.77497E-05       4.50070E-06       3.54258E-06       7.87118E-01       7.69405E-05       7.85807E-05
       1.00000E-04       1.04713E-04       1.02356E-04       4.71300E-06       3.70957E-06       7.87093E-01       8.05640E-05       8.22903E-05
       1.04713E-04       1.09648E-04       1.07181E-04       4.93501E-06       3.88432E-06       7.87095E-01       8.43612E-05       8.61746E-05
       1.09648E-04       1.14815E-04       1.12232E-04       5.16700E-06       4.06748E-06       7.87204E-01       8.83491E-05       9.02421E-05
       1.14815E-04       1.20226E-04       1.17520E-04       5.41100E-06       4.25907E-06       7.87114E-01       9.25020E-05       9.45012E-05
       1.20226E-04       1.25892E-04       1.23059E-04       5.66600E-06       4.45990E-06       7.87133E-01       9.68638E-05       9.89611E-05
       1.25892E-04       1.31826E-04       1.28859E-04       5.93401E-06       4.67008E-06       7.87003E-01       1.01412E-04       1.03631E-04
       1.31826E-04       1.38038E-04       1.34932E-04       6.21199E-06       4.89009E-06       7.87202E-01       1.06219E-04       1.08521E-04
       1.38038E-04       1.44544E-04       1.41291E-04       6.50601E-06       5.12064E-06       7.87063E-01       1.11205E-04       1.13642E-04
       1.44544E-04       1.51356E-04       1.47950E-04       6.81200E-06       5.36190E-06       7.87127E-01       1.16455E-04       1.19004E-04
       1.51356E-04       1.58489E-04       1.54922E-04       7.13300E-06       5.61464E-06       7.87137E-01       1.21945E-04       1.24618E-04
       1.58489E-04       1.65959E-04       1.62224E-04       7.47000E-06       5.87927E-06       7.87051E-01       1.27679E-04       1.30498E-04
       1.65959E-04       1.73780E-04       1.69870E-04       7.82100E-06       6.15632E-06       7.87152E-01       1.33713E-04       1.36654E-04
       1.73780E-04       1.81970E-04       1.77875E-04       8.19000E-06       6.44649E-06       7.87117E-01       1.40008E-04       1.43101E-04
       1.81970E-04       1.90546E-04       1.86258E-04       8.57600E-06       6.75032E-06       7.87117E-01       1.46607E-04       1.49851E-04
       1.90546E-04       1.99526E-04       1.95036E-04       8.98000E-06       7.06839E-06       7.87126E-01       1.53518E-04       1.56919E-04
       1.99526E-04       2.08930E-04       2.04228E-04       9.40399E-06       7.40153E-06       7.87063E-01       1.60740E-04       1.64321E-04
       2.08930E-04       2.18776E-04       2.13853E-04       9.84601E-06       7.75039E-06       7.87160E-01       1.68337E-04       1.72071E-04
       2.18776E-04       2.29087E-04       2.23932E-04       1.03110E-05       8.11560E-06       7.87082E-01       1.76252E-04       1.80187E-04
       2.29087E-04       2.39883E-04       2.34485E-04       1.07960E-05       8.49807E-06       7.87150E-01       1.84575E-04       1.88685E-04
       2.39883E-04       2.51189E-04       2.45536E-04       1.13060E-05       8.89854E-06       7.87064E-01       1.93252E-04       1.97583E-04
       2.51189E-04       2.63027E-04       2.57108E-04       1.18380E-05       9.31803E-06       7.87128E-01       2.02377E-04       2.06901E-04
       2.63027E-04       2.75423E-04       2.69225E-04       1.23960E-05       9.75717E-06       7.87123E-01       2.11913E-04       2.16659E-04
       2.75423E-04       2.88403E-04       2.81913E-04       1.29800E-05       1.02170E-05       7.87132E-01       2.21903E-04       2.26876E-04
       2.88403E-04       3.01995E-04       2.95199E-04       1.35920E-05       1.06984E-05       7.87114E-01       2.32355E-04       2.37574E-04
       3.01995E-04       3.16228E-04       3.09111E-04       1.42330E-05       1.12027E-05       7.87092E-01       2.43299E-04       2.48777E-04
       3.16228E-04       3.31131E-04       3.23680E-04       1.49030E-05       1.17306E-05       7.87128E-01       2.54777E-04       2.60507E-04
       3.31131E-04       3.46737E-04       3.38934E-04       1.56060E-05       1.22836E-05       7.87106E-01       2.66777E-04       2.72791E-04
       3.46737E-04       3.63078E-04       3.54908E-04       1.63410E-05       1.28624E-05       7.87123E-01       2.79356E-04       2.85653E-04
       3.63078E-04       3.80189E-04       3.71634E-04       1.71110E-05       1.34686E-05       7.87129E-01       2.92524E-04       2.99122E-04
       3.80189E-04       3.98107E-04       3.89148E-04       1.79180E-05       1.41034E-05       7.87105E-01       3.06300E-04       3.13225E-04
       3.98107E-04       4.16869E-04       4.07488E-04       1.87620E-05       1.47680E-05       7.87122E-01       3.20743E-04       3.27993E-04
       4.16869E-04       4.36516E-04       4.26692E-04       1.96470E-05       1.54640E-05       7.87091E-01       3.35846E-04       3.43457E-04
       4.36516E-04       4.57088E-04       4.46802E-04       2.05720E-05       1.61928E-05       7.87129E-01       3.51691E-04       3.59650E-04
       4.57088E-04       4.78630E-04       4.67859E-04       2.15420E-05       1.69559E-05       7.87111E-01       3.68257E-04       3.76606E-04
       4.78630E-04       5.01187E-04       4.89909E-04       2.25570E-05       1.77550E-05       7.87117E-01       3.85615E-04       3.94361E-04
       5.01187E-04       5.24808E-04       5.12998E-04       2.36210E-05       1.85919E-05       7.87091E-01       4.03776E-04       4.12953E-04
       5.24808E-04       5.49541E-04       5.37175E-04       2.47330E-05       1.94680E-05       7.87126E-01       4.22824E-04       4.32421E-04
       5.49541E-04       5.75440E-04       5.62491E-04       2.58990E-05       2.03855E-05       7.87114E-01       4.42744E-04       4.52806E-04
       5.75440E-04       6.02560E-04       5.89000E-04       2.71200E-05       2.13463E-05       7.87106E-01       4.63606E-04       4.74152E-04
       6.02560E-04       6.30957E-04       6.16758E-04       2.83970E-05       2.23522E-05       7.87134E-01       4.85471E-04       4.96505E-04
       6.30957E-04       6.60693E-04       6.45825E-04       2.97360E-05       2.34057E-05       7.87117E-01       5.08340E-04       5.19910E-04
       6.60693E-04       6.91831E-04       6.76262E-04       3.11380E-05       2.45089E-05       7.87104E-01       5.32289E-04       5.44419E-04
       6.91831E-04       7.24436E-04       7.08133E-04       3.26050E-05       2.56638E-05       7.87114E-01       5.57382E-04       5.70083E-04
       7.24436E-04       7.58578E-04       7.41507E-04       3.41420E-05       2.68733E-05       7.87104E-01       5.83643E-04       5.96956E-04
       7.58578E-04       7.94328E-04       7.76453E-04       3.57500E-05       2.81398E-05       7.87127E-01       6.11167E-04       6.25096E-04
       7.94328E-04       8.31764E-04       8.13046E-04       3.74360E-05       2.94661E-05       7.87107E-01       6.39954E-04       6.54562E-04
       8.31764E-04       8.70964E-04       8.51364E-04       3.92000E-05       3.08547E-05       7.87109E-01       6.70117E-04       6.85417E-04
       8.70964E-04       9.12011E-04       8.91487E-04       4.10470E-05       3.23089E-05       7.87119E-01       7.01707E-04       7.17726E-04
       9.12011E-04       9.54993E-04       9.33502E-04       4.29820E-05       3.38316E-05       7.87111E-01       7.34769E-04       7.51557E-04
       9.54993E-04       1.00000E-03       9.77497E-04       4.50070E-05       3.54260E-05       7.87121E-01       7.69408E-04       7.86983E-04
       1.00000E-03       1.04713E-03       1.02356E-03       4.71300E-05       3.70959E-05       7.87097E-01       8.05645E-04       8.24079E-04
       1.04713E-03       1.09648E-03       1.07180E-03       4.93500E-05       3.88433E-05       7.87098E-01       8.43616E-04       8.62923E-04
       1.09648E-03       1.14815E-03       1.12231E-03       5.16700E-05       4.06749E-05       7.87205E-01       8.83492E-04       9.03598E-04
       1.14815E-03       1.20226E-03       1.17520E-03       5.41100E-05       4.25908E-05       7.87115E-01       9.25021E-04       9.46188E-04
       1.20226E-03       1.25892E-03       1.23059E-03       5.66600E-05       4.45987E-05       7.87127E-01       9.68631E-04       9.90787E-04
       1.25892E-03       1.31826E-03       1.28859E-03       5.93400E-05       4.67011E-05       7.87009E-01       1.01413E-03       1.03749E-03
       1.31826E-03       1.38038E-03       1.34932E-03       6.21200E-05       4.89010E-05       7.87203E-01       1.06219E-03       1.08639E-03
       1.38038E-03       1.44544E-03       1.41291E-03       6.50599E-05       5.12065E-05       7.87066E-01       1.11205E-03       1.13760E-03
       1.44544E-03       1.51356E-03       1.47950E-03       6.81201E-05       5.36190E-05       7.87125E-01       1.16455E-03       1.19121E-03
       1.51356E-03       1.58489E-03       1.54923E-03       7.13300E-05       5.61464E-05       7.87137E-01       1.21945E-03       1.24736E-03
       1.58489E-03       1.65959E-03       1.62224E-03       7.47000E-05       5.87927E-05       7.87052E-01       1.27679E-03       1.30615E-03
       1.65959E-03       1.73780E-03       1.69870E-03       7.82101E-05       6.15632E-05       7.87152E-01       1.33713E-03       1.36772E-03
       1.73780E-03       1.81970E-03       1.77875E-03       8.18999E-05       6.44649E-05       7.87118E-01       1.40009E-03       1.43218E-03
       1.81970E-03       1.90546E-03       1.86258E-03       8.57600E-05       6.75032E-05       7.87118E-01       1.46607E-03       1.49969E-03
       1.90546E-03       1.99526E-03       1.95036E-03       8.98001E-05       7.06839E-05       7.87126E-01       1.53518E-03       1.57037E-03
       1.99526E-03       2.08930E-03       2.04228E-03       9.40400E-05       7.40153E-05       7.87062E-01       1.60740E-03       1.64438E-03
       2.08930E-03       2.18776E-03       2.13853E-03       9.84600E-05       7.75039E-05       7.87161E-01       1.68337E-03       1.72189E-03
       2.18776E-03       2.29087E-03       2.23932E-03       1.03110E-04       8.11561E-05       7.87081E-01       1.76252E-03       1.80304E-03
       2.29087E-03       2.39883E-03       2.34485E-03       1.07960E-04       8.49807E-05       7.87150E-01       1.84575E-03       1.88803E-03
       2.39883E-03       2.51189E-03       2.45536E-03       1.13060E-04       8.89854E-05       7.87065E-01       1.93253E-03       1.97701E-03
       2.51189E-03       2.63027E-03       2.57108E-03       1.18380E-04       9.31803E-05       7.87128E-01       2.02377E-03       2.07019E-03
       2.63027E-03       2.75423E-03       2.69225E-03       1.23960E-04       9.75717E-05       7.87123E-01       2.11913E-03       2.16776E-03
       2.75423E-03       2.88403E-03       2.81913E-03       1.29800E-04       1.02170E-04       7.87132E-01       2.21903E-03       2.26993E-03
       2.88403E-03       3.01995E-03       2.95199E-03       1.35920E-04       1.06984E-04       7.87113E-01       2.32355E-03       2.37692E-03
       3.01995E-03       3.16228E-03       3.09112E-03       1.42330E-04       1.12027E-04       7.87092E-01       2.43299E-03       2.48894E-03
       3.16228E-03       3.31131E-03       3.23679E-03       1.49030E-04       1.17306E-04       7.87129E-01       2.54777E-03       2.60625E-03
       3.31131E-03       3.46737E-03       3.38934E-03       1.56060E-04       1.22836E-04       7.87105E-01       2.66777E-03       2.72909E-03
       3.46737E-03       3.63078E-03       3.54907E-03       1.63410E-04       1.28624E-04       7.87124E-01       2.79356E-03       2.85771E-03
       3.63078E-03       3.80189E-03       3.71633E-03       1.71110E-04       1.34686E-04       7.87130E-01       2.92524E-03       2.99239E-03
       3.80189E-03       3.98107E-03       3.89148E-03       1.79180E-04       1.41034E-04       7.87105E-01       3.06300E-03       3.13343E-03
       3.98107E-03       4.16869E-03       4.07488E-03       1.87620E-04       1.47680E-04       7.87123E-01       3.20743E-03       3.28111E-03
       4.16869E-03       4.36516E-03       4.26693E-03       1.96470E-04       1.54640E-04       7.87091E-01       3.35846E-03       3.43575E-03
       4.36516E-03       4.57088E-03       4.46802E-03       2.05720E-04       1.61928E-04       7.87131E-01       3.51692E-03       3.59768E-03
       4.57088E-03       4.78630E-03       4.67859E-03       2.15420E-04       1.69559E-04       7.87111E-01       3.68257E-03       3.76724E-03
       4.78630E-03       5.01187E-03       4.89909E-03       2.25570E-04       1.77550E-04       7.87116E-01       3.85615E-03       3.94479E-03
       5.01187E-03       5.24807E-03       5.12997E-03       2.36200E-04       1.85919E-04       7.87124E-01       4.03792E-03       4.13070E-03
       5.24807E-03       5.49541E-03       5.37174E-03       2.47340E-04       1.94680E-04       7.87095E-01       4.22807E-03       4.32538E-03
       5.49541E-03       5.75440E-03       5.62491E-03       2.58990E-04       2.03855E-04       7.87114E-01       4.42744E-03       4.52924E-03
       5.75440E-03       6.02560E-03       5.89000E-03       2.71200E-04       2.13463E-04       7.87106E-01       4.63605E-03       4.74270E-03
       6.02560E-03       6.30957E-03       6.16759E-03       2.83970E-04       2.23522E-04       7.87134E-01       4.85471E-03       4.96622E-03
       6.30957E-03       6.60693E-03       6.45825E-03       2.97360E-04       2.34057E-04       7.87117E-01       5.08340E-03       5.20028E-03
       6.60693E-03       6.91831E-03       6.76262E-03       3.11380E-04       2.45089E-04       7.87105E-01       5.32289E-03       5.44537E-03
       6.91831E-03       7.24436E-03       7.08133E-03       3.26050E-04       2.56638E-04       7.87114E-01       5.57382E-03       5.70201E-03
       7.24436E-03       7.58578E-03       7.41507E-03       3.41420E-04       2.68733E-04       7.87105E-01       5.83644E-03       5.97074E-03
       7.58578E-03       7.94328E-03       7.76453E-03       3.57500E-04       2.81398E-04       7.87127E-01       6.11167E-03       6.25214E-03
       7.94328E-03       8.31764E-03       8.13046E-03       3.74360E-04       2.94661E-04       7.87106E-01       6.39954E-03       6.54680E-03
       8.31764E-03       8.70964E-03       8.51364E-03       3.92000E-04       3.08547E-04       7.87110E-01       6.70117E-03       6.85535E-03
       8.70964E-03       9.12011E-03       8.91487E-03       4.10471E-04       3.23089E-04       7.87117E-01       7.01705E-03       7.17844E-03
       9.12011E-03       9.54993E-03       9.33502E-03       4.29819E-04       3.38316E-04       7.87112E-01       7.34771E-03       7.51675E-03
       9.54993E-03       1.00000E-02       9.77496E-03       4.50070E-04       3.54260E-04       7.87120E-01       7.69407E-03       7.87101E-03
       1.00000E-02       1.04713E-02       1.02357E-02       4.71300E-04       3.70959E-04       7.87097E-01       8.05645E-03       8.24197E-03
       1.04713E-02       1.09648E-02       1.07180E-02       4.93500E-04       3.88433E-04       7.87098E-01       8.43616E-03       8.63040E-03
       1.09648E-02       1.14815E-02       1.12232E-02       5.16700E-04       4.06749E-04       7.87205E-01       8.83492E-03       9.03715E-03
       1.14815E-02       1.20226E-02       1.17521E-02       5.41100E-04       4.25908E-04       7.87115E-01       9.25021E-03       9.46306E-03
       1.20226E-02       1.25892E-02       1.23059E-02       5.66601E-04       4.45987E-04       7.87127E-01       9.68631E-03       9.90905E-03
       1.25892E-02       1.31826E-02       1.28859E-02       5.93399E-04       4.67011E-04       7.87009E-01       1.01413E-02       1.03761E-02
       1.31826E-02       1.38038E-02       1.34932E-02       6.21200E-04       4.89010E-04       7.87203E-01       1.06219E-02       1.08651E-02
       1.38038E-02       1.44544E-02       1.41291E-02       6.50601E-04       5.12065E-04       7.87065E-01       1.11205E-02       1.13771E-02
       1.44544E-02       1.51356E-02       1.47950E-02       6.81199E-04       5.36190E-04       7.87127E-01       1.16455E-02       1.19133E-02
       1.51356E-02       1.58489E-02       1.54923E-02       7.13301E-04       5.61464E-04       7.87135E-01       1.21945E-02       1.24748E-02
       1.58489E-02       1.65959E-02       1.62224E-02       7.47000E-04       5.87927E-04       7.87051E-01       1.27679E-02       1.30627E-02
       1.65959E-02       1.73780E-02       1.69870E-02       7.82100E-04       6.15632E-04       7.87153E-01       1.33713E-02       1.36783E-02
       1.73780E-02       1.81970E-02       1.77875E-02       8.19000E-04       6.44649E-04       7.87118E-01       1.40009E-02       1.43230E-02
       1.81970E-02       1.90546E-02       1.86258E-02       8.57600E-04       6.75032E-04       7.87118E-01       1.46607E-02       1.49980E-02
       1.90546E-02       1.99526E-02       1.95036E-02       8.98000E-04       7.06839E-04       7.87126E-01       1.53518E-02       1.57049E-02
       1.99526E-02       2.08930E-02       2.04228E-02       9.40400E-04       7.40153E-04       7.87062E-01       1.60740E-02       1.64450E-02
       2.08930E-02       2.18776E-02       2.13853E-02       9.84600E-04       7.75039E-04       7.87161E-01       1.68337E-02       1.72201E-02
       2.18776E-02       2.29087E-02       2.23931E-02       1.03110E-03       8.11560E-04       7.87083E-01       1.76253E-02       1.80316E-02
       2.29087E-02       2.39883E-02       2.34485E-02       1.07960E-03       8.49807E-04       7.87149E-01       1.84575E-02       1.88814E-02
       2.39883E-02       2.51189E-02       2.45536E-02       1.13060E-03       8.89854E-04       7.87064E-01       1.93253E-02       1.97713E-02
       2.51189E-02       2.63027E-02       2.57108E-02       1.18380E-03       9.31803E-04       7.87129E-01       2.02377E-02       2.07031E-02
       2.63027E-02       2.75423E-02       2.69225E-02       1.23960E-03       9.75717E-04       7.87122E-01       2.11913E-02       2.16788E-02
       2.75423E-02       2.88403E-02       2.81913E-02       1.29800E-03       1.02170E-03       7.87132E-01       2.21903E-02       2.27005E-02
       2.88403E-02       3.01995E-02       2.95199E-02       1.35920E-03       1.06984E-03       7.87113E-01       2.32355E-02       2.37703E-02
       3.01995E-02       3.16228E-02       3.09112E-02       1.42330E-03       1.12027E-03       7.87092E-01       2.43299E-02       2.48906E-02
       3.16228E-02       3.31131E-02       3.23680E-02       1.49030E-03       1.17306E-03       7.87129E-01       2.54777E-02       2.60637E-02
       3.31131E-02       3.46737E-02       3.38934E-02       1.56060E-03       1.22836E-03       7.87106E-01       2.66777E-02       2.72920E-02
       3.46737E-02       3.63078E-02       3.54908E-02       1.63410E-03       1.28624E-03       7.87122E-01       2.79356E-02       2.85783E-02
       3.63078E-02       3.80189E-02       3.71633E-02       1.71110E-03       1.34686E-03       7.87130E-01       2.92524E-02       2.99251E-02
       3.80189E-02       3.98107E-02       3.89148E-02       1.79180E-03       1.41034E-03       7.87105E-01       3.06300E-02       3.13355E-02
       3.98107E-02       4.16869E-02       4.07488E-02       1.87620E-03       1.47680E-03       7.87122E-01       3.20743E-02       3.28123E-02
       4.16869E-02       4.36516E-02       4.26693E-02       1.96470E-03       1.54640E-03       7.87090E-01       3.35846E-02       3.43587E-02
       4.36516E-02       4.57088E-02       4.46802E-02       2.05720E-03       1.61928E-03       7.87130E-01       3.51691E-02       3.59779E-02
       4.57088E-02       4.78630E-02       4.67859E-02       2.15420E-03       1.69559E-03       7.87111E-01       3.68257E-02       3.76735E-02
       4.78630E-02       5.01187E-02       4.89908E-02       2.25570E-03       1.77550E-03       7.87117E-01       3.85616E-02       3.94490E-02
       5.01187E-02       5.24808E-02       5.12998E-02       2.36210E-03       1.85919E-03       7.87090E-01       4.03775E-02       4.13082E-02
       5.24808E-02       5.49541E-02       5.37174E-02       2.47330E-03       1.94680E-03       7.87127E-01       4.22825E-02       4.32550E-02
       5.49541E-02       5.75440E-02       5.62491E-02       2.58990E-03       2.03855E-03       7.87114E-01       4.42744E-02       4.52936E-02
       5.75440E-02       6.02560E-02       5.89000E-02       2.71200E-03       2.13463E-03       7.87106E-01       4.63606E-02       4.74282E-02
       6.02560E-02       6.30957E-02       6.16758E-02       2.83970E-03       2.23522E-03       7.87133E-01       4.85471E-02       4.96634E-02
       6.30957E-02       6.60693E-02       6.45825E-02       2.97360E-03       2.34057E-03       7.87118E-01       5.08340E-02       5.20040E-02
       6.60693E-02       6.91831E-02       6.76262E-02       3.11380E-03       2.45089E-03       7.87103E-01       5.32288E-02       5.44549E-02
       6.91831E-02       7.24436E-02       7.08134E-02       3.26050E-03       2.56638E-03       7.87114E-01       5.57382E-02       5.70213E-02
       7.24436E-02       7.58578E-02       7.41507E-02       3.41420E-03       2.68733E-03       7.87106E-01       5.83644E-02       5.97086E-02
       7.58578E-02       7.94328E-02       7.76453E-02       3.57500E-03       2.85180E-03       7.97705E-01       6.19380E-02       6.25604E-02
       7.94328E-02       8.31764E-02       8.13046E-02       3.74360E-03       3.68053E-03       9.83152E-01       7.99348E-02       6.62409E-02
       8.31764E-02       8.70964E-02       8.51364E-02       3.92000E-03       4.27626E-03       1.09088E+00       9.28739E-02       7.05172E-02
       8.70964E-02       9.12011E-02       8.91488E-02       4.10470E-03       4.47779E-03       1.09089E+00       9.72518E-02       7.49950E-02
       9.12011E-02       9.54993E-02       9.33502E-02       4.29820E-03       4.68884E-03       1.09089E+00       1.01834E-01       7.96838E-02
       9.54993E-02       1.00000E-01       9.77497E-02       4.50070E-03       4.90981E-03       1.09090E+00       1.06635E-01       8.45936E-02
       1.00000E-01       1.04713E-01       1.02357E-01       4.71300E-03       5.14125E-03       1.09087E+00       1.11657E-01       8.97349E-02
       1.04713E-01       1.09648E-01       1.07180E-01       4.93500E-03       5.38343E-03       1.09087E+00       1.16920E-01       9.51183E-02
       1.09648E-01       1.14815E-01       1.12231E-01       5.16700E-03       5.63728E-03       1.09102E+00       1.22446E-01       1.00756E-01
       1.14815E-01       1.20226E-01       1.17520E-01       5.41100E-03       5.90282E-03       1.09089E+00       1.28202E-01       1.06658E-01
       1.20226E-01       1.25892E-01       1.23059E-01       5.66600E-03       6.18110E-03       1.09091E+00       1.34246E-01       1.12839E-01
       1.25892E-01       1.31826E-01       1.28859E-01       5.93400E-03       6.47245E-03       1.09074E+00       1.40552E-01       1.19312E-01
       1.31826E-01       1.38038E-01       1.34932E-01       6.21200E-03       6.77740E-03       1.09102E+00       1.47213E-01       1.26089E-01
       1.38038E-01       1.44544E-01       1.41291E-01       6.50600E-03       7.09688E-03       1.09082E+00       1.54123E-01       1.33186E-01
       1.44544E-01       1.51356E-01       1.47950E-01       6.81200E-03       7.43126E-03       1.09091E+00       1.61400E-01       1.40617E-01
       1.51356E-01       1.58489E-01       1.54923E-01       7.13300E-03       7.76634E-03       1.08879E+00       1.68678E-01       1.48384E-01
       1.58489E-01       1.65959E-01       1.62224E-01       7.47000E-03       7.68252E-03       1.02845E+00       1.66839E-01       1.56066E-01
       1.65959E-01       1.73780E-01       1.69869E-01       7.82100E-03       7.72961E-03       9.88315E-01       1.67885E-01       1.63796E-01
       1.73780E-01       1.81970E-01       1.77875E-01       8.19000E-03       8.09389E-03       9.88264E-01       1.75788E-01       1.71890E-01
       1.81970E-01       1.90546E-01       1.86258E-01       8.57600E-03       8.47535E-03       9.88264E-01       1.84072E-01       1.80365E-01
       1.90546E-01       1.99526E-01       1.95036E-01       8.98000E-03       8.87471E-03       9.88274E-01       1.92749E-01       1.89240E-01
       1.99526E-01       2.08930E-01       2.04228E-01       9.40400E-03       9.29301E-03       9.88198E-01       2.01818E-01       1.98533E-01
       2.08930E-01       2.18776E-01       2.13853E-01       9.84600E-03       9.73104E-03       9.88324E-01       2.11356E-01       2.08264E-01
       2.18776E-01       2.29087E-01       2.23931E-01       1.03110E-02       1.01895E-02       9.88221E-01       2.21294E-01       2.18453E-01
       2.29087E-01       2.39883E-01       2.34485E-01       1.07960E-02       1.06648E-02       9.87845E-01       2.31635E-01       2.29118E-01
       2.39883E-01       2.51189E-01       2.45536E-01       1.13060E-02       1.11197E-02       9.83521E-01       2.41490E-01       2.40238E-01
       2.51189E-01       2.63027E-01       2.57108E-01       1.18380E-02       1.16254E-02       9.82041E-01       2.52491E-01       2.51863E-01
       2.63027E-01       2.75423E-01       2.69225E-01       1.23960E-02       1.21733E-02       9.82031E-01       2.64387E-01       2.64037E-01
       2.75423E-01       2.88403E-01       2.81913E-01       1.29800E-02       1.27470E-02       9.82046E-01       2.76851E-01       2.76784E-01
       2.88403E-01       3.01995E-01       2.95199E-01       1.35920E-02       1.33477E-02       9.82024E-01       2.89892E-01       2.90131E-01
       3.01995E-01       3.16228E-01       3.09112E-01       1.42330E-02       1.39882E-02       9.82798E-01       3.03794E-01       3.04119E-01
       3.16228E-01       3.31131E-01       3.23680E-01       1.49030E-02       1.53546E-02       1.03030E+00       3.33488E-01       3.19474E-01
       3.31131E-01       3.46737E-01       3.38934E-01       1.56060E-02       1.66531E-02       1.06710E+00       3.61675E-01       3.36127E-01
       3.46737E-01       3.63078E-01       3.54908E-01       1.63410E-02       1.74379E-02       1.06712E+00       3.78730E-01       3.53565E-01
       3.63078E-01       3.80189E-01       3.71633E-01       1.71110E-02       1.82597E-02       1.06713E+00       3.96581E-01       3.71825E-01
       3.80189E-01       3.98107E-01       3.89148E-01       1.79180E-02       1.90949E-02       1.06568E+00       4.14707E-01       3.90920E-01
       3.98107E-01       4.16869E-01       4.07488E-01       1.87620E-02       1.96485E-02       1.04725E+00       4.26741E-01       4.10568E-01
       4.16869E-01       4.36516E-01       4.26692E-01       1.96470E-02       2.03933E-02       1.03798E+00       4.42900E-01       4.30961E-01
       4.36516E-01       4.57088E-01       4.46802E-01       2.05720E-02       2.13545E-02       1.03804E+00       4.63797E-01       4.52316E-01
       4.57088E-01       4.78630E-01       4.67859E-01       2.15420E-02       2.23261E-02       1.03640E+00       4.84888E-01       4.74642E-01
       4.78630E-01       5.01187E-01       4.89909E-01       2.25570E-02       2.29815E-02       1.01882E+00       4.99128E-01       4.97623E-01
       5.01187E-01       5.24808E-01       5.12998E-01       2.36210E-02       2.38821E-02       1.01105E+00       5.18667E-01       5.21505E-01
       5.24808E-01       5.49541E-01       5.37174E-01       2.47330E-02       2.50074E-02       1.01109E+00       5.43134E-01       5.46513E-01
       5.49541E-01       5.75440E-01       5.62490E-01       2.58990E-02       2.60698E-02       1.00659E+00       5.66200E-01       5.72583E-01
       5.75440E-01       6.02560E-01       5.89000E-01       2.71200E-02       2.71381E-02       1.00067E+00       5.89394E-01       5.99721E-01
       6.02560E-01       6.30957E-01       6.16758E-01       2.83970E-02       2.84286E-02       1.00111E+00       6.17445E-01       6.28149E-01
       6.30957E-01       6.60693E-01       6.45825E-01       2.97360E-02       3.08796E-02       1.03846E+00       6.70662E-01       6.59029E-01
       6.60693E-01       6.91831E-01       6.76262E-01       3.11380E-02       3.34276E-02       1.07353E+00       7.25989E-01       6.92457E-01
       6.91831E-01       7.24436E-01       7.08133E-01       3.26050E-02       3.45522E-02       1.05972E+00       7.50424E-01       7.27009E-01
       7.24436E-01       7.58578E-01       7.41507E-01       3.41420E-02       3.32205E-02       9.73010E-01       7.21494E-01       7.60229E-01
       7.58578E-01       7.94328E-01       7.76453E-01       3.57500E-02       3.42048E-02       9.56778E-01       7.42893E-01       7.94434E-01
       7.94328E-01       8.31764E-01       8.13046E-01       3.74360E-02       3.67346E-02       9.81263E-01       7.97812E-01       8.31169E-01
       8.31764E-01       8.70964E-01       8.51364E-01       3.92000E-02       3.89199E-02       9.92855E-01       8.45281E-01       8.70089E-01
       8.70964E-01       9.12011E-01       8.91487E-01       4.10470E-02       3.67785E-02       8.96010E-01       7.98782E-01       9.06867E-01
       9.12011E-01       9.54993E-01       9.33502E-01       4.29820E-02       3.51414E-02       8.17583E-01       7.63216E-01       9.42008E-01
       9.54993E-01       1.00000E+00       9.77497E-01       4.50070E-02       3.03274E-02       6.73837E-01       6.58673E-01       9.72336E-01
       1.00000E+00       1.04713E+00       1.02357E+00       4.71300E-02       2.40333E-02       5.09937E-01       5.21954E-01       9.96369E-01
       1.04713E+00       1.09648E+00       1.07181E+00       4.93500E-02       3.63077E-03       7.35719E-02       7.88547E-02       1.00000E+00

 Sum =                                                                         1.00000E+00
 Renormalization bin#   943 =                                                  1.69899E-04 barn        1.34000E+07        1.36000E+07        1.35000E+07
 Avg. Energy     bin#   943 =                                                  5.07413E-01 MeV         1.34000E+07        1.36000E+07
