"        MT= 28 recoil spectrum "
" Initial neutron energy corresponds to the group:"
   1.40000E+01    1.42000E+01       0.00000E+00           205           870           666



          Low               High              Mid              Energy           Number             dn/de            E*dn/de          Cumulative
         Energy            Energy            Energy             Width          Fraction                               Sum   
         [MeV]             [MeV]             [MeV]              [MeV]

       1.20226E-07       1.25892E-07       1.23059E-07       5.66600E-09       0.00000E+00       0.00000E+00       0.00000E+00       0.00000E+00
       1.25892E-07       1.31826E-07       1.28859E-07       5.93400E-09       3.37466E-09       5.68700E-01       7.32821E-08       3.37466E-09
       1.31826E-07       1.38038E-07       1.34932E-07       6.21200E-09       3.53384E-09       5.68873E-01       7.67591E-08       6.90850E-09
       1.38038E-07       1.44544E-07       1.41291E-07       6.50601E-09       3.70046E-09       5.68776E-01       8.03629E-08       1.06090E-08
       1.44544E-07       1.51356E-07       1.47950E-07       6.81199E-09       3.87487E-09       5.68830E-01       8.41585E-08       1.44838E-08
       1.51356E-07       1.58489E-07       1.54923E-07       7.13301E-09       4.05738E-09       5.68817E-01       8.81226E-08       1.85412E-08
       1.58489E-07       1.65959E-07       1.62224E-07       7.47000E-09       4.24864E-09       5.68761E-01       9.22667E-08       2.27899E-08
       1.65959E-07       1.73780E-07       1.69869E-07       7.82099E-09       4.44866E-09       5.68810E-01       9.66234E-08       2.72385E-08
       1.73780E-07       1.81970E-07       1.77875E-07       8.19001E-09       4.65840E-09       5.68791E-01       1.01174E-07       3.18969E-08
       1.81970E-07       1.90546E-07       1.86258E-07       8.57601E-09       4.87787E-09       5.68781E-01       1.05940E-07       3.67748E-08
       1.90546E-07       1.99526E-07       1.95036E-07       8.97999E-09       5.10771E-09       5.68787E-01       1.10934E-07       4.18825E-08
       1.99526E-07       2.08930E-07       2.04228E-07       9.40400E-09       5.34857E-09       5.68754E-01       1.16156E-07       4.72310E-08
       2.08930E-07       2.18776E-07       2.13853E-07       9.84600E-09       5.60078E-09       5.68838E-01       1.21648E-07       5.28318E-08
       2.18776E-07       2.29087E-07       2.23931E-07       1.03110E-08       5.86466E-09       5.68777E-01       1.27367E-07       5.86965E-08
       2.29087E-07       2.39883E-07       2.34485E-07       1.07960E-08       6.14118E-09       5.68838E-01       1.33384E-07       6.48377E-08
       2.39883E-07       2.51189E-07       2.45536E-07       1.13060E-08       6.43034E-09       5.68755E-01       1.39650E-07       7.12680E-08
       2.51189E-07       2.63027E-07       2.57108E-07       1.18380E-08       6.73345E-09       5.68798E-01       1.46243E-07       7.80014E-08
       2.63027E-07       2.75423E-07       2.69225E-07       1.23960E-08       7.05081E-09       5.68798E-01       1.53135E-07       8.50523E-08
       2.75423E-07       2.88403E-07       2.81913E-07       1.29800E-08       7.38309E-09       5.68805E-01       1.60353E-07       9.24354E-08
       2.88403E-07       3.01995E-07       2.95199E-07       1.35920E-08       7.73126E-09       5.68809E-01       1.67912E-07       1.00167E-07
       3.01995E-07       3.16228E-07       3.09111E-07       1.42330E-08       8.09531E-09       5.68770E-01       1.75813E-07       1.08262E-07
       3.16228E-07       3.31131E-07       3.23680E-07       1.49030E-08       8.47686E-09       5.68802E-01       1.84110E-07       1.16739E-07
       3.31131E-07       3.46737E-07       3.38934E-07       1.56060E-08       8.87657E-09       5.68793E-01       1.92783E-07       1.25615E-07
       3.46737E-07       3.63078E-07       3.54908E-07       1.63410E-08       9.29476E-09       5.68800E-01       2.01871E-07       1.34910E-07
       3.63078E-07       3.80189E-07       3.71633E-07       1.71110E-08       9.73272E-09       5.68799E-01       2.11385E-07       1.44643E-07
       3.80189E-07       3.98107E-07       3.89148E-07       1.79180E-08       1.01917E-08       5.68800E-01       2.21347E-07       1.54835E-07
       3.98107E-07       4.16869E-07       4.07488E-07       1.87620E-08       1.06719E-08       5.68801E-01       2.31779E-07       1.65506E-07
       4.16869E-07       4.36516E-07       4.26693E-07       1.96470E-08       1.11750E-08       5.68789E-01       2.42698E-07       1.76681E-07
       4.36516E-07       4.57088E-07       4.46802E-07       2.05720E-08       1.17014E-08       5.68804E-01       2.54143E-07       1.88383E-07
       4.57088E-07       4.78630E-07       4.67859E-07       2.15420E-08       1.22529E-08       5.68789E-01       2.66113E-07       2.00636E-07
       4.78630E-07       5.01187E-07       4.89909E-07       2.25570E-08       1.28305E-08       5.68805E-01       2.78662E-07       2.13466E-07
       5.01187E-07       5.24807E-07       5.12997E-07       2.36200E-08       1.34351E-08       5.68804E-01       2.91795E-07       2.26901E-07
       5.24807E-07       5.50000E-07       5.37403E-07       2.51930E-08       1.43295E-08       5.68789E-01       3.05669E-07       2.41231E-07
       5.50000E-07       5.75000E-07       5.62500E-07       2.50000E-08       1.42200E-08       5.68799E-01       3.19949E-07       2.55451E-07
       5.75000E-07       6.00000E-07       5.87500E-07       2.50000E-08       1.42200E-08       5.68797E-01       3.34168E-07       2.69671E-07
       6.00000E-07       6.25000E-07       6.12500E-07       2.50000E-08       1.42200E-08       5.68799E-01       3.48389E-07       2.83891E-07
       6.25000E-07       6.50000E-07       6.37500E-07       2.50000E-08       1.42200E-08       5.68799E-01       3.62609E-07       2.98111E-07
       6.50000E-07       6.75000E-07       6.62500E-07       2.50000E-08       1.42200E-08       5.68797E-01       3.76828E-07       3.12331E-07
       6.75000E-07       7.00000E-07       6.87500E-07       2.50000E-08       1.42200E-08       5.68799E-01       3.91049E-07       3.26551E-07
       7.00000E-07       7.25000E-07       7.12500E-07       2.50000E-08       1.42200E-08       5.68797E-01       4.05268E-07       3.40771E-07
       7.25000E-07       7.50000E-07       7.37500E-07       2.50000E-08       1.42200E-08       5.68799E-01       4.19489E-07       3.54990E-07
       7.50000E-07       7.75000E-07       7.62500E-07       2.50000E-08       1.42200E-08       5.68799E-01       4.33709E-07       3.69210E-07
       7.75000E-07       8.00000E-07       7.87500E-07       2.50000E-08       1.42200E-08       5.68797E-01       4.47928E-07       3.83430E-07
       8.00000E-07       8.25000E-07       8.12500E-07       2.50000E-08       1.42200E-08       5.68799E-01       4.62149E-07       3.97650E-07
       8.25000E-07       8.50000E-07       8.37500E-07       2.50000E-08       1.42200E-08       5.68797E-01       4.76368E-07       4.11870E-07
       8.50000E-07       8.75000E-07       8.62500E-07       2.50000E-08       1.42200E-08       5.68799E-01       4.90589E-07       4.26090E-07
       8.75000E-07       9.00000E-07       8.87500E-07       2.50000E-08       1.42200E-08       5.68799E-01       5.04809E-07       4.40310E-07
       9.00000E-07       9.25000E-07       9.12500E-07       2.50000E-08       1.42200E-08       5.68797E-01       5.19027E-07       4.54530E-07
       9.25000E-07       9.50000E-07       9.37500E-07       2.50000E-08       1.42200E-08       5.68799E-01       5.33249E-07       4.68750E-07
       9.50000E-07       9.75000E-07       9.62500E-07       2.50000E-08       1.42200E-08       5.68797E-01       5.47467E-07       4.82970E-07
       9.75000E-07       1.00000E-06       9.87500E-07       2.50000E-08       1.42200E-08       5.68799E-01       5.61689E-07       4.97190E-07
       1.00000E-06       1.02500E-06       1.01250E-06       2.50000E-08       1.42200E-08       5.68799E-01       5.75909E-07       5.11410E-07
       1.02500E-06       1.05000E-06       1.03750E-06       2.50000E-08       1.42200E-08       5.68799E-01       5.90129E-07       5.25630E-07
       1.05000E-06       1.07500E-06       1.06250E-06       2.50001E-08       1.42200E-08       5.68796E-01       6.04346E-07       5.39850E-07
       1.07500E-06       1.10000E-06       1.08750E-06       2.50000E-08       1.42200E-08       5.68799E-01       6.18569E-07       5.54070E-07
       1.10000E-06       1.12500E-06       1.11250E-06       2.50000E-08       1.42200E-08       5.68799E-01       6.32788E-07       5.68290E-07
       1.12500E-06       1.15000E-06       1.13750E-06       2.50000E-08       1.42200E-08       5.68799E-01       6.47008E-07       5.82510E-07
       1.15000E-06       1.17500E-06       1.16250E-06       2.50000E-08       1.42200E-08       5.68799E-01       6.61228E-07       5.96730E-07
       1.17500E-06       1.20000E-06       1.18750E-06       2.50001E-08       1.42200E-08       5.68796E-01       6.75445E-07       6.10950E-07
       1.20000E-06       1.22500E-06       1.21250E-06       2.50000E-08       1.42200E-08       5.68799E-01       6.89668E-07       6.25170E-07
       1.22500E-06       1.25000E-06       1.23750E-06       2.50000E-08       1.42200E-08       5.68799E-01       7.03888E-07       6.39389E-07
       1.25000E-06       1.27500E-06       1.26250E-06       2.50000E-08       1.42200E-08       5.68799E-01       7.18108E-07       6.53609E-07
       1.27500E-06       1.30000E-06       1.28750E-06       2.50000E-08       1.42200E-08       5.68799E-01       7.32328E-07       6.67829E-07
       1.30000E-06       1.32500E-06       1.31250E-06       2.50001E-08       1.42200E-08       5.68796E-01       7.46545E-07       6.82049E-07
       1.32500E-06       1.35000E-06       1.33750E-06       2.50000E-08       1.42200E-08       5.68799E-01       7.60768E-07       6.96269E-07
       1.35000E-06       1.37500E-06       1.36250E-06       2.50000E-08       1.42200E-08       5.68799E-01       7.74988E-07       7.10489E-07
       1.37500E-06       1.40000E-06       1.38750E-06       2.50000E-08       1.42200E-08       5.68799E-01       7.89208E-07       7.24709E-07
       1.40000E-06       1.42500E-06       1.41250E-06       2.50000E-08       1.42200E-08       5.68799E-01       8.03428E-07       7.38929E-07
       1.42500E-06       1.45000E-06       1.43750E-06       2.50001E-08       1.42200E-08       5.68796E-01       8.17644E-07       7.53149E-07
       1.45000E-06       1.47500E-06       1.46250E-06       2.50000E-08       1.42200E-08       5.68799E-01       8.31868E-07       7.67369E-07
       1.47500E-06       1.50000E-06       1.48750E-06       2.50000E-08       1.42200E-08       5.68799E-01       8.46088E-07       7.81589E-07
       1.50000E-06       1.52500E-06       1.51250E-06       2.50000E-08       1.42200E-08       5.68799E-01       8.60308E-07       7.95809E-07
       1.52500E-06       1.55000E-06       1.53750E-06       2.50000E-08       1.42200E-08       5.68799E-01       8.74528E-07       8.10029E-07
       1.55000E-06       1.57500E-06       1.56250E-06       2.50001E-08       1.42200E-08       5.68796E-01       8.88744E-07       8.24249E-07
       1.57500E-06       1.60000E-06       1.58750E-06       2.50000E-08       1.42200E-08       5.68799E-01       9.02968E-07       8.38469E-07
       1.60000E-06       1.62500E-06       1.61250E-06       2.50000E-08       1.42200E-08       5.68799E-01       9.17188E-07       8.52689E-07
       1.62500E-06       1.65000E-06       1.63750E-06       2.50000E-08       1.42200E-08       5.68799E-01       9.31408E-07       8.66909E-07
       1.65000E-06       1.67500E-06       1.66250E-06       2.50000E-08       1.42200E-08       5.68799E-01       9.45628E-07       8.81129E-07
       1.67500E-06       1.70000E-06       1.68750E-06       2.50001E-08       1.42200E-08       5.68796E-01       9.59843E-07       8.95349E-07
       1.70000E-06       1.72500E-06       1.71250E-06       2.50000E-08       1.42200E-08       5.68799E-01       9.74068E-07       9.09569E-07
       1.72500E-06       1.75000E-06       1.73750E-06       2.50000E-08       1.42200E-08       5.68799E-01       9.88288E-07       9.23788E-07
       1.75000E-06       1.77500E-06       1.76250E-06       2.50000E-08       1.42200E-08       5.68799E-01       1.00251E-06       9.38008E-07
       1.77500E-06       1.80000E-06       1.78750E-06       2.50000E-08       1.42200E-08       5.68799E-01       1.01673E-06       9.52228E-07
       1.80000E-06       1.82500E-06       1.81250E-06       2.50001E-08       1.42200E-08       5.68796E-01       1.03094E-06       9.66448E-07
       1.82500E-06       1.85000E-06       1.83750E-06       2.50000E-08       1.42200E-08       5.68799E-01       1.04517E-06       9.80668E-07
       1.85000E-06       1.87500E-06       1.86250E-06       2.50000E-08       1.42200E-08       5.68799E-01       1.05939E-06       9.94888E-07
       1.87500E-06       1.90000E-06       1.88750E-06       2.50000E-08       1.42200E-08       5.68799E-01       1.07361E-06       1.00911E-06
       1.90000E-06       1.92500E-06       1.91250E-06       2.50000E-08       1.42200E-08       5.68799E-01       1.08783E-06       1.02333E-06
       1.92500E-06       1.95000E-06       1.93750E-06       2.50001E-08       1.42200E-08       5.68796E-01       1.10204E-06       1.03755E-06
       1.95000E-06       1.97500E-06       1.96250E-06       2.50000E-08       1.42200E-08       5.68799E-01       1.11627E-06       1.05177E-06
       1.97500E-06       2.00000E-06       1.98750E-06       2.50000E-08       1.42200E-08       5.68799E-01       1.13049E-06       1.06599E-06
       2.00000E-06       2.02500E-06       2.01250E-06       2.50001E-08       1.42200E-08       5.68796E-01       1.14470E-06       1.08021E-06
       2.02500E-06       2.05000E-06       2.03750E-06       2.49999E-08       1.42200E-08       5.68801E-01       1.15893E-06       1.09443E-06
       2.05000E-06       2.07500E-06       2.06250E-06       2.50001E-08       1.42200E-08       5.68796E-01       1.17314E-06       1.10865E-06
       2.07500E-06       2.10000E-06       2.08750E-06       2.49999E-08       1.42200E-08       5.68801E-01       1.18737E-06       1.12287E-06
       2.10000E-06       2.12500E-06       2.11250E-06       2.50001E-08       1.42200E-08       5.68796E-01       1.20158E-06       1.13709E-06
       2.12500E-06       2.15000E-06       2.13750E-06       2.50001E-08       1.42200E-08       5.68796E-01       1.21580E-06       1.15131E-06
       2.15000E-06       2.17500E-06       2.16250E-06       2.49999E-08       1.42200E-08       5.68801E-01       1.23003E-06       1.16553E-06
       2.17500E-06       2.20000E-06       2.18750E-06       2.50001E-08       1.42200E-08       5.68796E-01       1.24424E-06       1.17975E-06
       2.20000E-06       2.22500E-06       2.21250E-06       2.49999E-08       1.42200E-08       5.68801E-01       1.25847E-06       1.19397E-06
       2.22500E-06       2.25000E-06       2.23750E-06       2.50001E-08       1.42200E-08       5.68796E-01       1.27268E-06       1.20819E-06
       2.25000E-06       2.27500E-06       2.26250E-06       2.50001E-08       1.42200E-08       5.68796E-01       1.28690E-06       1.22241E-06
       2.27500E-06       2.30000E-06       2.28750E-06       2.49999E-08       1.42200E-08       5.68801E-01       1.30113E-06       1.23663E-06
       2.30000E-06       2.32500E-06       2.31250E-06       2.50001E-08       1.42200E-08       5.68796E-01       1.31534E-06       1.25085E-06
       2.32500E-06       2.35000E-06       2.33750E-06       2.49999E-08       1.42200E-08       5.68801E-01       1.32957E-06       1.26507E-06
       2.35000E-06       2.37500E-06       2.36250E-06       2.50001E-08       1.42200E-08       5.68796E-01       1.34378E-06       1.27929E-06
       2.37500E-06       2.40000E-06       2.38750E-06       2.50001E-08       1.42200E-08       5.68796E-01       1.35800E-06       1.29351E-06
       2.40000E-06       2.42500E-06       2.41250E-06       2.49999E-08       1.42200E-08       5.68801E-01       1.37223E-06       1.30773E-06
       2.42500E-06       2.45000E-06       2.43750E-06       2.50001E-08       1.42200E-08       5.68796E-01       1.38644E-06       1.32195E-06
       2.45000E-06       2.47500E-06       2.46250E-06       2.49999E-08       1.42200E-08       5.68801E-01       1.40067E-06       1.33617E-06
       2.47500E-06       2.50000E-06       2.48750E-06       2.50001E-08       1.42200E-08       5.68796E-01       1.41488E-06       1.35039E-06
       2.50000E-06       2.52500E-06       2.51250E-06       2.50001E-08       1.42200E-08       5.68796E-01       1.42910E-06       1.36461E-06
       2.52500E-06       2.55000E-06       2.53750E-06       2.49999E-08       1.42200E-08       5.68801E-01       1.44333E-06       1.37883E-06
       2.55000E-06       2.57500E-06       2.56250E-06       2.50001E-08       1.42200E-08       5.68796E-01       1.45754E-06       1.39305E-06
       2.57500E-06       2.60000E-06       2.58750E-06       2.49999E-08       1.42200E-08       5.68801E-01       1.47177E-06       1.40727E-06
       2.60000E-06       2.62500E-06       2.61250E-06       2.50001E-08       1.42200E-08       5.68796E-01       1.48598E-06       1.42149E-06
       2.62500E-06       2.65000E-06       2.63750E-06       2.50001E-08       1.42200E-08       5.68796E-01       1.50020E-06       1.43571E-06
       2.65000E-06       2.67500E-06       2.66250E-06       2.49999E-08       1.42200E-08       5.68801E-01       1.51443E-06       1.44993E-06
       2.67500E-06       2.70000E-06       2.68750E-06       2.50001E-08       1.42200E-08       5.68796E-01       1.52864E-06       1.46415E-06
       2.70000E-06       2.72500E-06       2.71250E-06       2.49999E-08       1.42200E-08       5.68801E-01       1.54287E-06       1.47837E-06
       2.72500E-06       2.75000E-06       2.73750E-06       2.50001E-08       1.42200E-08       5.68796E-01       1.55708E-06       1.49259E-06
       2.75000E-06       2.77500E-06       2.76250E-06       2.50001E-08       1.42200E-08       5.68796E-01       1.57130E-06       1.50681E-06
       2.77500E-06       2.80000E-06       2.78750E-06       2.49999E-08       1.42200E-08       5.68801E-01       1.58553E-06       1.52103E-06
       2.80000E-06       2.82500E-06       2.81250E-06       2.50001E-08       1.42200E-08       5.68796E-01       1.59974E-06       1.53525E-06
       2.82500E-06       2.85000E-06       2.83750E-06       2.49999E-08       1.42200E-08       5.68801E-01       1.61397E-06       1.54947E-06
       2.85000E-06       2.87500E-06       2.86250E-06       2.50001E-08       1.42200E-08       5.68796E-01       1.62818E-06       1.56369E-06
       2.87500E-06       2.90000E-06       2.88750E-06       2.50001E-08       1.42200E-08       5.68796E-01       1.64240E-06       1.57791E-06
       2.90000E-06       2.92500E-06       2.91250E-06       2.49999E-08       1.42200E-08       5.68801E-01       1.65663E-06       1.59213E-06
       2.92500E-06       2.95000E-06       2.93750E-06       2.50001E-08       1.42200E-08       5.68796E-01       1.67084E-06       1.60635E-06
       2.95000E-06       2.97500E-06       2.96250E-06       2.49999E-08       1.42200E-08       5.68801E-01       1.68507E-06       1.62057E-06
       2.97500E-06       3.00000E-06       2.98750E-06       2.50001E-08       1.42200E-08       5.68796E-01       1.69928E-06       1.63479E-06
       3.00000E-06       3.02500E-06       3.01250E-06       2.50001E-08       1.42200E-08       5.68796E-01       1.71350E-06       1.64901E-06
       3.02500E-06       3.05000E-06       3.03750E-06       2.49999E-08       1.42200E-08       5.68801E-01       1.72773E-06       1.66323E-06
       3.05000E-06       3.07500E-06       3.06250E-06       2.50001E-08       1.42200E-08       5.68796E-01       1.74194E-06       1.67745E-06
       3.07500E-06       3.10000E-06       3.08750E-06       2.49999E-08       1.42200E-08       5.68801E-01       1.75617E-06       1.69167E-06
       3.10000E-06       3.12500E-06       3.11250E-06       2.50001E-08       1.42200E-08       5.68796E-01       1.77038E-06       1.70589E-06
       3.12500E-06       3.15000E-06       3.13750E-06       2.50001E-08       1.42200E-08       5.68796E-01       1.78460E-06       1.72011E-06
       3.15000E-06       3.17500E-06       3.16250E-06       2.49999E-08       1.42200E-08       5.68801E-01       1.79883E-06       1.73433E-06
       3.17500E-06       3.20000E-06       3.18750E-06       2.50001E-08       1.42200E-08       5.68796E-01       1.81304E-06       1.74855E-06
       3.20000E-06       3.22500E-06       3.21250E-06       2.49999E-08       1.42200E-08       5.68801E-01       1.82727E-06       1.76277E-06
       3.22500E-06       3.25000E-06       3.23750E-06       2.50001E-08       1.42200E-08       5.68796E-01       1.84148E-06       1.77699E-06
       3.25000E-06       3.27500E-06       3.26250E-06       2.50001E-08       1.42200E-08       5.68796E-01       1.85570E-06       1.79121E-06
       3.27500E-06       3.30000E-06       3.28750E-06       2.49999E-08       1.42200E-08       5.68801E-01       1.86993E-06       1.80543E-06
       3.30000E-06       3.32500E-06       3.31250E-06       2.50001E-08       1.42200E-08       5.68796E-01       1.88414E-06       1.81965E-06
       3.32500E-06       3.35000E-06       3.33750E-06       2.49999E-08       1.42200E-08       5.68801E-01       1.89837E-06       1.83387E-06
       3.35000E-06       3.37500E-06       3.36250E-06       2.50001E-08       1.42200E-08       5.68796E-01       1.91258E-06       1.84809E-06
       3.37500E-06       3.40000E-06       3.38750E-06       2.50001E-08       1.42200E-08       5.68796E-01       1.92680E-06       1.86231E-06
       3.40000E-06       3.42500E-06       3.41250E-06       2.49999E-08       1.42200E-08       5.68801E-01       1.94103E-06       1.87653E-06
       3.42500E-06       3.45000E-06       3.43750E-06       2.50001E-08       1.42200E-08       5.68796E-01       1.95524E-06       1.89075E-06
       3.45000E-06       3.47500E-06       3.46250E-06       2.49999E-08       1.42200E-08       5.68801E-01       1.96947E-06       1.90497E-06
       3.47500E-06       3.50000E-06       3.48750E-06       2.50001E-08       1.42200E-08       5.68796E-01       1.98368E-06       1.91919E-06
       3.50000E-06       3.52500E-06       3.51250E-06       2.50001E-08       1.42200E-08       5.68796E-01       1.99790E-06       1.93340E-06
       3.52500E-06       3.55000E-06       3.53750E-06       2.49999E-08       1.42200E-08       5.68801E-01       2.01213E-06       1.94762E-06
       3.55000E-06       3.57500E-06       3.56250E-06       2.50001E-08       1.42200E-08       5.68796E-01       2.02634E-06       1.96184E-06
       3.57500E-06       3.60000E-06       3.58750E-06       2.49999E-08       1.42200E-08       5.68801E-01       2.04057E-06       1.97606E-06
       3.60000E-06       3.62500E-06       3.61250E-06       2.50001E-08       1.42200E-08       5.68796E-01       2.05477E-06       1.99028E-06
       3.62500E-06       3.65000E-06       3.63750E-06       2.50001E-08       1.42200E-08       5.68796E-01       2.06899E-06       2.00450E-06
       3.65000E-06       3.67500E-06       3.66250E-06       2.49999E-08       1.42200E-08       5.68801E-01       2.08323E-06       2.01872E-06
       3.67500E-06       3.70000E-06       3.68750E-06       2.50001E-08       1.42200E-08       5.68796E-01       2.09743E-06       2.03294E-06
       3.70000E-06       3.72500E-06       3.71250E-06       2.49999E-08       1.42200E-08       5.68801E-01       2.11167E-06       2.04716E-06
       3.72500E-06       3.75000E-06       3.73750E-06       2.50001E-08       1.42200E-08       5.68796E-01       2.12587E-06       2.06138E-06
       3.75000E-06       3.77500E-06       3.76250E-06       2.50001E-08       1.42200E-08       5.68796E-01       2.14009E-06       2.07560E-06
       3.77500E-06       3.80000E-06       3.78750E-06       2.49999E-08       1.42200E-08       5.68801E-01       2.15433E-06       2.08982E-06
       3.80000E-06       3.82500E-06       3.81250E-06       2.50001E-08       1.42200E-08       5.68796E-01       2.16853E-06       2.10404E-06
       3.82500E-06       3.85000E-06       3.83750E-06       2.49999E-08       1.42200E-08       5.68801E-01       2.18278E-06       2.11826E-06
       3.85000E-06       3.87500E-06       3.86250E-06       2.50001E-08       1.42200E-08       5.68796E-01       2.19697E-06       2.13248E-06
       3.87500E-06       3.90000E-06       3.88750E-06       2.50001E-08       1.42200E-08       5.68796E-01       2.21119E-06       2.14670E-06
       3.90000E-06       3.92500E-06       3.91250E-06       2.49999E-08       1.42200E-08       5.68801E-01       2.22543E-06       2.16092E-06
       3.92500E-06       3.95000E-06       3.93750E-06       2.50001E-08       1.42200E-08       5.68796E-01       2.23963E-06       2.17514E-06
       3.95000E-06       3.97500E-06       3.96250E-06       2.49999E-08       1.42200E-08       5.68801E-01       2.25388E-06       2.18936E-06
       3.97500E-06       4.00000E-06       3.98750E-06       2.50001E-08       1.42200E-08       5.68796E-01       2.26807E-06       2.20358E-06
       4.00000E-06       4.02500E-06       4.01250E-06       2.50001E-08       1.42200E-08       5.68796E-01       2.28229E-06       2.21780E-06
       4.02500E-06       4.05000E-06       4.03750E-06       2.50001E-08       1.42200E-08       5.68796E-01       2.29651E-06       2.23202E-06
       4.05000E-06       4.07500E-06       4.06250E-06       2.49996E-08       1.42200E-08       5.68807E-01       2.31078E-06       2.24624E-06
       4.07500E-06       4.10000E-06       4.08750E-06       2.50001E-08       1.42200E-08       5.68796E-01       2.32495E-06       2.26046E-06
       4.10000E-06       4.12500E-06       4.11250E-06       2.50001E-08       1.42200E-08       5.68796E-01       2.33917E-06       2.27468E-06
       4.12500E-06       4.15000E-06       4.13750E-06       2.50001E-08       1.42200E-08       5.68796E-01       2.35339E-06       2.28890E-06
       4.15000E-06       4.17500E-06       4.16250E-06       2.50001E-08       1.42200E-08       5.68796E-01       2.36761E-06       2.30312E-06
       4.17500E-06       4.20000E-06       4.18750E-06       2.49996E-08       1.42200E-08       5.68807E-01       2.38188E-06       2.31734E-06
       4.20000E-06       4.22500E-06       4.21250E-06       2.50001E-08       1.42200E-08       5.68796E-01       2.39605E-06       2.33156E-06
       4.22500E-06       4.25000E-06       4.23750E-06       2.50001E-08       1.42200E-08       5.68796E-01       2.41027E-06       2.34578E-06
       4.25000E-06       4.27500E-06       4.26250E-06       2.50001E-08       1.42200E-08       5.68796E-01       2.42449E-06       2.36000E-06
       4.27500E-06       4.30000E-06       4.28750E-06       2.50001E-08       1.42200E-08       5.68796E-01       2.43871E-06       2.37422E-06
       4.30000E-06       4.32500E-06       4.31250E-06       2.49996E-08       1.42200E-08       5.68807E-01       2.45298E-06       2.38844E-06
       4.32500E-06       4.35000E-06       4.33750E-06       2.50001E-08       1.42200E-08       5.68796E-01       2.46715E-06       2.40266E-06
       4.35000E-06       4.37500E-06       4.36250E-06       2.50001E-08       1.42200E-08       5.68796E-01       2.48137E-06       2.41688E-06
       4.37500E-06       4.40000E-06       4.38750E-06       2.50001E-08       1.42200E-08       5.68796E-01       2.49559E-06       2.43110E-06
       4.40000E-06       4.42500E-06       4.41250E-06       2.50001E-08       1.42200E-08       5.68796E-01       2.50981E-06       2.44532E-06
       4.42500E-06       4.45000E-06       4.43750E-06       2.49996E-08       1.42200E-08       5.68807E-01       2.52408E-06       2.45954E-06
       4.45000E-06       4.47500E-06       4.46250E-06       2.50001E-08       1.42200E-08       5.68796E-01       2.53825E-06       2.47376E-06
       4.47500E-06       4.50000E-06       4.48750E-06       2.50001E-08       1.42200E-08       5.68796E-01       2.55247E-06       2.48798E-06
       4.50000E-06       4.52500E-06       4.51250E-06       2.50001E-08       1.42200E-08       5.68796E-01       2.56669E-06       2.50220E-06
       4.52500E-06       4.55000E-06       4.53750E-06       2.50001E-08       1.42200E-08       5.68796E-01       2.58091E-06       2.51642E-06
       4.55000E-06       4.57500E-06       4.56250E-06       2.49996E-08       1.42200E-08       5.68807E-01       2.59518E-06       2.53064E-06
       4.57500E-06       4.60000E-06       4.58750E-06       2.50001E-08       1.42200E-08       5.68796E-01       2.60935E-06       2.54486E-06
       4.60000E-06       4.62500E-06       4.61250E-06       2.50001E-08       1.42200E-08       5.68796E-01       2.62357E-06       2.55908E-06
       4.62500E-06       4.65000E-06       4.63750E-06       2.50001E-08       1.42200E-08       5.68796E-01       2.63779E-06       2.57330E-06
       4.65000E-06       4.67500E-06       4.66250E-06       2.50001E-08       1.42200E-08       5.68796E-01       2.65201E-06       2.58752E-06
       4.67500E-06       4.70000E-06       4.68750E-06       2.49996E-08       1.42200E-08       5.68807E-01       2.66628E-06       2.60174E-06
       4.70000E-06       4.72500E-06       4.71250E-06       2.50001E-08       1.42200E-08       5.68796E-01       2.68045E-06       2.61596E-06
       4.72500E-06       4.75000E-06       4.73750E-06       2.50001E-08       1.42200E-08       5.68796E-01       2.69467E-06       2.63018E-06
       4.75000E-06       4.77500E-06       4.76250E-06       2.50001E-08       1.42200E-08       5.68796E-01       2.70889E-06       2.64440E-06
       4.77500E-06       4.80000E-06       4.78750E-06       2.50001E-08       1.42200E-08       5.68796E-01       2.72311E-06       2.65862E-06
       4.80000E-06       4.82500E-06       4.81250E-06       2.49996E-08       1.42200E-08       5.68807E-01       2.73738E-06       2.67284E-06
       4.82500E-06       4.85000E-06       4.83750E-06       2.50001E-08       1.42200E-08       5.68796E-01       2.75155E-06       2.68706E-06
       4.85000E-06       4.87500E-06       4.86250E-06       2.50001E-08       1.42200E-08       5.68796E-01       2.76577E-06       2.70128E-06
       4.87500E-06       4.90000E-06       4.88750E-06       2.50001E-08       1.42200E-08       5.68796E-01       2.77999E-06       2.71550E-06
       4.90000E-06       4.92500E-06       4.91250E-06       2.50001E-08       1.42200E-08       5.68796E-01       2.79421E-06       2.72972E-06
       4.92500E-06       4.95000E-06       4.93750E-06       2.49996E-08       1.42200E-08       5.68807E-01       2.80848E-06       2.74394E-06
       4.95000E-06       4.97500E-06       4.96250E-06       2.50001E-08       1.42200E-08       5.68796E-01       2.82265E-06       2.75816E-06
       4.97500E-06       5.00000E-06       4.98750E-06       2.50001E-08       1.42200E-08       5.68796E-01       2.83687E-06       2.77238E-06
       5.00000E-06       5.02500E-06       5.01250E-06       2.50001E-08       1.42200E-08       5.68796E-01       2.85109E-06       2.78660E-06
       5.02500E-06       5.05000E-06       5.03750E-06       2.50001E-08       1.42200E-08       5.68796E-01       2.86531E-06       2.80082E-06
       5.05000E-06       5.07500E-06       5.06250E-06       2.49996E-08       1.42200E-08       5.68807E-01       2.87958E-06       2.81504E-06
       5.07500E-06       5.10000E-06       5.08750E-06       2.50001E-08       1.42200E-08       5.68796E-01       2.89375E-06       2.82926E-06
       5.10000E-06       5.12500E-06       5.11250E-06       2.50001E-08       1.42200E-08       5.68796E-01       2.90797E-06       2.84348E-06
       5.12500E-06       5.15000E-06       5.13750E-06       2.50001E-08       1.42200E-08       5.68796E-01       2.92219E-06       2.85770E-06
       5.15000E-06       5.17500E-06       5.16250E-06       2.50001E-08       1.42200E-08       5.68796E-01       2.93641E-06       2.87192E-06
       5.17500E-06       5.20000E-06       5.18750E-06       2.49996E-08       1.42200E-08       5.68807E-01       2.95069E-06       2.88614E-06
       5.20000E-06       5.22500E-06       5.21250E-06       2.50001E-08       1.42200E-08       5.68796E-01       2.96485E-06       2.90036E-06
       5.22500E-06       5.25000E-06       5.23750E-06       2.50001E-08       1.42200E-08       5.68796E-01       2.97907E-06       2.91458E-06
       5.25000E-06       5.27500E-06       5.26250E-06       2.50001E-08       1.42200E-08       5.68796E-01       2.99329E-06       2.92880E-06
       5.27500E-06       5.30000E-06       5.28750E-06       2.50001E-08       1.42200E-08       5.68796E-01       3.00751E-06       2.94302E-06
       5.30000E-06       5.32500E-06       5.31250E-06       2.49996E-08       1.42200E-08       5.68807E-01       3.02179E-06       2.95724E-06
       5.32500E-06       5.35000E-06       5.33750E-06       2.50001E-08       1.42200E-08       5.68796E-01       3.03595E-06       2.97146E-06
       5.35000E-06       5.37500E-06       5.36250E-06       2.50001E-08       1.42200E-08       5.68796E-01       3.05017E-06       2.98568E-06
       5.37500E-06       5.40000E-06       5.38750E-06       2.50001E-08       1.42200E-08       5.68796E-01       3.06439E-06       2.99990E-06
       5.40000E-06       5.42500E-06       5.41250E-06       2.50001E-08       1.42200E-08       5.68796E-01       3.07861E-06       3.01412E-06
       5.42500E-06       5.45000E-06       5.43750E-06       2.49996E-08       1.42200E-08       5.68807E-01       3.09289E-06       3.02834E-06
       5.45000E-06       5.47500E-06       5.46250E-06       2.50001E-08       1.42200E-08       5.68796E-01       3.10705E-06       3.04256E-06
       5.47500E-06       5.50000E-06       5.48750E-06       2.50001E-08       1.42200E-08       5.68796E-01       3.12127E-06       3.05678E-06
       5.50000E-06       5.52500E-06       5.51250E-06       2.50001E-08       1.42200E-08       5.68796E-01       3.13549E-06       3.07100E-06
       5.52500E-06       5.55000E-06       5.53750E-06       2.50001E-08       1.42200E-08       5.68796E-01       3.14971E-06       3.08522E-06
       5.55000E-06       5.57500E-06       5.56250E-06       2.49996E-08       1.42200E-08       5.68807E-01       3.16399E-06       3.09944E-06
       5.57500E-06       5.60000E-06       5.58750E-06       2.50001E-08       1.42200E-08       5.68796E-01       3.17815E-06       3.11366E-06
       5.60000E-06       5.62500E-06       5.61250E-06       2.50001E-08       1.42200E-08       5.68796E-01       3.19237E-06       3.12788E-06
       5.62500E-06       5.65000E-06       5.63750E-06       2.50001E-08       1.42200E-08       5.68796E-01       3.20659E-06       3.14210E-06
       5.65000E-06       5.67500E-06       5.66250E-06       2.50001E-08       1.42200E-08       5.68796E-01       3.22081E-06       3.15632E-06
       5.67500E-06       5.70000E-06       5.68750E-06       2.49996E-08       1.42200E-08       5.68807E-01       3.23509E-06       3.17054E-06
       5.70000E-06       5.72500E-06       5.71250E-06       2.50001E-08       1.42200E-08       5.68796E-01       3.24925E-06       3.18476E-06
       5.72500E-06       5.75000E-06       5.73750E-06       2.50001E-08       1.42200E-08       5.68796E-01       3.26347E-06       3.19898E-06
       5.75000E-06       5.77500E-06       5.76250E-06       2.50001E-08       1.42200E-08       5.68796E-01       3.27769E-06       3.21320E-06
       5.77500E-06       5.80000E-06       5.78750E-06       2.50001E-08       1.42200E-08       5.68796E-01       3.29191E-06       3.22742E-06
       5.80000E-06       5.82500E-06       5.81250E-06       2.49996E-08       1.42200E-08       5.68807E-01       3.30619E-06       3.24164E-06
       5.82500E-06       5.85000E-06       5.83750E-06       2.50001E-08       1.42200E-08       5.68796E-01       3.32035E-06       3.25586E-06
       5.85000E-06       5.87500E-06       5.86250E-06       2.50001E-08       1.42200E-08       5.68796E-01       3.33457E-06       3.27008E-06
       5.87500E-06       5.90000E-06       5.88750E-06       2.50001E-08       1.42200E-08       5.68796E-01       3.34879E-06       3.28430E-06
       5.90000E-06       5.92500E-06       5.91250E-06       2.50001E-08       1.42200E-08       5.68796E-01       3.36301E-06       3.29852E-06
       5.92500E-06       5.95000E-06       5.93750E-06       2.49996E-08       1.42200E-08       5.68807E-01       3.37729E-06       3.31274E-06
       5.95000E-06       5.97500E-06       5.96250E-06       2.50001E-08       1.42200E-08       5.68796E-01       3.39145E-06       3.32696E-06
       5.97500E-06       6.00000E-06       5.98750E-06       2.50001E-08       1.42200E-08       5.68796E-01       3.40567E-06       3.34118E-06
       6.00000E-06       6.02500E-06       6.01250E-06       2.50001E-08       1.42200E-08       5.68796E-01       3.41989E-06       3.35540E-06
       6.02500E-06       6.05000E-06       6.03750E-06       2.50001E-08       1.42200E-08       5.68796E-01       3.43411E-06       3.36962E-06
       6.05000E-06       6.07500E-06       6.06250E-06       2.49996E-08       1.42200E-08       5.68807E-01       3.44839E-06       3.38384E-06
       6.07500E-06       6.10000E-06       6.08750E-06       2.50001E-08       1.42200E-08       5.68796E-01       3.46254E-06       3.39806E-06
       6.10000E-06       6.12500E-06       6.11250E-06       2.50001E-08       1.42200E-08       5.68796E-01       3.47676E-06       3.41228E-06
       6.12500E-06       6.15000E-06       6.13750E-06       2.50001E-08       1.42200E-08       5.68796E-01       3.49098E-06       3.42650E-06
       6.15000E-06       6.17500E-06       6.16250E-06       2.50001E-08       1.42200E-08       5.68796E-01       3.50520E-06       3.44072E-06
       6.17500E-06       6.20000E-06       6.18750E-06       2.49996E-08       1.42200E-08       5.68807E-01       3.51949E-06       3.45494E-06
       6.20000E-06       6.22500E-06       6.21250E-06       2.50001E-08       1.42200E-08       5.68796E-01       3.53364E-06       3.46916E-06
       6.22500E-06       6.25000E-06       6.23750E-06       2.50001E-08       1.42200E-08       5.68796E-01       3.54786E-06       3.48338E-06
       6.25000E-06       6.27500E-06       6.26250E-06       2.50001E-08       1.42200E-08       5.68796E-01       3.56208E-06       3.49760E-06
       6.27500E-06       6.30000E-06       6.28750E-06       2.50001E-08       1.42200E-08       5.68796E-01       3.57630E-06       3.51182E-06
       6.30000E-06       6.32500E-06       6.31250E-06       2.49996E-08       1.42200E-08       5.68807E-01       3.59059E-06       3.52604E-06
       6.32500E-06       6.35000E-06       6.33750E-06       2.50001E-08       1.42200E-08       5.68796E-01       3.60474E-06       3.54026E-06
       6.35000E-06       6.37500E-06       6.36250E-06       2.50001E-08       1.42200E-08       5.68796E-01       3.61896E-06       3.55448E-06
       6.37500E-06       6.40000E-06       6.38750E-06       2.50001E-08       1.42200E-08       5.68796E-01       3.63318E-06       3.56870E-06
       6.40000E-06       6.42500E-06       6.41250E-06       2.50001E-08       1.42200E-08       5.68796E-01       3.64740E-06       3.58292E-06
       6.42500E-06       6.45000E-06       6.43750E-06       2.49996E-08       1.42200E-08       5.68807E-01       3.66169E-06       3.59714E-06
       6.45000E-06       6.47500E-06       6.46250E-06       2.50001E-08       1.42200E-08       5.68796E-01       3.67584E-06       3.61136E-06
       6.47500E-06       6.50000E-06       6.48750E-06       2.50001E-08       1.42200E-08       5.68796E-01       3.69006E-06       3.62558E-06
       6.50000E-06       6.52500E-06       6.51250E-06       2.50001E-08       1.42200E-08       5.68796E-01       3.70428E-06       3.63980E-06
       6.52500E-06       6.55000E-06       6.53750E-06       2.50001E-08       1.42200E-08       5.68796E-01       3.71850E-06       3.65402E-06
       6.55000E-06       6.57500E-06       6.56250E-06       2.49996E-08       1.42200E-08       5.68807E-01       3.73279E-06       3.66824E-06
       6.57500E-06       6.60000E-06       6.58750E-06       2.50001E-08       1.42200E-08       5.68796E-01       3.74694E-06       3.68246E-06
       6.60000E-06       6.62500E-06       6.61250E-06       2.50001E-08       1.42200E-08       5.68796E-01       3.76116E-06       3.69668E-06
       6.62500E-06       6.65000E-06       6.63750E-06       2.50001E-08       1.42200E-08       5.68796E-01       3.77538E-06       3.71090E-06
       6.65000E-06       6.67500E-06       6.66250E-06       2.50001E-08       1.42200E-08       5.68796E-01       3.78960E-06       3.72512E-06
       6.67500E-06       6.70000E-06       6.68750E-06       2.49996E-08       1.42200E-08       5.68807E-01       3.80389E-06       3.73934E-06
       6.70000E-06       6.72500E-06       6.71250E-06       2.50001E-08       1.42200E-08       5.68796E-01       3.81804E-06       3.75356E-06
       6.72500E-06       6.75000E-06       6.73750E-06       2.50001E-08       1.42200E-08       5.68796E-01       3.83226E-06       3.76778E-06
       6.75000E-06       6.77500E-06       6.76250E-06       2.50001E-08       1.42200E-08       5.68796E-01       3.84648E-06       3.78200E-06
       6.77500E-06       6.80000E-06       6.78750E-06       2.50001E-08       1.42200E-08       5.68796E-01       3.86070E-06       3.79622E-06
       6.80000E-06       6.82500E-06       6.81250E-06       2.49996E-08       1.42200E-08       5.68807E-01       3.87500E-06       3.81044E-06
       6.82500E-06       6.85000E-06       6.83750E-06       2.50001E-08       1.42200E-08       5.68796E-01       3.88914E-06       3.82466E-06
       6.85000E-06       6.87500E-06       6.86250E-06       2.50001E-08       1.42200E-08       5.68796E-01       3.90336E-06       3.83888E-06
       6.87500E-06       6.90000E-06       6.88750E-06       2.50001E-08       1.42200E-08       5.68796E-01       3.91758E-06       3.85310E-06
       6.90000E-06       6.92500E-06       6.91250E-06       2.50001E-08       1.42200E-08       5.68796E-01       3.93180E-06       3.86732E-06
       6.92500E-06       6.95000E-06       6.93750E-06       2.49996E-08       1.42200E-08       5.68807E-01       3.94610E-06       3.88154E-06
       6.95000E-06       6.97500E-06       6.96250E-06       2.50001E-08       1.42200E-08       5.68796E-01       3.96024E-06       3.89576E-06
       6.97500E-06       7.00000E-06       6.98750E-06       2.50001E-08       1.42200E-08       5.68796E-01       3.97446E-06       3.90998E-06
       7.00000E-06       7.02500E-06       7.01250E-06       2.50001E-08       1.42200E-08       5.68796E-01       3.98868E-06       3.92420E-06
       7.02500E-06       7.05000E-06       7.03750E-06       2.50001E-08       1.42200E-08       5.68796E-01       4.00290E-06       3.93842E-06
       7.05000E-06       7.07500E-06       7.06250E-06       2.49996E-08       1.42200E-08       5.68807E-01       4.01720E-06       3.95264E-06
       7.07500E-06       7.10000E-06       7.08750E-06       2.50001E-08       1.42200E-08       5.68796E-01       4.03134E-06       3.96686E-06
       7.10000E-06       7.12500E-06       7.11250E-06       2.50001E-08       1.42200E-08       5.68796E-01       4.04556E-06       3.98108E-06
       7.12500E-06       7.15000E-06       7.13750E-06       2.50001E-08       1.42200E-08       5.68796E-01       4.05978E-06       3.99530E-06
       7.15000E-06       7.17500E-06       7.16250E-06       2.50001E-08       1.42200E-08       5.68796E-01       4.07400E-06       4.00952E-06
       7.17500E-06       7.20000E-06       7.18750E-06       2.49996E-08       1.42200E-08       5.68807E-01       4.08830E-06       4.02374E-06
       7.20000E-06       7.22500E-06       7.21250E-06       2.50001E-08       1.42200E-08       5.68796E-01       4.10244E-06       4.03796E-06
       7.22500E-06       7.25000E-06       7.23750E-06       2.50001E-08       1.42200E-08       5.68796E-01       4.11666E-06       4.05218E-06
       7.25000E-06       7.27500E-06       7.26250E-06       2.50001E-08       1.42200E-08       5.68796E-01       4.13088E-06       4.06640E-06
       7.27500E-06       7.30000E-06       7.28750E-06       2.50001E-08       1.42200E-08       5.68796E-01       4.14510E-06       4.08062E-06
       7.30000E-06       7.32500E-06       7.31250E-06       2.49996E-08       1.42200E-08       5.68807E-01       4.15940E-06       4.09484E-06
       7.32500E-06       7.35000E-06       7.33750E-06       2.50001E-08       1.42200E-08       5.68796E-01       4.17354E-06       4.10906E-06
       7.35000E-06       7.37500E-06       7.36250E-06       2.50001E-08       1.42200E-08       5.68796E-01       4.18776E-06       4.12328E-06
       7.37500E-06       7.40000E-06       7.38750E-06       2.50001E-08       1.42200E-08       5.68796E-01       4.20198E-06       4.13750E-06
       7.40000E-06       7.42500E-06       7.41250E-06       2.50001E-08       1.42200E-08       5.68796E-01       4.21620E-06       4.15172E-06
       7.42500E-06       7.45000E-06       7.43750E-06       2.49996E-08       1.42200E-08       5.68807E-01       4.23050E-06       4.16594E-06
       7.45000E-06       7.47500E-06       7.46250E-06       2.50001E-08       1.42200E-08       5.68796E-01       4.24464E-06       4.18016E-06
       7.47500E-06       7.50000E-06       7.48750E-06       2.50001E-08       1.42200E-08       5.68796E-01       4.25886E-06       4.19438E-06
       7.50000E-06       7.52500E-06       7.51250E-06       2.50001E-08       1.42200E-08       5.68796E-01       4.27308E-06       4.20860E-06
       7.52500E-06       7.55000E-06       7.53750E-06       2.50001E-08       1.42200E-08       5.68796E-01       4.28730E-06       4.22282E-06
       7.55000E-06       7.57500E-06       7.56250E-06       2.49996E-08       1.42200E-08       5.68807E-01       4.30160E-06       4.23704E-06
       7.57500E-06       7.60000E-06       7.58750E-06       2.50001E-08       1.42200E-08       5.68796E-01       4.31574E-06       4.25126E-06
       7.60000E-06       7.62500E-06       7.61250E-06       2.50001E-08       1.42200E-08       5.68796E-01       4.32996E-06       4.26548E-06
       7.62500E-06       7.65000E-06       7.63750E-06       2.50001E-08       1.42200E-08       5.68796E-01       4.34418E-06       4.27970E-06
       7.65000E-06       7.67500E-06       7.66250E-06       2.50001E-08       1.42200E-08       5.68796E-01       4.35840E-06       4.29392E-06
       7.67500E-06       7.70000E-06       7.68750E-06       2.49996E-08       1.42200E-08       5.68807E-01       4.37270E-06       4.30814E-06
       7.70000E-06       7.72500E-06       7.71250E-06       2.50001E-08       1.42200E-08       5.68796E-01       4.38684E-06       4.32236E-06
       7.72500E-06       7.75000E-06       7.73750E-06       2.50001E-08       1.42200E-08       5.68796E-01       4.40106E-06       4.33658E-06
       7.75000E-06       7.77500E-06       7.76250E-06       2.50001E-08       1.42200E-08       5.68796E-01       4.41528E-06       4.35080E-06
       7.77500E-06       7.80000E-06       7.78750E-06       2.50001E-08       1.42200E-08       5.68796E-01       4.42950E-06       4.36502E-06
       7.80000E-06       7.82500E-06       7.81250E-06       2.49996E-08       1.42200E-08       5.68807E-01       4.44380E-06       4.37924E-06
       7.82500E-06       7.85000E-06       7.83750E-06       2.50001E-08       1.42200E-08       5.68796E-01       4.45794E-06       4.39346E-06
       7.85000E-06       7.87500E-06       7.86250E-06       2.50001E-08       1.42200E-08       5.68796E-01       4.47216E-06       4.40768E-06
       7.87500E-06       7.90000E-06       7.88750E-06       2.50001E-08       1.42200E-08       5.68796E-01       4.48638E-06       4.42190E-06
       7.90000E-06       7.92500E-06       7.91250E-06       2.50001E-08       1.42200E-08       5.68796E-01       4.50060E-06       4.43612E-06
       7.92500E-06       7.95000E-06       7.93750E-06       2.49996E-08       1.42200E-08       5.68807E-01       4.51490E-06       4.45034E-06
       7.95000E-06       7.97500E-06       7.96250E-06       2.50001E-08       1.42200E-08       5.68796E-01       4.52904E-06       4.46456E-06
       7.97500E-06       8.00000E-06       7.98750E-06       2.50001E-08       1.42200E-08       5.68796E-01       4.54326E-06       4.47878E-06
       8.00000E-06       8.02500E-06       8.01250E-06       2.49996E-08       1.42200E-08       5.68807E-01       4.55756E-06       4.49300E-06
       8.02500E-06       8.05000E-06       8.03750E-06       2.50006E-08       1.42200E-08       5.68785E-01       4.57161E-06       4.50722E-06
       8.05000E-06       8.07500E-06       8.06250E-06       2.49996E-08       1.42200E-08       5.68807E-01       4.58600E-06       4.52144E-06
       8.07500E-06       8.10000E-06       8.08750E-06       2.50006E-08       1.42200E-08       5.68785E-01       4.60005E-06       4.53566E-06
       8.10000E-06       8.12500E-06       8.11250E-06       2.49996E-08       1.42200E-08       5.68807E-01       4.61444E-06       4.54988E-06
       8.12500E-06       8.15000E-06       8.13750E-06       2.49996E-08       1.42200E-08       5.68807E-01       4.62866E-06       4.56410E-06
       8.15000E-06       8.17500E-06       8.16250E-06       2.50006E-08       1.42200E-08       5.68785E-01       4.64271E-06       4.57832E-06
       8.17500E-06       8.20000E-06       8.18750E-06       2.49996E-08       1.42200E-08       5.68807E-01       4.65711E-06       4.59254E-06
       8.20000E-06       8.22500E-06       8.21250E-06       2.50006E-08       1.42200E-08       5.68785E-01       4.67115E-06       4.60676E-06
       8.22500E-06       8.25000E-06       8.23750E-06       2.49996E-08       1.42200E-08       5.68807E-01       4.68555E-06       4.62098E-06
       8.25000E-06       8.27500E-06       8.26250E-06       2.49996E-08       1.42200E-08       5.68807E-01       4.69977E-06       4.63520E-06
       8.27500E-06       8.30000E-06       8.28750E-06       2.50006E-08       1.42200E-08       5.68785E-01       4.71381E-06       4.64942E-06
       8.30000E-06       8.32500E-06       8.31250E-06       2.49996E-08       1.42200E-08       5.68807E-01       4.72821E-06       4.66364E-06
       8.32500E-06       8.35000E-06       8.33750E-06       2.50006E-08       1.42200E-08       5.68785E-01       4.74224E-06       4.67786E-06
       8.35000E-06       8.37500E-06       8.36250E-06       2.49996E-08       1.42200E-08       5.68807E-01       4.75665E-06       4.69208E-06
       8.37500E-06       8.40000E-06       8.38750E-06       2.49996E-08       1.42200E-08       5.68807E-01       4.77087E-06       4.70630E-06
       8.40000E-06       8.42500E-06       8.41250E-06       2.50006E-08       1.42200E-08       5.68785E-01       4.78490E-06       4.72052E-06
       8.42500E-06       8.45000E-06       8.43750E-06       2.49996E-08       1.42200E-08       5.68807E-01       4.79931E-06       4.73474E-06
       8.45000E-06       8.47500E-06       8.46250E-06       2.50006E-08       1.42200E-08       5.68785E-01       4.81334E-06       4.74896E-06
       8.47500E-06       8.50000E-06       8.48750E-06       2.49996E-08       1.42200E-08       5.68807E-01       4.82775E-06       4.76318E-06
       8.50000E-06       8.52500E-06       8.51250E-06       2.49996E-08       1.42200E-08       5.68807E-01       4.84197E-06       4.77740E-06
       8.52500E-06       8.55000E-06       8.53750E-06       2.50006E-08       1.42200E-08       5.68785E-01       4.85600E-06       4.79162E-06
       8.55000E-06       8.57500E-06       8.56250E-06       2.49996E-08       1.42200E-08       5.68807E-01       4.87041E-06       4.80584E-06
       8.57500E-06       8.60000E-06       8.58750E-06       2.50006E-08       1.42200E-08       5.68785E-01       4.88444E-06       4.82005E-06
       8.60000E-06       8.62500E-06       8.61250E-06       2.49996E-08       1.42200E-08       5.68807E-01       4.89885E-06       4.83427E-06
       8.62500E-06       8.65000E-06       8.63750E-06       2.49996E-08       1.42200E-08       5.68807E-01       4.91307E-06       4.84849E-06
       8.65000E-06       8.67500E-06       8.66250E-06       2.50006E-08       1.42200E-08       5.68785E-01       4.92710E-06       4.86271E-06
       8.67500E-06       8.70000E-06       8.68750E-06       2.49996E-08       1.42200E-08       5.68807E-01       4.94151E-06       4.87693E-06
       8.70000E-06       8.72500E-06       8.71250E-06       2.50006E-08       1.42200E-08       5.68785E-01       4.95554E-06       4.89115E-06
       8.72500E-06       8.75000E-06       8.73750E-06       2.49996E-08       1.42200E-08       5.68807E-01       4.96995E-06       4.90537E-06
       8.75000E-06       8.77500E-06       8.76250E-06       2.49996E-08       1.42200E-08       5.68807E-01       4.98417E-06       4.91959E-06
       8.77500E-06       8.80000E-06       8.78750E-06       2.50006E-08       1.42200E-08       5.68785E-01       4.99820E-06       4.93381E-06
       8.80000E-06       8.82500E-06       8.81250E-06       2.49996E-08       1.42200E-08       5.68807E-01       5.01261E-06       4.94803E-06
       8.82500E-06       8.85000E-06       8.83750E-06       2.50006E-08       1.42200E-08       5.68785E-01       5.02664E-06       4.96225E-06
       8.85000E-06       8.87500E-06       8.86250E-06       2.49996E-08       1.42200E-08       5.68807E-01       5.04105E-06       4.97647E-06
       8.87500E-06       8.90000E-06       8.88750E-06       2.49996E-08       1.42200E-08       5.68807E-01       5.05527E-06       4.99069E-06
       8.90000E-06       8.92500E-06       8.91250E-06       2.50006E-08       1.42200E-08       5.68785E-01       5.06930E-06       5.00491E-06
       8.92500E-06       8.95000E-06       8.93750E-06       2.49996E-08       1.42200E-08       5.68807E-01       5.08371E-06       5.01913E-06
       8.95000E-06       8.97500E-06       8.96250E-06       2.50006E-08       1.42200E-08       5.68785E-01       5.09774E-06       5.03335E-06
       8.97500E-06       9.00000E-06       8.98750E-06       2.49996E-08       1.42200E-08       5.68807E-01       5.11215E-06       5.04757E-06
       9.00000E-06       9.02500E-06       9.01250E-06       2.49996E-08       1.42200E-08       5.68807E-01       5.12637E-06       5.06179E-06
       9.02500E-06       9.05000E-06       9.03750E-06       2.50006E-08       1.42200E-08       5.68785E-01       5.14039E-06       5.07601E-06
       9.05000E-06       9.07500E-06       9.06250E-06       2.49996E-08       1.42200E-08       5.68807E-01       5.15481E-06       5.09023E-06
       9.07500E-06       9.10000E-06       9.08750E-06       2.50006E-08       1.42200E-08       5.68785E-01       5.16883E-06       5.10445E-06
       9.10000E-06       9.12500E-06       9.11250E-06       2.49996E-08       1.42200E-08       5.68807E-01       5.18325E-06       5.11867E-06
       9.12500E-06       9.15000E-06       9.13750E-06       2.49996E-08       1.42200E-08       5.68807E-01       5.19747E-06       5.13289E-06
       9.15000E-06       9.17500E-06       9.16250E-06       2.50006E-08       1.42200E-08       5.68785E-01       5.21149E-06       5.14711E-06
       9.17500E-06       9.20000E-06       9.18750E-06       2.49996E-08       1.42200E-08       5.68807E-01       5.22591E-06       5.16133E-06
       9.20000E-06       9.22500E-06       9.21250E-06       2.50006E-08       1.42200E-08       5.68785E-01       5.23993E-06       5.17555E-06
       9.22500E-06       9.25000E-06       9.23750E-06       2.49996E-08       1.42200E-08       5.68807E-01       5.25435E-06       5.18977E-06
       9.25000E-06       9.27500E-06       9.26250E-06       2.49996E-08       1.42200E-08       5.68807E-01       5.26857E-06       5.20399E-06
       9.27500E-06       9.30000E-06       9.28750E-06       2.50006E-08       1.42200E-08       5.68785E-01       5.28259E-06       5.21821E-06
       9.30000E-06       9.32500E-06       9.31250E-06       2.49996E-08       1.42200E-08       5.68807E-01       5.29701E-06       5.23243E-06
       9.32500E-06       9.35000E-06       9.33750E-06       2.50006E-08       1.42200E-08       5.68785E-01       5.31103E-06       5.24665E-06
       9.35000E-06       9.37500E-06       9.36250E-06       2.49996E-08       1.42200E-08       5.68807E-01       5.32545E-06       5.26087E-06
       9.37500E-06       9.40000E-06       9.38750E-06       2.49996E-08       1.42200E-08       5.68807E-01       5.33967E-06       5.27509E-06
       9.40000E-06       9.42500E-06       9.41250E-06       2.50006E-08       1.42200E-08       5.68785E-01       5.35369E-06       5.28931E-06
       9.42500E-06       9.45000E-06       9.43750E-06       2.49996E-08       1.42200E-08       5.68807E-01       5.36811E-06       5.30353E-06
       9.45000E-06       9.47500E-06       9.46250E-06       2.50006E-08       1.42200E-08       5.68785E-01       5.38213E-06       5.31775E-06
       9.47500E-06       9.50000E-06       9.48750E-06       2.49996E-08       1.42200E-08       5.68807E-01       5.39655E-06       5.33197E-06
       9.50000E-06       9.52500E-06       9.51250E-06       2.49996E-08       1.42200E-08       5.68807E-01       5.41077E-06       5.34619E-06
       9.52500E-06       9.55000E-06       9.53750E-06       2.50006E-08       1.42200E-08       5.68785E-01       5.42479E-06       5.36041E-06
       9.55000E-06       9.57500E-06       9.56250E-06       2.49996E-08       1.42200E-08       5.68807E-01       5.43921E-06       5.37463E-06
       9.57500E-06       9.60000E-06       9.58750E-06       2.50006E-08       1.42200E-08       5.68785E-01       5.45323E-06       5.38885E-06
       9.60000E-06       9.62500E-06       9.61250E-06       2.49996E-08       1.42200E-08       5.68807E-01       5.46765E-06       5.40307E-06
       9.62500E-06       9.65000E-06       9.63750E-06       2.49996E-08       1.42200E-08       5.68807E-01       5.48187E-06       5.41729E-06
       9.65000E-06       9.67500E-06       9.66250E-06       2.50006E-08       1.42200E-08       5.68785E-01       5.49589E-06       5.43151E-06
       9.67500E-06       9.70000E-06       9.68750E-06       2.49996E-08       1.42200E-08       5.68807E-01       5.51032E-06       5.44573E-06
       9.70000E-06       9.72500E-06       9.71250E-06       2.50006E-08       1.42200E-08       5.68785E-01       5.52432E-06       5.45995E-06
       9.72500E-06       9.75000E-06       9.73750E-06       2.49996E-08       1.42200E-08       5.68807E-01       5.53875E-06       5.47417E-06
       9.75000E-06       9.77500E-06       9.76250E-06       2.49996E-08       1.42200E-08       5.68807E-01       5.55298E-06       5.48839E-06
       9.77500E-06       9.80000E-06       9.78750E-06       2.50006E-08       1.42200E-08       5.68785E-01       5.56698E-06       5.50261E-06
       9.80000E-06       9.82500E-06       9.81250E-06       2.49996E-08       1.42200E-08       5.68807E-01       5.58142E-06       5.51683E-06
       9.82500E-06       9.85000E-06       9.83750E-06       2.50006E-08       1.42200E-08       5.68785E-01       5.59542E-06       5.53105E-06
       9.85000E-06       9.87500E-06       9.86250E-06       2.49996E-08       1.42200E-08       5.68807E-01       5.60986E-06       5.54527E-06
       9.87500E-06       9.90000E-06       9.88750E-06       2.49996E-08       1.42200E-08       5.68807E-01       5.62408E-06       5.55949E-06
       9.90000E-06       9.92500E-06       9.91250E-06       2.50006E-08       1.42200E-08       5.68785E-01       5.63808E-06       5.57371E-06
       9.92500E-06       9.95000E-06       9.93750E-06       2.49996E-08       1.42200E-08       5.68807E-01       5.65252E-06       5.58793E-06
       9.95000E-06       9.97500E-06       9.96250E-06       2.50006E-08       1.42200E-08       5.68785E-01       5.66652E-06       5.60215E-06
       9.97500E-06       1.00000E-05       9.98750E-06       2.49996E-08       1.42200E-08       5.68807E-01       5.68096E-06       5.61637E-06
       1.00000E-05       1.04713E-05       1.02356E-05       4.71300E-07       2.68067E-07       5.68782E-01       5.82185E-06       5.88444E-06
       1.04713E-05       1.09648E-05       1.07180E-05       4.93500E-07       2.80697E-07       5.68788E-01       6.09630E-06       6.16514E-06
       1.09648E-05       1.14815E-05       1.12232E-05       5.16700E-07       2.93933E-07       5.68866E-01       6.38447E-06       6.45907E-06
       1.14815E-05       1.20226E-05       1.17521E-05       5.41101E-07       3.07775E-07       5.68795E-01       6.68451E-06       6.76684E-06
       1.20226E-05       1.25892E-05       1.23059E-05       5.66600E-07       3.22285E-07       5.68806E-01       6.99967E-06       7.08913E-06
       1.25892E-05       1.31826E-05       1.28859E-05       5.93400E-07       3.37467E-07       5.68700E-01       7.32821E-06       7.42660E-06
       1.31826E-05       1.38038E-05       1.34932E-05       6.21200E-07       3.53384E-07       5.68873E-01       7.67591E-06       7.77998E-06
       1.38038E-05       1.44544E-05       1.41291E-05       6.50600E-07       3.70046E-07       5.68776E-01       8.03630E-06       8.15003E-06
       1.44544E-05       1.51356E-05       1.47950E-05       6.81200E-07       3.87487E-07       5.68830E-01       8.41583E-06       8.53751E-06
       1.51356E-05       1.58489E-05       1.54922E-05       7.13300E-07       4.05738E-07       5.68818E-01       8.81227E-06       8.94325E-06
       1.58489E-05       1.65959E-05       1.62224E-05       7.47000E-07       4.24864E-07       5.68761E-01       9.22667E-06       9.36811E-06
       1.65959E-05       1.73780E-05       1.69869E-05       7.82101E-07       4.44866E-07       5.68809E-01       9.66233E-06       9.81298E-06
       1.73780E-05       1.81970E-05       1.77875E-05       8.19000E-07       4.65840E-07       5.68791E-01       1.01174E-05       1.02788E-05
       1.81970E-05       1.90546E-05       1.86258E-05       8.57599E-07       4.87787E-07       5.68781E-01       1.05940E-05       1.07666E-05
       1.90546E-05       1.99526E-05       1.95036E-05       8.98001E-07       5.10771E-07       5.68787E-01       1.10934E-05       1.12774E-05
       1.99526E-05       2.08930E-05       2.04228E-05       9.40399E-07       5.34857E-07       5.68755E-01       1.16156E-05       1.18122E-05
       2.08930E-05       2.18776E-05       2.13853E-05       9.84600E-07       5.60078E-07       5.68838E-01       1.21648E-05       1.23723E-05
       2.18776E-05       2.29087E-05       2.23932E-05       1.03110E-06       5.86466E-07       5.68776E-01       1.27367E-05       1.29588E-05
       2.29087E-05       2.39883E-05       2.34485E-05       1.07960E-06       6.14118E-07       5.68839E-01       1.33384E-05       1.35729E-05
       2.39883E-05       2.51189E-05       2.45536E-05       1.13060E-06       6.43034E-07       5.68755E-01       1.39650E-05       1.42159E-05
       2.51189E-05       2.63027E-05       2.57108E-05       1.18380E-06       6.73345E-07       5.68799E-01       1.46243E-05       1.48893E-05
       2.63027E-05       2.75423E-05       2.69225E-05       1.23960E-06       7.05081E-07       5.68798E-01       1.53135E-05       1.55944E-05
       2.75423E-05       2.88403E-05       2.81913E-05       1.29800E-06       7.38309E-07       5.68805E-01       1.60354E-05       1.63327E-05
       2.88403E-05       3.01995E-05       2.95199E-05       1.35920E-06       7.73126E-07       5.68810E-01       1.67912E-05       1.71058E-05
       3.01995E-05       3.16228E-05       3.09111E-05       1.42330E-06       8.09531E-07       5.68770E-01       1.75813E-05       1.79153E-05
       3.16228E-05       3.31131E-05       3.23679E-05       1.49030E-06       8.47686E-07       5.68803E-01       1.84110E-05       1.87630E-05
       3.31131E-05       3.46737E-05       3.38934E-05       1.56060E-06       8.87657E-07       5.68792E-01       1.92783E-05       1.96507E-05
       3.46737E-05       3.63078E-05       3.54907E-05       1.63410E-06       9.29475E-07       5.68799E-01       2.01871E-05       2.05801E-05
       3.63078E-05       3.80189E-05       3.71634E-05       1.71110E-06       9.73272E-07       5.68798E-01       2.11385E-05       2.15534E-05
       3.80189E-05       3.98107E-05       3.89148E-05       1.79180E-06       1.01917E-06       5.68800E-01       2.21347E-05       2.25726E-05
       3.98107E-05       4.16869E-05       4.07488E-05       1.87620E-06       1.06719E-06       5.68801E-01       2.31780E-05       2.36398E-05
       4.16869E-05       4.36516E-05       4.26692E-05       1.96470E-06       1.11750E-06       5.68788E-01       2.42698E-05       2.47573E-05
       4.36516E-05       4.57088E-05       4.46802E-05       2.05720E-06       1.17014E-06       5.68803E-01       2.54143E-05       2.59274E-05
       4.57088E-05       4.78630E-05       4.67859E-05       2.15420E-06       1.22529E-06       5.68790E-01       2.66113E-05       2.71527E-05
       4.78630E-05       5.01187E-05       4.89908E-05       2.25570E-06       1.28305E-06       5.68805E-01       2.78663E-05       2.84358E-05
       5.01187E-05       5.24808E-05       5.12998E-05       2.36210E-06       1.34351E-06       5.68778E-01       2.91782E-05       2.97793E-05
       5.24808E-05       5.49541E-05       5.37174E-05       2.47330E-06       1.40682E-06       5.68804E-01       3.05547E-05       3.11861E-05
       5.49541E-05       5.75440E-05       5.62490E-05       2.58990E-06       1.47312E-06       5.68794E-01       3.19941E-05       3.26592E-05
       5.75440E-05       6.02560E-05       5.89000E-05       2.71200E-06       1.54256E-06       5.68789E-01       3.35016E-05       3.42018E-05
       6.02560E-05       6.30957E-05       6.16758E-05       2.83970E-06       1.61527E-06       5.68817E-01       3.50823E-05       3.58170E-05
       6.30957E-05       6.60693E-05       6.45825E-05       2.97360E-06       1.69138E-06       5.68801E-01       3.67346E-05       3.75084E-05
       6.60693E-05       6.91831E-05       6.76262E-05       3.11380E-06       1.77110E-06       5.68790E-01       3.84651E-05       3.92795E-05
       6.91831E-05       7.24436E-05       7.08134E-05       3.26051E-06       1.85457E-06       5.68800E-01       4.02786E-05       4.11341E-05
       7.24436E-05       7.58578E-05       7.41507E-05       3.41420E-06       1.94197E-06       5.68793E-01       4.21764E-05       4.30761E-05
       7.58578E-05       7.94328E-05       7.76453E-05       3.57500E-06       2.03349E-06       5.68808E-01       4.41653E-05       4.51095E-05
       7.94328E-05       8.31764E-05       8.13046E-05       3.74360E-06       2.12931E-06       5.68788E-01       4.62451E-05       4.72389E-05
       8.31764E-05       8.70964E-05       8.51364E-05       3.92000E-06       2.22968E-06       5.68796E-01       4.84252E-05       4.94685E-05
       8.70964E-05       9.12011E-05       8.91488E-05       4.10471E-06       2.33474E-06       5.68797E-01       5.07075E-05       5.18033E-05
       9.12011E-05       9.54993E-05       9.33502E-05       4.29820E-06       2.44480E-06       5.68797E-01       5.30973E-05       5.42481E-05
       9.54993E-05       1.00000E-04       9.77497E-05       4.50070E-06       2.56001E-06       5.68803E-01       5.56003E-05       5.68081E-05
       1.00000E-04       1.04713E-04       1.02356E-04       4.71300E-06       2.68067E-06       5.68783E-01       5.82186E-05       5.94888E-05
       1.04713E-04       1.09648E-04       1.07181E-04       4.93501E-06       2.80697E-06       5.68788E-01       6.09629E-05       6.22957E-05
       1.09648E-04       1.14815E-04       1.12232E-04       5.16700E-06       2.93933E-06       5.68866E-01       6.38447E-05       6.52351E-05
       1.14815E-04       1.20226E-04       1.17520E-04       5.41100E-06       3.07775E-06       5.68796E-01       6.68452E-05       6.83128E-05
       1.20226E-04       1.25892E-04       1.23059E-04       5.66600E-06       3.22285E-06       5.68806E-01       6.99967E-05       7.15357E-05
       1.25892E-04       1.31826E-04       1.28859E-04       5.93401E-06       3.37479E-06       5.68721E-01       7.32848E-05       7.49105E-05
       1.31826E-04       1.38038E-04       1.34932E-04       6.21199E-06       3.53377E-06       5.68863E-01       7.67578E-05       7.84442E-05
       1.38038E-04       1.44544E-04       1.41291E-04       6.50601E-06       3.70036E-06       5.68761E-01       8.03608E-05       8.21446E-05
       1.44544E-04       1.51356E-04       1.47950E-04       6.81200E-06       3.87471E-06       5.68806E-01       8.41549E-05       8.60193E-05
       1.51356E-04       1.58489E-04       1.54922E-04       7.13300E-06       4.05735E-06       5.68814E-01       8.81220E-05       9.00766E-05
       1.58489E-04       1.65959E-04       1.62224E-04       7.47000E-06       4.24858E-06       5.68752E-01       9.22652E-05       9.43252E-05
       1.65959E-04       1.73780E-04       1.69870E-04       7.82100E-06       4.44879E-06       5.68826E-01       9.66262E-05       9.87740E-05
       1.73780E-04       1.81970E-04       1.77875E-04       8.19000E-06       4.65846E-06       5.68799E-01       1.01175E-04       1.03432E-04
       1.81970E-04       1.90546E-04       1.86258E-04       8.57600E-06       4.87800E-06       5.68796E-01       1.05943E-04       1.08310E-04
       1.90546E-04       1.99526E-04       1.95036E-04       8.98000E-06       5.10787E-06       5.68805E-01       1.10937E-04       1.13418E-04
       1.99526E-04       2.08930E-04       2.04228E-04       9.40399E-06       5.34863E-06       5.68762E-01       1.16157E-04       1.18767E-04
       2.08930E-04       2.18776E-04       2.13853E-04       9.84601E-06       5.60071E-06       5.68831E-01       1.21646E-04       1.24368E-04
       2.18776E-04       2.29087E-04       2.23932E-04       1.03110E-05       5.86466E-06       5.68776E-01       1.27367E-04       1.30232E-04
       2.29087E-04       2.39883E-04       2.34485E-04       1.07960E-05       6.14102E-06       5.68824E-01       1.33381E-04       1.36373E-04
       2.39883E-04       2.51189E-04       2.45536E-04       1.13060E-05       6.43044E-06       5.68763E-01       1.39652E-04       1.42804E-04
       2.51189E-04       2.63027E-04       2.57108E-04       1.18380E-05       6.73354E-06       5.68807E-01       1.46245E-04       1.49537E-04
       2.63027E-04       2.75423E-04       2.69225E-04       1.23960E-05       7.05088E-06       5.68803E-01       1.53136E-04       1.56588E-04
       2.75423E-04       2.88403E-04       2.81913E-04       1.29800E-05       7.38316E-06       5.68810E-01       1.60355E-04       1.63971E-04
       2.88403E-04       3.01995E-04       2.95199E-04       1.35920E-05       7.73110E-06       5.68798E-01       1.67909E-04       1.71702E-04
       3.01995E-04       3.16228E-04       3.09111E-04       1.42330E-05       8.09547E-06       5.68781E-01       1.75817E-04       1.79798E-04
       3.16228E-04       3.31131E-04       3.23680E-04       1.49030E-05       8.47696E-06       5.68808E-01       1.84112E-04       1.88275E-04
       3.31131E-04       3.46737E-04       3.38934E-04       1.56060E-05       8.87654E-06       5.68790E-01       1.92782E-04       1.97151E-04
       3.46737E-04       3.63078E-04       3.54908E-04       1.63410E-05       9.29482E-06       5.68803E-01       2.01873E-04       2.06446E-04
       3.63078E-04       3.80189E-04       3.71634E-04       1.71110E-05       9.73288E-06       5.68808E-01       2.11388E-04       2.16179E-04
       3.80189E-04       3.98107E-04       3.89148E-04       1.79180E-05       1.01916E-05       5.68790E-01       2.21344E-04       2.26371E-04
       3.98107E-04       4.16869E-04       4.07488E-04       1.87620E-05       1.06719E-05       5.68803E-01       2.31781E-04       2.37043E-04
       4.16869E-04       4.36516E-04       4.26692E-04       1.96470E-05       1.11748E-05       5.68779E-01       2.42694E-04       2.48217E-04
       4.36516E-04       4.57088E-04       4.46802E-04       2.05720E-05       1.17015E-05       5.68808E-01       2.54145E-04       2.59919E-04
       4.57088E-04       4.78630E-04       4.67859E-04       2.15420E-05       1.22530E-05       5.68795E-01       2.66116E-04       2.72172E-04
       4.78630E-04       5.01187E-04       4.89909E-04       2.25570E-05       1.28304E-05       5.68801E-01       2.78660E-04       2.85002E-04
       5.01187E-04       5.24808E-04       5.12998E-04       2.36210E-05       1.34352E-05       5.68781E-01       2.91783E-04       2.98437E-04
       5.24808E-04       5.49541E-04       5.37175E-04       2.47330E-05       1.40683E-05       5.68806E-01       3.05548E-04       3.12506E-04
       5.49541E-04       5.75440E-04       5.62491E-04       2.58990E-05       1.47313E-05       5.68797E-01       3.19943E-04       3.27237E-04
       5.75440E-04       6.02560E-04       5.89000E-04       2.71200E-05       1.54256E-05       5.68792E-01       3.35018E-04       3.42663E-04
       6.02560E-04       6.30957E-04       6.16758E-04       2.83970E-05       1.61526E-05       5.68812E-01       3.50820E-04       3.58815E-04
       6.30957E-04       6.60693E-04       6.45825E-04       2.97360E-05       1.69138E-05       5.68799E-01       3.67344E-04       3.75729E-04
       6.60693E-04       6.91831E-04       6.76262E-04       3.11380E-05       1.77110E-05       5.68790E-01       3.84651E-04       3.93440E-04
       6.91831E-04       7.24436E-04       7.08133E-04       3.26050E-05       1.85456E-05       5.68798E-01       4.02785E-04       4.11986E-04
       7.24436E-04       7.58578E-04       7.41507E-04       3.41420E-05       1.94197E-05       5.68790E-01       4.21762E-04       4.31405E-04
       7.58578E-04       7.94328E-04       7.76453E-04       3.57500E-05       2.03348E-05       5.68807E-01       4.41652E-04       4.51740E-04
       7.94328E-04       8.31764E-04       8.13046E-04       3.74360E-05       2.12933E-05       5.68791E-01       4.62454E-04       4.73033E-04
       8.31764E-04       8.70964E-04       8.51364E-04       3.92000E-05       2.22967E-05       5.68794E-01       4.84251E-04       4.95330E-04
       8.70964E-04       9.12011E-04       8.91487E-04       4.10470E-05       2.33475E-05       5.68800E-01       5.07078E-04       5.18678E-04
       9.12011E-04       9.54993E-04       9.33502E-04       4.29820E-05       2.44479E-05       5.68795E-01       5.30971E-04       5.43126E-04
       9.54993E-04       1.00000E-03       9.77497E-04       4.50070E-05       2.56001E-05       5.68802E-01       5.56002E-04       5.68726E-04
       1.00000E-03       1.04713E-03       1.02356E-03       4.71300E-05       2.68069E-05       5.68786E-01       5.82189E-04       5.95533E-04
       1.04713E-03       1.09648E-03       1.07180E-03       4.93500E-05       2.80696E-05       5.68786E-01       6.09628E-04       6.23602E-04
       1.09648E-03       1.14815E-03       1.12231E-03       5.16700E-05       2.93932E-05       5.68863E-01       6.38443E-04       6.52995E-04
       1.14815E-03       1.20226E-03       1.17520E-03       5.41100E-05       3.07776E-05       5.68798E-01       6.68454E-04       6.83773E-04
       1.20226E-03       1.25892E-03       1.23059E-03       5.66600E-05       3.22286E-05       5.68807E-01       6.99968E-04       7.16002E-04
       1.25892E-03       1.31826E-03       1.28859E-03       5.93400E-05       3.37479E-05       5.68722E-01       7.32850E-04       7.49750E-04
       1.31826E-03       1.38038E-03       1.34932E-03       6.21200E-05       3.53377E-05       5.68862E-01       7.67577E-04       7.85087E-04
       1.38038E-03       1.44544E-03       1.41291E-03       6.50599E-05       3.70036E-05       5.68762E-01       8.03610E-04       8.22091E-04
       1.44544E-03       1.51356E-03       1.47950E-03       6.81201E-05       3.87471E-05       5.68805E-01       8.41547E-04       8.60838E-04
       1.51356E-03       1.58489E-03       1.54923E-03       7.13300E-05       4.05735E-05       5.68814E-01       8.81221E-04       9.01411E-04
       1.58489E-03       1.65959E-03       1.62224E-03       7.47000E-05       4.24858E-05       5.68752E-01       9.22653E-04       9.43897E-04
       1.65959E-03       1.73780E-03       1.69870E-03       7.82101E-05       4.44879E-05       5.68825E-01       9.66261E-04       9.88385E-04
       1.73780E-03       1.81970E-03       1.77875E-03       8.18999E-05       4.65846E-05       5.68800E-01       1.01175E-03       1.03497E-03
       1.81970E-03       1.90546E-03       1.86258E-03       8.57600E-05       4.87800E-05       5.68796E-01       1.05943E-03       1.08375E-03
       1.90546E-03       1.99526E-03       1.95036E-03       8.98001E-05       5.10787E-05       5.68805E-01       1.10937E-03       1.13483E-03
       1.99526E-03       2.08930E-03       2.04228E-03       9.40400E-05       5.34863E-05       5.68761E-01       1.16157E-03       1.18831E-03
       2.08930E-03       2.18776E-03       2.13853E-03       9.84600E-05       5.60071E-05       5.68831E-01       1.21646E-03       1.24432E-03
       2.18776E-03       2.29087E-03       2.23932E-03       1.03110E-04       5.86466E-05       5.68776E-01       1.27367E-03       1.30297E-03
       2.29087E-03       2.39883E-03       2.34485E-03       1.07960E-04       6.14102E-05       5.68823E-01       1.33381E-03       1.36438E-03
       2.39883E-03       2.51189E-03       2.45536E-03       1.13060E-04       6.43044E-05       5.68764E-01       1.39652E-03       1.42868E-03
       2.51189E-03       2.63027E-03       2.57108E-03       1.18380E-04       6.73354E-05       5.68807E-01       1.46245E-03       1.49602E-03
       2.63027E-03       2.75423E-03       2.69225E-03       1.23960E-04       7.05088E-05       5.68803E-01       1.53136E-03       1.56653E-03
       2.75423E-03       2.88403E-03       2.81913E-03       1.29800E-04       7.38316E-05       5.68810E-01       1.60355E-03       1.64036E-03
       2.88403E-03       3.01995E-03       2.95199E-03       1.35920E-04       7.73109E-05       5.68798E-01       1.67909E-03       1.71767E-03
       3.01995E-03       3.16228E-03       3.09112E-03       1.42330E-04       8.09547E-05       5.68781E-01       1.75817E-03       1.79862E-03
       3.16228E-03       3.31131E-03       3.23679E-03       1.49030E-04       8.47696E-05       5.68809E-01       1.84112E-03       1.88339E-03
       3.31131E-03       3.46737E-03       3.38934E-03       1.56060E-04       8.87654E-05       5.68790E-01       1.92782E-03       1.97216E-03
       3.46737E-03       3.63078E-03       3.54907E-03       1.63410E-04       9.29482E-05       5.68804E-01       2.01873E-03       2.06511E-03
       3.63078E-03       3.80189E-03       3.71633E-03       1.71110E-04       9.73288E-05       5.68809E-01       2.11388E-03       2.16244E-03
       3.80189E-03       3.98107E-03       3.89148E-03       1.79180E-04       1.01916E-04       5.68790E-01       2.21343E-03       2.26435E-03
       3.98107E-03       4.16869E-03       4.07488E-03       1.87620E-04       1.06719E-04       5.68804E-01       2.31781E-03       2.37107E-03
       4.16869E-03       4.36516E-03       4.26693E-03       1.96470E-04       1.11748E-04       5.68779E-01       2.42694E-03       2.48282E-03
       4.36516E-03       4.57088E-03       4.46802E-03       2.05720E-04       1.17015E-04       5.68809E-01       2.54145E-03       2.59983E-03
       4.57088E-03       4.78630E-03       4.67859E-03       2.15420E-04       1.22530E-04       5.68795E-01       2.66116E-03       2.72236E-03
       4.78630E-03       5.01187E-03       4.89909E-03       2.25570E-04       1.28304E-04       5.68800E-01       2.78660E-03       2.85067E-03
       5.01187E-03       5.24807E-03       5.12997E-03       2.36200E-04       1.34352E-04       5.68805E-01       2.91795E-03       2.98502E-03
       5.24807E-03       5.49541E-03       5.37174E-03       2.47340E-04       1.40683E-04       5.68783E-01       3.05536E-03       3.12570E-03
       5.49541E-03       5.75440E-03       5.62491E-03       2.58990E-04       1.47313E-04       5.68797E-01       3.19943E-03       3.27302E-03
       5.75440E-03       6.02560E-03       5.89000E-03       2.71200E-04       1.54256E-04       5.68791E-01       3.35018E-03       3.42727E-03
       6.02560E-03       6.30957E-03       6.16759E-03       2.83970E-04       1.61526E-04       5.68812E-01       3.50820E-03       3.58880E-03
       6.30957E-03       6.60693E-03       6.45825E-03       2.97360E-04       1.69138E-04       5.68799E-01       3.67344E-03       3.75794E-03
       6.60693E-03       6.91831E-03       6.76262E-03       3.11380E-04       1.77110E-04       5.68791E-01       3.84651E-03       3.93505E-03
       6.91831E-03       7.24436E-03       7.08133E-03       3.26050E-04       1.85456E-04       5.68798E-01       4.02785E-03       4.12050E-03
       7.24436E-03       7.58578E-03       7.41507E-03       3.41420E-04       1.94197E-04       5.68791E-01       4.21762E-03       4.31470E-03
       7.58578E-03       7.94328E-03       7.76453E-03       3.57500E-04       2.03348E-04       5.68807E-01       4.41652E-03       4.51805E-03
       7.94328E-03       8.31764E-03       8.13046E-03       3.74360E-04       2.12933E-04       5.68791E-01       4.62453E-03       4.73098E-03
       8.31764E-03       8.70964E-03       8.51364E-03       3.92000E-04       2.22967E-04       5.68795E-01       4.84251E-03       4.95395E-03
       8.70964E-03       9.12011E-03       8.91487E-03       4.10471E-04       2.33475E-04       5.68799E-01       5.07077E-03       5.18742E-03
       9.12011E-03       9.54993E-03       9.33502E-03       4.29819E-04       2.44479E-04       5.68796E-01       5.30972E-03       5.43190E-03
       9.54993E-03       1.00000E-02       9.77496E-03       4.50070E-04       2.56001E-04       5.68802E-01       5.56002E-03       5.68790E-03
       1.00000E-02       1.04713E-02       1.02357E-02       4.71300E-04       2.68069E-04       5.68786E-01       5.82189E-03       5.95597E-03
       1.04713E-02       1.09648E-02       1.07180E-02       4.93500E-04       2.80696E-04       5.68786E-01       6.09628E-03       6.23667E-03
       1.09648E-02       1.14815E-02       1.12232E-02       5.16700E-04       2.93932E-04       5.68863E-01       6.38444E-03       6.53060E-03
       1.14815E-02       1.20226E-02       1.17521E-02       5.41100E-04       3.07776E-04       5.68798E-01       6.68454E-03       6.83838E-03
       1.20226E-02       1.25892E-02       1.23059E-02       5.66601E-04       3.22286E-04       5.68807E-01       6.99968E-03       7.16066E-03
       1.25892E-02       1.31826E-02       1.28859E-02       5.93399E-04       3.37479E-04       5.68722E-01       7.32850E-03       7.49814E-03
       1.31826E-02       1.38038E-02       1.34932E-02       6.21200E-04       3.53377E-04       5.68862E-01       7.67577E-03       7.85152E-03
       1.38038E-02       1.44544E-02       1.41291E-02       6.50601E-04       3.70036E-04       5.68761E-01       8.03608E-03       8.22156E-03
       1.44544E-02       1.51356E-02       1.47950E-02       6.81199E-04       3.87471E-04       5.68807E-01       8.41549E-03       8.60903E-03
       1.51356E-02       1.58489E-02       1.54923E-02       7.13301E-04       4.05735E-04       5.68813E-01       8.81219E-03       9.01476E-03
       1.58489E-02       1.65959E-02       1.62224E-02       7.47000E-04       4.24858E-04       5.68752E-01       9.22652E-03       9.43962E-03
       1.65959E-02       1.73780E-02       1.69870E-02       7.82100E-04       4.44879E-04       5.68826E-01       9.66262E-03       9.88450E-03
       1.73780E-02       1.81970E-02       1.77875E-02       8.19000E-04       4.65846E-04       5.68799E-01       1.01175E-02       1.03503E-02
       1.81970E-02       1.90546E-02       1.86258E-02       8.57600E-04       4.87800E-04       5.68796E-01       1.05943E-02       1.08381E-02
       1.90546E-02       1.99526E-02       1.95036E-02       8.98000E-04       5.10787E-04       5.68805E-01       1.10937E-02       1.13489E-02
       1.99526E-02       2.08930E-02       2.04228E-02       9.40400E-04       5.34863E-04       5.68761E-01       1.16157E-02       1.18838E-02
       2.08930E-02       2.18776E-02       2.13853E-02       9.84600E-04       5.60071E-04       5.68831E-01       1.21646E-02       1.24439E-02
       2.18776E-02       2.29087E-02       2.23931E-02       1.03110E-03       5.86466E-04       5.68777E-01       1.27367E-02       1.30303E-02
       2.29087E-02       2.39883E-02       2.34485E-02       1.07960E-03       6.14102E-04       5.68822E-01       1.33380E-02       1.36444E-02
       2.39883E-02       2.51189E-02       2.45536E-02       1.13060E-03       6.43044E-04       5.68764E-01       1.39652E-02       1.42875E-02
       2.51189E-02       2.63027E-02       2.57108E-02       1.18380E-03       6.73354E-04       5.68808E-01       1.46245E-02       1.49608E-02
       2.63027E-02       2.75423E-02       2.69225E-02       1.23960E-03       7.05088E-04       5.68802E-01       1.53136E-02       1.56659E-02
       2.75423E-02       2.88403E-02       2.81913E-02       1.29800E-03       7.38316E-04       5.68810E-01       1.60355E-02       1.64042E-02
       2.88403E-02       3.01995E-02       2.95199E-02       1.35920E-03       7.73110E-04       5.68798E-01       1.67909E-02       1.71773E-02
       3.01995E-02       3.16228E-02       3.09112E-02       1.42330E-03       8.09547E-04       5.68781E-01       1.75817E-02       1.79869E-02
       3.16228E-02       3.31131E-02       3.23680E-02       1.49030E-03       8.47696E-04       5.68809E-01       1.84112E-02       1.88346E-02
       3.31131E-02       3.46737E-02       3.38934E-02       1.56060E-03       8.87654E-04       5.68791E-01       1.92783E-02       1.97222E-02
       3.46737E-02       3.63078E-02       3.54908E-02       1.63410E-03       9.29482E-04       5.68803E-01       2.01872E-02       2.06517E-02
       3.63078E-02       3.80189E-02       3.71633E-02       1.71110E-03       9.73288E-04       5.68809E-01       2.11388E-02       2.16250E-02
       3.80189E-02       3.98107E-02       3.89148E-02       1.79180E-03       1.01916E-03       5.68790E-01       2.21344E-02       2.26442E-02
       3.98107E-02       4.16869E-02       4.07488E-02       1.87620E-03       1.06719E-03       5.68803E-01       2.31781E-02       2.37114E-02
       4.16869E-02       4.36516E-02       4.26693E-02       1.96470E-03       1.11748E-03       5.68779E-01       2.42694E-02       2.48288E-02
       4.36516E-02       4.57088E-02       4.46802E-02       2.05720E-03       1.17015E-03       5.68809E-01       2.54145E-02       2.59990E-02
       4.57088E-02       4.78630E-02       4.67859E-02       2.15420E-03       1.22530E-03       5.68795E-01       2.66116E-02       2.72243E-02
       4.78630E-02       5.01187E-02       4.89908E-02       2.25570E-03       1.28304E-03       5.68801E-01       2.78660E-02       2.85073E-02
       5.01187E-02       5.24808E-02       5.12998E-02       2.36210E-03       1.34352E-03       5.68780E-01       2.91783E-02       2.98508E-02
       5.24808E-02       5.49541E-02       5.37174E-02       2.47330E-03       1.40683E-03       5.68807E-01       3.05548E-02       3.12577E-02
       5.49541E-02       5.75440E-02       5.62491E-02       2.58990E-03       1.47313E-03       5.68797E-01       3.19943E-02       3.27308E-02
       5.75440E-02       6.02560E-02       5.89000E-02       2.71200E-03       1.54256E-03       5.68791E-01       3.35018E-02       3.42734E-02
       6.02560E-02       6.30957E-02       6.16758E-02       2.83970E-03       1.61526E-03       5.68812E-01       3.50820E-02       3.58886E-02
       6.30957E-02       6.60693E-02       6.45825E-02       2.97360E-03       1.69138E-03       5.68800E-01       3.67345E-02       3.75800E-02
       6.60693E-02       6.91831E-02       6.76262E-02       3.11380E-03       1.77110E-03       5.68790E-01       3.84651E-02       3.93511E-02
       6.91831E-02       7.24436E-02       7.08134E-02       3.26050E-03       1.85456E-03       5.68798E-01       4.02785E-02       4.12057E-02
       7.24436E-02       7.58578E-02       7.41507E-02       3.41420E-03       1.94197E-03       5.68792E-01       4.21763E-02       4.31476E-02
       7.58578E-02       7.94328E-02       7.76453E-02       3.57500E-03       2.03348E-03       5.68807E-01       4.41652E-02       4.51811E-02
       7.94328E-02       8.31764E-02       8.13046E-02       3.74360E-03       2.12933E-03       5.68791E-01       4.62453E-02       4.73104E-02
       8.31764E-02       8.70964E-02       8.51364E-02       3.92000E-03       2.22967E-03       5.68795E-01       4.84251E-02       4.95401E-02
       8.70964E-02       9.12011E-02       8.91488E-02       4.10470E-03       2.43704E-03       5.93719E-01       5.29293E-02       5.19772E-02
       9.12011E-02       9.54993E-02       9.33502E-02       4.29820E-03       3.88210E-03       9.03192E-01       8.43132E-02       5.58593E-02
       9.54993E-02       1.00000E-01       9.77497E-02       4.50070E-03       4.71811E-03       1.04831E+00       1.02472E-01       6.05774E-02
       1.00000E-01       1.04713E-01       1.02357E-01       4.71300E-03       4.94053E-03       1.04828E+00       1.07298E-01       6.55179E-02
       1.04713E-01       1.09648E-01       1.07180E-01       4.93500E-03       5.17325E-03       1.04828E+00       1.12355E-01       7.06912E-02
       1.09648E-01       1.14815E-01       1.12231E-01       5.16700E-03       5.41720E-03       1.04842E+00       1.17666E-01       7.61084E-02
       1.14815E-01       1.20226E-01       1.17520E-01       5.41100E-03       5.67236E-03       1.04830E+00       1.23197E-01       8.17807E-02
       1.20226E-01       1.25892E-01       1.23059E-01       5.66600E-03       5.93977E-03       1.04832E+00       1.29005E-01       8.77205E-02
       1.25892E-01       1.31826E-01       1.28859E-01       5.93400E-03       6.21976E-03       1.04816E+00       1.35064E-01       9.39402E-02
       1.31826E-01       1.38038E-01       1.34932E-01       6.21200E-03       6.51278E-03       1.04842E+00       1.41465E-01       1.00453E-01
       1.38038E-01       1.44544E-01       1.41291E-01       6.50600E-03       6.81981E-03       1.04823E+00       1.48106E-01       1.07273E-01
       1.44544E-01       1.51356E-01       1.47950E-01       6.81200E-03       7.14113E-03       1.04832E+00       1.55098E-01       1.14414E-01
       1.51356E-01       1.58489E-01       1.54923E-01       7.13300E-03       7.47772E-03       1.04833E+00       1.62410E-01       1.21892E-01
       1.58489E-01       1.65959E-01       1.62224E-01       7.47000E-03       7.83016E-03       1.04821E+00       1.70046E-01       1.29722E-01
       1.65959E-01       1.73780E-01       1.69869E-01       7.82100E-03       8.19917E-03       1.04835E+00       1.78083E-01       1.37921E-01
       1.73780E-01       1.81970E-01       1.77875E-01       8.19000E-03       8.53174E-03       1.04173E+00       1.85297E-01       1.46453E-01
       1.81970E-01       1.90546E-01       1.86258E-01       8.57600E-03       8.07706E-03       9.41821E-01       1.75422E-01       1.54530E-01
       1.90546E-01       1.99526E-01       1.95036E-01       8.98000E-03       7.95909E-03       8.86313E-01       1.72863E-01       1.62489E-01
       1.99526E-01       2.08930E-01       2.04228E-01       9.40400E-03       8.33426E-03       8.86246E-01       1.80996E-01       1.70823E-01
       2.08930E-01       2.18776E-01       2.13853E-01       9.84600E-03       8.72706E-03       8.86356E-01       1.89550E-01       1.79550E-01
       2.18776E-01       2.29087E-01       2.23931E-01       1.03110E-02       9.13831E-03       8.86268E-01       1.98463E-01       1.88689E-01
       2.29087E-01       2.39883E-01       2.34485E-01       1.07960E-02       9.56898E-03       8.86344E-01       2.07834E-01       1.98257E-01
       2.39883E-01       2.51189E-01       2.45536E-01       1.13060E-02       1.00199E-02       8.86249E-01       2.17606E-01       2.08277E-01
       2.51189E-01       2.63027E-01       2.57108E-01       1.18380E-02       1.04922E-02       8.86317E-01       2.27879E-01       2.18770E-01
       2.63027E-01       2.75423E-01       2.69225E-01       1.23960E-02       1.09765E-02       8.85486E-01       2.38395E-01       2.29746E-01
       2.75423E-01       2.88403E-01       2.81913E-01       1.29800E-02       1.14011E-02       8.78358E-01       2.47620E-01       2.41147E-01
       2.88403E-01       3.01995E-01       2.95199E-01       1.35920E-02       1.19128E-02       8.76456E-01       2.58729E-01       2.53060E-01
       3.01995E-01       3.16228E-01       3.09112E-01       1.42330E-02       1.24742E-02       8.76431E-01       2.70915E-01       2.65534E-01
       3.16228E-01       3.31131E-01       3.23680E-01       1.49030E-02       1.30621E-02       8.76474E-01       2.83697E-01       2.78596E-01
       3.31131E-01       3.46737E-01       3.38934E-01       1.56060E-02       1.36778E-02       8.76445E-01       2.97057E-01       2.92274E-01
       3.46737E-01       3.63078E-01       3.54908E-01       1.63410E-02       1.43863E-02       8.80382E-01       3.12454E-01       3.06660E-01
       3.63078E-01       3.80189E-01       3.71633E-01       1.71110E-02       1.64155E-02       9.59355E-01       3.56528E-01       3.23076E-01
       3.80189E-01       3.98107E-01       3.89148E-01       1.79180E-02       1.81107E-02       1.01075E+00       3.93333E-01       3.41187E-01
       3.98107E-01       4.16869E-01       4.07488E-01       1.87620E-02       1.89642E-02       1.01078E+00       4.11879E-01       3.60151E-01
       4.16869E-01       4.36516E-01       4.26692E-01       1.96470E-02       1.98579E-02       1.01074E+00       4.31273E-01       3.80009E-01
       4.36516E-01       4.57088E-01       4.46802E-01       2.05720E-02       2.07340E-02       1.00788E+00       4.50321E-01       4.00743E-01
       4.57088E-01       4.78630E-01       4.67859E-01       2.15420E-02       2.10443E-02       9.76896E-01       4.57050E-01       4.21787E-01
       4.78630E-01       5.01187E-01       4.89909E-01       2.25570E-02       2.17640E-02       9.64845E-01       4.72686E-01       4.43551E-01
       5.01187E-01       5.24808E-01       5.12998E-01       2.36210E-02       2.27898E-02       9.64810E-01       4.94945E-01       4.66341E-01
       5.24808E-01       5.49541E-01       5.37174E-01       2.47330E-02       2.37877E-02       9.61780E-01       5.16643E-01       4.90129E-01
       5.49541E-01       5.75440E-01       5.62490E-01       2.58990E-02       2.41415E-02       9.32139E-01       5.24319E-01       5.14270E-01
       5.75440E-01       6.02560E-01       5.89000E-01       2.71200E-02       2.50131E-02       9.22313E-01       5.43243E-01       5.39283E-01
       6.02560E-01       6.30957E-01       6.16758E-01       2.83970E-02       2.61919E-02       9.22347E-01       5.68865E-01       5.65475E-01
       6.30957E-01       6.60693E-01       6.45825E-01       2.97360E-02       2.71842E-02       9.14184E-01       5.90403E-01       5.92659E-01
       6.60693E-01       6.91831E-01       6.76262E-01       3.11380E-02       2.82051E-02       9.05811E-01       6.12565E-01       6.20864E-01
       6.91831E-01       7.24436E-01       7.08133E-01       3.26050E-02       2.96008E-02       9.07860E-01       6.42886E-01       6.50465E-01
       7.24436E-01       7.58578E-01       7.41507E-01       3.41420E-02       3.31930E-02       9.72203E-01       7.20896E-01       6.83658E-01
       7.58578E-01       7.94328E-01       7.76453E-01       3.57500E-02       3.64986E-02       1.02094E+00       7.92711E-01       7.20157E-01
       7.94328E-01       8.31764E-01       8.13046E-01       3.74360E-02       3.72730E-02       9.95647E-01       8.09507E-01       7.57430E-01
       8.31764E-01       8.70964E-01       8.51364E-01       3.92000E-02       3.34354E-02       8.52945E-01       7.26167E-01       7.90865E-01
       8.70964E-01       9.12011E-01       8.91487E-01       4.10470E-02       3.43840E-02       8.37673E-01       7.46775E-01       8.25249E-01
       9.12011E-01       9.54993E-01       9.33502E-01       4.29820E-02       3.77625E-02       8.78566E-01       8.20143E-01       8.63012E-01
       9.54993E-01       1.00000E+00       9.77497E-01       4.50070E-02       3.99705E-02       8.88095E-01       8.68110E-01       9.02982E-01
       1.00000E+00       1.04713E+00       1.02357E+00       4.71300E-02       3.42994E-02       7.27761E-01       7.44911E-01       9.37282E-01
       1.04713E+00       1.09648E+00       1.07181E+00       4.93500E-02       3.01754E-02       6.11457E-01       6.55363E-01       9.67457E-01
       1.09648E+00       1.14815E+00       1.12231E+00       5.16700E-02       1.91487E-02       3.70596E-01       4.15926E-01       9.86606E-01
       1.14815E+00       1.20226E+00       1.17520E+00       5.41100E-02       1.21949E-02       2.25373E-01       2.64859E-01       9.98801E-01
       1.20226E+00       1.25892E+00       1.23059E+00       5.66600E-02       1.19935E-03       2.11676E-02       2.60486E-02       1.00000E+00

 Sum =                                                                         1.00000E+00
 Renormalization bin#   946 =                                                  3.08475E-04 barn        1.40000E+07        1.42000E+07        1.41000E+07
 Avg. Energy     bin#   946 =                                                  5.65982E-01 MeV         1.40000E+07        1.42000E+07
