"        MT=107 recoil spectrum "
" Initial neutron energy corresponds to the group:"
   6.60000E+00    6.80000E+00       0.00000E+00           656           879           224



          Low               High              Mid              Energy           Number             dn/de            E*dn/de          Cumulative
         Energy            Energy            Energy             Width          Fraction                               Sum   
         [MeV]             [MeV]             [MeV]              [MeV]

       6.30957E-05       6.60693E-05       6.45825E-05       2.97360E-06       0.00000E+00       0.00000E+00       0.00000E+00       0.00000E+00
       6.60693E-05       6.91831E-05       6.76262E-05       3.11380E-06       1.47162E-11       4.72612E-06       3.19609E-10       1.47162E-11
       6.91831E-05       7.24436E-05       7.08134E-05       3.26051E-06       1.56543E-11       4.80120E-06       3.39989E-10       3.03705E-11
       7.24436E-05       7.58578E-05       7.41507E-05       3.41420E-06       1.69669E-11       4.96952E-06       3.68493E-10       4.73375E-11
       7.58578E-05       7.94328E-05       7.76453E-05       3.57500E-06       1.84310E-11       5.15552E-06       4.00302E-10       6.57684E-11
       7.94328E-05       8.31764E-05       8.13046E-05       3.74360E-06       1.96061E-11       5.23725E-06       4.25812E-10       8.53746E-11
       8.31764E-05       8.70964E-05       8.51364E-05       3.92000E-06       3.53446E-11       9.01649E-06       7.67632E-10       1.20719E-10
       8.70964E-05       9.12011E-05       8.91488E-05       4.10471E-06       3.78114E-11       9.21171E-06       8.21212E-10       1.58531E-10
       9.12011E-05       9.54993E-05       9.33502E-05       4.29820E-06       4.06679E-11       9.46163E-06       8.83245E-10       1.99198E-10
       9.54993E-05       1.00000E-04       9.77497E-05       4.50070E-06       4.41303E-11       9.80520E-06       9.58455E-10       2.43329E-10
       1.00000E-04       1.04713E-04       1.02356E-04       4.71300E-06       4.72800E-11       1.00318E-05       1.02682E-09       2.90609E-10
       1.04713E-04       1.09648E-04       1.07181E-04       4.93501E-06       5.06147E-11       1.02563E-05       1.09927E-09       3.41223E-10
       1.09648E-04       1.14815E-04       1.12232E-04       5.16700E-06       5.42819E-11       1.05055E-05       1.17905E-09       3.95505E-10
       1.14815E-04       1.20226E-04       1.17520E-04       5.41100E-06       5.85310E-11       1.08170E-05       1.27122E-09       4.54036E-10
       1.20226E-04       1.25892E-04       1.23059E-04       5.66600E-06       6.27085E-11       1.10675E-05       1.36196E-09       5.16745E-10
       1.25892E-04       1.31826E-04       1.28859E-04       5.93401E-06       6.72395E-11       1.13312E-05       1.46013E-09       5.83984E-10
       1.31826E-04       1.38038E-04       1.34932E-04       6.21199E-06       7.21056E-11       1.16075E-05       1.56622E-09       6.56090E-10
       1.38038E-04       1.44544E-04       1.41291E-04       6.50601E-06       7.72017E-11       1.18662E-05       1.67659E-09       7.33292E-10
       1.44544E-04       1.51356E-04       1.47950E-04       6.81200E-06       9.64292E-11       1.41558E-05       2.09435E-09       8.29721E-10
       1.51356E-04       1.58489E-04       1.54922E-04       7.13300E-06       1.04549E-10       1.46571E-05       2.27071E-09       9.34270E-10
       1.58489E-04       1.65959E-04       1.62224E-04       7.47000E-06       1.13384E-10       1.51785E-05       2.46232E-09       1.04765E-09
       1.65959E-04       1.73780E-04       1.69870E-04       7.82100E-06       1.22970E-10       1.57231E-05       2.67087E-09       1.17062E-09
       1.73780E-04       1.81970E-04       1.77875E-04       8.19000E-06       1.33458E-10       1.62952E-05       2.89852E-09       1.30408E-09
       1.81970E-04       1.90546E-04       1.86258E-04       8.57600E-06       1.44811E-10       1.68857E-05       3.14509E-09       1.44889E-09
       1.90546E-04       1.99526E-04       1.95036E-04       8.98000E-06       1.57183E-10       1.75037E-05       3.41385E-09       1.60608E-09
       1.99526E-04       2.08930E-04       2.04228E-04       9.40399E-06       1.70686E-10       1.81504E-05       3.70682E-09       1.77676E-09
       2.08930E-04       2.18776E-04       2.13853E-04       9.84601E-06       1.85353E-10       1.88252E-05       4.02583E-09       1.96211E-09
       2.18776E-04       2.29087E-04       2.23932E-04       1.03110E-05       2.01316E-10       1.95244E-05       4.37212E-09       2.16343E-09
       2.29087E-04       2.39883E-04       2.34485E-04       1.07960E-05       2.18655E-10       2.02533E-05       4.74910E-09       2.38209E-09
       2.39883E-04       2.51189E-04       2.45536E-04       1.13060E-05       2.37578E-10       2.10134E-05       5.15955E-09       2.61966E-09
       2.51189E-04       2.63027E-04       2.57108E-04       1.18380E-05       2.58239E-10       2.18143E-05       5.60864E-09       2.87790E-09
       2.63027E-04       2.75423E-04       2.69225E-04       1.23960E-05       2.80654E-10       2.26407E-05       6.09543E-09       3.15856E-09
       2.75423E-04       2.88403E-04       2.81913E-04       1.29800E-05       3.05116E-10       2.35066E-05       6.62682E-09       3.46367E-09
       2.88403E-04       3.01995E-04       2.95199E-04       1.35920E-05       3.31735E-10       2.44067E-05       7.20483E-09       3.79541E-09
       3.01995E-04       3.16228E-04       3.09111E-04       1.42330E-05       3.60776E-10       2.53479E-05       7.83532E-09       4.15618E-09
       3.16228E-04       3.31131E-04       3.23680E-04       1.49030E-05       3.92454E-10       2.63339E-05       8.52373E-09       4.54864E-09
       3.31131E-04       3.46737E-04       3.38934E-04       1.56060E-05       4.26947E-10       2.73579E-05       9.27253E-09       4.97558E-09
       3.46737E-04       3.63078E-04       3.54908E-04       1.63410E-05       4.64576E-10       2.84301E-05       1.00901E-08       5.44016E-09
       3.63078E-04       3.80189E-04       3.71634E-04       1.71110E-05       5.05581E-10       2.95471E-05       1.09807E-08       5.94574E-09
       3.80189E-04       3.98107E-04       3.89148E-04       1.79180E-05       5.50310E-10       3.07127E-05       1.19518E-08       6.49605E-09
       3.98107E-04       4.16869E-04       4.07488E-04       1.87620E-05       5.99085E-10       3.19308E-05       1.30114E-08       7.09514E-09
       4.16869E-04       4.36516E-04       4.26692E-04       1.96470E-05       6.52298E-10       3.32009E-05       1.41666E-08       7.74743E-09
       4.36516E-04       4.57088E-04       4.46802E-04       2.05720E-05       7.10355E-10       3.45302E-05       1.54281E-08       8.45779E-09
       4.57088E-04       4.78630E-04       4.67859E-04       2.15420E-05       7.73728E-10       3.59172E-05       1.68042E-08       9.23152E-09
       4.78630E-04       5.01187E-04       4.89909E-04       2.25570E-05       8.41503E-10       3.73056E-05       1.82763E-08       1.00730E-08
       5.01187E-04       5.24808E-04       5.12998E-04       2.36210E-05       9.07399E-10       3.84150E-05       1.97068E-08       1.09804E-08
       5.24808E-04       5.49541E-04       5.37175E-04       2.47330E-05       9.77587E-10       3.95255E-05       2.12321E-08       1.19580E-08
       5.49541E-04       5.75440E-04       5.62491E-04       2.58990E-05       1.05371E-09       4.06852E-05       2.28850E-08       1.30117E-08
       5.75440E-04       6.02560E-04       5.89000E-04       2.71200E-05       1.13628E-09       4.18981E-05       2.46780E-08       1.41480E-08
       6.02560E-04       6.30957E-04       6.16758E-04       2.83970E-05       1.22594E-09       4.31716E-05       2.66264E-08       1.53739E-08
       6.30957E-04       6.60693E-04       6.45825E-04       2.97360E-05       1.32328E-09       4.45008E-05       2.87398E-08       1.66972E-08
       6.60693E-04       6.91831E-04       6.76262E-04       3.11380E-05       1.42901E-09       4.58929E-05       3.10357E-08       1.81262E-08
       6.91831E-04       7.24436E-04       7.08133E-04       3.26050E-05       1.54395E-09       4.73532E-05       3.35324E-08       1.96702E-08
       7.24436E-04       7.58578E-04       7.41507E-04       3.41420E-05       1.66883E-09       4.88790E-05       3.62441E-08       2.13390E-08
       7.58578E-04       7.94328E-04       7.76453E-04       3.57500E-05       1.80463E-09       5.04792E-05       3.91947E-08       2.31436E-08
       7.94328E-04       8.31764E-04       8.13046E-04       3.74360E-05       1.95238E-09       5.21526E-05       4.24025E-08       2.50960E-08
       8.31764E-04       8.70964E-04       8.51364E-04       3.92000E-05       2.11312E-09       5.39061E-05       4.58937E-08       2.72091E-08
       8.70964E-04       9.12011E-04       8.91487E-04       4.10470E-05       2.28810E-09       5.57435E-05       4.96946E-08       2.94972E-08
       9.12011E-04       9.54993E-04       9.33502E-04       4.29820E-05       2.47860E-09       5.76660E-05       5.38313E-08       3.19758E-08
       9.54993E-04       1.00000E-03       9.77497E-04       4.50070E-05       2.68417E-09       5.96389E-05       5.82968E-08       3.46600E-08
       1.00000E-03       1.04713E-03       1.02356E-03       4.71300E-05       2.84197E-09       6.03007E-05       6.17217E-08       3.75020E-08
       1.04713E-03       1.09648E-03       1.07180E-03       4.93500E-05       2.97601E-09       6.03042E-05       6.46343E-08       4.04780E-08
       1.09648E-03       1.14815E-03       1.12231E-03       5.16700E-05       3.11633E-09       6.03121E-05       6.76891E-08       4.35943E-08
       1.14815E-03       1.20226E-03       1.17520E-03       5.41100E-05       3.26322E-09       6.03072E-05       7.08733E-08       4.68575E-08
       1.20226E-03       1.25892E-03       1.23059E-03       5.66600E-05       3.41713E-09       6.03093E-05       7.42161E-08       5.02747E-08
       1.25892E-03       1.31826E-03       1.28859E-03       5.93400E-05       3.57829E-09       6.03015E-05       7.77039E-08       5.38530E-08
       1.31826E-03       1.38038E-03       1.34932E-03       6.21200E-05       3.74702E-09       6.03190E-05       8.13896E-08       5.76000E-08
       1.38038E-03       1.44544E-03       1.41291E-03       6.50599E-05       3.92370E-09       6.03090E-05       8.52111E-08       6.15237E-08
       1.44544E-03       1.51356E-03       1.47950E-03       6.81201E-05       4.10875E-09       6.03163E-05       8.92379E-08       6.56324E-08
       1.51356E-03       1.58489E-03       1.54923E-03       7.13300E-05       4.30250E-09       6.03182E-05       9.34465E-08       6.99349E-08
       1.58489E-03       1.65959E-03       1.62224E-03       7.47000E-05       4.50537E-09       6.03130E-05       9.78421E-08       7.44403E-08
       1.65959E-03       1.73780E-03       1.69870E-03       7.82101E-05       4.71790E-09       6.03234E-05       1.02471E-07       7.91582E-08
       1.73780E-03       1.81970E-03       1.77875E-03       8.18999E-05       4.95770E-09       6.05336E-05       1.07674E-07       8.41159E-08
       1.81970E-03       1.90546E-03       1.86258E-03       8.57600E-05       5.19501E-09       6.05761E-05       1.12828E-07       8.93109E-08
       1.90546E-03       1.99526E-03       1.95036E-03       8.98001E-05       5.44378E-09       6.06211E-05       1.18233E-07       9.47547E-08
       1.99526E-03       2.08930E-03       2.04228E-03       9.40400E-05       5.70491E-09       6.06647E-05       1.23894E-07       1.00460E-07
       2.08930E-03       2.18776E-03       2.13853E-03       9.84600E-05       5.97839E-09       6.07190E-05       1.29849E-07       1.06438E-07
       2.18776E-03       2.29087E-03       2.23932E-03       1.03110E-04       6.26510E-09       6.07612E-05       1.36064E-07       1.12703E-07
       2.29087E-03       2.39883E-03       2.34485E-03       1.07960E-04       6.56552E-09       6.08144E-05       1.42601E-07       1.19269E-07
       2.39883E-03       2.51189E-03       2.45536E-03       1.13060E-04       6.88080E-09       6.08599E-05       1.49433E-07       1.26149E-07
       2.51189E-03       2.63027E-03       2.57108E-03       1.18380E-04       7.21109E-09       6.09147E-05       1.56616E-07       1.33360E-07
       2.63027E-03       2.75423E-03       2.69225E-03       1.23960E-04       7.55731E-09       6.09657E-05       1.64135E-07       1.40918E-07
       2.75423E-03       2.88403E-03       2.81913E-03       1.29800E-04       7.92028E-09       6.10191E-05       1.72021E-07       1.48838E-07
       2.88403E-03       3.01995E-03       2.95199E-03       1.35920E-04       8.30062E-09       6.10699E-05       1.80278E-07       1.57139E-07
       3.01995E-03       3.16228E-03       3.09112E-03       1.42330E-04       8.69958E-09       6.11226E-05       1.88937E-07       1.65838E-07
       3.16228E-03       3.31131E-03       3.23679E-03       1.49030E-04       9.11770E-09       6.11803E-05       1.98028E-07       1.74956E-07
       3.31131E-03       3.46737E-03       3.38934E-03       1.56060E-04       9.55633E-09       6.12349E-05       2.07546E-07       1.84512E-07
       3.46737E-03       3.63078E-03       3.54907E-03       1.63410E-04       1.00162E-08       6.12947E-05       2.17539E-07       1.94528E-07
       3.63078E-03       3.80189E-03       3.71633E-03       1.71110E-04       1.04981E-08       6.13527E-05       2.28007E-07       2.05027E-07
       3.80189E-03       3.98107E-03       3.89148E-03       1.79180E-04       1.10033E-08       6.14090E-05       2.38972E-07       2.16030E-07
       3.98107E-03       4.16869E-03       4.07488E-03       1.87620E-04       1.15308E-08       6.14582E-05       2.50435E-07       2.27561E-07
       4.16869E-03       4.36516E-03       4.26693E-03       1.96470E-04       1.20773E-08       6.14716E-05       2.62295E-07       2.39638E-07
       4.36516E-03       4.57088E-03       4.46802E-03       2.05720E-04       1.26475E-08       6.14794E-05       2.74691E-07       2.52285E-07
       4.57088E-03       4.78630E-03       4.67859E-03       2.15420E-04       1.32446E-08       6.14829E-05       2.87653E-07       2.65530E-07
       4.78630E-03       5.01187E-03       4.89909E-03       2.25570E-04       1.38702E-08       6.14895E-05       3.01243E-07       2.79400E-07
       5.01187E-03       5.24807E-03       5.12997E-03       2.36200E-04       1.45254E-08       6.14961E-05       3.15473E-07       2.93926E-07
       5.24807E-03       5.49541E-03       5.37174E-03       2.47340E-04       1.52113E-08       6.14996E-05       3.30360E-07       3.09137E-07
       5.49541E-03       5.75440E-03       5.62491E-03       2.58990E-04       1.59299E-08       6.15077E-05       3.45975E-07       3.25067E-07
       5.75440E-03       6.02560E-03       5.89000E-03       2.71200E-04       1.68739E-08       6.22194E-05       3.66472E-07       3.41941E-07
       6.02560E-03       6.30957E-03       6.16759E-03       2.83970E-04       2.70592E-08       9.52891E-05       5.87703E-07       3.69000E-07
       6.30957E-03       6.60693E-03       6.45825E-03       2.97360E-04       5.28847E-08       1.77847E-04       1.14858E-06       4.21885E-07
       6.60693E-03       6.91831E-03       6.76262E-03       3.11380E-04       1.01923E-07       3.27328E-04       2.21360E-06       5.23808E-07
       6.91831E-03       7.24436E-03       7.08133E-03       3.26050E-04       1.69707E-07       5.20493E-04       3.68578E-06       6.93515E-07
       7.24436E-03       7.58578E-03       7.41507E-03       3.41420E-04       2.53534E-07       7.42586E-04       5.50633E-06       9.47048E-07
       7.58578E-03       7.94328E-03       7.76453E-03       3.57500E-04       3.55936E-07       9.95625E-04       7.73056E-06       1.30298E-06
       7.94328E-03       8.31764E-03       8.13046E-03       3.74360E-04       4.79784E-07       1.28161E-03       1.04201E-05       1.78277E-06
       8.31764E-03       8.70964E-03       8.51364E-03       3.92000E-04       6.28324E-07       1.60287E-03       1.36462E-05       2.41109E-06
       8.70964E-03       9.12011E-03       8.91487E-03       4.10471E-04       8.04470E-07       1.95987E-03       1.74720E-05       3.21556E-06
       9.12011E-03       9.54993E-03       9.33502E-03       4.29819E-04       9.70212E-07       2.25726E-03       2.10715E-05       4.18577E-06
       9.54993E-03       1.00000E-02       9.77496E-03       4.50070E-04       1.08081E-06       2.40143E-03       2.34739E-05       5.26659E-06
       1.00000E-02       1.04713E-02       1.02357E-02       4.71300E-04       1.13949E-06       2.41775E-03       2.47473E-05       6.40607E-06
       1.04713E-02       1.09648E-02       1.07180E-02       4.93500E-04       1.19359E-06       2.41861E-03       2.59228E-05       7.59966E-06
       1.09648E-02       1.14815E-02       1.12232E-02       5.16700E-04       1.25034E-06       2.41986E-03       2.71584E-05       8.85000E-06
       1.14815E-02       1.20226E-02       1.17521E-02       5.41100E-04       1.30974E-06       2.42052E-03       2.84460E-05       1.01597E-05
       1.20226E-02       1.25892E-02       1.23059E-02       5.66601E-04       1.37210E-06       2.42164E-03       2.98005E-05       1.15318E-05
       1.25892E-02       1.31826E-02       1.28859E-02       5.93399E-04       1.43748E-06       2.42244E-03       3.12153E-05       1.29693E-05
       1.31826E-02       1.38038E-02       1.34932E-02       6.21200E-04       1.50598E-06       2.42431E-03       3.27116E-05       1.44753E-05
       1.38038E-02       1.44544E-02       1.41291E-02       6.50601E-04       1.57783E-06       2.42519E-03       3.42658E-05       1.60531E-05
       1.44544E-02       1.51356E-02       1.47950E-02       6.81199E-04       1.65310E-06       2.42674E-03       3.59037E-05       1.77062E-05
       1.51356E-02       1.58489E-02       1.54923E-02       7.13301E-04       1.73203E-06       2.42819E-03       3.76181E-05       1.94383E-05
       1.58489E-02       1.65959E-02       1.62224E-02       7.47000E-04       1.85045E-06       2.47718E-03       4.01858E-05       2.12887E-05
       1.65959E-02       1.73780E-02       1.69870E-02       7.82100E-04       2.39562E-06       3.06307E-03       5.20322E-05       2.36843E-05
       1.73780E-02       1.81970E-02       1.77875E-02       8.19000E-04       3.21308E-06       3.92317E-03       6.97835E-05       2.68974E-05
       1.81970E-02       1.90546E-02       1.86258E-02       8.57600E-04       4.24672E-06       4.95186E-03       9.22324E-05       3.11441E-05
       1.90546E-02       1.99526E-02       1.95036E-02       8.98000E-04       5.53260E-06       6.16102E-03       1.20162E-04       3.66767E-05
       1.99526E-02       2.08930E-02       2.04228E-02       9.40400E-04       7.03152E-06       7.47716E-03       1.52704E-04       4.37082E-05
       2.08930E-02       2.18776E-02       2.13853E-02       9.84600E-04       7.69170E-06       7.81201E-03       1.67062E-04       5.13999E-05
       2.18776E-02       2.29087E-02       2.23931E-02       1.03110E-03       8.05633E-06       7.81334E-03       1.74965E-04       5.94563E-05
       2.29087E-02       2.39883E-02       2.34485E-02       1.07960E-03       8.43835E-06       7.81617E-03       1.83277E-04       6.78946E-05
       2.39883E-02       2.51189E-02       2.45536E-02       1.13060E-03       8.83859E-06       7.81761E-03       1.91951E-04       7.67332E-05
       2.51189E-02       2.63027E-02       2.57108E-02       1.18380E-03       9.25807E-06       7.82065E-03       2.01075E-04       8.59913E-05
       2.63027E-02       2.75423E-02       2.69225E-02       1.23960E-03       9.69756E-06       7.82312E-03       2.10618E-04       9.56888E-05
       2.75423E-02       2.88403E-02       2.81913E-02       1.29800E-03       1.04973E-05       8.08732E-03       2.27992E-04       1.06186E-04
       2.88403E-02       3.01995E-02       2.95199E-02       1.35920E-03       1.37150E-05       1.00905E-02       2.97871E-04       1.19901E-04
       3.01995E-02       3.16228E-02       3.09112E-02       1.42330E-03       1.82450E-05       1.28188E-02       3.96243E-04       1.38146E-04
       3.16228E-02       3.31131E-02       3.23680E-02       1.49030E-03       2.39455E-05       1.60675E-02       5.20073E-04       1.62092E-04
       3.31131E-02       3.46737E-02       3.38934E-02       1.56060E-03       2.81570E-05       1.80425E-02       6.11521E-04       1.90249E-04
       3.46737E-02       3.63078E-02       3.54908E-02       1.63410E-03       2.93980E-05       1.79903E-02       6.38490E-04       2.19647E-04
       3.63078E-02       3.80189E-02       3.71633E-02       1.71110E-03       3.06799E-05       1.79299E-02       6.66337E-04       2.50327E-04
       3.80189E-02       3.98107E-02       3.89148E-02       1.79180E-03       3.20137E-05       1.78668E-02       6.95282E-04       2.82340E-04
       3.98107E-02       4.16869E-02       4.07488E-02       1.87620E-03       3.34012E-05       1.78026E-02       7.25434E-04       3.15741E-04
       4.16869E-02       4.36516E-02       4.26693E-02       1.96470E-03       3.48443E-05       1.77351E-02       7.56745E-04       3.50586E-04
       4.36516E-02       4.57088E-02       4.46802E-02       2.05720E-03       3.63451E-05       1.76673E-02       7.89377E-04       3.86931E-04
       4.57088E-02       4.78630E-02       4.67859E-02       2.15420E-03       3.79055E-05       1.75961E-02       8.23249E-04       4.24836E-04
       4.78630E-02       5.01187E-02       4.89908E-02       2.25570E-03       3.95275E-05       1.75234E-02       8.58485E-04       4.64364E-04
       5.01187E-02       5.24808E-02       5.12998E-02       2.36210E-03       4.12134E-05       1.74478E-02       8.95066E-04       5.05577E-04
       5.24808E-02       5.49541E-02       5.37174E-02       2.47330E-03       4.29647E-05       1.73714E-02       9.33148E-04       5.48542E-04
       5.49541E-02       5.75440E-02       5.62491E-02       2.58990E-03       7.44024E-05       2.87279E-02       1.61592E-03       6.22944E-04
       5.75440E-02       6.02560E-02       5.89000E-02       2.71200E-03       1.88066E-04       6.93457E-02       4.08446E-03       8.11010E-04
       6.02560E-02       6.30957E-02       6.16758E-02       2.83970E-03       3.10638E-04       1.09391E-01       6.74679E-03       1.12165E-03
       6.30957E-02       6.60693E-02       6.45825E-02       2.97360E-03       3.39637E-04       1.14218E-01       7.37646E-03       1.46128E-03
       6.60693E-02       6.91831E-02       6.76262E-02       3.11380E-03       3.56037E-04       1.14342E-01       7.73248E-03       1.81732E-03
       6.91831E-02       7.24436E-02       7.08134E-02       3.26050E-03       3.73221E-04       1.14468E-01       8.10583E-03       2.19054E-03
       7.24436E-02       7.58578E-02       7.41507E-02       3.41420E-03       3.91226E-04       1.14588E-01       8.49679E-03       2.58177E-03
       7.58578E-02       7.94328E-02       7.76453E-02       3.57500E-03       4.10086E-04       1.14709E-01       8.90663E-03       2.99186E-03
       7.94328E-02       8.31764E-02       8.13046E-02       3.74360E-03       4.29839E-04       1.14820E-01       9.33537E-03       3.42169E-03
       8.31764E-02       8.70964E-02       8.51364E-02       3.92000E-03       4.50523E-04       1.14929E-01       9.78467E-03       3.87222E-03
       8.70964E-02       9.12011E-02       8.91488E-02       4.10470E-03       4.72180E-04       1.15034E-01       1.02551E-02       4.34440E-03
       9.12011E-02       9.54993E-02       9.33502E-02       4.29820E-03       4.94851E-04       1.15130E-01       1.07474E-02       4.83925E-03
       9.54993E-02       1.00000E-01       9.77497E-02       4.50070E-03       5.18573E-04       1.15220E-01       1.12628E-02       5.35782E-03
       1.00000E-01       1.04713E-01       1.02357E-01       4.71300E-03       5.43398E-04       1.15298E-01       1.18015E-02       5.90122E-03
       1.04713E-01       1.09648E-01       1.07180E-01       4.93500E-03       5.69344E-04       1.15369E-01       1.23653E-02       6.47056E-03
       1.09648E-01       1.14815E-01       1.12231E-01       5.16700E-03       5.96504E-04       1.15445E-01       1.29566E-02       7.06707E-03
       1.14815E-01       1.20226E-01       1.17520E-01       5.41100E-03       1.34640E-03       2.48826E-01       2.92421E-02       8.41346E-03
       1.20226E-01       1.25892E-01       1.23059E-01       5.66600E-03       2.82416E-03       4.98439E-01       6.13375E-02       1.12376E-02
       1.25892E-01       1.31826E-01       1.28859E-01       5.93400E-03       3.07356E-03       5.17957E-01       6.67434E-02       1.43112E-02
       1.31826E-01       1.38038E-01       1.34932E-01       6.21200E-03       3.23469E-03       5.20717E-01       7.02614E-02       1.75459E-02
       1.38038E-01       1.44544E-01       1.41291E-01       6.50600E-03       3.40330E-03       5.23102E-01       7.39096E-02       2.09492E-02
       1.44544E-01       1.51356E-01       1.47950E-01       6.81200E-03       3.57935E-03       5.25448E-01       7.77400E-02       2.45285E-02
       1.51356E-01       1.58489E-01       1.54923E-01       7.13300E-03       3.76312E-03       5.27565E-01       8.17317E-02       2.82916E-02
       1.58489E-01       1.65959E-01       1.62224E-01       7.47000E-03       3.95472E-03       5.29413E-01       8.58835E-02       3.22464E-02
       1.65959E-01       1.73780E-01       1.69869E-01       7.82100E-03       4.15422E-03       5.31162E-01       9.02283E-02       3.64006E-02
       1.73780E-01       1.81970E-01       1.77875E-01       8.19000E-03       4.36176E-03       5.32571E-01       9.47311E-02       4.07623E-02
       1.81970E-01       1.90546E-01       1.86258E-01       8.57600E-03       4.57745E-03       5.33751E-01       9.94155E-02       4.53398E-02
       1.90546E-01       1.99526E-01       1.95036E-01       8.98000E-03       4.80128E-03       5.34663E-01       1.04279E-01       5.01411E-02
       1.99526E-01       2.08930E-01       2.04228E-01       9.40400E-03       5.03341E-03       5.35241E-01       1.09311E-01       5.51745E-02
       2.08930E-01       2.18776E-01       2.13853E-01       9.84600E-03       5.27378E-03       5.35626E-01       1.14545E-01       6.04482E-02
       2.18776E-01       2.29087E-01       2.23931E-01       1.03110E-02       5.52236E-03       5.35579E-01       1.19933E-01       6.59706E-02
       2.29087E-01       2.39883E-01       2.34485E-01       1.07960E-02       8.03263E-03       7.44037E-01       1.74466E-01       7.40032E-02
       2.39883E-01       2.51189E-01       2.45536E-01       1.13060E-02       1.16228E-02       1.02802E+00       2.52415E-01       8.56260E-02
       2.51189E-01       2.63027E-01       2.57108E-01       1.18380E-02       1.17824E-02       9.95304E-01       2.55901E-01       9.74084E-02
       2.63027E-01       2.75423E-01       2.69225E-01       1.23960E-02       1.19477E-02       9.63838E-01       2.59489E-01       1.09356E-01
       2.75423E-01       2.88403E-01       2.81913E-01       1.29800E-02       1.21207E-02       9.33795E-01       2.63249E-01       1.21477E-01
       2.88403E-01       3.01995E-01       2.95199E-01       1.35920E-02       1.23030E-02       9.05168E-01       2.67205E-01       1.33780E-01
       3.01995E-01       3.16228E-01       3.09112E-01       1.42330E-02       1.24969E-02       8.78024E-01       2.71407E-01       1.46277E-01
       3.16228E-01       3.31131E-01       3.23680E-01       1.49030E-02       1.27042E-02       8.52457E-01       2.75923E-01       1.58981E-01
       3.31131E-01       3.46737E-01       3.38934E-01       1.56060E-02       1.29270E-02       8.28335E-01       2.80751E-01       1.71908E-01
       3.46737E-01       3.63078E-01       3.54908E-01       1.63410E-02       1.31670E-02       8.05767E-01       2.85973E-01       1.85075E-01
       3.63078E-01       3.80189E-01       3.71633E-01       1.71110E-02       1.34265E-02       7.84670E-01       2.91610E-01       1.98501E-01
       3.80189E-01       3.98107E-01       3.89148E-01       1.79180E-02       1.37072E-02       7.64994E-01       2.97696E-01       2.12209E-01
       3.98107E-01       4.16869E-01       4.07488E-01       1.87620E-02       1.40106E-02       7.46755E-01       3.04294E-01       2.26219E-01
       4.16869E-01       4.36516E-01       4.26692E-01       1.96470E-02       1.43386E-02       7.29810E-01       3.11404E-01       2.40558E-01
       4.36516E-01       4.57088E-01       4.46802E-01       2.05720E-02       1.46927E-02       7.14207E-01       3.19109E-01       2.55250E-01
       4.57088E-01       4.78630E-01       4.67859E-01       2.15420E-02       1.50741E-02       6.99755E-01       3.27387E-01       2.70325E-01
       4.78630E-01       5.01187E-01       4.89909E-01       2.25570E-02       1.54846E-02       6.86466E-01       3.36305E-01       2.85809E-01
       5.01187E-01       5.24808E-01       5.12998E-01       2.36210E-02       1.59258E-02       6.74220E-01       3.45873E-01       3.01735E-01
       5.24808E-01       5.49541E-01       5.37174E-01       2.47330E-02       1.63992E-02       6.63048E-01       3.56172E-01       3.18134E-01
       5.49541E-01       5.75440E-01       5.62490E-01       2.58990E-02       1.69072E-02       6.52813E-01       3.67201E-01       3.35041E-01
       5.75440E-01       6.02560E-01       5.89000E-01       2.71200E-02       1.74528E-02       6.43540E-01       3.79045E-01       3.52494E-01
       6.02560E-01       6.30957E-01       6.16758E-01       2.83970E-02       1.80393E-02       6.35253E-01       3.91797E-01       3.70533E-01
       6.30957E-01       6.60693E-01       6.45825E-01       2.97360E-02       1.86714E-02       6.27905E-01       4.05517E-01       3.89205E-01
       6.60693E-01       6.91831E-01       6.76262E-01       3.11380E-02       1.93547E-02       6.21579E-01       4.20350E-01       4.08560E-01
       6.91831E-01       7.24436E-01       7.08133E-01       3.26050E-02       2.00962E-02       6.16352E-01       4.36460E-01       4.28656E-01
       7.24436E-01       7.58578E-01       7.41507E-01       3.41420E-02       2.09042E-02       6.12271E-01       4.54003E-01       4.49560E-01
       7.58578E-01       7.94328E-01       7.76453E-01       3.57500E-02       2.17882E-02       6.09461E-01       4.73218E-01       4.71348E-01
       7.94328E-01       8.31764E-01       8.13046E-01       3.74360E-02       2.27588E-02       6.07938E-01       4.94281E-01       4.94107E-01
       8.31764E-01       8.70964E-01       8.51364E-01       3.92000E-02       2.38281E-02       6.07859E-01       5.17510E-01       5.17935E-01
       8.70964E-01       9.12011E-01       8.91487E-01       4.10470E-02       2.50108E-02       6.09321E-01       5.43202E-01       5.42946E-01
       9.12011E-01       9.54993E-01       9.33502E-01       4.29820E-02       2.62958E-02       6.11786E-01       5.71104E-01       5.69242E-01
       9.54993E-01       1.00000E+00       9.77497E-01       4.50070E-02       2.76782E-02       6.14976E-01       6.01137E-01       5.96920E-01
       1.00000E+00       1.04713E+00       1.02357E+00       4.71300E-02       2.92273E-02       6.20141E-01       6.34755E-01       6.26147E-01
       1.04713E+00       1.09648E+00       1.07181E+00       4.93500E-02       3.08264E-02       6.24648E-01       6.69501E-01       6.56973E-01
       1.09648E+00       1.14815E+00       1.12231E+00       5.16700E-02       3.25041E-02       6.29071E-01       7.06016E-01       6.89478E-01
       1.14815E+00       1.20226E+00       1.17520E+00       5.41100E-02       3.42545E-02       6.33054E-01       7.43968E-01       7.23732E-01
       1.20226E+00       1.25892E+00       1.23059E+00       5.66600E-02       3.60728E-02       6.36654E-01       7.83460E-01       7.59805E-01
       1.25892E+00       1.31826E+00       1.28859E+00       5.93400E-02       3.41725E-02       5.75876E-01       7.42068E-01       7.93977E-01
       1.31826E+00       1.38038E+00       1.34932E+00       6.21200E-02       3.51643E-02       5.66071E-01       7.63811E-01       8.29142E-01
       1.38038E+00       1.44544E+00       1.41291E+00       6.50600E-02       3.72910E-02       5.73179E-01       8.09850E-01       8.66433E-01
       1.44544E+00       1.51356E+00       1.47950E+00       6.81200E-02       3.50170E-02       5.14048E-01       7.60535E-01       9.01450E-01
       1.51356E+00       1.58489E+00       1.54923E+00       7.13300E-02       1.44140E-02       2.02075E-01       3.13059E-01       9.15864E-01
       1.58489E+00       1.65959E+00       1.62224E+00       7.47000E-02       1.47388E-02       1.97306E-01       3.20078E-01       9.30602E-01
       1.65959E+00       1.73780E+00       1.69869E+00       7.82100E-02       1.87021E-02       2.39126E-01       4.06202E-01       9.49304E-01
       1.73780E+00       1.81970E+00       1.77875E+00       8.19000E-02       2.64292E-02       3.22701E-01       5.74005E-01       9.75734E-01
       1.81970E+00       1.90546E+00       1.86258E+00       8.57600E-02       2.42664E-02       2.82957E-01       5.27030E-01       1.00000E+00

 Sum =                                                                         1.00000E+00
 Renormalization bin#   909 =                                                  7.13093E-02 barn        6.60000E+06        6.80000E+06        6.70000E+06
 Avg. Energy     bin#   909 =                                                  8.71897E-01 MeV         6.60000E+06        6.80000E+06
