"        MT=103 recoil spectrum "
" Initial neutron energy corresponds to the group:"
   6.40000E+00    6.60000E+00       0.00000E+00           773           856            84



          Low               High              Mid              Energy           Number             dn/de            E*dn/de          Cumulative
         Energy            Energy            Energy             Width          Fraction                               Sum   
         [MeV]             [MeV]             [MeV]              [MeV]

       1.38038E-02       1.44544E-02       1.41291E-02       6.50601E-04       0.00000E+00       0.00000E+00       0.00000E+00       0.00000E+00
       1.44544E-02       1.51356E-02       1.47950E-02       6.81199E-04       4.48785E-05       6.58817E-02       9.74719E-04       4.48785E-05
       1.51356E-02       1.58489E-02       1.54923E-02       7.13301E-04       7.20403E-04       1.00996E+00       1.56465E-02       7.65281E-04
       1.58489E-02       1.65959E-02       1.62224E-02       7.47000E-04       9.36759E-04       1.25403E+00       2.03433E-02       1.70204E-03
       1.65959E-02       1.73780E-02       1.69870E-02       7.82100E-04       9.81268E-04       1.25466E+00       2.13128E-02       2.68331E-03
       1.73780E-02       1.81970E-02       1.77875E-02       8.19000E-04       1.02791E-03       1.25508E+00       2.23247E-02       3.71121E-03
       1.81970E-02       1.90546E-02       1.86258E-02       8.57600E-04       1.07679E-03       1.25558E+00       2.33862E-02       4.78800E-03
       1.90546E-02       1.99526E-02       1.95036E-02       8.98000E-04       1.12800E-03       1.25612E+00       2.44989E-02       5.91600E-03
       1.99526E-02       2.08930E-02       2.04228E-02       9.40400E-04       1.18168E-03       1.25657E+00       2.56626E-02       7.09767E-03
       2.08930E-02       2.18776E-02       2.13853E-02       9.84600E-04       1.23792E-03       1.25728E+00       2.68874E-02       8.33560E-03
       2.18776E-02       2.29087E-02       2.23931E-02       1.03110E-03       1.29686E-03       1.25774E+00       2.81649E-02       9.63246E-03
       2.29087E-02       2.39883E-02       2.34485E-02       1.07960E-03       1.35863E-03       1.25846E+00       2.95090E-02       1.09911E-02
       2.39883E-02       2.51189E-02       2.45536E-02       1.13060E-03       1.42338E-03       1.25896E+00       3.09120E-02       1.24145E-02
       2.51189E-02       2.63027E-02       2.57108E-02       1.18380E-03       1.49127E-03       1.25973E+00       3.23886E-02       1.39057E-02
       2.63027E-02       2.75423E-02       2.69225E-02       1.23960E-03       1.56239E-03       1.26040E+00       3.39330E-02       1.54681E-02
       2.75423E-02       2.88403E-02       2.81913E-02       1.29800E-03       1.63694E-03       1.26113E+00       3.55528E-02       1.71051E-02
       2.88403E-02       3.01995E-02       2.95199E-02       1.35920E-03       1.71509E-03       1.26184E+00       3.72494E-02       1.88202E-02
       3.01995E-02       3.16228E-02       3.09112E-02       1.42330E-03       1.79700E-03       1.26256E+00       3.90272E-02       2.06172E-02
       3.16228E-02       3.31131E-02       3.23680E-02       1.49030E-03       1.88285E-03       1.26340E+00       4.08937E-02       2.25000E-02
       3.31131E-02       3.46737E-02       3.38934E-02       1.56060E-03       1.97288E-03       1.26418E+00       4.28474E-02       2.44729E-02
       3.46737E-02       3.63078E-02       3.54908E-02       1.63410E-03       2.06722E-03       1.26505E+00       4.48976E-02       2.65401E-02
       3.63078E-02       3.80189E-02       3.71633E-02       1.71110E-03       2.16615E-03       1.26594E+00       4.70466E-02       2.87063E-02
       3.80189E-02       3.98107E-02       3.89148E-02       1.79180E-03       2.26988E-03       1.26681E+00       4.92977E-02       3.09761E-02
       3.98107E-02       4.16869E-02       4.07488E-02       1.87620E-03       2.62623E-03       1.39976E+00       5.70385E-02       3.36024E-02
       4.16869E-02       4.36516E-02       4.26693E-02       1.96470E-03       3.09821E-03       1.57694E+00       6.72867E-02       3.67006E-02
       4.36516E-02       4.57088E-02       4.46802E-02       2.05720E-03       3.25353E-03       1.58154E+00       7.06633E-02       3.99541E-02
       4.57088E-02       4.78630E-02       4.67859E-02       2.15420E-03       3.40456E-03       1.58043E+00       7.39418E-02       4.33587E-02
       4.78630E-02       5.01187E-02       4.89908E-02       2.25570E-03       3.56382E-03       1.57992E+00       7.74016E-02       4.69225E-02
       5.01187E-02       5.24808E-02       5.12998E-02       2.36210E-03       3.88636E-03       1.64530E+00       8.44033E-02       5.08088E-02
       5.24808E-02       5.49541E-02       5.37174E-02       2.47330E-03       4.23211E-03       1.71112E+00       9.19170E-02       5.50410E-02
       5.49541E-02       5.75440E-02       5.62491E-02       2.58990E-03       4.43519E-03       1.71250E+00       9.63262E-02       5.94761E-02
       5.75440E-02       6.02560E-02       5.89000E-02       2.71200E-03       4.64243E-03       1.71181E+00       1.00826E-01       6.41186E-02
       6.02560E-02       6.30957E-02       6.16758E-02       2.83970E-03       4.85927E-03       1.71119E+00       1.05539E-01       6.89779E-02
       6.30957E-02       6.60693E-02       6.45825E-02       2.97360E-03       5.08615E-03       1.71044E+00       1.10464E-01       7.40640E-02
       6.60693E-02       6.91831E-02       6.76262E-02       3.11380E-03       5.35574E-03       1.72000E+00       1.16317E-01       7.94198E-02
       6.91831E-02       7.24436E-02       7.08134E-02       3.26050E-03       5.70453E-03       1.74959E+00       1.23894E-01       8.51243E-02
       7.24436E-02       7.58578E-02       7.41507E-02       3.41420E-03       6.00174E-03       1.75788E+00       1.30348E-01       9.11260E-02
       7.58578E-02       7.94328E-02       7.76453E-02       3.57500E-03       6.28079E-03       1.75687E+00       1.36412E-01       9.74068E-02
       7.94328E-02       8.31764E-02       8.13046E-02       3.74360E-03       6.57270E-03       1.75572E+00       1.42748E-01       1.03980E-01
       8.31764E-02       8.70964E-02       8.51364E-02       3.92000E-03       6.87800E-03       1.75459E+00       1.49380E-01       1.10858E-01
       8.70964E-02       9.12011E-02       8.91488E-02       4.10470E-03       7.19732E-03       1.75343E+00       1.56316E-01       1.18055E-01
       9.12011E-02       9.54993E-02       9.33502E-02       4.29820E-03       7.53135E-03       1.75221E+00       1.63569E-01       1.25586E-01
       9.54993E-02       1.00000E-01       9.77497E-02       4.50070E-03       7.88069E-03       1.75099E+00       1.71159E-01       1.33467E-01
       1.00000E-01       1.04713E-01       1.02357E-01       4.71300E-03       8.24669E-03       1.74978E+00       1.79101E-01       1.41714E-01
       1.04713E-01       1.09648E-01       1.07180E-01       4.93500E-03       8.63279E-03       1.74930E+00       1.87491E-01       1.50346E-01
       1.09648E-01       1.14815E-01       1.12231E-01       5.16700E-03       9.03388E-03       1.74838E+00       1.96223E-01       1.59380E-01
       1.14815E-01       1.20226E-01       1.17520E-01       5.41100E-03       9.45213E-03       1.74684E+00       2.05289E-01       1.68832E-01
       1.20226E-01       1.25892E-01       1.23059E-01       5.66600E-03       9.89071E-03       1.74563E+00       2.14815E-01       1.78723E-01
       1.25892E-01       1.31826E-01       1.28859E-01       5.93400E-03       1.03491E-02       1.74403E+00       2.24734E-01       1.89072E-01
       1.31826E-01       1.38038E-01       1.34932E-01       6.21200E-03       1.08280E-02       1.74307E+00       2.35196E-01       1.99900E-01
       1.38038E-01       1.44544E-01       1.41291E-01       6.50600E-03       1.13303E-02       1.74152E+00       2.46061E-01       2.11230E-01
       1.44544E-01       1.51356E-01       1.47950E-01       6.81200E-03       1.18553E-02       1.74035E+00       2.57485E-01       2.23086E-01
       1.51356E-01       1.58489E-01       1.54923E-01       7.13300E-03       1.24045E-02       1.73903E+00       2.69414E-01       2.35490E-01
       1.58489E-01       1.65959E-01       1.62224E-01       7.47000E-03       1.29787E-02       1.73744E+00       2.81854E-01       2.48469E-01
       1.65959E-01       1.73780E-01       1.69869E-01       7.82100E-03       1.35789E-02       1.73621E+00       2.94929E-01       2.62048E-01
       1.73780E-01       1.81970E-01       1.77875E-01       8.19000E-03       1.42071E-02       1.73469E+00       3.08558E-01       2.76255E-01
       1.81970E-01       1.90546E-01       1.86258E-01       8.57600E-03       1.48649E-02       1.73331E+00       3.22843E-01       2.91120E-01
       1.90546E-01       1.99526E-01       1.95036E-01       8.98000E-03       1.55535E-02       1.73201E+00       3.37804E-01       3.06673E-01
       1.99526E-01       2.08930E-01       2.04228E-01       9.40400E-03       1.62750E-02       1.73065E+00       3.53447E-01       3.22948E-01
       2.08930E-01       2.18776E-01       2.13853E-01       9.84600E-03       1.70311E-02       1.72974E+00       3.69911E-01       3.39979E-01
       2.18776E-01       2.29087E-01       2.23931E-01       1.03110E-02       1.78235E-02       1.72859E+00       3.87085E-01       3.57803E-01
       2.29087E-01       2.39883E-01       2.34485E-01       1.07960E-02       1.86547E-02       1.72792E+00       4.05172E-01       3.76457E-01
       2.39883E-01       2.51189E-01       2.45536E-01       1.13060E-02       1.95270E-02       1.72713E+00       4.24073E-01       3.95984E-01
       2.51189E-01       2.63027E-01       2.57108E-01       1.18380E-02       2.04433E-02       1.72692E+00       4.44004E-01       4.16428E-01
       2.63027E-01       2.75423E-01       2.69225E-01       1.23960E-02       2.14053E-02       1.72679E+00       4.64896E-01       4.37833E-01
       2.75423E-01       2.88403E-01       2.81913E-01       1.29800E-02       2.24164E-02       1.72699E+00       4.86861E-01       4.60249E-01
       2.88403E-01       3.01995E-01       2.95199E-01       1.35920E-02       2.34802E-02       1.72750E+00       5.09957E-01       4.83730E-01
       3.01995E-01       3.16228E-01       3.09112E-01       1.42330E-02       2.46009E-02       1.72844E+00       5.34281E-01       5.08330E-01
       3.16228E-01       3.31131E-01       3.23680E-01       1.49030E-02       2.57842E-02       1.73013E+00       5.60008E-01       5.34115E-01
       3.31131E-01       3.46737E-01       3.38934E-01       1.56060E-02       2.70329E-02       1.73221E+00       5.87106E-01       5.61147E-01
       3.46737E-01       3.63078E-01       3.54908E-01       1.63410E-02       2.83531E-02       1.73509E+00       6.15797E-01       5.89501E-01
       3.63078E-01       3.80189E-01       3.71633E-01       1.71110E-02       2.97428E-02       1.73823E+00       6.45983E-01       6.19243E-01
       3.80189E-01       3.98107E-01       3.89148E-01       1.79180E-02       3.12310E-02       1.74300E+00       6.78283E-01       6.50474E-01
       3.98107E-01       4.16869E-01       4.07488E-01       1.87620E-02       3.28106E-02       1.74878E+00       7.12608E-01       6.83285E-01
       4.16869E-01       4.36516E-01       4.26692E-01       1.96470E-02       3.41806E-02       1.73974E+00       7.42333E-01       7.17466E-01
       4.36516E-01       4.57088E-01       4.46802E-01       2.05720E-02       3.53337E-02       1.71756E+00       7.67410E-01       7.52799E-01
       4.57088E-01       4.78630E-01       4.67859E-01       2.15420E-02       3.67065E-02       1.70395E+00       7.97209E-01       7.89506E-01
       4.78630E-01       5.01187E-01       4.89909E-01       2.25570E-02       3.66746E-02       1.62586E+00       7.96525E-01       8.26180E-01
       5.01187E-01       5.24808E-01       5.12998E-01       2.36210E-02       3.47440E-02       1.47089E+00       7.54564E-01       8.60924E-01
       5.24808E-01       5.49541E-01       5.37174E-01       2.47330E-02       3.20933E-02       1.29759E+00       6.97031E-01       8.93018E-01
       5.49541E-01       5.75440E-01       5.62490E-01       2.58990E-02       3.33271E-02       1.28681E+00       7.23819E-01       9.26345E-01
       5.75440E-01       6.02560E-01       5.89000E-01       2.71200E-02       3.46166E-02       1.27642E+00       7.51813E-01       9.60961E-01
       6.02560E-01       6.30957E-01       6.16758E-01       2.83970E-02       3.31357E-02       1.16687E+00       7.19679E-01       9.94097E-01
       6.30957E-01       6.60693E-01       6.45825E-01       2.97360E-02       5.90286E-03       1.98509E-01       1.28202E-01       1.00000E+00

 Sum =                                                                         1.00000E+00
 Renormalization bin#   908 =                                                  6.02359E-02 barn        6.40000E+06        6.60000E+06        6.50000E+06
 Avg. Energy     bin#   908 =                                                  3.14115E-01 MeV         6.40000E+06        6.60000E+06
