"        MT=103 recoil spectrum "
" Initial neutron energy corresponds to the group:"
   4.57088E+00    4.78630E+00       0.00000E+00           783           846            64



          Low               High              Mid              Energy           Number             dn/de            E*dn/de          Cumulative
         Energy            Energy            Energy             Width          Fraction                               Sum   
         [MeV]             [MeV]             [MeV]              [MeV]

       2.18776E-02       2.29087E-02       2.23931E-02       1.03110E-03       0.00000E+00       0.00000E+00       0.00000E+00       0.00000E+00
       2.29087E-02       2.39883E-02       2.34485E-02       1.07960E-03       1.03249E-05       9.56363E-03       2.24253E-04       1.03249E-05
       2.39883E-02       2.51189E-02       2.45536E-02       1.13060E-03       1.26828E-03       1.12178E+00       2.75437E-02       1.27861E-03
       2.51189E-02       2.63027E-02       2.57108E-02       1.18380E-03       3.00324E-03       2.53695E+00       6.52271E-02       4.28185E-03
       2.63027E-02       2.75423E-02       2.69225E-02       1.23960E-03       3.41179E-03       2.75233E+00       7.40995E-02       7.69364E-03
       2.75423E-02       2.88403E-02       2.81913E-02       1.29800E-03       3.57257E-03       2.75237E+00       7.75928E-02       1.12662E-02
       2.88403E-02       3.01995E-02       2.95199E-02       1.35920E-03       3.74091E-03       2.75229E+00       8.12474E-02       1.50071E-02
       3.01995E-02       3.16228E-02       3.09112E-02       1.42330E-03       3.91721E-03       2.75220E+00       8.50737E-02       1.89243E-02
       3.16228E-02       3.31131E-02       3.23680E-02       1.49030E-03       4.10178E-03       2.75231E+00       8.90868E-02       2.30261E-02
       3.31131E-02       3.46737E-02       3.38934E-02       1.56060E-03       4.29509E-03       2.75221E+00       9.32817E-02       2.73212E-02
       3.46737E-02       3.63078E-02       3.54908E-02       1.63410E-03       4.49745E-03       2.75224E+00       9.76792E-02       3.18186E-02
       3.63078E-02       3.80189E-02       3.71633E-02       1.71110E-03       4.70935E-03       2.75224E+00       1.02282E-01       3.65280E-02
       3.80189E-02       3.98107E-02       3.89148E-02       1.79180E-03       4.93125E-03       2.75212E+00       1.07098E-01       4.14592E-02
       3.98107E-02       4.16869E-02       4.07488E-02       1.87620E-03       5.16356E-03       2.75214E+00       1.12146E-01       4.66228E-02
       4.16869E-02       4.36516E-02       4.26693E-02       1.96470E-03       5.40680E-03       2.75197E+00       1.17424E-01       5.20296E-02
       4.36516E-02       4.57088E-02       4.46802E-02       2.05720E-03       5.66153E-03       2.75206E+00       1.22963E-01       5.76911E-02
       4.57088E-02       4.78630E-02       4.67859E-02       2.15420E-03       5.92821E-03       2.75193E+00       1.28752E-01       6.36193E-02
       4.78630E-02       5.01187E-02       4.89908E-02       2.25570E-03       6.20741E-03       2.75188E+00       1.34817E-01       6.98268E-02
       5.01187E-02       5.24808E-02       5.12998E-02       2.36210E-03       6.49980E-03       2.75170E+00       1.41162E-01       7.63265E-02
       5.24808E-02       5.49541E-02       5.37174E-02       2.47330E-03       6.80588E-03       2.75174E+00       1.47816E-01       8.31324E-02
       5.49541E-02       5.75440E-02       5.62491E-02       2.58990E-03       7.12635E-03       2.75159E+00       1.54775E-01       9.02588E-02
       5.75440E-02       6.02560E-02       5.89000E-02       2.71200E-03       7.46191E-03       2.75144E+00       1.62060E-01       9.77207E-02
       6.02560E-02       6.30957E-02       6.16758E-02       2.83970E-03       7.81318E-03       2.75141E+00       1.69696E-01       1.05534E-01
       6.30957E-02       6.60693E-02       6.45825E-02       2.97360E-03       8.18104E-03       2.75122E+00       1.77681E-01       1.13715E-01
       6.60693E-02       6.91831E-02       6.76262E-02       3.11380E-03       8.56610E-03       2.75101E+00       1.86040E-01       1.22281E-01
       6.91831E-02       7.24436E-02       7.08134E-02       3.26050E-03       8.96921E-03       2.75087E+00       1.94798E-01       1.31250E-01
       7.24436E-02       7.58578E-02       7.41507E-02       3.41420E-03       9.39133E-03       2.75067E+00       2.03964E-01       1.40642E-01
       7.58578E-02       7.94328E-02       7.76453E-02       3.57500E-03       9.83321E-03       2.75055E+00       2.13567E-01       1.50475E-01
       7.94328E-02       8.31764E-02       8.13046E-02       3.74360E-03       1.02958E-02       2.75025E+00       2.23608E-01       1.60771E-01
       8.31764E-02       8.70964E-02       8.51364E-02       3.92000E-03       1.07805E-02       2.75012E+00       2.34135E-01       1.71551E-01
       8.70964E-02       9.12011E-02       8.91488E-02       4.10470E-03       1.12892E-02       2.75030E+00       2.45186E-01       1.82840E-01
       9.12011E-02       9.54993E-02       9.33502E-02       4.29820E-03       1.18216E-02       2.75036E+00       2.56747E-01       1.94662E-01
       9.54993E-02       1.00000E-01       9.77497E-02       4.50070E-03       1.23787E-02       2.75038E+00       2.68849E-01       2.07040E-01
       1.00000E-01       1.04713E-01       1.02357E-01       4.71300E-03       1.29617E-02       2.75020E+00       2.81500E-01       2.20002E-01
       1.04713E-01       1.09648E-01       1.07180E-01       4.93500E-03       1.35711E-02       2.74997E+00       2.94744E-01       2.33573E-01
       1.09648E-01       1.14815E-01       1.12231E-01       5.16700E-03       1.42092E-02       2.74999E+00       3.08636E-01       2.47782E-01
       1.14815E-01       1.20226E-01       1.17520E-01       5.41100E-03       1.48765E-02       2.74930E+00       3.23100E-01       2.62659E-01
       1.20226E-01       1.25892E-01       1.23059E-01       5.66600E-03       1.55757E-02       2.74898E+00       3.38286E-01       2.78235E-01
       1.25892E-01       1.31826E-01       1.28859E-01       5.93400E-03       1.63077E-02       2.74818E+00       3.54128E-01       2.94542E-01
       1.31826E-01       1.38038E-01       1.34932E-01       6.21200E-03       1.70735E-02       2.74848E+00       3.70858E-01       3.11616E-01
       1.38038E-01       1.44544E-01       1.41291E-01       6.50600E-03       1.78760E-02       2.74762E+00       3.88214E-01       3.29492E-01
       1.44544E-01       1.51356E-01       1.47950E-01       6.81200E-03       1.87158E-02       2.74747E+00       4.06488E-01       3.48208E-01
       1.51356E-01       1.58489E-01       1.54923E-01       7.13300E-03       1.95955E-02       2.74716E+00       4.25597E-01       3.67803E-01
       1.58489E-01       1.65959E-01       1.62224E-01       7.47000E-03       2.05167E-02       2.74654E+00       4.45555E-01       3.88320E-01
       1.65959E-01       1.73780E-01       1.69869E-01       7.82100E-03       2.14814E-02       2.74663E+00       4.66569E-01       4.09801E-01
       1.73780E-01       1.81970E-01       1.77875E-01       8.19000E-03       2.24918E-02       2.74625E+00       4.88490E-01       4.32293E-01
       1.81970E-01       1.90546E-01       1.86258E-01       8.57600E-03       2.35504E-02       2.74609E+00       5.11481E-01       4.55843E-01
       1.90546E-01       1.99526E-01       1.95036E-01       8.98000E-03       2.46593E-02       2.74602E+00       5.35573E-01       4.80503E-01
       1.99526E-01       2.08930E-01       2.04228E-01       9.40400E-03       2.58207E-02       2.74571E+00       5.60751E-01       5.06323E-01
       2.08930E-01       2.18776E-01       2.13853E-01       9.84600E-03       2.70364E-02       2.74593E+00       5.87225E-01       5.33360E-01
       2.18776E-01       2.29087E-01       2.23931E-01       1.03110E-02       2.83095E-02       2.74556E+00       6.14817E-01       5.61669E-01
       2.29087E-01       2.39883E-01       2.34485E-01       1.07960E-02       2.96431E-02       2.74575E+00       6.43836E-01       5.91312E-01
       2.39883E-01       2.51189E-01       2.45536E-01       1.13060E-02       3.10401E-02       2.74545E+00       6.74107E-01       6.22352E-01
       2.51189E-01       2.63027E-01       2.57108E-01       1.18380E-02       3.25082E-02       2.74609E+00       7.06041E-01       6.54860E-01
       2.63027E-01       2.75423E-01       2.69225E-01       1.23960E-02       3.40485E-02       2.74673E+00       7.39489E-01       6.88909E-01
       2.75423E-01       2.88403E-01       2.81913E-01       1.29800E-02       3.56636E-02       2.74758E+00       7.74579E-01       7.24573E-01
       2.88403E-01       3.01995E-01       2.95199E-01       1.35920E-02       3.73568E-02       2.74844E+00       8.11336E-01       7.61929E-01
       3.01995E-01       3.16228E-01       3.09112E-01       1.42330E-02       3.91316E-02       2.74936E+00       8.49859E-01       8.01061E-01
       3.16228E-01       3.31131E-01       3.23680E-01       1.49030E-02       4.09912E-02       2.75053E+00       8.90290E-01       8.42052E-01
       3.31131E-01       3.46737E-01       3.38934E-01       1.56060E-02       4.29392E-02       2.75145E+00       9.32561E-01       8.84991E-01
       3.46737E-01       3.63078E-01       3.54908E-01       1.63410E-02       4.49774E-02       2.75243E+00       9.76857E-01       9.29969E-01
       3.63078E-01       3.80189E-01       3.71633E-01       1.71110E-02       4.48945E-02       2.62372E+00       9.75063E-01       9.74863E-01
       3.80189E-01       3.98107E-01       3.89148E-01       1.79180E-02       2.41102E-02       1.34558E+00       5.23631E-01       9.98973E-01
       3.98107E-01       4.16869E-01       4.07488E-01       1.87620E-02       1.02637E-03       5.47049E-02       2.22916E-02       1.00000E+00

 Sum =                                                                         1.00000E+00
 Renormalization bin#   899 =                                                  1.33067E-02 barn        4.57088E+06        4.78630E+06        4.67859E+06
 Avg. Energy     bin#   899 =                                                  2.06801E-01 MeV         4.57088E+06        4.78630E+06
