"        MT= 22 recoil spectrum "
" Initial neutron energy corresponds to the group:"
   1.32000E+01    1.34000E+01       0.00000E+00           616           871           256



          Low               High              Mid              Energy           Number             dn/de            E*dn/de          Cumulative
         Energy            Energy            Energy             Width          Fraction                               Sum   
         [MeV]             [MeV]             [MeV]              [MeV]

       1.00000E-05       1.04713E-05       1.02356E-05       4.71300E-07       0.00000E+00       0.00000E+00       0.00000E+00       0.00000E+00
       1.04713E-05       1.09648E-05       1.07180E-05       4.93500E-07       2.46754E-07       5.00008E-01       5.35911E-06       2.46754E-07
       1.09648E-05       1.14815E-05       1.12232E-05       5.16700E-07       2.58369E-07       5.00036E-01       5.61198E-06       5.05122E-07
       1.14815E-05       1.20226E-05       1.17521E-05       5.41101E-07       2.70551E-07       5.00001E-01       5.87604E-06       7.75673E-07
       1.20226E-05       1.25892E-05       1.23059E-05       5.66600E-07       2.83301E-07       5.00001E-01       6.15296E-06       1.05897E-06
       1.25892E-05       1.31826E-05       1.28859E-05       5.93400E-07       2.96667E-07       4.99944E-01       6.44222E-06       1.35564E-06
       1.31826E-05       1.38038E-05       1.34932E-05       6.21200E-07       3.10624E-07       5.00040E-01       6.74714E-06       1.66627E-06
       1.38038E-05       1.44544E-05       1.41291E-05       6.50600E-07       3.25273E-07       4.99958E-01       7.06396E-06       1.99154E-06
       1.44544E-05       1.51356E-05       1.47950E-05       6.81200E-07       3.40612E-07       5.00017E-01       7.39775E-06       2.33215E-06
       1.51356E-05       1.58489E-05       1.54922E-05       7.13300E-07       3.56666E-07       5.00022E-01       7.74647E-06       2.68882E-06
       1.58489E-05       1.65959E-05       1.62224E-05       7.47000E-07       3.73460E-07       4.99946E-01       8.11032E-06       3.06227E-06
       1.65959E-05       1.73780E-05       1.69869E-05       7.82101E-07       3.91067E-07       5.00022E-01       8.49384E-06       3.45334E-06
       1.73780E-05       1.81970E-05       1.77875E-05       8.19000E-07       4.09489E-07       4.99986E-01       8.89350E-06       3.86283E-06
       1.81970E-05       1.90546E-05       1.86258E-05       8.57599E-07       4.28798E-07       4.99998E-01       9.31286E-06       4.29163E-06
       1.90546E-05       1.99526E-05       1.95036E-05       8.98001E-07       4.48995E-07       4.99994E-01       9.75168E-06       4.74062E-06
       1.99526E-05       2.08930E-05       2.04228E-05       9.40399E-07       4.70178E-07       4.99977E-01       1.02109E-05       5.21080E-06
       2.08930E-05       2.18776E-05       2.13853E-05       9.84600E-07       4.92323E-07       5.00024E-01       1.06932E-05       5.70312E-06
       2.18776E-05       2.29087E-05       2.23932E-05       1.03110E-06       5.15529E-07       4.99979E-01       1.11961E-05       6.21865E-06
       2.29087E-05       2.39883E-05       2.34485E-05       1.07960E-06       5.39820E-07       5.00018E-01       1.17247E-05       6.75847E-06
       2.39883E-05       2.51189E-05       2.45536E-05       1.13060E-06       5.65269E-07       4.99973E-01       1.22761E-05       7.32374E-06
       2.51189E-05       2.63027E-05       2.57108E-05       1.18380E-06       5.91903E-07       5.00002E-01       1.28555E-05       7.91565E-06
       2.63027E-05       2.75423E-05       2.69225E-05       1.23960E-06       6.19794E-07       4.99995E-01       1.34611E-05       8.53544E-06
       2.75423E-05       2.88403E-05       2.81913E-05       1.29800E-06       6.49017E-07       5.00013E-01       1.40960E-05       9.18446E-06
       2.88403E-05       3.01995E-05       2.95199E-05       1.35920E-06       6.79596E-07       4.99997E-01       1.47599E-05       9.86405E-06
       3.01995E-05       3.16228E-05       3.09111E-05       1.42330E-06       7.11630E-07       4.99985E-01       1.54551E-05       1.05757E-05
       3.16228E-05       3.31131E-05       3.23679E-05       1.49030E-06       7.45168E-07       5.00013E-01       1.61844E-05       1.13208E-05
       3.31131E-05       3.46737E-05       3.38934E-05       1.56060E-06       7.80285E-07       4.99990E-01       1.69464E-05       1.21011E-05
       3.46737E-05       3.63078E-05       3.54907E-05       1.63410E-06       8.17054E-07       5.00002E-01       1.77454E-05       1.29182E-05
       3.63078E-05       3.80189E-05       3.71634E-05       1.71110E-06       8.55573E-07       5.00013E-01       1.85822E-05       1.37738E-05
       3.80189E-05       3.98107E-05       3.89148E-05       1.79180E-06       8.95894E-07       4.99997E-01       1.94573E-05       1.46697E-05
       3.98107E-05       4.16869E-05       4.07488E-05       1.87620E-06       9.38112E-07       5.00006E-01       2.03747E-05       1.56078E-05
       4.16869E-05       4.36516E-05       4.26692E-05       1.96470E-06       9.82329E-07       4.99990E-01       2.13342E-05       1.65901E-05
       4.36516E-05       4.57088E-05       4.46802E-05       2.05720E-06       1.02862E-06       5.00008E-01       2.23404E-05       1.76187E-05
       4.57088E-05       4.78630E-05       4.67859E-05       2.15420E-06       1.07710E-06       5.00000E-01       2.33930E-05       1.86958E-05
       4.78630E-05       5.01187E-05       4.89908E-05       2.25570E-06       1.12785E-06       5.00001E-01       2.44954E-05       1.98237E-05
       5.01187E-05       5.24808E-05       5.12998E-05       2.36210E-06       1.18102E-06       4.99986E-01       2.56492E-05       2.10047E-05
       5.24808E-05       5.49541E-05       5.37174E-05       2.47330E-06       1.23668E-06       5.00011E-01       2.68593E-05       2.22414E-05
       5.49541E-05       5.75440E-05       5.62490E-05       2.58990E-06       1.29495E-06       5.00001E-01       2.81246E-05       2.35363E-05
       5.75440E-05       6.02560E-05       5.89000E-05       2.71200E-06       1.35599E-06       4.99994E-01       2.94497E-05       2.48923E-05
       6.02560E-05       6.30957E-05       6.16758E-05       2.83970E-06       1.41988E-06       5.00011E-01       3.08386E-05       2.63122E-05
       6.30957E-05       6.60693E-05       6.45825E-05       2.97360E-06       1.48681E-06       5.00004E-01       3.22915E-05       2.77990E-05
       6.60693E-05       6.91831E-05       6.76262E-05       3.11380E-06       1.55687E-06       4.99991E-01       3.38125E-05       2.93559E-05
       6.91831E-05       7.24436E-05       7.08134E-05       3.26051E-06       1.63026E-06       5.00002E-01       3.54068E-05       3.09861E-05
       7.24436E-05       7.58578E-05       7.41507E-05       3.41420E-06       1.70708E-06       4.99994E-01       3.70749E-05       3.26932E-05
       7.58578E-05       7.94328E-05       7.76453E-05       3.57500E-06       1.78752E-06       5.00006E-01       3.88231E-05       3.44807E-05
       7.94328E-05       8.31764E-05       8.13046E-05       3.74360E-06       1.87179E-06       4.99996E-01       4.06520E-05       3.63525E-05
       8.31764E-05       8.70964E-05       8.51364E-05       3.92000E-06       1.96000E-06       4.99999E-01       4.25682E-05       3.83125E-05
       8.70964E-05       9.12011E-05       8.91488E-05       4.10471E-06       2.05235E-06       4.99999E-01       4.45743E-05       4.03649E-05
       9.12011E-05       9.54993E-05       9.33502E-05       4.29820E-06       2.14909E-06       4.99999E-01       4.66750E-05       4.25139E-05
       9.54993E-05       1.00000E-04       9.77497E-05       4.50070E-06       2.25037E-06       5.00005E-01       4.88753E-05       4.47643E-05
       1.00000E-04       1.04713E-04       1.02356E-04       4.71300E-06       2.35644E-06       4.99988E-01       5.11770E-05       4.71208E-05
       1.04713E-04       1.09648E-04       1.07181E-04       4.93501E-06       2.46754E-06       5.00007E-01       5.35910E-05       4.95883E-05
       1.09648E-04       1.14815E-04       1.12232E-04       5.16700E-06       2.58369E-06       5.00036E-01       5.61198E-05       5.21720E-05
       1.14815E-04       1.20226E-04       1.17520E-04       5.41100E-06       2.70551E-06       5.00002E-01       5.87605E-05       5.48775E-05
       1.20226E-04       1.25892E-04       1.23059E-04       5.66600E-06       2.83301E-06       5.00001E-01       6.15296E-05       5.77105E-05
       1.25892E-04       1.31826E-04       1.28859E-04       5.93401E-06       2.96667E-06       4.99943E-01       6.44222E-05       6.06772E-05
       1.31826E-04       1.38038E-04       1.34932E-04       6.21199E-06       3.10624E-06       5.00040E-01       6.74714E-05       6.37834E-05
       1.38038E-04       1.44544E-04       1.41291E-04       6.50601E-06       3.25273E-06       4.99957E-01       7.06395E-05       6.70361E-05
       1.44544E-04       1.51356E-04       1.47950E-04       6.81200E-06       3.40612E-06       5.00017E-01       7.39776E-05       7.04423E-05
       1.51356E-04       1.58489E-04       1.54922E-04       7.13300E-06       3.56666E-06       5.00022E-01       7.74647E-05       7.40089E-05
       1.58489E-04       1.65959E-04       1.62224E-04       7.47000E-06       3.73460E-06       4.99946E-01       8.11032E-05       7.77435E-05
       1.65959E-04       1.73780E-04       1.69870E-04       7.82100E-06       3.91067E-06       5.00022E-01       8.49385E-05       8.16542E-05
       1.73780E-04       1.81970E-04       1.77875E-04       8.19000E-06       4.09489E-06       4.99986E-01       8.89350E-05       8.57491E-05
       1.81970E-04       1.90546E-04       1.86258E-04       8.57600E-06       4.28798E-06       4.99997E-01       9.31285E-05       9.00371E-05
       1.90546E-04       1.99526E-04       1.95036E-04       8.98000E-06       4.48995E-06       4.99994E-01       9.75169E-05       9.45270E-05
       1.99526E-04       2.08930E-04       2.04228E-04       9.40399E-06       4.70178E-06       4.99977E-01       1.02109E-04       9.92288E-05
       2.08930E-04       2.18776E-04       2.13853E-04       9.84601E-06       4.92323E-06       5.00023E-01       1.06931E-04       1.04152E-04
       2.18776E-04       2.29087E-04       2.23932E-04       1.03110E-05       5.15529E-06       4.99980E-01       1.11961E-04       1.09307E-04
       2.29087E-04       2.39883E-04       2.34485E-04       1.07960E-05       5.39820E-06       5.00019E-01       1.17247E-04       1.14706E-04
       2.39883E-04       2.51189E-04       2.45536E-04       1.13060E-05       5.65269E-06       4.99973E-01       1.22761E-04       1.20358E-04
       2.51189E-04       2.63027E-04       2.57108E-04       1.18380E-05       5.91903E-06       5.00002E-01       1.28554E-04       1.26277E-04
       2.63027E-04       2.75423E-04       2.69225E-04       1.23960E-05       6.19794E-06       4.99995E-01       1.34611E-04       1.32475E-04
       2.75423E-04       2.88403E-04       2.81913E-04       1.29800E-05       6.49017E-06       5.00012E-01       1.40960E-04       1.38965E-04
       2.88403E-04       3.01995E-04       2.95199E-04       1.35920E-05       6.79596E-06       4.99998E-01       1.47599E-04       1.45761E-04
       3.01995E-04       3.16228E-04       3.09111E-04       1.42330E-05       7.11630E-06       4.99986E-01       1.54551E-04       1.52878E-04
       3.16228E-04       3.31131E-04       3.23680E-04       1.49030E-05       7.45168E-06       5.00012E-01       1.61844E-04       1.60329E-04
       3.31131E-04       3.46737E-04       3.38934E-04       1.56060E-05       7.80285E-06       4.99991E-01       1.69464E-04       1.68132E-04
       3.46737E-04       3.63078E-04       3.54908E-04       1.63410E-05       8.17054E-06       5.00002E-01       1.77455E-04       1.76303E-04
       3.63078E-04       3.80189E-04       3.71634E-04       1.71110E-05       8.55573E-06       5.00014E-01       1.85822E-04       1.84858E-04
       3.80189E-04       3.98107E-04       3.89148E-04       1.79180E-05       8.95894E-06       4.99996E-01       1.94573E-04       1.93817E-04
       3.98107E-04       4.16869E-04       4.07488E-04       1.87620E-05       9.38112E-06       5.00007E-01       2.03747E-04       2.03198E-04
       4.16869E-04       4.36516E-04       4.26692E-04       1.96470E-05       9.82329E-06       4.99989E-01       2.13342E-04       2.13022E-04
       4.36516E-04       4.57088E-04       4.46802E-04       2.05720E-05       1.02862E-05       5.00008E-01       2.23404E-04       2.23308E-04
       4.57088E-04       4.78630E-04       4.67859E-04       2.15420E-05       1.07710E-05       5.00000E-01       2.33929E-04       2.34079E-04
       4.78630E-04       5.01187E-04       4.89909E-04       2.25570E-05       1.12785E-05       5.00000E-01       2.44954E-04       2.45357E-04
       5.01187E-04       5.24808E-04       5.12998E-04       2.36210E-05       1.18102E-05       4.99987E-01       2.56492E-04       2.57168E-04
       5.24808E-04       5.49541E-04       5.37175E-04       2.47330E-05       1.23668E-05       5.00011E-01       2.68593E-04       2.69534E-04
       5.49541E-04       5.75440E-04       5.62491E-04       2.58990E-05       1.29495E-05       5.00001E-01       2.81246E-04       2.82484E-04
       5.75440E-04       6.02560E-04       5.89000E-04       2.71200E-05       1.35599E-05       4.99995E-01       2.94497E-04       2.96044E-04
       6.02560E-04       6.30957E-04       6.16758E-04       2.83970E-05       1.41988E-05       5.00011E-01       3.08386E-04       3.10243E-04
       6.30957E-04       6.60693E-04       6.45825E-04       2.97360E-05       1.48681E-05       5.00003E-01       3.22914E-04       3.25111E-04
       6.60693E-04       6.91831E-04       6.76262E-04       3.11380E-05       1.55687E-05       4.99991E-01       3.38125E-04       3.40679E-04
       6.91831E-04       7.24436E-04       7.08133E-04       3.26050E-05       1.63026E-05       5.00004E-01       3.54069E-04       3.56982E-04
       7.24436E-04       7.58578E-04       7.41507E-04       3.41420E-05       1.70708E-05       4.99993E-01       3.70748E-04       3.74053E-04
       7.58578E-04       7.94328E-04       7.76453E-04       3.57500E-05       1.78752E-05       5.00006E-01       3.88231E-04       3.91928E-04
       7.94328E-04       8.31764E-04       8.13046E-04       3.74360E-05       1.87179E-05       4.99997E-01       4.06520E-04       4.10646E-04
       8.31764E-04       8.70964E-04       8.51364E-04       3.92000E-05       1.96000E-05       4.99999E-01       4.25681E-04       4.30246E-04
       8.70964E-04       9.12011E-04       8.91487E-04       4.10470E-05       2.05235E-05       5.00000E-01       4.45744E-04       4.50769E-04
       9.12011E-04       9.54993E-04       9.33502E-04       4.29820E-05       2.14909E-05       4.99999E-01       4.66750E-04       4.72260E-04
       9.54993E-04       1.00000E-03       9.77497E-04       4.50070E-05       2.25037E-05       5.00005E-01       4.88753E-04       4.94764E-04
       1.00000E-03       1.04713E-03       1.02356E-03       4.71300E-05       2.35644E-05       4.99987E-01       5.11769E-04       5.18328E-04
       1.04713E-03       1.09648E-03       1.07180E-03       4.93500E-05       2.46754E-05       5.00008E-01       5.35910E-04       5.43004E-04
       1.09648E-03       1.14815E-03       1.12231E-03       5.16700E-05       2.58369E-05       5.00036E-01       5.61198E-04       5.68841E-04
       1.14815E-03       1.20226E-03       1.17520E-03       5.41100E-05       2.70551E-05       5.00002E-01       5.87605E-04       5.95896E-04
       1.20226E-03       1.25892E-03       1.23059E-03       5.66600E-05       2.83301E-05       5.00001E-01       6.15296E-04       6.24226E-04
       1.25892E-03       1.31826E-03       1.28859E-03       5.93400E-05       2.96667E-05       4.99944E-01       6.44223E-04       6.53892E-04
       1.31826E-03       1.38038E-03       1.34932E-03       6.21200E-05       3.10624E-05       5.00039E-01       6.74713E-04       6.84955E-04
       1.38038E-03       1.44544E-03       1.41291E-03       6.50599E-05       3.25273E-05       4.99959E-01       7.06397E-04       7.17482E-04
       1.44544E-03       1.51356E-03       1.47950E-03       6.81201E-05       3.40612E-05       5.00016E-01       7.39774E-04       7.51543E-04
       1.51356E-03       1.58489E-03       1.54923E-03       7.13300E-05       3.56666E-05       5.00022E-01       7.74647E-04       7.87210E-04
       1.58489E-03       1.65959E-03       1.62224E-03       7.47000E-05       3.73460E-05       4.99946E-01       8.11033E-04       8.24556E-04
       1.65959E-03       1.73780E-03       1.69870E-03       7.82101E-05       3.91067E-05       5.00022E-01       8.49384E-04       8.63662E-04
       1.73780E-03       1.81970E-03       1.77875E-03       8.18999E-05       4.09489E-05       4.99987E-01       8.89351E-04       9.04611E-04
       1.81970E-03       1.90546E-03       1.86258E-03       8.57600E-05       4.28798E-05       4.99997E-01       9.31285E-04       9.47491E-04
       1.90546E-03       1.99526E-03       1.95036E-03       8.98001E-05       4.48995E-05       4.99994E-01       9.75168E-04       9.92391E-04
       1.99526E-03       2.08930E-03       2.04228E-03       9.40400E-05       4.70178E-05       4.99977E-01       1.02109E-03       1.03941E-03
       2.08930E-03       2.18776E-03       2.13853E-03       9.84600E-05       4.92323E-05       5.00024E-01       1.06932E-03       1.08864E-03
       2.18776E-03       2.29087E-03       2.23932E-03       1.03110E-04       5.15529E-05       4.99979E-01       1.11961E-03       1.14019E-03
       2.29087E-03       2.39883E-03       2.34485E-03       1.07960E-04       5.39820E-05       5.00018E-01       1.17247E-03       1.19418E-03
       2.39883E-03       2.51189E-03       2.45536E-03       1.13060E-04       5.65269E-05       4.99974E-01       1.22762E-03       1.25070E-03
       2.51189E-03       2.63027E-03       2.57108E-03       1.18380E-04       5.91903E-05       5.00002E-01       1.28554E-03       1.30989E-03
       2.63027E-03       2.75423E-03       2.69225E-03       1.23960E-04       6.19794E-05       4.99995E-01       1.34611E-03       1.37187E-03
       2.75423E-03       2.88403E-03       2.81913E-03       1.29800E-04       6.49017E-05       5.00013E-01       1.40960E-03       1.43677E-03
       2.88403E-03       3.01995E-03       2.95199E-03       1.35920E-04       6.79596E-05       4.99997E-01       1.47599E-03       1.50473E-03
       3.01995E-03       3.16228E-03       3.09112E-03       1.42330E-04       7.11630E-05       4.99986E-01       1.54551E-03       1.57590E-03
       3.16228E-03       3.31131E-03       3.23679E-03       1.49030E-04       7.45168E-05       5.00012E-01       1.61844E-03       1.65041E-03
       3.31131E-03       3.46737E-03       3.38934E-03       1.56060E-04       7.80285E-05       4.99990E-01       1.69464E-03       1.72844E-03
       3.46737E-03       3.63078E-03       3.54907E-03       1.63410E-04       8.17054E-05       5.00003E-01       1.77455E-03       1.81015E-03
       3.63078E-03       3.80189E-03       3.71633E-03       1.71110E-04       8.55574E-05       5.00014E-01       1.85822E-03       1.89570E-03
       3.80189E-03       3.98107E-03       3.89148E-03       1.79180E-04       8.95894E-05       4.99996E-01       1.94572E-03       1.98529E-03
       3.98107E-03       4.16869E-03       4.07488E-03       1.87620E-04       9.38112E-05       5.00007E-01       2.03747E-03       2.07911E-03
       4.16869E-03       4.36516E-03       4.26693E-03       1.96470E-04       9.82329E-05       4.99989E-01       2.13341E-03       2.17734E-03
       4.36516E-03       4.57088E-03       4.46802E-03       2.05720E-04       1.02862E-04       5.00009E-01       2.23405E-03       2.28020E-03
       4.57088E-03       4.78630E-03       4.67859E-03       2.15420E-04       1.07710E-04       5.00000E-01       2.33929E-03       2.38791E-03
       4.78630E-03       5.01187E-03       4.89909E-03       2.25570E-04       1.12785E-04       5.00000E-01       2.44954E-03       2.50069E-03
       5.01187E-03       5.24807E-03       5.12997E-03       2.36200E-04       1.18102E-04       5.00009E-01       2.56503E-03       2.61880E-03
       5.24807E-03       5.49541E-03       5.37174E-03       2.47340E-04       1.23668E-04       4.99990E-01       2.68582E-03       2.74246E-03
       5.49541E-03       5.75440E-03       5.62491E-03       2.58990E-04       1.29495E-04       5.00001E-01       2.81246E-03       2.87196E-03
       5.75440E-03       6.02560E-03       5.89000E-03       2.71200E-04       1.35599E-04       4.99994E-01       2.94497E-03       3.00756E-03
       6.02560E-03       6.30957E-03       6.16759E-03       2.83970E-04       1.41988E-04       5.00011E-01       3.08386E-03       3.14955E-03
       6.30957E-03       6.60693E-03       6.45825E-03       2.97360E-04       1.48681E-04       5.00003E-01       3.22914E-03       3.29823E-03
       6.60693E-03       6.91831E-03       6.76262E-03       3.11380E-04       1.55687E-04       4.99991E-01       3.38125E-03       3.45391E-03
       6.91831E-03       7.24436E-03       7.08133E-03       3.26050E-04       1.63026E-04       5.00003E-01       3.54069E-03       3.61694E-03
       7.24436E-03       7.58578E-03       7.41507E-03       3.41420E-04       1.70708E-04       4.99994E-01       3.70749E-03       3.78765E-03
       7.58578E-03       7.94328E-03       7.76453E-03       3.57500E-04       1.78752E-04       5.00006E-01       3.88231E-03       3.96640E-03
       7.94328E-03       8.31764E-03       8.13046E-03       3.74360E-04       1.87179E-04       4.99996E-01       4.06520E-03       4.15358E-03
       8.31764E-03       8.70964E-03       8.51364E-03       3.92000E-04       1.96000E-04       4.99999E-01       4.25681E-03       4.34958E-03
       8.70964E-03       9.12011E-03       8.91487E-03       4.10471E-04       2.05235E-04       4.99999E-01       4.45743E-03       4.55481E-03
       9.12011E-03       9.54993E-03       9.33502E-03       4.29819E-04       2.14909E-04       4.99999E-01       4.66750E-03       4.76972E-03
       9.54993E-03       1.00000E-02       9.77496E-03       4.50070E-04       2.25037E-04       5.00005E-01       4.88753E-03       4.99476E-03
       1.00000E-02       1.04713E-02       1.02357E-02       4.71300E-04       2.35644E-04       4.99987E-01       5.11770E-03       5.23040E-03
       1.04713E-02       1.09648E-02       1.07180E-02       4.93500E-04       2.46744E-04       4.99987E-01       5.35889E-03       5.47715E-03
       1.09648E-02       1.14815E-02       1.12232E-02       5.16700E-04       2.58381E-04       5.00060E-01       5.61225E-03       5.73553E-03
       1.14815E-02       1.20226E-02       1.17521E-02       5.41100E-04       2.70551E-04       5.00002E-01       5.87605E-03       6.00608E-03
       1.20226E-02       1.25892E-02       1.23059E-02       5.66601E-04       2.83305E-04       5.00009E-01       6.15306E-03       6.28939E-03
       1.25892E-02       1.31826E-02       1.28859E-02       5.93399E-04       2.96659E-04       4.99932E-01       6.44207E-03       6.58604E-03
       1.31826E-02       1.38038E-02       1.34932E-02       6.21200E-04       3.10634E-04       5.00055E-01       6.74734E-03       6.89668E-03
       1.38038E-02       1.44544E-02       1.41291E-02       6.50601E-04       3.25280E-04       4.99969E-01       7.06411E-03       7.22196E-03
       1.44544E-02       1.51356E-02       1.47950E-02       6.81199E-04       3.40604E-04       5.00007E-01       7.39760E-03       7.56256E-03
       1.51356E-02       1.58489E-02       1.54923E-02       7.13301E-04       3.56661E-04       5.00015E-01       7.74635E-03       7.91922E-03
       1.58489E-02       1.65959E-02       1.62224E-02       7.47000E-04       3.73469E-04       4.99959E-01       8.11054E-03       8.29269E-03
       1.65959E-02       1.73780E-02       1.69870E-02       7.82100E-04       3.91070E-04       5.00025E-01       8.49391E-03       8.68376E-03
       1.73780E-02       1.81970E-02       1.77875E-02       8.19000E-04       4.09498E-04       4.99998E-01       8.89372E-03       9.09326E-03
       1.81970E-02       1.90546E-02       1.86258E-02       8.57600E-04       4.28800E-04       5.00001E-01       9.31291E-03       9.52206E-03
       1.90546E-02       1.99526E-02       1.95036E-02       8.98000E-04       4.49005E-04       5.00005E-01       9.75190E-03       9.97107E-03
       1.99526E-02       2.08930E-02       2.04228E-02       9.40400E-04       4.70168E-04       4.99966E-01       1.02107E-02       1.04412E-02
       2.08930E-02       2.18776E-02       2.13853E-02       9.84600E-04       4.92328E-04       5.00029E-01       1.06933E-02       1.09336E-02
       2.18776E-02       2.29087E-02       2.23931E-02       1.03110E-03       5.15529E-04       4.99980E-01       1.11961E-02       1.14491E-02
       2.29087E-02       2.39883E-02       2.34485E-02       1.07960E-03       5.39825E-04       5.00022E-01       1.17248E-02       1.19889E-02
       2.39883E-02       2.51189E-02       2.45536E-02       1.13060E-03       5.65264E-04       4.99969E-01       1.22760E-02       1.25542E-02
       2.51189E-02       2.63027E-02       2.57108E-02       1.18380E-03       5.91910E-04       5.00009E-01       1.28556E-02       1.31461E-02
       2.63027E-02       2.75423E-02       2.69225E-02       1.23960E-03       6.19804E-04       5.00002E-01       1.34613E-02       1.37659E-02
       2.75423E-02       2.88403E-02       2.81913E-02       1.29800E-03       6.49014E-04       5.00011E-01       1.40960E-02       1.44149E-02
       2.88403E-02       3.01995E-02       2.95199E-02       1.35920E-03       6.79598E-04       4.99999E-01       1.47599E-02       1.50945E-02
       3.01995E-02       3.16228E-02       3.09112E-02       1.42330E-03       7.11630E-04       4.99986E-01       1.54551E-02       1.58061E-02
       3.16228E-02       3.31131E-02       3.23680E-02       1.49030E-03       7.45163E-04       5.00009E-01       1.61843E-02       1.65513E-02
       3.31131E-02       3.46737E-02       3.38934E-02       1.56060E-03       7.80290E-04       4.99994E-01       1.69465E-02       1.73316E-02
       3.46737E-02       3.63078E-02       3.54908E-02       1.63410E-03       8.17059E-04       5.00005E-01       1.77455E-02       1.81486E-02
       3.63078E-02       3.80189E-02       3.71633E-02       1.71110E-03       8.55564E-04       5.00009E-01       1.85820E-02       1.90042E-02
       3.80189E-02       3.98107E-02       3.89148E-02       1.79180E-03       8.95889E-04       4.99993E-01       1.94571E-02       1.99001E-02
       3.98107E-02       4.16869E-02       4.07488E-02       1.87620E-03       9.38110E-04       5.00005E-01       2.03746E-02       2.08382E-02
       4.16869E-02       4.36516E-02       4.26693E-02       1.96470E-03       9.82319E-04       4.99983E-01       2.13339E-02       2.18205E-02
       4.36516E-02       4.57088E-02       4.46802E-02       2.05720E-03       1.02862E-03       5.00010E-01       2.23405E-02       2.28492E-02
       4.57088E-02       4.78630E-02       4.67859E-02       2.15420E-03       1.07709E-03       4.99998E-01       2.33928E-02       2.39262E-02
       4.78630E-02       5.01187E-02       4.89908E-02       2.25570E-03       1.12785E-03       5.00002E-01       2.44955E-02       2.50541E-02
       5.01187E-02       5.24808E-02       5.12998E-02       2.36210E-03       1.18101E-03       4.99984E-01       2.56491E-02       2.62351E-02
       5.24808E-02       5.49541E-02       5.37174E-02       2.47330E-03       1.23667E-03       5.00007E-01       2.68591E-02       2.74718E-02
       5.49541E-02       5.75440E-02       5.62491E-02       2.58990E-03       1.29495E-03       5.00000E-01       2.81245E-02       2.87667E-02
       5.75440E-02       6.02560E-02       5.89000E-02       2.71200E-03       1.35598E-03       4.99994E-01       2.94496E-02       3.01227E-02
       6.02560E-02       6.30957E-02       6.16758E-02       2.83970E-03       1.41988E-03       5.00012E-01       3.08387E-02       3.15426E-02
       6.30957E-02       6.60693E-02       6.45825E-02       2.97360E-03       1.48680E-03       5.00001E-01       3.22913E-02       3.30294E-02
       6.60693E-02       6.91831E-02       6.76262E-02       3.11380E-03       1.55688E-03       4.99992E-01       3.38126E-02       3.45863E-02
       6.91831E-02       7.24436E-02       7.08134E-02       3.26050E-03       1.63025E-03       4.99999E-01       3.54066E-02       3.62165E-02
       7.24436E-02       7.58578E-02       7.41507E-02       3.41420E-03       1.70708E-03       4.99994E-01       3.70749E-02       3.79236E-02
       7.58578E-02       7.94328E-02       7.76453E-02       3.57500E-03       1.80245E-03       5.04183E-01       3.91474E-02       3.97261E-02
       7.94328E-02       8.31764E-02       8.13046E-02       3.74360E-03       2.20705E-03       5.89552E-01       4.79333E-02       4.19331E-02
       8.31764E-02       8.70964E-02       8.51364E-02       3.92000E-03       2.47338E-03       6.30964E-01       5.37180E-02       4.44065E-02
       8.70964E-02       9.12011E-02       8.91488E-02       4.10470E-03       2.58995E-03       6.30972E-01       5.62503E-02       4.69964E-02
       9.12011E-02       9.54993E-02       9.33502E-02       4.29820E-03       2.71202E-03       6.30967E-01       5.89009E-02       4.97084E-02
       9.54993E-02       1.00000E-01       9.77497E-02       4.50070E-03       2.83981E-03       6.30971E-01       6.16772E-02       5.25483E-02
       1.00000E-01       1.04713E-01       1.02357E-01       4.71300E-03       2.99142E-03       6.34718E-01       6.49675E-02       5.55397E-02
       1.04713E-01       1.09648E-01       1.07180E-01       4.93500E-03       4.10283E-03       8.31373E-01       8.91070E-02       5.96425E-02
       1.09648E-01       1.14815E-01       1.12231E-01       5.16700E-03       5.16760E-03       1.00012E+00       1.12244E-01       6.48101E-02
       1.14815E-01       1.20226E-01       1.17520E-01       5.41100E-03       5.41100E-03       9.99999E-01       1.17520E-01       7.02211E-02
       1.20226E-01       1.25892E-01       1.23059E-01       5.66600E-03       5.66608E-03       1.00001E+00       1.23061E-01       7.58872E-02
       1.25892E-01       1.31826E-01       1.28859E-01       5.93400E-03       5.93318E-03       9.99862E-01       1.28841E-01       8.18204E-02
       1.31826E-01       1.38038E-01       1.34932E-01       6.21200E-03       6.21269E-03       1.00011E+00       1.34947E-01       8.80331E-02
       1.38038E-01       1.44544E-01       1.41291E-01       6.50600E-03       6.50560E-03       9.99939E-01       1.41282E-01       9.45387E-02
       1.44544E-01       1.51356E-01       1.47950E-01       6.81200E-03       6.81209E-03       1.00001E+00       1.47952E-01       1.01351E-01
       1.51356E-01       1.58489E-01       1.54923E-01       7.13300E-03       7.10848E-03       9.96563E-01       1.54390E-01       1.08459E-01
       1.58489E-01       1.65959E-01       1.62224E-01       7.47000E-03       6.84631E-03       9.16508E-01       1.48680E-01       1.15306E-01
       1.65959E-01       1.73780E-01       1.69869E-01       7.82100E-03       6.79860E-03       8.69274E-01       1.47663E-01       1.22104E-01
       1.73780E-01       1.81970E-01       1.77875E-01       8.19000E-03       7.11899E-03       8.69229E-01       1.54614E-01       1.29223E-01
       1.81970E-01       1.90546E-01       1.86258E-01       8.57600E-03       7.45452E-03       8.69230E-01       1.61901E-01       1.36678E-01
       1.90546E-01       1.99526E-01       1.95036E-01       8.98000E-03       7.80578E-03       8.69241E-01       1.69533E-01       1.44483E-01
       1.99526E-01       2.08930E-01       2.04228E-01       9.40400E-03       8.17372E-03       8.69175E-01       1.77510E-01       1.52657E-01
       2.08930E-01       2.18776E-01       2.13853E-01       9.84600E-03       8.55897E-03       8.69284E-01       1.85899E-01       1.61216E-01
       2.18776E-01       2.29087E-01       2.23931E-01       1.03110E-02       8.96229E-03       8.69197E-01       1.94641E-01       1.70178E-01
       2.29087E-01       2.39883E-01       2.34485E-01       1.07960E-02       9.39594E-03       8.70317E-01       2.04076E-01       1.79574E-01
       2.39883E-01       2.51189E-01       2.45536E-01       1.13060E-02       1.00223E-02       8.86456E-01       2.17657E-01       1.89597E-01
       2.51189E-01       2.63027E-01       2.57108E-01       1.18380E-02       1.05428E-02       8.90592E-01       2.28978E-01       2.00139E-01
       2.63027E-01       2.75423E-01       2.69225E-01       1.23960E-02       1.10397E-02       8.90585E-01       2.39768E-01       2.11179E-01
       2.75423E-01       2.88403E-01       2.81913E-01       1.29800E-02       1.15600E-02       8.90598E-01       2.51071E-01       2.22739E-01
       2.88403E-01       3.01995E-01       2.95199E-01       1.35920E-02       1.21047E-02       8.90578E-01       2.62898E-01       2.34844E-01
       3.01995E-01       3.16228E-01       3.09112E-01       1.42330E-02       1.26967E-02       8.92063E-01       2.75747E-01       2.47541E-01
       3.16228E-01       3.31131E-01       3.23680E-01       1.49030E-02       1.38092E-02       9.26602E-01       2.99922E-01       2.61350E-01
       3.31131E-01       3.46737E-01       3.38934E-01       1.56060E-02       1.48153E-02       9.49332E-01       3.21761E-01       2.76165E-01
       3.46737E-01       3.63078E-01       3.54908E-01       1.63410E-02       1.55134E-02       9.49355E-01       3.36933E-01       2.91678E-01
       3.63078E-01       3.80189E-01       3.71633E-01       1.71110E-02       1.62445E-02       9.49360E-01       3.52814E-01       3.07923E-01
       3.80189E-01       3.98107E-01       3.89148E-01       1.79180E-02       1.70066E-02       9.49137E-01       3.69355E-01       3.24930E-01
       3.98107E-01       4.16869E-01       4.07488E-01       1.87620E-02       1.77398E-02       9.45516E-01       3.85286E-01       3.42669E-01
       4.16869E-01       4.36516E-01       4.26692E-01       1.96470E-02       1.85478E-02       9.44055E-01       4.02821E-01       3.61217E-01
       4.36516E-01       4.57088E-01       4.46802E-01       2.05720E-02       1.94221E-02       9.44103E-01       4.21827E-01       3.80639E-01
       4.57088E-01       4.78630E-01       4.67859E-01       2.15420E-02       2.03079E-02       9.42714E-01       4.41057E-01       4.00947E-01
       4.78630E-01       5.01187E-01       4.89909E-01       2.25570E-02       2.07276E-02       9.18901E-01       4.50177E-01       4.21675E-01
       5.01187E-01       5.24808E-01       5.12998E-01       2.36210E-02       2.14701E-02       9.08939E-01       4.66284E-01       4.43145E-01
       5.24808E-01       5.49541E-01       5.37174E-01       2.47330E-02       2.08914E-02       8.44677E-01       4.53739E-01       4.64036E-01
       5.49541E-01       5.75440E-01       5.62490E-01       2.58990E-02       2.10610E-02       8.13198E-01       4.57416E-01       4.85097E-01
       5.75440E-01       6.02560E-01       5.89000E-01       2.71200E-02       2.25709E-02       8.32259E-01       4.90200E-01       5.07668E-01
       6.02560E-01       6.30957E-01       6.16758E-01       2.83970E-02       2.36377E-02       8.32403E-01       5.13391E-01       5.31306E-01
       6.30957E-01       6.60693E-01       6.45825E-01       2.97360E-02       2.46976E-02       8.30561E-01       5.36397E-01       5.56003E-01
       6.60693E-01       6.91831E-01       6.76262E-01       3.11380E-02       2.57439E-02       8.26768E-01       5.59112E-01       5.81747E-01
       6.91831E-01       7.24436E-01       7.08133E-01       3.26050E-02       2.69917E-02       8.27840E-01       5.86221E-01       6.08739E-01
       7.24436E-01       7.58578E-01       7.41507E-01       3.41420E-02       2.93530E-02       8.59732E-01       6.37497E-01       6.38092E-01
       7.58578E-01       7.94328E-01       7.76453E-01       3.57500E-02       3.25655E-02       9.10923E-01       7.07289E-01       6.70658E-01
       7.94328E-01       8.31764E-01       8.13046E-01       3.74360E-02       3.40222E-02       9.08810E-01       7.38904E-01       7.04680E-01
       8.31764E-01       8.70964E-01       8.51364E-01       3.92000E-02       3.66476E-02       9.34887E-01       7.95929E-01       7.41327E-01
       8.70964E-01       9.12011E-01       8.91487E-01       4.10470E-02       4.02076E-02       9.79550E-01       8.73256E-01       7.81535E-01
       9.12011E-01       9.54993E-01       9.33502E-01       4.29820E-02       4.16924E-02       9.69996E-01       9.05493E-01       8.23227E-01
       9.54993E-01       1.00000E+00       9.77497E-01       4.50070E-02       3.80897E-02       8.46307E-01       8.27262E-01       8.61317E-01
       1.00000E+00       1.04713E+00       1.02357E+00       4.71300E-02       3.79011E-02       8.04181E-01       8.23132E-01       8.99218E-01
       1.04713E+00       1.09648E+00       1.07181E+00       4.93500E-02       3.45033E-02       6.99156E-01       7.49359E-01       9.33721E-01
       1.09648E+00       1.14815E+00       1.12231E+00       5.16700E-02       3.14018E-02       6.07737E-01       6.82072E-01       9.65123E-01
       1.14815E+00       1.20226E+00       1.17520E+00       5.41100E-02       2.21740E-02       4.09794E-01       4.81592E-01       9.87297E-01
       1.20226E+00       1.25892E+00       1.23059E+00       5.66600E-02       8.86239E-03       1.56414E-01       1.92481E-01       9.96159E-01
       1.25892E+00       1.31826E+00       1.28859E+00       5.93400E-02       3.84059E-03       6.47217E-02       8.33998E-02       1.00000E+00

 Sum =                                                                         1.00000E+00
 Renormalization bin#   942 =                                                  4.05506E-06 barn        1.32000E+07        1.34000E+07        1.33000E+07
 Avg. Energy     bin#   942 =                                                  5.99474E-01 MeV         1.32000E+07        1.34000E+07
