"        MT=107 recoil spectrum "
" Initial neutron energy corresponds to the group:"
   1.31826E+00    1.38038E+00       0.00000E+00           797           845            49



          Low               High              Mid              Energy           Number             dn/de            E*dn/de          Cumulative
         Energy            Energy            Energy             Width          Fraction                               Sum   
         [MeV]             [MeV]             [MeV]              [MeV]

       4.16869E-02       4.36516E-02       4.26693E-02       1.96470E-03       0.00000E+00       0.00000E+00       0.00000E+00       0.00000E+00
       4.36516E-02       4.57088E-02       4.46802E-02       2.05720E-03       1.13480E-03       5.51623E-01       2.46466E-02       1.13480E-03
       4.57088E-02       4.78630E-02       4.67859E-02       2.15420E-03       9.32851E-03       4.33038E+00       2.02601E-01       1.04633E-02
       4.78630E-02       5.01187E-02       4.89908E-02       2.25570E-03       1.10225E-02       4.88653E+00       2.39395E-01       2.14859E-02
       5.01187E-02       5.24808E-02       5.12998E-02       2.36210E-03       1.12432E-02       4.75981E+00       2.44177E-01       3.27290E-02
       5.24808E-02       5.49541E-02       5.37174E-02       2.47330E-03       1.14603E-02       4.63360E+00       2.48905E-01       4.41893E-02
       5.49541E-02       5.75440E-02       5.62491E-02       2.58990E-03       1.16742E-02       4.50758E+00       2.53547E-01       5.58635E-02
       5.75440E-02       6.02560E-02       5.89000E-02       2.71200E-03       1.18850E-02       4.38237E+00       2.58122E-01       6.77485E-02
       6.02560E-02       6.30957E-02       6.16758E-02       2.83970E-03       1.20930E-02       4.25854E+00       2.62649E-01       7.98414E-02
       6.30957E-02       6.60693E-02       6.45825E-02       2.97360E-03       1.22988E-02       4.13598E+00       2.67112E-01       9.21402E-02
       6.60693E-02       6.91831E-02       6.76262E-02       3.11380E-03       1.25030E-02       4.01534E+00       2.71542E-01       1.04643E-01
       6.91831E-02       7.24436E-02       7.08134E-02       3.26050E-03       1.27065E-02       3.89709E+00       2.75966E-01       1.17350E-01
       7.24436E-02       7.58578E-02       7.41507E-02       3.41420E-03       1.29104E-02       3.78139E+00       2.80393E-01       1.30260E-01
       7.58578E-02       7.94328E-02       7.76453E-02       3.57500E-03       1.31163E-02       3.66889E+00       2.84872E-01       1.43376E-01
       7.94328E-02       8.31764E-02       8.13046E-02       3.74360E-03       1.33257E-02       3.55960E+00       2.89412E-01       1.56702E-01
       8.31764E-02       8.70964E-02       8.51364E-02       3.92000E-03       1.35405E-02       3.45421E+00       2.94079E-01       1.70243E-01
       8.70964E-02       9.12011E-02       8.91488E-02       4.10470E-03       1.37629E-02       3.35297E+00       2.98913E-01       1.84005E-01
       9.12011E-02       9.54993E-02       9.33502E-02       4.29820E-03       1.39955E-02       3.25614E+00       3.03961E-01       1.98001E-01
       9.54993E-02       1.00000E-01       9.77497E-02       4.50070E-03       1.42409E-02       3.16414E+00       3.09294E-01       2.12242E-01
       1.00000E-01       1.04713E-01       1.02357E-01       4.71300E-03       1.45023E-02       3.07708E+00       3.14959E-01       2.26744E-01
       1.04713E-01       1.09648E-01       1.07180E-01       4.93500E-03       1.47823E-02       2.99540E+00       3.21048E-01       2.41526E-01
       1.09648E-01       1.14815E-01       1.12231E-01       5.16700E-03       1.50856E-02       2.91960E+00       3.27671E-01       2.56612E-01
       1.14815E-01       1.20226E-01       1.17520E-01       5.41100E-03       1.54143E-02       2.84871E+00       3.34781E-01       2.72026E-01
       1.20226E-01       1.25892E-01       1.23059E-01       5.66600E-03       1.57739E-02       2.78396E+00       3.42591E-01       2.87800E-01
       1.25892E-01       1.31826E-01       1.28859E-01       5.93400E-03       1.61673E-02       2.72453E+00       3.51080E-01       3.03968E-01
       1.31826E-01       1.38038E-01       1.34932E-01       6.21200E-03       1.65984E-02       2.67200E+00       3.60538E-01       3.20566E-01
       1.38038E-01       1.44544E-01       1.41291E-01       6.50600E-03       1.70722E-02       2.62407E+00       3.70758E-01       3.37638E-01
       1.44544E-01       1.51356E-01       1.47950E-01       6.81200E-03       1.75918E-02       2.58247E+00       3.82076E-01       3.55230E-01
       1.51356E-01       1.58489E-01       1.54923E-01       7.13300E-03       1.81621E-02       2.54621E+00       3.94464E-01       3.73392E-01
       1.58489E-01       1.65959E-01       1.62224E-01       7.47000E-03       1.87870E-02       2.51499E+00       4.07992E-01       3.92179E-01
       1.65959E-01       1.73780E-01       1.69869E-01       7.82100E-03       1.94708E-02       2.48955E+00       4.22899E-01       4.11650E-01
       1.73780E-01       1.81970E-01       1.77875E-01       8.19000E-03       2.02185E-02       2.46868E+00       4.39116E-01       4.31868E-01
       1.81970E-01       1.90546E-01       1.86258E-01       8.57600E-03       2.10355E-02       2.45284E+00       4.56860E-01       4.52904E-01
       1.90546E-01       1.99526E-01       1.95036E-01       8.98000E-03       2.19284E-02       2.44192E+00       4.76262E-01       4.74832E-01
       1.99526E-01       2.08930E-01       2.04228E-01       9.40400E-03       2.29066E-02       2.43583E+00       4.97466E-01       4.97739E-01
       2.08930E-01       2.18776E-01       2.13853E-01       9.84600E-03       2.39819E-02       2.43570E+00       5.20882E-01       5.21721E-01
       2.18776E-01       2.29087E-01       2.23931E-01       1.03110E-02       2.51719E-02       2.44127E+00       5.46677E-01       5.46893E-01
       2.29087E-01       2.39883E-01       2.34485E-01       1.07960E-02       2.65033E-02       2.45492E+00       5.75642E-01       5.73396E-01
       2.39883E-01       2.51189E-01       2.45536E-01       1.13060E-02       2.80157E-02       2.47795E+00       6.08426E-01       6.01412E-01
       2.51189E-01       2.63027E-01       2.57108E-01       1.18380E-02       2.97698E-02       2.51476E+00       6.46566E-01       6.31182E-01
       2.63027E-01       2.75423E-01       2.69225E-01       1.23960E-02       3.18576E-02       2.56999E+00       6.91907E-01       6.63039E-01
       2.75423E-01       2.88403E-01       2.81913E-01       1.29800E-02       3.44218E-02       2.65191E+00       7.47608E-01       6.97461E-01
       2.88403E-01       3.01995E-01       2.95199E-01       1.35920E-02       3.76809E-02       2.77228E+00       8.18375E-01       7.35142E-01
       3.01995E-01       3.16228E-01       3.09112E-01       1.42330E-02       4.19719E-02       2.94892E+00       9.11544E-01       7.77114E-01
       3.16228E-01       3.31131E-01       3.23680E-01       1.49030E-02       4.78134E-02       3.20831E+00       1.03846E+00       8.24927E-01
       3.31131E-01       3.46737E-01       3.38934E-01       1.56060E-02       5.60054E-02       3.58871E+00       1.21633E+00       8.80933E-01
       3.46737E-01       3.63078E-01       3.54908E-01       1.63410E-02       6.77764E-02       4.14763E+00       1.47202E+00       9.48709E-01
       3.63078E-01       3.80189E-01       3.71633E-01       1.71110E-02       5.11779E-02       2.99094E+00       1.11153E+00       9.99887E-01
       3.80189E-01       3.98107E-01       3.89148E-01       1.79180E-02       1.13262E-04       6.32115E-03       2.45986E-03       1.00000E+00

 Sum =                                                                         1.00000E+00
 Renormalization bin#   872 =                                                  1.47092E-07 barn        1.31826E+06        1.38038E+06        1.34932E+06
 Avg. Energy     bin#   872 =                                                  2.09957E-01 MeV         1.31826E+06        1.38038E+06
