"        MT=107 recoil spectrum "
" Initial neutron energy corresponds to the group:"
   3.80189E+00    3.98107E+00       0.00000E+00           722           853           132



          Low               High              Mid              Energy           Number             dn/de            E*dn/de          Cumulative
         Energy            Energy            Energy             Width          Fraction                               Sum   
         [MeV]             [MeV]             [MeV]              [MeV]

       1.31826E-03       1.38038E-03       1.34932E-03       6.21200E-05       0.00000E+00       0.00000E+00       0.00000E+00       0.00000E+00
       1.38038E-03       1.44544E-03       1.41291E-03       6.50599E-05       6.50356E-07       9.99625E-03       1.41238E-05       6.50356E-07
       1.44544E-03       1.51356E-03       1.47950E-03       6.81201E-05       3.47296E-06       5.09828E-02       7.54291E-05       4.12331E-06
       1.51356E-03       1.58489E-03       1.54923E-03       7.13300E-05       6.92060E-06       9.70224E-02       1.50310E-04       1.10439E-05
       1.58489E-03       1.65959E-03       1.62224E-03       7.47000E-05       1.09335E-05       1.46366E-01       2.37440E-04       2.19774E-05
       1.65959E-03       1.73780E-03       1.69870E-03       7.82101E-05       1.55837E-05       1.99255E-01       3.38473E-04       3.75611E-05
       1.73780E-03       1.81970E-03       1.77875E-03       8.18999E-05       2.09527E-05       2.55832E-01       4.55062E-04       5.85138E-05
       1.81970E-03       1.90546E-03       1.86258E-03       8.57600E-05       2.71462E-05       3.16537E-01       5.89575E-04       8.56600E-05
       1.90546E-03       1.99526E-03       1.95036E-03       8.98001E-05       3.42986E-05       3.81945E-01       7.44929E-04       1.19959E-04
       1.99526E-03       2.08930E-03       2.04228E-03       9.40400E-05       4.25362E-05       4.52320E-01       9.23765E-04       1.62495E-04
       2.08930E-03       2.18776E-03       2.13853E-03       9.84600E-05       5.20005E-05       5.28138E-01       1.12944E-03       2.14495E-04
       2.18776E-03       2.29087E-03       2.23932E-03       1.03110E-04       6.28433E-05       6.09477E-01       1.36481E-03       2.77339E-04
       2.29087E-03       2.39883E-03       2.34485E-03       1.07960E-04       7.52824E-05       6.97318E-01       1.63511E-03       3.52621E-04
       2.39883E-03       2.51189E-03       2.45536E-03       1.13060E-04       8.96048E-05       7.92543E-01       1.94598E-03       4.42226E-04
       2.51189E-03       2.63027E-03       2.57108E-03       1.18380E-04       1.06048E-04       8.95829E-01       2.30325E-03       5.48274E-04
       2.63027E-03       2.75423E-03       2.69225E-03       1.23960E-04       1.24793E-04       1.00672E+00       2.71035E-03       6.73067E-04
       2.75423E-03       2.88403E-03       2.81913E-03       1.29800E-04       1.46105E-04       1.12561E+00       3.17325E-03       8.19172E-04
       2.88403E-03       3.01995E-03       2.95199E-03       1.35920E-04       1.70294E-04       1.25290E+00       3.69855E-03       9.89466E-04
       3.01995E-03       3.16228E-03       3.09112E-03       1.42330E-04       1.97669E-04       1.38880E+00       4.29295E-03       1.18713E-03
       3.16228E-03       3.31131E-03       3.23679E-03       1.49030E-04       2.28478E-04       1.53310E+00       4.96233E-03       1.41561E-03
       3.31131E-03       3.46737E-03       3.38934E-03       1.56060E-04       2.62799E-04       1.68396E+00       5.70751E-03       1.67841E-03
       3.46737E-03       3.63078E-03       3.54907E-03       1.63410E-04       3.00366E-04       1.83812E+00       6.52361E-03       1.97878E-03
       3.63078E-03       3.80189E-03       3.71633E-03       1.71110E-04       3.25614E-04       1.90295E+00       7.07201E-03       2.30439E-03
       3.80189E-03       3.98107E-03       3.89148E-03       1.79180E-04       3.41370E-04       1.90518E+00       7.41397E-03       2.64576E-03
       3.98107E-03       4.16869E-03       4.07488E-03       1.87620E-04       3.57893E-04       1.90754E+00       7.77301E-03       3.00365E-03
       4.16869E-03       4.36516E-03       4.26693E-03       1.96470E-04       3.75242E-04       1.90992E+00       8.14947E-03       3.37890E-03
       4.36516E-03       4.57088E-03       4.46802E-03       2.05720E-04       3.93403E-04       1.91233E+00       8.54431E-03       3.77230E-03
       4.57088E-03       4.78630E-03       4.67859E-03       2.15420E-04       4.12464E-04       1.91470E+00       8.95810E-03       4.18476E-03
       4.78630E-03       5.01187E-03       4.89909E-03       2.25570E-04       4.32434E-04       1.91707E+00       9.39188E-03       4.61720E-03
       5.01187E-03       5.24807E-03       5.12997E-03       2.36200E-04       4.53396E-04       1.91955E+00       9.84721E-03       5.07059E-03
       5.24807E-03       5.49541E-03       5.37174E-03       2.47340E-04       4.75343E-04       1.92182E+00       1.03235E-02       5.54594E-03
       5.49541E-03       5.75440E-03       5.62491E-03       2.58990E-04       4.98381E-04       1.92433E+00       1.08242E-02       6.04432E-03
       5.75440E-03       6.02560E-03       5.89000E-03       2.71200E-04       5.22543E-04       1.92678E+00       1.13487E-02       6.56686E-03
       6.02560E-03       6.30957E-03       6.16759E-03       2.83970E-04       5.47839E-04       1.92922E+00       1.18986E-02       7.11470E-03
       6.30957E-03       6.60693E-03       6.45825E-03       2.97360E-04       5.74388E-04       1.93162E+00       1.24749E-02       7.68909E-03
       6.60693E-03       6.91831E-03       6.76262E-03       3.11380E-04       6.02212E-04       1.93401E+00       1.30790E-02       8.29130E-03
       6.91831E-03       7.24436E-03       7.08133E-03       3.26050E-04       6.31379E-04       1.93645E+00       1.37126E-02       8.92268E-03
       7.24436E-03       7.58578E-03       7.41507E-03       3.41420E-04       6.61965E-04       1.93886E+00       1.43768E-02       9.58464E-03
       7.58578E-03       7.94328E-03       7.76453E-03       3.57500E-04       6.94018E-04       1.94131E+00       1.50733E-02       1.02787E-02
       7.94328E-03       8.31764E-03       8.13046E-03       3.74360E-04       7.27630E-04       1.94366E+00       1.58029E-02       1.10063E-02
       8.31764E-03       8.70964E-03       8.51364E-03       3.92000E-04       7.62815E-04       1.94596E+00       1.65672E-02       1.17691E-02
       8.70964E-03       9.12011E-03       8.91487E-03       4.10471E-04       7.98943E-04       1.94641E+00       1.73520E-02       1.25680E-02
       9.12011E-03       9.54993E-03       9.33502E-03       4.29819E-04       8.36447E-04       1.94604E+00       1.81663E-02       1.34045E-02
       9.54993E-03       1.00000E-02       9.77496E-03       4.50070E-04       8.75701E-04       1.94570E+00       1.90191E-02       1.42802E-02
       1.00000E-02       1.04713E-02       1.02357E-02       4.71300E-04       9.16800E-04       1.94526E+00       1.99110E-02       1.51970E-02
       1.04713E-02       1.09648E-02       1.07180E-02       4.93500E-04       9.59791E-04       1.94487E+00       2.08452E-02       1.61568E-02
       1.09648E-02       1.14815E-02       1.12232E-02       5.16700E-04       1.00483E-03       1.94470E+00       2.18257E-02       1.71616E-02
       1.14815E-02       1.20226E-02       1.17521E-02       5.41100E-04       1.05192E-03       1.94404E+00       2.28464E-02       1.82135E-02
       1.20226E-02       1.25892E-02       1.23059E-02       5.66601E-04       1.10125E-03       1.94361E+00       2.39179E-02       1.93148E-02
       1.25892E-02       1.31826E-02       1.28859E-02       5.93399E-04       1.15288E-03       1.94284E+00       2.50352E-02       2.04677E-02
       1.31826E-02       1.38038E-02       1.34932E-02       6.21200E-04       1.20688E-03       1.94281E+00       2.62148E-02       2.16745E-02
       1.38038E-02       1.44544E-02       1.41291E-02       6.50601E-04       1.26344E-03       1.94195E+00       2.74381E-02       2.29380E-02
       1.44544E-02       1.51356E-02       1.47950E-02       6.81199E-04       1.32258E-03       1.94155E+00       2.87252E-02       2.42606E-02
       1.51356E-02       1.58489E-02       1.54923E-02       7.13301E-04       1.38452E-03       1.94101E+00       3.00706E-02       2.56451E-02
       1.58489E-02       1.65959E-02       1.62224E-02       7.47000E-04       1.44933E-03       1.94021E+00       3.14748E-02       2.70944E-02
       1.65959E-02       1.73780E-02       1.69870E-02       7.82100E-04       1.51715E-03       1.93984E+00       3.29519E-02       2.86116E-02
       1.73780E-02       1.81970E-02       1.77875E-02       8.19000E-04       1.58812E-03       1.93909E+00       3.44916E-02       3.01997E-02
       1.81970E-02       1.90546E-02       1.86258E-02       8.57600E-04       1.66238E-03       1.93841E+00       3.61045E-02       3.18621E-02
       1.90546E-02       1.99526E-02       1.95036E-02       8.98000E-04       1.74009E-03       1.93774E+00       3.77928E-02       3.36022E-02
       1.99526E-02       2.08930E-02       2.04228E-02       9.40400E-04       1.82141E-03       1.93684E+00       3.95558E-02       3.54236E-02
       2.08930E-02       2.18776E-02       2.13853E-02       9.84600E-04       1.90650E-03       1.93632E+00       4.14089E-02       3.73301E-02
       2.18776E-02       2.29087E-02       2.23931E-02       1.03110E-03       1.99552E-03       1.93533E+00       4.33381E-02       3.93256E-02
       2.29087E-02       2.39883E-02       2.34485E-02       1.07960E-03       2.08866E-03       1.93465E+00       4.53647E-02       4.14142E-02
       2.39883E-02       2.51189E-02       2.45536E-02       1.13060E-03       2.18610E-03       1.93358E+00       4.74763E-02       4.36003E-02
       2.51189E-02       2.63027E-02       2.57108E-02       1.18380E-03       2.28807E-03       1.93282E+00       4.96943E-02       4.58884E-02
       2.63027E-02       2.75423E-02       2.69225E-02       1.23960E-03       2.39473E-03       1.93185E+00       5.20104E-02       4.82831E-02
       2.75423E-02       2.88403E-02       2.81913E-02       1.29800E-03       2.50631E-03       1.93090E+00       5.44347E-02       5.07894E-02
       2.88403E-02       3.01995E-02       2.95199E-02       1.35920E-03       2.62302E-03       1.92983E+00       5.69684E-02       5.34125E-02
       3.01995E-02       3.16228E-02       3.09112E-02       1.42330E-03       2.74514E-03       1.92871E+00       5.96187E-02       5.61576E-02
       3.16228E-02       3.31131E-02       3.23680E-02       1.49030E-03       2.87285E-03       1.92770E+00       6.23956E-02       5.90305E-02
       3.31131E-02       3.46737E-02       3.38934E-02       1.56060E-03       3.00647E-03       1.92649E+00       6.52951E-02       6.20369E-02
       3.46737E-02       3.63078E-02       3.54908E-02       1.63410E-03       3.14618E-03       1.92533E+00       6.83314E-02       6.51831E-02
       3.63078E-02       3.80189E-02       3.71633E-02       1.71110E-03       3.29232E-03       1.92410E+00       7.15059E-02       6.84754E-02
       3.80189E-02       3.98107E-02       3.89148E-02       1.79180E-03       3.44518E-03       1.92274E+00       7.48232E-02       7.19206E-02
       3.98107E-02       4.16869E-02       4.07488E-02       1.87620E-03       3.60501E-03       1.92144E+00       7.82965E-02       7.55256E-02
       4.16869E-02       4.36516E-02       4.26693E-02       1.96470E-03       3.77216E-03       1.91996E+00       8.19234E-02       7.92978E-02
       4.36516E-02       4.57088E-02       4.46802E-02       2.05720E-03       3.94697E-03       1.91861E+00       8.57240E-02       8.32447E-02
       4.57088E-02       4.78630E-02       4.67859E-02       2.15420E-03       4.12974E-03       1.91706E+00       8.96915E-02       8.73745E-02
       4.78630E-02       5.01187E-02       4.89908E-02       2.25570E-03       4.32084E-03       1.91552E+00       9.38430E-02       9.16953E-02
       5.01187E-02       5.24808E-02       5.12998E-02       2.36210E-03       4.52068E-03       1.91384E+00       9.81794E-02       9.62160E-02
       5.24808E-02       5.49541E-02       5.37174E-02       2.47330E-03       4.72958E-03       1.91225E+00       1.02721E-01       1.00946E-01
       5.49541E-02       5.75440E-02       5.62491E-02       2.58990E-03       4.94798E-03       1.91049E+00       1.07463E-01       1.05894E-01
       5.75440E-02       6.02560E-02       5.89000E-02       2.71200E-03       5.17634E-03       1.90868E+00       1.12421E-01       1.11070E-01
       6.02560E-02       6.30957E-02       6.16758E-02       2.83970E-03       5.41504E-03       1.90691E+00       1.17610E-01       1.16485E-01
       6.30957E-02       6.60693E-02       6.45825E-02       2.97360E-03       5.66453E-03       1.90494E+00       1.23026E-01       1.22149E-01
       6.60693E-02       6.91831E-02       6.76262E-02       3.11380E-03       5.92541E-03       1.90295E+00       1.28689E-01       1.28075E-01
       6.91831E-02       7.24436E-02       7.08134E-02       3.26050E-03       6.19804E-03       1.90095E+00       1.34612E-01       1.34273E-01
       7.24436E-02       7.58578E-02       7.41507E-02       3.41420E-03       6.48299E-03       1.89883E+00       1.40800E-01       1.40756E-01
       7.58578E-02       7.94328E-02       7.76453E-02       3.57500E-03       6.78082E-03       1.89673E+00       1.47272E-01       1.47537E-01
       7.94328E-02       8.31764E-02       8.13046E-02       3.74360E-03       7.09216E-03       1.89447E+00       1.54030E-01       1.54629E-01
       8.31764E-02       8.70964E-02       8.51364E-02       3.92000E-03       7.41752E-03       1.89223E+00       1.61097E-01       1.62046E-01
       8.70964E-02       9.12011E-02       8.91488E-02       4.10470E-03       7.75759E-03       1.88993E+00       1.68485E-01       1.69804E-01
       9.12011E-02       9.54993E-02       9.33502E-02       4.29820E-03       8.11303E-03       1.88754E+00       1.76203E-01       1.77917E-01
       9.54993E-02       1.00000E-01       9.77497E-02       4.50070E-03       8.48452E-03       1.88515E+00       1.84273E-01       1.86402E-01
       1.00000E-01       1.04713E-01       1.02357E-01       4.71300E-03       8.87283E-03       1.88263E+00       1.92699E-01       1.95274E-01
       1.04713E-01       1.09648E-01       1.07180E-01       4.93500E-03       9.27844E-03       1.88013E+00       2.01513E-01       2.04553E-01
       1.09648E-01       1.14815E-01       1.12231E-01       5.16700E-03       9.70286E-03       1.87785E+00       2.10754E-01       2.14256E-01
       1.14815E-01       1.20226E-01       1.17520E-01       5.41100E-03       1.01460E-02       1.87508E+00       2.20360E-01       2.24402E-01
       1.20226E-01       1.25892E-01       1.23059E-01       5.66600E-03       1.06097E-02       1.87252E+00       2.30430E-01       2.35011E-01
       1.25892E-01       1.31826E-01       1.28859E-01       5.93400E-03       1.10944E-02       1.86964E+00       2.40920E-01       2.46106E-01
       1.31826E-01       1.38038E-01       1.34932E-01       6.21200E-03       1.16009E-02       1.86750E+00       2.51985E-01       2.57707E-01
       1.38038E-01       1.44544E-01       1.41291E-01       6.50600E-03       1.21310E-02       1.86459E+00       2.63450E-01       2.69838E-01
       1.44544E-01       1.51356E-01       1.47950E-01       6.81200E-03       1.26851E-02       1.86216E+00       2.75507E-01       2.82523E-01
       1.51356E-01       1.58489E-01       1.54923E-01       7.13300E-03       1.32649E-02       1.85966E+00       2.88103E-01       2.95788E-01
       1.58489E-01       1.65959E-01       1.62224E-01       7.47000E-03       1.38717E-02       1.85698E+00       3.01247E-01       3.09659E-01
       1.65959E-01       1.73780E-01       1.69869E-01       7.82100E-03       1.45066E-02       1.85483E+00       3.15079E-01       3.24166E-01
       1.73780E-01       1.81970E-01       1.77875E-01       8.19000E-03       1.51714E-02       1.85243E+00       3.29501E-01       3.39337E-01
       1.81970E-01       1.90546E-01       1.86258E-01       8.57600E-03       1.58677E-02       1.85024E+00       3.44622E-01       3.55205E-01
       1.90546E-01       1.99526E-01       1.95036E-01       8.98000E-03       1.65971E-02       1.84823E+00       3.60471E-01       3.71802E-01
       1.99526E-01       2.08930E-01       2.04228E-01       9.40400E-03       1.73620E-02       1.84623E+00       3.77052E-01       3.89164E-01
       2.08930E-01       2.18776E-01       2.13853E-01       9.84600E-03       1.81641E-02       1.84482E+00       3.94520E-01       4.07328E-01
       2.18776E-01       2.29087E-01       2.23931E-01       1.03110E-02       1.90057E-02       1.84324E+00       4.12760E-01       4.26334E-01
       2.29087E-01       2.39883E-01       2.34485E-01       1.07960E-02       1.98895E-02       1.84230E+00       4.31993E-01       4.46223E-01
       2.39883E-01       2.51189E-01       2.45536E-01       1.13060E-02       2.08184E-02       1.84136E+00       4.52120E-01       4.67042E-01
       2.51189E-01       2.63027E-01       2.57108E-01       1.18380E-02       2.17956E-02       1.84116E+00       4.73377E-01       4.88837E-01
       2.63027E-01       2.75423E-01       2.69225E-01       1.23960E-02       2.28242E-02       1.84126E+00       4.95713E-01       5.11662E-01
       2.75423E-01       2.88403E-01       2.81913E-01       1.29800E-02       2.39084E-02       1.84194E+00       5.19268E-01       5.35570E-01
       2.88403E-01       3.01995E-01       2.95199E-01       1.35920E-02       2.50523E-02       1.84317E+00       5.44101E-01       5.60622E-01
       3.01995E-01       3.16228E-01       3.09112E-01       1.42330E-02       2.62609E-02       1.84507E+00       5.70332E-01       5.86883E-01
       3.16228E-01       3.31131E-01       3.23680E-01       1.49030E-02       2.75392E-02       1.84790E+00       5.98127E-01       6.14423E-01
       3.31131E-01       3.46737E-01       3.38934E-01       1.56060E-02       2.88727E-02       1.85011E+00       6.27064E-01       6.43295E-01
       3.46737E-01       3.63078E-01       3.54908E-01       1.63410E-02       3.01239E-02       1.84345E+00       6.54255E-01       6.73419E-01
       3.63078E-01       3.80189E-01       3.71633E-01       1.71110E-02       3.13873E-02       1.83433E+00       6.81700E-01       7.04807E-01
       3.80189E-01       3.98107E-01       3.89148E-01       1.79180E-02       3.26881E-02       1.82431E+00       7.09928E-01       7.37495E-01
       3.98107E-01       4.16869E-01       4.07488E-01       1.87620E-02       3.41145E-02       1.81828E+00       7.40926E-01       7.71609E-01
       4.16869E-01       4.36516E-01       4.26692E-01       1.96470E-02       3.58669E-02       1.82556E+00       7.78955E-01       8.07476E-01
       4.36516E-01       4.57088E-01       4.46802E-01       2.05720E-02       3.77553E-02       1.83527E+00       8.20004E-01       8.45231E-01
       4.57088E-01       4.78630E-01       4.67859E-01       2.15420E-02       3.97784E-02       1.84655E+00       8.63926E-01       8.85010E-01
       4.78630E-01       5.01187E-01       4.89909E-01       2.25570E-02       4.19515E-02       1.85980E+00       9.11131E-01       9.26961E-01
       5.01187E-01       5.24808E-01       5.12998E-01       2.36210E-02       4.11645E-02       1.74271E+00       8.94005E-01       9.68126E-01
       5.24808E-01       5.49541E-01       5.37174E-01       2.47330E-02       2.70797E-02       1.09488E+00       5.88143E-01       9.95205E-01
       5.49541E-01       5.75440E-01       5.62490E-01       2.58990E-02       4.79490E-03       1.85139E-01       1.04139E-01       1.00000E+00

 Sum =                                                                         1.00000E+00
 Renormalization bin#   895 =                                                  1.98012E-03 barn        3.80189E+06        3.98107E+06        3.89148E+06
 Avg. Energy     bin#   895 =                                                  2.70089E-01 MeV         3.80189E+06        3.98107E+06
