"        MT=601 recoil spectrum "
" Initial neutron energy corresponds to the group:"
   6.40000E+00    6.60000E+00       0.00000E+00           790           854            65



          Low               High              Mid              Energy           Number             dn/de            E*dn/de          Cumulative
         Energy            Energy            Energy             Width          Fraction                               Sum   
         [MeV]             [MeV]             [MeV]              [MeV]

       3.01995E-02       3.16228E-02       3.09112E-02       1.42330E-03       0.00000E+00       0.00000E+00       0.00000E+00       0.00000E+00
       3.16228E-02       3.31131E-02       3.23680E-02       1.49030E-03       1.21074E-03       8.12414E-01       2.62962E-02       1.21074E-03
       3.31131E-02       3.46737E-02       3.38934E-02       1.56060E-03       2.98911E-03       1.91536E+00       6.49182E-02       4.19985E-03
       3.46737E-02       3.63078E-02       3.54908E-02       1.63410E-03       3.14244E-03       1.92304E+00       6.82500E-02       7.34229E-03
       3.63078E-02       3.80189E-02       3.71633E-02       1.71110E-03       3.28935E-03       1.92236E+00       7.14413E-02       1.06316E-02
       3.80189E-02       3.98107E-02       3.89148E-02       1.79180E-03       3.44310E-03       1.92159E+00       7.47782E-02       1.40747E-02
       3.98107E-02       4.16869E-02       4.07488E-02       1.87620E-03       3.60392E-03       1.92086E+00       7.82727E-02       1.76787E-02
       4.16869E-02       4.36516E-02       4.26693E-02       1.96470E-03       3.77216E-03       1.91996E+00       8.19234E-02       2.14508E-02
       4.36516E-02       4.57088E-02       4.46802E-02       2.05720E-03       3.94819E-03       1.91921E+00       8.57505E-02       2.53990E-02
       4.57088E-02       4.78630E-02       4.67859E-02       2.15420E-03       4.13228E-03       1.91824E+00       8.97468E-02       2.95313E-02
       4.78630E-02       5.01187E-02       4.89908E-02       2.25570E-03       4.32483E-03       1.91729E+00       9.39298E-02       3.38561E-02
       5.01187E-02       5.24808E-02       5.12998E-02       2.36210E-03       4.52626E-03       1.91620E+00       9.83007E-02       3.83824E-02
       5.24808E-02       5.49541E-02       5.37174E-02       2.47330E-03       4.73688E-03       1.91520E+00       1.02880E-01       4.31193E-02
       5.49541E-02       5.75440E-02       5.62491E-02       2.58990E-03       4.95714E-03       1.91403E+00       1.07662E-01       4.80764E-02
       5.75440E-02       6.02560E-02       5.89000E-02       2.71200E-03       5.18749E-03       1.91279E+00       1.12663E-01       5.32639E-02
       6.02560E-02       6.30957E-02       6.16758E-02       2.83970E-03       5.42828E-03       1.91157E+00       1.17898E-01       5.86922E-02
       6.30957E-02       6.60693E-02       6.45825E-02       2.97360E-03       5.68007E-03       1.91017E+00       1.23363E-01       6.43722E-02
       6.60693E-02       6.91831E-02       6.76262E-02       3.11380E-03       5.94330E-03       1.90869E+00       1.29078E-01       7.03155E-02
       6.91831E-02       7.24436E-02       7.08134E-02       3.26050E-03       6.21841E-03       1.90719E+00       1.35055E-01       7.65339E-02
       7.24436E-02       7.58578E-02       7.41507E-02       3.41420E-03       6.50598E-03       1.90557E+00       1.41299E-01       8.30399E-02
       7.58578E-02       7.94328E-02       7.76453E-02       3.57500E-03       6.80652E-03       1.90392E+00       1.47831E-01       8.98464E-02
       7.94328E-02       8.31764E-02       8.13046E-02       3.74360E-03       7.12063E-03       1.90208E+00       1.54648E-01       9.69671E-02
       8.31764E-02       8.70964E-02       8.51364E-02       3.92000E-03       7.44880E-03       1.90020E+00       1.61777E-01       1.04416E-01
       8.70964E-02       9.12011E-02       8.91488E-02       4.10470E-03       7.79169E-03       1.89824E+00       1.69225E-01       1.12208E-01
       9.12011E-02       9.54993E-02       9.33502E-02       4.29820E-03       8.14995E-03       1.89613E+00       1.77004E-01       1.20358E-01
       9.54993E-02       1.00000E-01       9.77497E-02       4.50070E-03       8.52416E-03       1.89396E+00       1.85134E-01       1.28882E-01
       1.00000E-01       1.04713E-01       1.02357E-01       4.71300E-03       8.91514E-03       1.89161E+00       1.93618E-01       1.37797E-01
       1.04713E-01       1.09648E-01       1.07180E-01       4.93500E-03       9.32322E-03       1.88920E+00       2.02486E-01       1.47120E-01
       1.09648E-01       1.14815E-01       1.12231E-01       5.16700E-03       9.74983E-03       1.88694E+00       2.11774E-01       1.56870E-01
       1.14815E-01       1.20226E-01       1.17520E-01       5.41100E-03       1.01949E-02       1.88410E+00       2.21420E-01       1.67065E-01
       1.20226E-01       1.25892E-01       1.23059E-01       5.66600E-03       1.06600E-02       1.88140E+00       2.31523E-01       1.77725E-01
       1.25892E-01       1.31826E-01       1.28859E-01       5.93400E-03       1.11457E-02       1.87828E+00       2.42034E-01       1.88870E-01
       1.31826E-01       1.38038E-01       1.34932E-01       6.21200E-03       1.16526E-02       1.87581E+00       2.53107E-01       2.00523E-01
       1.38038E-01       1.44544E-01       1.41291E-01       6.50600E-03       1.21822E-02       1.87246E+00       2.64562E-01       2.12705E-01
       1.44544E-01       1.51356E-01       1.47950E-01       6.81200E-03       1.27350E-02       1.86950E+00       2.76592E-01       2.25440E-01
       1.51356E-01       1.58489E-01       1.54923E-01       7.13300E-03       1.33126E-02       1.86634E+00       2.89138E-01       2.38753E-01
       1.58489E-01       1.65959E-01       1.62224E-01       7.47000E-03       1.39159E-02       1.86290E+00       3.02207E-01       2.52669E-01
       1.65959E-01       1.73780E-01       1.69869E-01       7.82100E-03       1.45460E-02       1.85986E+00       3.15934E-01       2.67215E-01
       1.73780E-01       1.81970E-01       1.77875E-01       8.19000E-03       1.52045E-02       1.85647E+00       3.30220E-01       2.82419E-01
       1.81970E-01       1.90546E-01       1.86258E-01       8.57600E-03       1.58928E-02       1.85317E+00       3.45168E-01       2.98312E-01
       1.90546E-01       1.99526E-01       1.95036E-01       8.98000E-03       1.66123E-02       1.84992E+00       3.60802E-01       3.14924E-01
       1.99526E-01       2.08930E-01       2.04228E-01       9.40400E-03       1.73654E-02       1.84660E+00       3.77127E-01       3.32290E-01
       2.08930E-01       2.18776E-01       2.13853E-01       9.84600E-03       1.81536E-02       1.84375E+00       3.94292E-01       3.50443E-01
       2.18776E-01       2.29087E-01       2.23931E-01       1.03110E-02       1.89788E-02       1.84064E+00       4.12177E-01       3.69422E-01
       2.29087E-01       2.39883E-01       2.34485E-01       1.07960E-02       1.98440E-02       1.83809E+00       4.31005E-01       3.89266E-01
       2.39883E-01       2.51189E-01       2.45536E-01       1.13060E-02       2.07518E-02       1.83546E+00       4.50673E-01       4.10018E-01
       2.51189E-01       2.63027E-01       2.57108E-01       1.18380E-02       2.17052E-02       1.83352E+00       4.71412E-01       4.31723E-01
       2.63027E-01       2.75423E-01       2.69225E-01       1.23960E-02       2.27072E-02       1.83182E+00       4.93171E-01       4.54430E-01
       2.75423E-01       2.88403E-01       2.81913E-01       1.29800E-02       2.37621E-02       1.83067E+00       5.16090E-01       4.78192E-01
       2.88403E-01       3.01995E-01       2.95199E-01       1.35920E-02       2.48740E-02       1.83004E+00       5.40227E-01       5.03066E-01
       3.01995E-01       3.16228E-01       3.09112E-01       1.42330E-02       2.60478E-02       1.83010E+00       5.65704E-01       5.29114E-01
       3.16228E-01       3.31131E-01       3.23680E-01       1.49030E-02       2.72884E-02       1.83107E+00       5.92680E-01       5.56403E-01
       3.31131E-01       3.46737E-01       3.38934E-01       1.56060E-02       2.86025E-02       1.83279E+00       6.21194E-01       5.85005E-01
       3.46737E-01       3.63078E-01       3.54908E-01       1.63410E-02       2.99955E-02       1.83560E+00       6.51467E-01       6.15000E-01
       3.63078E-01       3.80189E-01       3.71633E-01       1.71110E-02       3.14748E-02       1.83945E+00       6.83600E-01       6.46475E-01
       3.80189E-01       3.98107E-01       3.89148E-01       1.79180E-02       3.30480E-02       1.84440E+00       7.17745E-01       6.79523E-01
       3.98107E-01       4.16869E-01       4.07488E-01       1.87620E-02       3.47221E-02       1.85066E+00       7.54123E-01       7.14245E-01
       4.16869E-01       4.36516E-01       4.26692E-01       1.96470E-02       3.65054E-02       1.85806E+00       7.92822E-01       7.50751E-01
       4.36516E-01       4.57088E-01       4.46802E-01       2.05720E-02       3.84051E-02       1.86686E+00       8.34118E-01       7.89156E-01
       4.57088E-01       4.78630E-01       4.67859E-01       2.15420E-02       4.04272E-02       1.87667E+00       8.78015E-01       8.29583E-01
       4.78630E-01       5.01187E-01       4.89909E-01       2.25570E-02       4.25761E-02       1.88749E+00       9.24697E-01       8.72159E-01
       5.01187E-01       5.24808E-01       5.12998E-01       2.36210E-02       4.48537E-02       1.89889E+00       9.74127E-01       9.17013E-01
       5.24808E-01       5.49541E-01       5.37174E-01       2.47330E-02       4.72559E-02       1.91064E+00       1.02635E+00       9.64269E-01
       5.49541E-01       5.75440E-01       5.62490E-01       2.58990E-02       3.40289E-02       1.31391E+00       7.39062E-01       9.98298E-01
       5.75440E-01       6.02560E-01       5.89000E-01       2.71200E-02       1.70222E-03       6.27660E-02       3.69692E-02       1.00000E+00

 Sum =                                                                         1.00000E+00
 Renormalization bin#   908 =                                                  7.35894E-02 barn        6.40000E+06        6.60000E+06        6.50000E+06
 Avg. Energy     bin#   908 =                                                  3.00491E-01 MeV         6.40000E+06        6.60000E+06
