"        MT=649 recoil spectrum "
" Initial neutron energy corresponds to the group:"
   1.40000E+01    1.42000E+01       0.00000E+00           771           874           104



          Low               High              Mid              Energy           Number             dn/de            E*dn/de          Cumulative
         Energy            Energy            Energy             Width          Fraction                               Sum   
         [MeV]             [MeV]             [MeV]              [MeV]

       1.25892E-02       1.31826E-02       1.28859E-02       5.93399E-04       0.00000E+00       0.00000E+00       0.00000E+00       0.00000E+00
       1.31826E-02       1.38038E-02       1.34932E-02       6.21200E-04       1.77735E-08       2.86115E-05       3.86061E-07       1.77735E-08
       1.38038E-02       1.44544E-02       1.41291E-02       6.50601E-04       9.77485E-08       1.50243E-04       2.12280E-06       1.15522E-07
       1.44544E-02       1.51356E-02       1.47950E-02       6.81199E-04       1.92115E-07       2.82025E-04       4.17256E-06       3.07637E-07
       1.51356E-02       1.58489E-02       1.54923E-02       7.13301E-04       2.96672E-07       4.15914E-04       6.44344E-06       6.04309E-07
       1.58489E-02       1.65959E-02       1.62224E-02       7.47000E-04       4.14282E-07       5.54595E-04       8.99686E-06       1.01859E-06
       1.65959E-02       1.73780E-02       1.69870E-02       7.82100E-04       5.42220E-07       6.93287E-04       1.17768E-05       1.56081E-06
       1.73780E-02       1.81970E-02       1.77875E-02       8.19000E-04       6.84927E-07       8.36296E-04       1.48756E-05       2.24574E-06
       1.81970E-02       1.90546E-02       1.86258E-02       8.57600E-04       8.45662E-07       9.86081E-04       1.83665E-05       3.09140E-06
       1.90546E-02       1.99526E-02       1.95036E-02       8.98000E-04       1.02249E-06       1.13863E-03       2.22074E-05       4.11389E-06
       1.99526E-02       2.08930E-02       2.04228E-02       9.40400E-04       1.20998E-06       1.28667E-03       2.62773E-05       5.32387E-06
       2.08930E-02       2.18776E-02       2.13853E-02       9.84600E-04       1.41907E-06       1.44126E-03       3.08218E-05       6.74294E-06
       2.18776E-02       2.29087E-02       2.23931E-02       1.03110E-03       2.56730E-06       2.48987E-03       5.57560E-05       9.31024E-06
       2.29087E-02       2.39883E-02       2.34485E-02       1.07960E-03       6.84188E-06       6.33742E-03       1.48603E-04       1.61521E-05
       2.39883E-02       2.51189E-02       2.45536E-02       1.13060E-03       1.18545E-05       1.04851E-02       2.57447E-04       2.80066E-05
       2.51189E-02       2.63027E-02       2.57108E-02       1.18380E-03       1.74082E-05       1.47053E-02       3.78086E-04       4.54148E-05
       2.63027E-02       2.75423E-02       2.69225E-02       1.23960E-03       2.35770E-05       1.90198E-02       5.12061E-04       6.89918E-05
       2.75423E-02       2.88403E-02       2.81913E-02       1.29800E-03       3.04815E-05       2.34834E-02       6.62028E-04       9.94732E-05
       2.88403E-02       3.01995E-02       2.95199E-02       1.35920E-03       3.79436E-05       2.79161E-02       8.24082E-04       1.37417E-04
       3.01995E-02       3.16228E-02       3.09112E-02       1.42330E-03       4.62950E-05       3.25265E-02       1.00543E-03       1.83712E-04
       3.16228E-02       3.31131E-02       3.23680E-02       1.49030E-03       5.56497E-05       3.73412E-02       1.20866E-03       2.39361E-04
       3.31131E-02       3.46737E-02       3.38934E-02       1.56060E-03       6.60647E-05       4.23330E-02       1.43481E-03       3.05426E-04
       3.46737E-02       3.63078E-02       3.54908E-02       1.63410E-03       7.72251E-05       4.72585E-02       1.67724E-03       3.82651E-04
       3.63078E-02       3.80189E-02       3.71633E-02       1.71110E-03       8.95772E-05       5.23507E-02       1.94553E-03       4.72229E-04
       3.80189E-02       3.98107E-02       3.89148E-02       1.79180E-03       1.03332E-04       5.76692E-02       2.24418E-03       5.75560E-04
       3.98107E-02       4.16869E-02       4.07488E-02       1.87620E-03       1.18255E-04       6.30289E-02       2.56835E-03       6.93815E-04
       4.16869E-02       4.36516E-02       4.26693E-02       1.96470E-03       1.34406E-04       6.84105E-02       2.91902E-03       8.28221E-04
       4.36516E-02       4.57088E-02       4.46802E-02       2.05720E-03       1.52321E-04       7.40427E-02       3.30824E-03       9.80542E-04
       4.57088E-02       4.78630E-02       4.67859E-02       2.15420E-03       1.71756E-04       7.97310E-02       3.73029E-03       1.15230E-03
       4.78630E-02       5.01187E-02       4.89908E-02       2.25570E-03       2.01185E-04       8.91896E-02       4.36947E-03       1.35348E-03
       5.01187E-02       5.24808E-02       5.12998E-02       2.36210E-03       2.40899E-04       1.01985E-01       5.23181E-03       1.59438E-03
       5.24808E-02       5.49541E-02       5.37174E-02       2.47330E-03       2.85337E-04       1.15367E-01       6.19722E-03       1.87972E-03
       5.49541E-02       5.75440E-02       5.62491E-02       2.58990E-03       3.34478E-04       1.29147E-01       7.26441E-03       2.21420E-03
       5.75440E-02       6.02560E-02       5.89000E-02       2.71200E-03       3.88293E-04       1.43176E-01       8.43305E-03       2.60249E-03
       6.02560E-02       6.30957E-02       6.16758E-02       2.83970E-03       4.51155E-04       1.58874E-01       9.79870E-03       3.05365E-03
       6.30957E-02       6.60693E-02       6.45825E-02       2.97360E-03       5.52177E-04       1.85693E-01       1.19925E-02       3.60582E-03
       6.60693E-02       6.91831E-02       6.76262E-02       3.11380E-03       6.72321E-04       2.15916E-01       1.46016E-02       4.27814E-03
       6.91831E-02       7.24436E-02       7.08134E-02       3.26050E-03       8.05051E-04       2.46910E-01       1.74845E-02       5.08319E-03
       7.24436E-02       7.58578E-02       7.41507E-02       3.41420E-03       9.50272E-04       2.78330E-01       2.06383E-02       6.03347E-03
       7.58578E-02       7.94328E-02       7.76453E-02       3.57500E-03       1.11136E-03       3.10871E-01       2.41376E-02       7.14483E-03
       7.94328E-02       8.31764E-02       8.13046E-02       3.74360E-03       1.29007E-03       3.44607E-01       2.80181E-02       8.43490E-03
       8.31764E-02       8.70964E-02       8.51364E-02       3.92000E-03       1.48296E-03       3.78306E-01       3.22076E-02       9.91786E-03
       8.70964E-02       9.12011E-02       8.91488E-02       4.10470E-03       1.69408E-03       4.12718E-01       3.67933E-02       1.16119E-02
       9.12011E-02       9.54993E-02       9.33502E-02       4.29820E-03       1.92653E-03       4.48219E-01       4.18414E-02       1.35385E-02
       9.54993E-02       1.00000E-01       9.77497E-02       4.50070E-03       2.17699E-03       4.83700E-01       4.72815E-02       1.57155E-02
       1.00000E-01       1.04713E-01       1.02357E-01       4.71300E-03       2.45393E-03       5.20672E-01       5.32942E-02       1.81694E-02
       1.04713E-01       1.09648E-01       1.07180E-01       4.93500E-03       2.76041E-03       5.59354E-01       5.99519E-02       2.09298E-02
       1.09648E-01       1.14815E-01       1.12231E-01       5.16700E-03       3.09661E-03       5.99305E-01       6.72609E-02       2.40264E-02
       1.14815E-01       1.20226E-01       1.17520E-01       5.41100E-03       3.46272E-03       6.39940E-01       7.52061E-02       2.74891E-02
       1.20226E-01       1.25892E-01       1.23059E-01       5.66600E-03       3.84743E-03       6.79038E-01       8.35617E-02       3.13366E-02
       1.25892E-01       1.31826E-01       1.28859E-01       5.93400E-03       4.24590E-03       7.15521E-01       9.22013E-02       3.55825E-02
       1.31826E-01       1.38038E-01       1.34932E-01       6.21200E-03       4.66504E-03       7.50972E-01       1.01330E-01       4.02475E-02
       1.38038E-01       1.44544E-01       1.41291E-01       6.50600E-03       5.10293E-03       7.84342E-01       1.10820E-01       4.53504E-02
       1.44544E-01       1.51356E-01       1.47950E-01       6.81200E-03       5.48061E-03       8.04552E-01       1.19034E-01       5.08310E-02
       1.51356E-01       1.58489E-01       1.54923E-01       7.13300E-03       5.80407E-03       8.13692E-01       1.26059E-01       5.66351E-02
       1.58489E-01       1.65959E-01       1.62224E-01       7.47000E-03       6.14384E-03       8.22468E-01       1.33424E-01       6.27789E-02
       1.65959E-01       1.73780E-01       1.69869E-01       7.82100E-03       6.50291E-03       8.31468E-01       1.41241E-01       6.92819E-02
       1.73780E-01       1.81970E-01       1.77875E-01       8.19000E-03       6.88489E-03       8.40645E-01       1.49530E-01       7.61667E-02
       1.81970E-01       1.90546E-01       1.86258E-01       8.57600E-03       7.29215E-03       8.50297E-01       1.58375E-01       8.34589E-02
       1.90546E-01       1.99526E-01       1.95036E-01       8.98000E-03       7.72655E-03       8.60418E-01       1.67812E-01       9.11854E-02
       1.99526E-01       2.08930E-01       2.04228E-01       9.40400E-03       8.18874E-03       8.70772E-01       1.77836E-01       9.93742E-02
       2.08930E-01       2.18776E-01       2.13853E-01       9.84600E-03       8.67208E-03       8.80772E-01       1.88356E-01       1.08046E-01
       2.18776E-01       2.29087E-01       2.23931E-01       1.03110E-02       9.17872E-03       8.90187E-01       1.99341E-01       1.17225E-01
       2.29087E-01       2.39883E-01       2.34485E-01       1.07960E-02       9.71853E-03       9.00197E-01       2.11083E-01       1.26943E-01
       2.39883E-01       2.51189E-01       2.45536E-01       1.13060E-02       1.02942E-02       9.10504E-01       2.23561E-01       1.37238E-01
       2.51189E-01       2.63027E-01       2.57108E-01       1.18380E-02       1.09083E-02       9.21468E-01       2.36917E-01       1.48146E-01
       2.63027E-01       2.75423E-01       2.69225E-01       1.23960E-02       1.15638E-02       9.32868E-01       2.51152E-01       1.59710E-01
       2.75423E-01       2.88403E-01       2.81913E-01       1.29800E-02       1.22638E-02       9.44825E-01       2.66358E-01       1.71974E-01
       2.88403E-01       3.01995E-01       2.95199E-01       1.35920E-02       1.30111E-02       9.57259E-01       2.82582E-01       1.84985E-01
       3.01995E-01       3.16228E-01       3.09112E-01       1.42330E-02       1.38004E-02       9.69602E-01       2.99715E-01       1.98785E-01
       3.16228E-01       3.31131E-01       3.23680E-01       1.49030E-02       1.46407E-02       9.82398E-01       3.17982E-01       2.13426E-01
       3.31131E-01       3.46737E-01       3.38934E-01       1.56060E-02       1.55392E-02       9.95717E-01       3.37482E-01       2.28965E-01
       3.46737E-01       3.63078E-01       3.54908E-01       1.63410E-02       1.64999E-02       1.00972E+00       3.58358E-01       2.45465E-01
       3.63078E-01       3.80189E-01       3.71633E-01       1.71110E-02       1.75279E-02       1.02436E+00       3.80688E-01       2.62993E-01
       3.80189E-01       3.98107E-01       3.89148E-01       1.79180E-02       1.86281E-02       1.03963E+00       4.04570E-01       2.81621E-01
       3.98107E-01       4.16869E-01       4.07488E-01       1.87620E-02       1.97691E-02       1.05368E+00       4.29362E-01       3.01390E-01
       4.16869E-01       4.36516E-01       4.26692E-01       1.96470E-02       2.09519E-02       1.06642E+00       4.55033E-01       3.22342E-01
       4.36516E-01       4.57088E-01       4.46802E-01       2.05720E-02       2.23816E-02       1.08797E+00       4.86105E-01       3.44723E-01
       4.57088E-01       4.78630E-01       4.67859E-01       2.15420E-02       2.35757E-02       1.09441E+00       5.12029E-01       3.68299E-01
       4.78630E-01       5.01187E-01       4.89909E-01       2.25570E-02       2.44672E-02       1.08468E+00       5.31396E-01       3.92766E-01
       5.01187E-01       5.24808E-01       5.12998E-01       2.36210E-02       2.53088E-02       1.07145E+00       5.49652E-01       4.18075E-01
       5.24808E-01       5.49541E-01       5.37174E-01       2.47330E-02       2.60905E-02       1.05489E+00       5.66657E-01       4.44166E-01
       5.49541E-01       5.75440E-01       5.62490E-01       2.58990E-02       2.68694E-02       1.03747E+00       5.83567E-01       4.71035E-01
       5.75440E-01       6.02560E-01       5.89000E-01       2.71200E-02       2.76565E-02       1.01978E+00       6.00652E-01       4.98692E-01
       6.02560E-01       6.30957E-01       6.16758E-01       2.83970E-02       2.84834E-02       1.00304E+00       6.18636E-01       5.27175E-01
       6.30957E-01       6.60693E-01       6.45825E-01       2.97360E-02       2.93082E-02       9.85613E-01       6.36533E-01       5.56483E-01
       6.60693E-01       6.91831E-01       6.76262E-01       3.11380E-02       3.01218E-02       9.67365E-01       6.54192E-01       5.86605E-01
       6.91831E-01       7.24436E-01       7.08133E-01       3.26050E-02       3.09189E-02       9.48288E-01       6.71514E-01       6.17524E-01
       7.24436E-01       7.58578E-01       7.41507E-01       3.41420E-02       3.16936E-02       9.28286E-01       6.88331E-01       6.49218E-01
       7.58578E-01       7.94328E-01       7.76453E-01       3.57500E-02       3.24565E-02       9.07875E-01       7.04923E-01       6.81674E-01
       7.94328E-01       8.31764E-01       8.13046E-01       3.74360E-02       3.32612E-02       8.88480E-01       7.22375E-01       7.14935E-01
       8.31764E-01       8.70964E-01       8.51364E-01       3.92000E-02       3.40429E-02       8.68440E-01       7.39359E-01       7.48978E-01
       8.70964E-01       9.12011E-01       8.91487E-01       4.10470E-02       3.47856E-02       8.47458E-01       7.55498E-01       7.83764E-01
       9.12011E-01       9.54993E-01       9.33502E-01       4.29820E-02       3.54803E-02       8.25469E-01       7.70577E-01       8.19244E-01
       9.54993E-01       1.00000E+00       9.77497E-01       4.50070E-02       3.61150E-02       8.02431E-01       7.84373E-01       8.55359E-01
       1.00000E+00       1.04713E+00       1.02357E+00       4.71300E-02       3.52642E-02       7.48234E-01       7.65866E-01       8.90623E-01
       1.04713E+00       1.09648E+00       1.07181E+00       4.93500E-02       3.11780E-02       6.31773E-01       6.77137E-01       9.21801E-01
       1.09648E+00       1.14815E+00       1.12231E+00       5.16700E-02       2.62052E-02       5.07164E-01       5.69198E-01       9.48007E-01
       1.14815E+00       1.20226E+00       1.17520E+00       5.41100E-02       2.05684E-02       3.80121E-01       4.46720E-01       9.68575E-01
       1.20226E+00       1.25892E+00       1.23059E+00       5.66600E-02       1.42436E-02       2.51388E-01       3.09355E-01       9.82818E-01
       1.25892E+00       1.31826E+00       1.28859E+00       5.93400E-02       7.77185E-03       1.30971E-01       1.68769E-01       9.90590E-01
       1.31826E+00       1.38038E+00       1.34932E+00       6.21200E-02       5.38797E-03       8.67349E-02       1.17033E-01       9.95978E-01
       1.38038E+00       1.44544E+00       1.41291E+00       6.50600E-02       3.57737E-03       5.49857E-02       7.76898E-02       9.99556E-01
       1.44544E+00       1.51356E+00       1.47950E+00       6.81200E-02       4.44420E-04       6.52407E-03       9.65236E-03       1.00000E+00

 Sum =                                                                         1.00000E+00
 Renormalization bin#   946 =                                                  2.00459E-01 barn        1.40000E+07        1.42000E+07        1.41000E+07
 Avg. Energy     bin#   946 =                                                  6.25246E-01 MeV         1.40000E+07        1.42000E+07
