"        MT=649 recoil spectrum "
" Initial neutron energy corresponds to the group:"
   1.52000E+01    1.54000E+01       0.00000E+00           783           875            93



          Low               High              Mid              Energy           Number             dn/de            E*dn/de          Cumulative
         Energy            Energy            Energy             Width          Fraction                               Sum   
         [MeV]             [MeV]             [MeV]              [MeV]

       2.18776E-02       2.29087E-02       2.23931E-02       1.03110E-03       0.00000E+00       0.00000E+00       0.00000E+00       0.00000E+00
       2.29087E-02       2.39883E-02       2.34485E-02       1.07960E-03       5.71835E-07       5.29672E-04       1.24200E-05       5.71835E-07
       2.39883E-02       2.51189E-02       2.45536E-02       1.13060E-03       3.12506E-06       2.76408E-03       6.78680E-05       3.69690E-06
       2.51189E-02       2.63027E-02       2.57108E-02       1.18380E-03       6.13427E-06       5.18185E-03       1.33230E-04       9.83117E-06
       2.63027E-02       2.75423E-02       2.69225E-02       1.23960E-03       9.47400E-06       7.64278E-03       2.05763E-04       1.93052E-05
       2.75423E-02       2.88403E-02       2.81913E-02       1.29800E-03       1.31922E-05       1.01635E-02       2.86522E-04       3.24974E-05
       2.88403E-02       3.01995E-02       2.95199E-02       1.35920E-03       1.73570E-05       1.27700E-02       3.76969E-04       4.98543E-05
       3.01995E-02       3.16228E-02       3.09112E-02       1.42330E-03       2.18514E-05       1.53526E-02       4.74567E-04       7.17057E-05
       3.16228E-02       3.31131E-02       3.23680E-02       1.49030E-03       2.68845E-05       1.80397E-02       5.83907E-04       9.85902E-05
       3.31131E-02       3.46737E-02       3.38934E-02       1.56060E-03       3.53870E-05       2.26753E-02       7.68543E-04       1.33977E-04
       3.46737E-02       3.63078E-02       3.54908E-02       1.63410E-03       5.21399E-05       3.19074E-02       1.13242E-03       1.86117E-04
       3.63078E-02       3.80189E-02       3.71633E-02       1.71110E-03       7.08942E-05       4.14320E-02       1.53975E-03       2.57011E-04
       3.80189E-02       3.98107E-02       3.89148E-02       1.79180E-03       9.17898E-05       5.12277E-02       1.99352E-03       3.48801E-04
       3.98107E-02       4.16869E-02       4.07488E-02       1.87620E-03       1.14923E-04       6.12532E-02       2.49600E-03       4.63724E-04
       4.16869E-02       4.36516E-02       4.26693E-02       1.96470E-03       1.40405E-04       7.14635E-02       3.04929E-03       6.04129E-04
       4.36516E-02       4.57088E-02       4.46802E-02       2.05720E-03       1.68737E-04       8.20225E-02       3.66478E-03       7.72866E-04
       4.57088E-02       4.78630E-02       4.67859E-02       2.15420E-03       1.99759E-04       9.27300E-02       4.33845E-03       9.72624E-04
       4.78630E-02       5.01187E-02       4.89908E-02       2.25570E-03       2.33357E-04       1.03452E-01       5.06820E-03       1.20598E-03
       5.01187E-02       5.24808E-02       5.12998E-02       2.36210E-03       2.70530E-04       1.14529E-01       5.87533E-03       1.47651E-03
       5.24808E-02       5.49541E-02       5.37174E-02       2.47330E-03       3.11978E-04       1.26138E-01       6.77583E-03       1.78849E-03
       5.49541E-02       5.75440E-02       5.62491E-02       2.58990E-03       3.58148E-04       1.38286E-01       7.77848E-03       2.14664E-03
       5.75440E-02       6.02560E-02       5.89000E-02       2.71200E-03       4.08646E-04       1.50681E-01       8.87510E-03       2.55528E-03
       6.02560E-02       6.30957E-02       6.16758E-02       2.83970E-03       4.62765E-04       1.62963E-01       1.00509E-02       3.01805E-03
       6.30957E-02       6.60693E-02       6.45825E-02       2.97360E-03       5.24860E-04       1.76507E-01       1.13992E-02       3.54291E-03
       6.60693E-02       6.91831E-02       6.76262E-02       3.11380E-03       6.14151E-04       1.97235E-01       1.33383E-02       4.15706E-03
       6.91831E-02       7.24436E-02       7.08134E-02       3.26050E-03       7.18243E-04       2.20286E-01       1.55992E-02       4.87530E-03
       7.24436E-02       7.58578E-02       7.41507E-02       3.41420E-03       8.33127E-04       2.44019E-01       1.80941E-02       5.70843E-03
       7.58578E-02       7.94328E-02       7.76453E-02       3.57500E-03       9.59705E-04       2.68449E-01       2.08438E-02       6.66813E-03
       7.94328E-02       8.31764E-02       8.13046E-02       3.74360E-03       1.10088E-03       2.94069E-01       2.39092E-02       7.76901E-03
       8.31764E-02       8.70964E-02       8.51364E-02       3.92000E-03       1.26379E-03       3.22395E-01       2.74476E-02       9.03280E-03
       8.70964E-02       9.12011E-02       8.91488E-02       4.10470E-03       1.44493E-03       3.52019E-01       3.13821E-02       1.04777E-02
       9.12011E-02       9.54993E-02       9.33502E-02       4.29820E-03       1.64589E-03       3.82926E-01       3.57463E-02       1.21236E-02
       9.54993E-02       1.00000E-01       9.77497E-02       4.50070E-03       1.86786E-03       4.15016E-01       4.05676E-02       1.39915E-02
       1.00000E-01       1.04713E-01       1.02357E-01       4.71300E-03       2.10934E-03       4.47558E-01       4.58104E-02       1.61008E-02
       1.04713E-01       1.09648E-01       1.07180E-01       4.93500E-03       2.37485E-03       4.81225E-01       5.15780E-02       1.84757E-02
       1.09648E-01       1.14815E-01       1.12231E-01       5.16700E-03       2.66115E-03       5.15028E-01       5.78024E-02       2.11368E-02
       1.14815E-01       1.20226E-01       1.17520E-01       5.41100E-03       2.97653E-03       5.50088E-01       6.46466E-02       2.41134E-02
       1.20226E-01       1.25892E-01       1.23059E-01       5.66600E-03       3.32244E-03       5.86381E-01       7.21595E-02       2.74358E-02
       1.25892E-01       1.31826E-01       1.28859E-01       5.93400E-03       3.69660E-03       6.22953E-01       8.02731E-02       3.11324E-02
       1.31826E-01       1.38038E-01       1.34932E-01       6.21200E-03       4.10208E-03       6.60348E-01       8.91021E-02       3.52345E-02
       1.38038E-01       1.44544E-01       1.41291E-01       6.50600E-03       4.54398E-03       6.98429E-01       9.86817E-02       3.97785E-02
       1.44544E-01       1.51356E-01       1.47950E-01       6.81200E-03       5.01696E-03       7.36489E-01       1.08964E-01       4.47954E-02
       1.51356E-01       1.58489E-01       1.54923E-01       7.13300E-03       5.47215E-03       7.67160E-01       1.18850E-01       5.02676E-02
       1.58489E-01       1.65959E-01       1.62224E-01       7.47000E-03       5.90893E-03       7.91022E-01       1.28323E-01       5.61765E-02
       1.65959E-01       1.73780E-01       1.69869E-01       7.82100E-03       6.33756E-03       8.10326E-01       1.37650E-01       6.25141E-02
       1.73780E-01       1.81970E-01       1.77875E-01       8.19000E-03       6.68573E-03       8.16329E-01       1.45204E-01       6.91998E-02
       1.81970E-01       1.90546E-01       1.86258E-01       8.57600E-03       7.03385E-03       8.20178E-01       1.52765E-01       7.62336E-02
       1.90546E-01       1.99526E-01       1.95036E-01       8.98000E-03       7.39425E-03       8.23413E-01       1.60595E-01       8.36279E-02
       1.99526E-01       2.08930E-01       2.04228E-01       9.40400E-03       7.77461E-03       8.26734E-01       1.68842E-01       9.14025E-02
       2.08930E-01       2.18776E-01       2.13853E-01       9.84600E-03       8.17588E-03       8.30376E-01       1.77578E-01       9.95784E-02
       2.18776E-01       2.29087E-01       2.23931E-01       1.03110E-02       8.59646E-03       8.33718E-01       1.86696E-01       1.08175E-01
       2.29087E-01       2.39883E-01       2.34485E-01       1.07960E-02       9.03486E-03       8.36871E-01       1.96234E-01       1.17210E-01
       2.39883E-01       2.51189E-01       2.45536E-01       1.13060E-02       9.49706E-03       8.40002E-01       2.06251E-01       1.26707E-01
       2.51189E-01       2.63027E-01       2.57108E-01       1.18380E-02       9.98459E-03       8.43435E-01       2.16854E-01       1.36691E-01
       2.63027E-01       2.75423E-01       2.69225E-01       1.23960E-02       1.04989E-02       8.46961E-01       2.28023E-01       1.47190E-01
       2.75423E-01       2.88403E-01       2.81913E-01       1.29800E-02       1.10417E-02       8.50667E-01       2.39814E-01       1.58232E-01
       2.88403E-01       3.01995E-01       2.95199E-01       1.35920E-02       1.16146E-02       8.54519E-01       2.52253E-01       1.69847E-01
       3.01995E-01       3.16228E-01       3.09112E-01       1.42330E-02       1.22197E-02       8.58549E-01       2.65387E-01       1.82066E-01
       3.16228E-01       3.31131E-01       3.23680E-01       1.49030E-02       1.28588E-02       8.62832E-01       2.79281E-01       1.94925E-01
       3.31131E-01       3.46737E-01       3.38934E-01       1.56060E-02       1.35343E-02       8.67247E-01       2.93940E-01       2.08459E-01
       3.46737E-01       3.63078E-01       3.54908E-01       1.63410E-02       1.42481E-02       8.71923E-01       3.09452E-01       2.22707E-01
       3.63078E-01       3.80189E-01       3.71633E-01       1.71110E-02       1.50029E-02       8.76798E-01       3.25848E-01       2.37710E-01
       3.80189E-01       3.98107E-01       3.89148E-01       1.79180E-02       1.58015E-02       8.81877E-01       3.43181E-01       2.53512E-01
       3.98107E-01       4.16869E-01       4.07488E-01       1.87620E-02       1.66463E-02       8.87237E-01       3.61538E-01       2.70158E-01
       4.16869E-01       4.36516E-01       4.26692E-01       1.96470E-02       1.75207E-02       8.91776E-01       3.80514E-01       2.87679E-01
       4.36516E-01       4.57088E-01       4.46802E-01       2.05720E-02       1.84217E-02       8.95477E-01       4.00101E-01       3.06101E-01
       4.57088E-01       4.78630E-01       4.67859E-01       2.15420E-02       1.93722E-02       8.99275E-01       4.20734E-01       3.25473E-01
       4.78630E-01       5.01187E-01       4.89909E-01       2.25570E-02       2.03754E-02       9.03284E-01       4.42527E-01       3.45848E-01
       5.01187E-01       5.24808E-01       5.12998E-01       2.36210E-02       2.14182E-02       9.06743E-01       4.65157E-01       3.67266E-01
       5.24808E-01       5.49541E-01       5.37174E-01       2.47330E-02       2.23396E-02       9.03232E-01       4.85193E-01       3.89606E-01
       5.49541E-01       5.75440E-01       5.62490E-01       2.58990E-02       2.32456E-02       8.97547E-01       5.04861E-01       4.12852E-01
       5.75440E-01       6.02560E-01       5.89000E-01       2.71200E-02       2.41802E-02       8.91599E-01       5.25152E-01       4.37032E-01
       6.02560E-01       6.30957E-01       6.16758E-01       2.83970E-02       2.51474E-02       8.85565E-01       5.46180E-01       4.62179E-01
       6.30957E-01       6.60693E-01       6.45825E-01       2.97360E-02       2.61637E-02       8.79867E-01       5.68240E-01       4.88343E-01
       6.60693E-01       6.91831E-01       6.76262E-01       3.11380E-02       2.72143E-02       8.73989E-01       5.91045E-01       5.15557E-01
       6.91831E-01       7.24436E-01       7.08133E-01       3.26050E-02       2.82965E-02       8.67859E-01       6.14560E-01       5.43854E-01
       7.24436E-01       7.58578E-01       7.41507E-01       3.41420E-02       2.94105E-02       8.61417E-01       6.38747E-01       5.73264E-01
       7.58578E-01       7.94328E-01       7.76453E-01       3.57500E-02       3.05559E-02       8.54709E-01       6.63642E-01       6.03820E-01
       7.94328E-01       8.31764E-01       8.13046E-01       3.74360E-02       3.17371E-02       8.47769E-01       6.89276E-01       6.35557E-01
       8.31764E-01       8.70964E-01       8.51364E-01       3.92000E-02       3.29757E-02       8.41218E-01       7.16182E-01       6.68533E-01
       8.70964E-01       9.12011E-01       8.91487E-01       4.10470E-02       3.42520E-02       8.34459E-01       7.43909E-01       7.02785E-01
       9.12011E-01       9.54993E-01       9.33502E-01       4.29820E-02       3.55618E-02       8.27366E-01       7.72348E-01       7.38347E-01
       9.54993E-01       1.00000E+00       9.77497E-01       4.50070E-02       3.69038E-02       8.19956E-01       8.01504E-01       7.75250E-01
       1.00000E+00       1.04713E+00       1.02357E+00       4.71300E-02       3.82772E-02       8.12162E-01       8.31301E-01       8.13528E-01
       1.04713E+00       1.09648E+00       1.07181E+00       4.93500E-02       3.88217E-02       7.86662E-01       8.43148E-01       8.52349E-01
       1.09648E+00       1.14815E+00       1.12231E+00       5.16700E-02       3.56362E-02       6.89689E-01       7.74048E-01       8.87986E-01
       1.14815E+00       1.20226E+00       1.17520E+00       5.41100E-02       3.13029E-02       5.78505E-01       6.79862E-01       9.19289E-01
       1.20226E+00       1.25892E+00       1.23059E+00       5.66600E-02       2.63323E-02       4.64742E-01       5.71907E-01       9.45621E-01
       1.25892E+00       1.31826E+00       1.28859E+00       5.93400E-02       2.07636E-02       3.49909E-01       4.50890E-01       9.66384E-01
       1.31826E+00       1.38038E+00       1.34932E+00       6.21200E-02       1.46631E-02       2.36046E-01       3.18501E-01       9.81048E-01
       1.38038E+00       1.44544E+00       1.41291E+00       6.50600E-02       1.08350E-02       1.66539E-01       2.35305E-01       9.91883E-01
       1.44544E+00       1.51356E+00       1.47950E+00       6.81200E-02       7.18983E-03       1.05547E-01       1.56156E-01       9.99072E-01
       1.51356E+00       1.58489E+00       1.54923E+00       7.13300E-02       9.27569E-04       1.30039E-02       2.01460E-02       1.00000E+00

 Sum =                                                                         1.00000E+00
 Renormalization bin#   952 =                                                  1.86431E-01 barn        1.52000E+07        1.54000E+07        1.53000E+07
 Avg. Energy     bin#   952 =                                                  6.88607E-01 MeV         1.52000E+07        1.54000E+07
