"        MT=609 recoil spectrum "
" Initial neutron energy corresponds to the group:"
   1.54000E+01    1.56000E+01       0.00000E+00           787           876            90



          Low               High              Mid              Energy           Number             dn/de            E*dn/de          Cumulative
         Energy            Energy            Energy             Width          Fraction                               Sum   
         [MeV]             [MeV]             [MeV]              [MeV]

       2.63027E-02       2.75423E-02       2.69225E-02       1.23960E-03       0.00000E+00       0.00000E+00       0.00000E+00       0.00000E+00
       2.75423E-02       2.88403E-02       2.81913E-02       1.29800E-03       1.98299E-04       1.52773E-01       4.30687E-03       1.98299E-04
       2.88403E-02       3.01995E-02       2.95199E-02       1.35920E-03       7.26105E-04       5.34215E-01       1.57700E-02       9.24404E-04
       3.01995E-02       3.16228E-02       3.09112E-02       1.42330E-03       7.60893E-04       5.34597E-01       1.65250E-02       1.68530E-03
       3.16228E-02       3.31131E-02       3.23680E-02       1.49030E-03       7.97335E-04       5.35016E-01       1.73174E-02       2.48263E-03
       3.31131E-02       3.46737E-02       3.38934E-02       1.56060E-03       8.35569E-04       5.35416E-01       1.81471E-02       3.31820E-03
       3.46737E-02       3.63078E-02       3.54908E-02       1.63410E-03       8.75643E-04       5.35856E-01       1.90179E-02       4.19384E-03
       3.63078E-02       3.80189E-02       3.71633E-02       1.71110E-03       9.17720E-04       5.36334E-01       1.99320E-02       5.11156E-03
       3.80189E-02       3.98107E-02       3.89148E-02       1.79180E-03       9.61853E-04       5.36808E-01       2.08898E-02       6.07342E-03
       3.98107E-02       4.16869E-02       4.07488E-02       1.87620E-03       1.00817E-03       5.37345E-01       2.18962E-02       7.08158E-03
       4.16869E-02       4.36516E-02       4.26693E-02       1.96470E-03       1.05673E-03       5.37859E-01       2.29501E-02       8.13832E-03
       4.36516E-02       4.57088E-02       4.46802E-02       2.05720E-03       1.10775E-03       5.38474E-01       2.40591E-02       9.24606E-03
       4.57088E-02       4.78630E-02       4.67859E-02       2.15420E-03       1.16121E-03       5.39043E-01       2.52196E-02       1.04073E-02
       4.78630E-02       5.01187E-02       4.89908E-02       2.25570E-03       1.21741E-03       5.39705E-01       2.64406E-02       1.16247E-02
       5.01187E-02       5.24808E-02       5.12998E-02       2.36210E-03       1.27635E-03       5.40344E-01       2.77195E-02       1.29010E-02
       5.24808E-02       5.49541E-02       5.37174E-02       2.47330E-03       1.33821E-03       5.41064E-01       2.90646E-02       1.42392E-02
       5.49541E-02       5.75440E-02       5.62491E-02       2.58990E-03       1.40323E-03       5.41810E-01       3.04763E-02       1.56425E-02
       5.75440E-02       6.02560E-02       5.89000E-02       2.71200E-03       1.47148E-03       5.42581E-01       3.19580E-02       1.71140E-02
       6.02560E-02       6.30957E-02       6.16758E-02       2.83970E-03       1.54319E-03       5.43434E-01       3.35167E-02       1.86571E-02
       6.30957E-02       6.60693E-02       6.45825E-02       2.97360E-03       1.61851E-03       5.44292E-01       3.51517E-02       2.02756E-02
       6.60693E-02       6.91831E-02       6.76262E-02       3.11380E-03       1.69762E-03       5.45193E-01       3.68693E-02       2.19733E-02
       6.91831E-02       7.24436E-02       7.08134E-02       3.26050E-03       1.78073E-03       5.46153E-01       3.86749E-02       2.37540E-02
       7.24436E-02       7.58578E-02       7.41507E-02       3.41420E-03       1.86812E-03       5.47163E-01       4.05725E-02       2.56221E-02
       7.58578E-02       7.94328E-02       7.76453E-02       3.57500E-03       1.96001E-03       5.48253E-01       4.25693E-02       2.75821E-02
       7.94328E-02       8.31764E-02       8.13046E-02       3.74360E-03       2.05658E-03       5.49358E-01       4.46653E-02       2.96387E-02
       8.31764E-02       8.70964E-02       8.51364E-02       3.92000E-03       2.15811E-03       5.50537E-01       4.68708E-02       3.17968E-02
       8.70964E-02       9.12011E-02       8.91488E-02       4.10470E-03       2.26492E-03       5.51787E-01       4.91911E-02       3.40617E-02
       9.12011E-02       9.54993E-02       9.33502E-02       4.29820E-03       2.37731E-03       5.53096E-01       5.16316E-02       3.64390E-02
       9.54993E-02       1.00000E-01       9.77497E-02       4.50070E-03       2.49551E-03       5.54472E-01       5.41994E-02       3.89346E-02
       1.00000E-01       1.04713E-01       1.02357E-01       4.71300E-03       2.61998E-03       5.55905E-01       5.69004E-02       4.15545E-02
       1.04713E-01       1.09648E-01       1.07180E-01       4.93500E-03       2.75089E-03       5.57424E-01       5.97450E-02       4.43054E-02
       1.09648E-01       1.14815E-01       1.12231E-01       5.16700E-03       2.88882E-03       5.59090E-01       6.27475E-02       4.71942E-02
       1.14815E-01       1.20226E-01       1.17520E-01       5.41100E-03       3.03393E-03       5.60696E-01       6.58933E-02       5.02282E-02
       1.20226E-01       1.25892E-01       1.23059E-01       5.66600E-03       3.18690E-03       5.62461E-01       6.92159E-02       5.34151E-02
       1.25892E-01       1.31826E-01       1.28859E-01       5.93400E-03       3.34809E-03       5.64221E-01       7.27049E-02       5.67632E-02
       1.31826E-01       1.38038E-01       1.34932E-01       6.21200E-03       3.51782E-03       5.66294E-01       7.64112E-02       6.02810E-02
       1.38038E-01       1.44544E-01       1.41291E-01       6.50600E-03       3.69675E-03       5.68207E-01       8.02825E-02       6.39777E-02
       1.44544E-01       1.51356E-01       1.47950E-01       6.81200E-03       3.88532E-03       5.70364E-01       8.43853E-02       6.78631E-02
       1.51356E-01       1.58489E-01       1.54923E-01       7.13300E-03       4.08419E-03       5.72577E-01       8.87051E-02       7.19472E-02
       1.58489E-01       1.65959E-01       1.62224E-01       7.47000E-03       4.29390E-03       5.74820E-01       9.32495E-02       7.62412E-02
       1.65959E-01       1.73780E-01       1.69869E-01       7.82100E-03       4.51503E-03       5.77296E-01       9.80649E-02       8.07562E-02
       1.73780E-01       1.81970E-01       1.77875E-01       8.19000E-03       4.74831E-03       5.79769E-01       1.03126E-01       8.55045E-02
       1.81970E-01       1.90546E-01       1.86258E-01       8.57600E-03       4.99439E-03       5.82369E-01       1.08471E-01       9.04989E-02
       1.90546E-01       1.99526E-01       1.95036E-01       8.98000E-03       5.25395E-03       5.85072E-01       1.14110E-01       9.57528E-02
       1.99526E-01       2.08930E-01       2.04228E-01       9.40400E-03       5.52794E-03       5.87829E-01       1.20051E-01       1.01281E-01
       2.08930E-01       2.18776E-01       2.13853E-01       9.84600E-03       5.81701E-03       5.90799E-01       1.26344E-01       1.07098E-01
       2.18776E-01       2.29087E-01       2.23931E-01       1.03110E-02       6.12196E-03       5.93731E-01       1.32955E-01       1.13220E-01
       2.29087E-01       2.39883E-01       2.34485E-01       1.07960E-02       6.44377E-03       5.96867E-01       1.39956E-01       1.19664E-01
       2.39883E-01       2.51189E-01       2.45536E-01       1.13060E-02       6.78326E-03       5.99970E-01       1.47314E-01       1.26447E-01
       2.51189E-01       2.63027E-01       2.57108E-01       1.18380E-02       7.14153E-03       6.03272E-01       1.55106E-01       1.33588E-01
       2.63027E-01       2.75423E-01       2.69225E-01       1.23960E-02       7.51934E-03       6.06594E-01       1.63310E-01       1.41108E-01
       2.75423E-01       2.88403E-01       2.81913E-01       1.29800E-02       7.91775E-03       6.09996E-01       1.71966E-01       1.49025E-01
       2.88403E-01       3.01995E-01       2.95199E-01       1.35920E-02       8.33777E-03       6.13432E-01       1.81085E-01       1.57363E-01
       3.01995E-01       3.16228E-01       3.09112E-01       1.42330E-02       8.78055E-03       6.16915E-01       1.90696E-01       1.66144E-01
       3.16228E-01       3.31131E-01       3.23680E-01       1.49030E-02       9.24695E-03       6.20476E-01       2.00835E-01       1.75391E-01
       3.31131E-01       3.46737E-01       3.38934E-01       1.56060E-02       9.73823E-03       6.24005E-01       2.11497E-01       1.85129E-01
       3.46737E-01       3.63078E-01       3.54908E-01       1.63410E-02       1.02552E-02       6.27574E-01       2.22731E-01       1.95384E-01
       3.63078E-01       3.80189E-01       3.71633E-01       1.71110E-02       1.07991E-02       6.31118E-01       2.34545E-01       2.06183E-01
       3.80189E-01       3.98107E-01       3.89148E-01       1.79180E-02       1.13709E-02       6.34607E-01       2.46956E-01       2.17554E-01
       3.98107E-01       4.16869E-01       4.07488E-01       1.87620E-02       1.19716E-02       6.38079E-01       2.60010E-01       2.29526E-01
       4.16869E-01       4.36516E-01       4.26692E-01       1.96470E-02       1.26023E-02       6.41436E-01       2.73696E-01       2.42128E-01
       4.36516E-01       4.57088E-01       4.46802E-01       2.05720E-02       1.32639E-02       6.44757E-01       2.88079E-01       2.55392E-01
       4.57088E-01       4.78630E-01       4.67859E-01       2.15420E-02       1.39574E-02       6.47916E-01       3.03133E-01       2.69349E-01
       4.78630E-01       5.01187E-01       4.89909E-01       2.25570E-02       1.46836E-02       6.50958E-01       3.18910E-01       2.84033E-01
       5.01187E-01       5.24808E-01       5.12998E-01       2.36210E-02       1.54437E-02       6.53813E-01       3.35404E-01       2.99477E-01
       5.24808E-01       5.49541E-01       5.37174E-01       2.47330E-02       1.62382E-02       6.56538E-01       3.52676E-01       3.15715E-01
       5.49541E-01       5.75440E-01       5.62490E-01       2.58990E-02       1.70680E-02       6.59023E-01       3.70694E-01       3.32783E-01
       5.75440E-01       6.02560E-01       5.89000E-01       2.71200E-02       1.79343E-02       6.61295E-01       3.89503E-01       3.50717E-01
       6.02560E-01       6.30957E-01       6.16758E-01       2.83970E-02       1.88374E-02       6.63360E-01       4.09133E-01       3.69555E-01
       6.30957E-01       6.60693E-01       6.45825E-01       2.97360E-02       1.97786E-02       6.65141E-01       4.29565E-01       3.89333E-01
       6.60693E-01       6.91831E-01       6.76262E-01       3.11380E-02       2.07585E-02       6.66661E-01       4.50837E-01       4.10092E-01
       6.91831E-01       7.24436E-01       7.08133E-01       3.26050E-02       2.17776E-02       6.67922E-01       4.72978E-01       4.31869E-01
       7.24436E-01       7.58578E-01       7.41507E-01       3.41420E-02       2.28367E-02       6.68875E-01       4.95975E-01       4.54706E-01
       7.58578E-01       7.94328E-01       7.76453E-01       3.57500E-02       2.39361E-02       6.69542E-01       5.19868E-01       4.78642E-01
       7.94328E-01       8.31764E-01       8.13046E-01       3.74360E-02       2.50759E-02       6.69834E-01       5.44606E-01       5.03718E-01
       8.31764E-01       8.70964E-01       8.51364E-01       3.92000E-02       2.62550E-02       6.69769E-01       5.70218E-01       5.29973E-01
       8.70964E-01       9.12011E-01       8.91487E-01       4.10470E-02       2.74715E-02       6.69270E-01       5.96645E-01       5.57444E-01
       9.12011E-01       9.54993E-01       9.33502E-01       4.29820E-02       2.87222E-02       6.68238E-01       6.23801E-01       5.86167E-01
       9.54993E-01       1.00000E+00       9.77497E-01       4.50070E-02       3.00002E-02       6.66568E-01       6.51568E-01       6.16167E-01
       1.00000E+00       1.04713E+00       1.02357E+00       4.71300E-02       3.12972E-02       6.64062E-01       6.79710E-01       6.47464E-01
       1.04713E+00       1.09648E+00       1.07181E+00       4.93500E-02       3.25971E-02       6.60529E-01       7.07958E-01       6.80061E-01
       1.09648E+00       1.14815E+00       1.12231E+00       5.16700E-02       3.38830E-02       6.55758E-01       7.35968E-01       7.13944E-01
       1.14815E+00       1.20226E+00       1.17520E+00       5.41100E-02       3.51245E-02       6.49132E-01       7.62863E-01       7.49069E-01
       1.20226E+00       1.25892E+00       1.23059E+00       5.66600E-02       3.62910E-02       6.40506E-01       7.88200E-01       7.85360E-01
       1.25892E+00       1.31826E+00       1.28859E+00       5.93400E-02       3.73400E-02       6.29255E-01       8.10852E-01       8.22700E-01
       1.31826E+00       1.38038E+00       1.34932E+00       6.21200E-02       3.82267E-02       6.15368E-01       8.30328E-01       8.60927E-01
       1.38038E+00       1.44544E+00       1.41291E+00       6.50600E-02       3.89145E-02       5.98132E-01       8.45107E-01       8.99841E-01
       1.44544E+00       1.51356E+00       1.47950E+00       6.81200E-02       3.93848E-02       5.78167E-01       8.55398E-01       9.39226E-01
       1.51356E+00       1.58489E+00       1.54923E+00       7.13300E-02       3.96767E-02       5.56242E-01       8.61744E-01       9.78903E-01
       1.58489E+00       1.65959E+00       1.62224E+00       7.47000E-02       2.10974E-02       2.82429E-01       4.58167E-01       1.00000E+00

 Sum =                                                                         1.00000E+00
 Renormalization bin#   953 =                                                  3.80190E-03 barn        1.54000E+07        1.56000E+07        1.55000E+07
 Avg. Energy     bin#   953 =                                                  8.26638E-01 MeV         1.54000E+07        1.56000E+07
