"        MT=608 recoil spectrum "
" Initial neutron energy corresponds to the group:"
   1.06000E+01    1.08000E+01       0.00000E+00           797           865            69



          Low               High              Mid              Energy           Number             dn/de            E*dn/de          Cumulative
         Energy            Energy            Energy             Width          Fraction                               Sum   
         [MeV]             [MeV]             [MeV]              [MeV]

       4.16869E-02       4.36516E-02       4.26693E-02       1.96470E-03       0.00000E+00       0.00000E+00       0.00000E+00       0.00000E+00
       4.36516E-02       4.57088E-02       4.46802E-02       2.05720E-03       4.37713E-06       2.12771E-03       9.50666E-05       4.37713E-06
       4.57088E-02       4.78630E-02       4.67859E-02       2.15420E-03       2.21851E-03       1.02985E+00       4.81826E-02       2.22289E-03
       4.78630E-02       5.01187E-02       4.89908E-02       2.25570E-03       3.28192E-03       1.45495E+00       7.12791E-02       5.50481E-03
       5.01187E-02       5.24808E-02       5.12998E-02       2.36210E-03       3.42101E-03       1.44829E+00       7.42969E-02       8.92581E-03
       5.24808E-02       5.49541E-02       5.37174E-02       2.47330E-03       3.56528E-03       1.44151E+00       7.74340E-02       1.24911E-02
       5.49541E-02       5.75440E-02       5.62491E-02       2.58990E-03       3.71485E-03       1.43436E+00       8.06815E-02       1.62059E-02
       5.75440E-02       6.02560E-02       5.89000E-02       2.71200E-03       3.86996E-03       1.42698E+00       8.40490E-02       2.00759E-02
       6.02560E-02       6.30957E-02       6.16758E-02       2.83970E-03       4.03056E-03       1.41936E+00       8.75404E-02       2.41065E-02
       6.30957E-02       6.60693E-02       6.45825E-02       2.97360E-03       4.19692E-03       1.41139E+00       9.11514E-02       2.83034E-02
       6.60693E-02       6.91831E-02       6.76262E-02       3.11380E-03       4.36915E-03       1.40315E+00       9.48900E-02       3.26725E-02
       6.91831E-02       7.24436E-02       7.08134E-02       3.26050E-03       4.54729E-03       1.39466E+00       9.87605E-02       3.72198E-02
       7.24436E-02       7.58578E-02       7.41507E-02       3.41420E-03       4.73152E-03       1.38584E+00       1.02761E-01       4.19513E-02
       7.58578E-02       7.94328E-02       7.76453E-02       3.57500E-03       4.92191E-03       1.37676E+00       1.06899E-01       4.68732E-02
       7.94328E-02       8.31764E-02       8.13046E-02       3.74360E-03       5.11865E-03       1.36731E+00       1.11168E-01       5.19919E-02
       8.31764E-02       8.70964E-02       8.51364E-02       3.92000E-03       5.32178E-03       1.35760E+00       1.15581E-01       5.73137E-02
       8.70964E-02       9.12011E-02       8.91488E-02       4.10470E-03       5.53148E-03       1.34759E+00       1.20136E-01       6.28452E-02
       9.12011E-02       9.54993E-02       9.33502E-02       4.29820E-03       5.74776E-03       1.33725E+00       1.24833E-01       6.85929E-02
       9.54993E-02       1.00000E-01       9.77497E-02       4.50070E-03       5.97076E-03       1.32663E+00       1.29678E-01       7.45637E-02
       1.00000E-01       1.04713E-01       1.02357E-01       4.71300E-03       6.20059E-03       1.31563E+00       1.34664E-01       8.07643E-02
       1.04713E-01       1.09648E-01       1.07180E-01       4.93500E-03       6.43719E-03       1.30440E+00       1.39806E-01       8.72015E-02
       1.09648E-01       1.14815E-01       1.12231E-01       5.16700E-03       6.68101E-03       1.29302E+00       1.45117E-01       9.38825E-02
       1.14815E-01       1.20226E-01       1.17520E-01       5.41100E-03       6.93158E-03       1.28102E+00       1.50546E-01       1.00814E-01
       1.20226E-01       1.25892E-01       1.23059E-01       5.66600E-03       7.18968E-03       1.26892E+00       1.56152E-01       1.08004E-01
       1.25892E-01       1.31826E-01       1.28859E-01       5.93400E-03       7.45501E-03       1.25632E+00       1.61888E-01       1.15459E-01
       1.31826E-01       1.38038E-01       1.34932E-01       6.21200E-03       7.72749E-03       1.24396E+00       1.67850E-01       1.23186E-01
       1.38038E-01       1.44544E-01       1.41291E-01       6.50600E-03       8.00779E-03       1.23083E+00       1.73905E-01       1.31194E-01
       1.44544E-01       1.51356E-01       1.47950E-01       6.81200E-03       8.29552E-03       1.21778E+00       1.80171E-01       1.39490E-01
       1.51356E-01       1.58489E-01       1.54923E-01       7.13300E-03       8.59126E-03       1.20444E+00       1.86595E-01       1.48081E-01
       1.58489E-01       1.65959E-01       1.62224E-01       7.47000E-03       8.89492E-03       1.19075E+00       1.93169E-01       1.56976E-01
       1.65959E-01       1.73780E-01       1.69869E-01       7.82100E-03       9.20690E-03       1.17720E+00       1.99971E-01       1.66183E-01
       1.73780E-01       1.81970E-01       1.77875E-01       8.19000E-03       9.52734E-03       1.16329E+00       2.06920E-01       1.75710E-01
       1.81970E-01       1.90546E-01       1.86258E-01       8.57600E-03       9.85674E-03       1.14934E+00       2.14074E-01       1.85567E-01
       1.90546E-01       1.99526E-01       1.95036E-01       8.98000E-03       1.01953E-02       1.13534E+00       2.21431E-01       1.95762E-01
       1.99526E-01       2.08930E-01       2.04228E-01       9.40400E-03       1.05439E-02       1.12121E+00       2.28983E-01       2.06306E-01
       2.08930E-01       2.18776E-01       2.13853E-01       9.84600E-03       1.09027E-02       1.10732E+00       2.36803E-01       2.17209E-01
       2.18776E-01       2.29087E-01       2.23931E-01       1.03110E-02       1.12724E-02       1.09324E+00       2.44810E-01       2.28481E-01
       2.29087E-01       2.39883E-01       2.34485E-01       1.07960E-02       1.16540E-02       1.07947E+00       2.53120E-01       2.40135E-01
       2.39883E-01       2.51189E-01       2.45536E-01       1.13060E-02       1.20485E-02       1.06568E+00       2.61662E-01       2.52183E-01
       2.51189E-01       2.63027E-01       2.57108E-01       1.18380E-02       1.24570E-02       1.05229E+00       2.70552E-01       2.64640E-01
       2.63027E-01       2.75423E-01       2.69225E-01       1.23960E-02       1.28806E-02       1.03909E+00       2.79750E-01       2.77521E-01
       2.75423E-01       2.88403E-01       2.81913E-01       1.29800E-02       1.33211E-02       1.02628E+00       2.89321E-01       2.90842E-01
       2.88403E-01       3.01995E-01       2.95199E-01       1.35920E-02       1.37800E-02       1.01383E+00       2.99283E-01       3.04622E-01
       3.01995E-01       3.16228E-01       3.09112E-01       1.42330E-02       1.42598E-02       1.00188E+00       3.09693E-01       3.18882E-01
       3.16228E-01       3.31131E-01       3.23680E-01       1.49030E-02       1.47622E-02       9.90549E-01       3.20620E-01       3.33644E-01
       3.31131E-01       3.46737E-01       3.38934E-01       1.56060E-02       1.52904E-02       9.79780E-01       3.32081E-01       3.48935E-01
       3.46737E-01       3.63078E-01       3.54908E-01       1.63410E-02       1.58473E-02       9.69788E-01       3.44185E-01       3.64782E-01
       3.63078E-01       3.80189E-01       3.71633E-01       1.71110E-02       1.64364E-02       9.60575E-01       3.56982E-01       3.81218E-01
       3.80189E-01       3.98107E-01       3.89148E-01       1.79180E-02       1.70620E-02       9.52224E-01       3.70556E-01       3.98280E-01
       3.98107E-01       4.16869E-01       4.07488E-01       1.87620E-02       1.77283E-02       9.44905E-01       3.85037E-01       4.16009E-01
       4.16869E-01       4.36516E-01       4.26692E-01       1.96470E-02       1.84412E-02       9.38628E-01       4.00505E-01       4.34450E-01
       4.36516E-01       4.57088E-01       4.46802E-01       2.05720E-02       1.92070E-02       9.33650E-01       4.17157E-01       4.53657E-01
       4.57088E-01       4.78630E-01       4.67859E-01       2.15420E-02       2.00330E-02       9.29951E-01       4.35086E-01       4.73690E-01
       4.78630E-01       5.01187E-01       4.89909E-01       2.25570E-02       2.09286E-02       9.27811E-01       4.54543E-01       4.94618E-01
       5.01187E-01       5.24808E-01       5.12998E-01       2.36210E-02       2.19049E-02       9.27347E-01       4.75727E-01       5.16523E-01
       5.24808E-01       5.49541E-01       5.37174E-01       2.47330E-02       2.29752E-02       9.28931E-01       4.98998E-01       5.39499E-01
       5.49541E-01       5.75440E-01       5.62490E-01       2.58990E-02       2.41570E-02       9.32738E-01       5.24656E-01       5.63656E-01
       5.75440E-01       6.02560E-01       5.89000E-01       2.71200E-02       2.54722E-02       9.39241E-01       5.53213E-01       5.89128E-01
       6.02560E-01       6.30957E-01       6.16758E-01       2.83970E-02       2.69486E-02       9.48996E-01       5.85301E-01       6.16076E-01
       6.30957E-01       6.60693E-01       6.45825E-01       2.97360E-02       2.86225E-02       9.62555E-01       6.21642E-01       6.44699E-01
       6.60693E-01       6.91831E-01       6.76262E-01       3.11380E-02       3.05410E-02       9.80827E-01       6.63296E-01       6.75240E-01
       6.91831E-01       7.24436E-01       7.08133E-01       3.26050E-02       3.27647E-02       1.00490E+00       7.11601E-01       7.08005E-01
       7.24436E-01       7.58578E-01       7.41507E-01       3.41420E-02       3.53729E-02       1.03605E+00       7.68240E-01       7.43378E-01
       7.58578E-01       7.94328E-01       7.76453E-01       3.57500E-02       3.84679E-02       1.07602E+00       8.35482E-01       7.81845E-01
       7.94328E-01       8.31764E-01       8.13046E-01       3.74360E-02       4.21808E-02       1.12675E+00       9.16096E-01       8.24026E-01
       8.31764E-01       8.70964E-01       8.51364E-01       3.92000E-02       4.66772E-02       1.19074E+00       1.01376E+00       8.70703E-01
       8.70964E-01       9.12011E-01       8.91487E-01       4.10470E-02       5.21645E-02       1.27085E+00       1.13295E+00       9.22868E-01
       9.12011E-01       9.54993E-01       9.33502E-01       4.29820E-02       5.85955E-02       1.36326E+00       1.27260E+00       9.81463E-01
       9.54993E-01       1.00000E+00       9.77497E-01       4.50070E-02       1.85366E-02       4.11860E-01       4.02592E-01       1.00000E+00

 Sum =                                                                         1.00000E+00
 Renormalization bin#   929 =                                                  8.99686E-03 barn        1.06000E+07        1.08000E+07        1.07000E+07
 Avg. Energy     bin#   929 =                                                  5.07235E-01 MeV         1.06000E+07        1.08000E+07
