"        MT=606 recoil spectrum "
" Initial neutron energy corresponds to the group:"
   5.80000E+00    6.00000E+00       0.00000E+00           818           840            23



          Low               High              Mid              Energy           Number             dn/de            E*dn/de          Cumulative
         Energy            Energy            Energy             Width          Fraction                               Sum   
         [MeV]             [MeV]             [MeV]              [MeV]

       1.09648E-01       1.14815E-01       1.12231E-01       5.16700E-03       0.00000E+00       0.00000E+00       0.00000E+00       0.00000E+00
       1.14815E-01       1.20226E-01       1.17520E-01       5.41100E-03       1.82276E-04       3.36862E-02       3.95882E-03       1.82276E-04
       1.20226E-01       1.25892E-01       1.23059E-01       5.66600E-03       1.00151E-02       1.76758E+00       2.17517E-01       1.01974E-02
       1.25892E-01       1.31826E-01       1.28859E-01       5.93400E-03       2.23710E-02       3.76997E+00       4.85795E-01       3.25684E-02
       1.31826E-01       1.38038E-01       1.34932E-01       6.21200E-03       3.20736E-02       5.16317E+00       6.96677E-01       6.46420E-02
       1.38038E-01       1.44544E-01       1.41291E-01       6.50600E-03       3.99904E-02       6.14670E+00       8.68473E-01       1.04632E-01
       1.44544E-01       1.51356E-01       1.47950E-01       6.81200E-03       4.35702E-02       6.39610E+00       9.46302E-01       1.48203E-01
       1.51356E-01       1.58489E-01       1.54923E-01       7.13300E-03       4.55768E-02       6.38957E+00       9.89888E-01       1.93779E-01
       1.58489E-01       1.65959E-01       1.62224E-01       7.47000E-03       4.76800E-02       6.38287E+00       1.03545E+00       2.41459E-01
       1.65959E-01       1.73780E-01       1.69869E-01       7.82100E-03       4.98853E-02       6.37838E+00       1.08349E+00       2.91345E-01
       1.73780E-01       1.81970E-01       1.77875E-01       8.19000E-03       5.21994E-02       6.37355E+00       1.13370E+00       3.43544E-01
       1.81970E-01       1.90546E-01       1.86258E-01       8.57600E-03       5.46294E-02       6.37003E+00       1.18647E+00       3.98174E-01
       1.90546E-01       1.99526E-01       1.95036E-01       8.98000E-03       5.71820E-02       6.36770E+00       1.24193E+00       4.55355E-01
       1.99526E-01       2.08930E-01       2.04228E-01       9.40400E-03       5.98672E-02       6.36614E+00       1.30014E+00       5.15223E-01
       2.08930E-01       2.18776E-01       2.13853E-01       9.84600E-03       6.26931E-02       6.36737E+00       1.36168E+00       5.77916E-01
       2.18776E-01       2.29087E-01       2.23931E-01       1.03110E-02       6.56695E-02       6.36888E+00       1.42619E+00       6.43585E-01
       2.29087E-01       2.39883E-01       2.34485E-01       1.07960E-02       6.88090E-02       6.37356E+00       1.49450E+00       7.12394E-01
       2.39883E-01       2.51189E-01       2.45536E-01       1.13060E-02       7.21238E-02       6.37925E+00       1.56634E+00       7.84518E-01
       2.51189E-01       2.63027E-01       2.57108E-01       1.18380E-02       7.30740E-02       6.17284E+00       1.58709E+00       8.57592E-01
       2.63027E-01       2.75423E-01       2.69225E-01       1.23960E-02       6.48068E-02       5.22804E+00       1.40752E+00       9.22399E-01
       2.75423E-01       2.88403E-01       2.81913E-01       1.29800E-02       5.02680E-02       3.87273E+00       1.09177E+00       9.72667E-01
       2.88403E-01       3.01995E-01       2.95199E-01       1.35920E-02       2.62926E-02       1.93442E+00       5.71038E-01       9.98960E-01
       3.01995E-01       3.16228E-01       3.09112E-01       1.42330E-02       1.04044E-03       7.31007E-02       2.25963E-02       1.00000E+00

 Sum =                                                                         1.00000E+00
 Renormalization bin#   905 =                                                  5.45058E-06 barn        5.80000E+06        6.00000E+06        5.90000E+06
 Avg. Energy     bin#   905 =                                                  2.07116E-01 MeV         5.80000E+06        6.00000E+06
