"        MT=600 recoil spectrum "
" Initial neutron energy corresponds to the group:"
   1.34000E+01    1.36000E+01       0.00000E+00           768           875           108



          Low               High              Mid              Energy           Number             dn/de            E*dn/de          Cumulative
         Energy            Energy            Energy             Width          Fraction                               Sum   
         [MeV]             [MeV]             [MeV]              [MeV]

       1.09648E-02       1.14815E-02       1.12232E-02       5.16700E-04       0.00000E+00       0.00000E+00       0.00000E+00       0.00000E+00
       1.14815E-02       1.20226E-02       1.17521E-02       5.41100E-04       2.35576E-06       4.35366E-03       5.11644E-05       2.35576E-06
       1.20226E-02       1.25892E-02       1.23059E-02       5.66601E-04       3.04226E-04       5.36932E-01       6.60743E-03       3.06582E-04
       1.25892E-02       1.31826E-02       1.28859E-02       5.93399E-04       3.65127E-04       6.15313E-01       7.92887E-03       6.71708E-04
       1.31826E-02       1.38038E-02       1.34932E-02       6.21200E-04       3.82533E-04       6.15797E-01       8.30907E-03       1.05424E-03
       1.38038E-02       1.44544E-02       1.41291E-02       6.50601E-04       4.00830E-04       6.16092E-01       8.70483E-03       1.45507E-03
       1.44544E-02       1.51356E-02       1.47950E-02       6.81199E-04       4.19969E-04       6.16514E-01       9.12132E-03       1.87504E-03
       1.51356E-02       1.58489E-02       1.54923E-02       7.13301E-04       4.40067E-04       6.16944E-01       9.55785E-03       2.31511E-03
       1.58489E-02       1.65959E-02       1.62224E-02       7.47000E-04       4.61173E-04       6.17367E-01       1.00152E-02       2.77628E-03
       1.65959E-02       1.73780E-02       1.69870E-02       7.82100E-04       4.83238E-04       6.17873E-01       1.04958E-02       3.25952E-03
       1.73780E-02       1.81970E-02       1.77875E-02       8.19000E-04       5.06423E-04       6.18344E-01       1.09988E-02       3.76594E-03
       1.81970E-02       1.90546E-02       1.86258E-02       8.57600E-04       5.30726E-04       6.18850E-01       1.15266E-02       4.29667E-03
       1.90546E-02       1.99526E-02       1.95036E-02       8.98000E-04       5.56170E-04       6.19343E-01       1.20794E-02       4.85284E-03
       1.99526E-02       2.08930E-02       2.04228E-02       9.40400E-04       5.82914E-04       6.19857E-01       1.26592E-02       5.43575E-03
       2.08930E-02       2.18776E-02       2.13853E-02       9.84600E-04       6.10959E-04       6.20515E-01       1.32699E-02       6.04671E-03
       2.18776E-02       2.29087E-02       2.23931E-02       1.03110E-03       6.40365E-04       6.21050E-01       1.39073E-02       6.68708E-03
       2.29087E-02       2.39883E-02       2.34485E-02       1.07960E-03       6.71184E-04       6.21696E-01       1.45778E-02       7.35826E-03
       2.39883E-02       2.51189E-02       2.45536E-02       1.13060E-03       7.03559E-04       6.22289E-01       1.52794E-02       8.06182E-03
       2.51189E-02       2.63027E-02       2.57108E-02       1.18380E-03       7.37462E-04       6.22962E-01       1.60169E-02       8.79928E-03
       2.63027E-02       2.75423E-02       2.69225E-02       1.23960E-03       7.73107E-04       6.23674E-01       1.67909E-02       9.57239E-03
       2.75423E-02       2.88403E-02       2.81913E-02       1.29800E-03       8.10493E-04       6.24417E-01       1.76031E-02       1.03829E-02
       2.88403E-02       3.01995E-02       2.95199E-02       1.35920E-03       8.49689E-04       6.25139E-01       1.84541E-02       1.12326E-02
       3.01995E-02       3.16228E-02       3.09112E-02       1.42330E-03       8.90839E-04       6.25897E-01       1.93472E-02       1.21234E-02
       3.16228E-02       3.31131E-02       3.23680E-02       1.49030E-03       9.34052E-04       6.26754E-01       2.02867E-02       1.30575E-02
       3.31131E-02       3.46737E-02       3.38934E-02       1.56060E-03       9.79410E-04       6.27586E-01       2.12710E-02       1.40369E-02
       3.46737E-02       3.63078E-02       3.54908E-02       1.63410E-03       1.02698E-03       6.28466E-01       2.23047E-02       1.50638E-02
       3.63078E-02       3.80189E-02       3.71633E-02       1.71110E-03       1.07694E-03       6.29383E-01       2.33900E-02       1.61408E-02
       3.80189E-02       3.98107E-02       3.89148E-02       1.79180E-03       1.12940E-03       6.30318E-01       2.45287E-02       1.72702E-02
       3.98107E-02       4.16869E-02       4.07488E-02       1.87620E-03       1.18449E-03       6.31323E-01       2.57256E-02       1.84547E-02
       4.16869E-02       4.36516E-02       4.26693E-02       1.96470E-03       1.24230E-03       6.32308E-01       2.69801E-02       1.96970E-02
       4.36516E-02       4.57088E-02       4.46802E-02       2.05720E-03       1.30303E-03       6.33399E-01       2.83004E-02       2.10000E-02
       4.57088E-02       4.78630E-02       4.67859E-02       2.15420E-03       1.36676E-03       6.34464E-01       2.96840E-02       2.23668E-02
       4.78630E-02       5.01187E-02       4.89908E-02       2.25570E-03       1.43373E-03       6.35605E-01       3.11388E-02       2.38005E-02
       5.01187E-02       5.24808E-02       5.12998E-02       2.36210E-03       1.50407E-03       6.36750E-01       3.26651E-02       2.53046E-02
       5.24808E-02       5.49541E-02       5.37174E-02       2.47330E-03       1.57794E-03       6.37989E-01       3.42712E-02       2.68825E-02
       5.49541E-02       5.75440E-02       5.62491E-02       2.58990E-03       1.65554E-03       6.39230E-01       3.59561E-02       2.85380E-02
       5.75440E-02       6.02560E-02       5.89000E-02       2.71200E-03       1.73706E-03       6.40508E-01       3.77259E-02       3.02751E-02
       6.02560E-02       6.30957E-02       6.16758E-02       2.83970E-03       1.82269E-03       6.41859E-01       3.95872E-02       3.20978E-02
       6.30957E-02       6.60693E-02       6.45825E-02       2.97360E-03       1.91266E-03       6.43214E-01       4.15404E-02       3.40104E-02
       6.60693E-02       6.91831E-02       6.76262E-02       3.11380E-03       2.00719E-03       6.44612E-01       4.35926E-02       3.60176E-02
       6.91831E-02       7.24436E-02       7.08134E-02       3.26050E-03       2.10650E-03       6.46065E-01       4.57500E-02       3.81241E-02
       7.24436E-02       7.58578E-02       7.41507E-02       3.41420E-03       2.21082E-03       6.47537E-01       4.80153E-02       4.03350E-02
       7.58578E-02       7.94328E-02       7.76453E-02       3.57500E-03       2.32043E-03       6.49072E-01       5.03974E-02       4.26554E-02
       7.94328E-02       8.31764E-02       8.13046E-02       3.74360E-03       2.43564E-03       6.50614E-01       5.28979E-02       4.50910E-02
       8.31764E-02       8.70964E-02       8.51364E-02       3.92000E-03       2.55664E-03       6.52204E-01       5.55263E-02       4.76477E-02
       8.70964E-02       9.12011E-02       8.91488E-02       4.10470E-03       2.68378E-03       6.53830E-01       5.82882E-02       5.03314E-02
       9.12011E-02       9.54993E-02       9.33502E-02       4.29820E-03       2.81738E-03       6.55479E-01       6.11891E-02       5.31488E-02
       9.54993E-02       1.00000E-01       9.77497E-02       4.50070E-03       2.95771E-03       6.57166E-01       6.42377E-02       5.61065E-02
       1.00000E-01       1.04713E-01       1.02357E-01       4.71300E-03       3.10515E-03       6.58848E-01       6.74374E-02       5.92117E-02
       1.04713E-01       1.09648E-01       1.07180E-01       4.93500E-03       3.25993E-03       6.60573E-01       7.08005E-02       6.24716E-02
       1.09648E-01       1.14815E-01       1.12231E-01       5.16700E-03       3.42263E-03       6.62402E-01       7.43424E-02       6.58942E-02
       1.14815E-01       1.20226E-01       1.17520E-01       5.41100E-03       3.59328E-03       6.64070E-01       7.80418E-02       6.94875E-02
       1.20226E-01       1.25892E-01       1.23059E-01       5.66600E-03       3.77264E-03       6.65838E-01       8.19373E-02       7.32602E-02
       1.25892E-01       1.31826E-01       1.28859E-01       5.93400E-03       3.96087E-03       6.67488E-01       8.60118E-02       7.72210E-02
       1.31826E-01       1.38038E-01       1.34932E-01       6.21200E-03       4.15826E-03       6.69391E-01       9.03223E-02       8.13793E-02
       1.38038E-01       1.44544E-01       1.41291E-01       6.50600E-03       4.36557E-03       6.71007E-01       9.48072E-02       8.57449E-02
       1.44544E-01       1.51356E-01       1.47950E-01       6.81200E-03       4.58281E-03       6.72755E-01       9.95341E-02       9.03277E-02
       1.51356E-01       1.58489E-01       1.54923E-01       7.13300E-03       4.81070E-03       6.74429E-01       1.04484E-01       9.51384E-02
       1.58489E-01       1.65959E-01       1.62224E-01       7.47000E-03       5.04954E-03       6.75975E-01       1.09659E-01       1.00188E-01
       1.65959E-01       1.73780E-01       1.69869E-01       7.82100E-03       5.29970E-03       6.77625E-01       1.15108E-01       1.05488E-01
       1.73780E-01       1.81970E-01       1.77875E-01       8.19000E-03       5.56167E-03       6.79081E-01       1.20791E-01       1.11049E-01
       1.81970E-01       1.90546E-01       1.86258E-01       8.57600E-03       5.83584E-03       6.80485E-01       1.26746E-01       1.16885E-01
       1.90546E-01       1.99526E-01       1.95036E-01       8.98000E-03       6.12259E-03       6.81802E-01       1.32976E-01       1.23008E-01
       1.99526E-01       2.08930E-01       2.04228E-01       9.40400E-03       6.42233E-03       6.82936E-01       1.39475E-01       1.29430E-01
       2.08930E-01       2.18776E-01       2.13853E-01       9.84600E-03       6.73541E-03       6.84075E-01       1.46292E-01       1.36165E-01
       2.18776E-01       2.29087E-01       2.23931E-01       1.03110E-02       7.06211E-03       6.84910E-01       1.53373E-01       1.43228E-01
       2.29087E-01       2.39883E-01       2.34485E-01       1.07960E-02       7.40283E-03       6.85701E-01       1.60787E-01       1.50630E-01
       2.39883E-01       2.51189E-01       2.45536E-01       1.13060E-02       7.75786E-03       6.86172E-01       1.68480E-01       1.58388E-01
       2.51189E-01       2.63027E-01       2.57108E-01       1.18380E-02       8.12745E-03       6.86556E-01       1.76519E-01       1.66516E-01
       2.63027E-01       2.75423E-01       2.69225E-01       1.23960E-02       8.51177E-03       6.86655E-01       1.84865E-01       1.75027E-01
       2.75423E-01       2.88403E-01       2.81913E-01       1.29800E-02       8.91095E-03       6.86514E-01       1.93537E-01       1.83938E-01
       2.88403E-01       3.01995E-01       2.95199E-01       1.35920E-02       9.32516E-03       6.86077E-01       2.02529E-01       1.93264E-01
       3.01995E-01       3.16228E-01       3.09112E-01       1.42330E-02       9.75455E-03       6.85348E-01       2.11849E-01       2.03018E-01
       3.16228E-01       3.31131E-01       3.23680E-01       1.49030E-02       1.01990E-02       6.84361E-01       2.21514E-01       2.13217E-01
       3.31131E-01       3.46737E-01       3.38934E-01       1.56060E-02       1.06588E-02       6.82991E-01       2.31489E-01       2.23876E-01
       3.46737E-01       3.63078E-01       3.54908E-01       1.63410E-02       1.11336E-02       6.81331E-01       2.41810E-01       2.35010E-01
       3.63078E-01       3.80189E-01       3.71633E-01       1.71110E-02       1.16237E-02       6.79310E-01       2.52455E-01       2.46633E-01
       3.80189E-01       3.98107E-01       3.89148E-01       1.79180E-02       1.21290E-02       6.76917E-01       2.63421E-01       2.58762E-01
       3.98107E-01       4.16869E-01       4.07488E-01       1.87620E-02       1.26496E-02       6.74213E-01       2.74734E-01       2.71412E-01
       4.16869E-01       4.36516E-01       4.26692E-01       1.96470E-02       1.31857E-02       6.71128E-01       2.86365E-01       2.84597E-01
       4.36516E-01       4.57088E-01       4.46802E-01       2.05720E-02       1.37379E-02       6.67797E-01       2.98373E-01       2.98335E-01
       4.57088E-01       4.78630E-01       4.67859E-01       2.15420E-02       1.43066E-02       6.64125E-01       3.10717E-01       3.12642E-01
       4.78630E-01       5.01187E-01       4.89909E-01       2.25570E-02       1.48929E-02       6.60233E-01       3.23454E-01       3.27535E-01
       5.01187E-01       5.24808E-01       5.12998E-01       2.36210E-02       1.54984E-02       6.56130E-01       3.36593E-01       3.43033E-01
       5.24808E-01       5.49541E-01       5.37174E-01       2.47330E-02       1.61251E-02       6.51968E-01       3.50221E-01       3.59158E-01
       5.49541E-01       5.75440E-01       5.62490E-01       2.58990E-02       1.67758E-02       6.47739E-01       3.64347E-01       3.75934E-01
       5.75440E-01       6.02560E-01       5.89000E-01       2.71200E-02       1.74544E-02       6.43600E-01       3.79080E-01       3.93389E-01
       6.02560E-01       6.30957E-01       6.16758E-01       2.83970E-02       1.81658E-02       6.39708E-01       3.94545E-01       4.11554E-01
       6.30957E-01       6.60693E-01       6.45825E-01       2.97360E-02       1.89162E-02       6.36137E-01       4.10833E-01       4.30471E-01
       6.60693E-01       6.91831E-01       6.76262E-01       3.11380E-02       1.97131E-02       6.33088E-01       4.28133E-01       4.50184E-01
       6.91831E-01       7.24436E-01       7.08133E-01       3.26050E-02       2.05658E-02       6.30756E-01       4.46659E-01       4.70749E-01
       7.24436E-01       7.58578E-01       7.41507E-01       3.41420E-02       2.14851E-02       6.29286E-01       4.66620E-01       4.92235E-01
       7.58578E-01       7.94328E-01       7.76453E-01       3.57500E-02       2.24834E-02       6.28907E-01       4.88317E-01       5.14718E-01
       7.94328E-01       8.31764E-01       8.13046E-01       3.74360E-02       2.35745E-02       6.29729E-01       5.11999E-01       5.38292E-01
       8.31764E-01       8.70964E-01       8.51364E-01       3.92000E-02       2.47725E-02       6.31953E-01       5.38022E-01       5.63065E-01
       8.70964E-01       9.12011E-01       8.91487E-01       4.10470E-02       2.60919E-02       6.35659E-01       5.66682E-01       5.89157E-01
       9.12011E-01       9.54993E-01       9.33502E-01       4.29820E-02       2.75448E-02       6.40846E-01       5.98231E-01       6.16702E-01
       9.54993E-01       1.00000E+00       9.77497E-01       4.50070E-02       2.91400E-02       6.47455E-01       6.32885E-01       6.45842E-01
       1.00000E+00       1.04713E+00       1.02357E+00       4.71300E-02       3.08797E-02       6.55203E-01       6.70643E-01       6.76722E-01
       1.04713E+00       1.09648E+00       1.07181E+00       4.93500E-02       3.27533E-02       6.63694E-01       7.11351E-01       7.09475E-01
       1.09648E+00       1.14815E+00       1.12231E+00       5.16700E-02       3.47382E-02       6.72309E-01       7.54542E-01       7.44213E-01
       1.14815E+00       1.20226E+00       1.17520E+00       5.41100E-02       3.67833E-02       6.79787E-01       7.98889E-01       7.80996E-01
       1.20226E+00       1.25892E+00       1.23059E+00       5.66600E-02       3.88135E-02       6.85024E-01       8.42984E-01       8.19810E-01
       1.25892E+00       1.31826E+00       1.28859E+00       5.93400E-02       4.07103E-02       6.86052E-01       8.84039E-01       8.60520E-01
       1.31826E+00       1.38038E+00       1.34932E+00       6.21200E-02       4.23091E-02       6.81086E-01       9.19003E-01       9.02829E-01
       1.38038E+00       1.44544E+00       1.41291E+00       6.50600E-02       4.33966E-02       6.67024E-01       9.42445E-01       9.46226E-01
       1.44544E+00       1.51356E+00       1.47950E+00       6.81200E-02       4.37022E-02       6.41548E-01       9.49170E-01       9.89928E-01
       1.51356E+00       1.58489E+00       1.54923E+00       7.13300E-02       1.00720E-02       1.41202E-01       2.18754E-01       1.00000E+00

 Sum =                                                                         1.00000E+00
 Renormalization bin#   943 =                                                  9.75620E-03 barn        1.34000E+07        1.36000E+07        1.35000E+07
 Avg. Energy     bin#   943 =                                                  7.71225E-01 MeV         1.34000E+07        1.36000E+07
