"        MT=606 recoil spectrum "
" Initial neutron energy corresponds to the group:"
   1.04000E+01    1.06000E+01       0.00000E+00           793           866            74



          Low               High              Mid              Energy           Number             dn/de            E*dn/de          Cumulative
         Energy            Energy            Energy             Width          Fraction                               Sum   
         [MeV]             [MeV]             [MeV]              [MeV]

       3.46737E-02       3.63078E-02       3.54908E-02       1.63410E-03       0.00000E+00       0.00000E+00       0.00000E+00       0.00000E+00
       3.63078E-02       3.80189E-02       3.71633E-02       1.71110E-03       1.07191E-03       6.26444E-01       2.32808E-02       1.07191E-03
       3.80189E-02       3.98107E-02       3.89148E-02       1.79180E-03       2.09754E-03       1.17063E+00       4.55550E-02       3.16945E-03
       3.98107E-02       4.16869E-02       4.07488E-02       1.87620E-03       2.19513E-03       1.16999E+00       4.76757E-02       5.36458E-03
       4.16869E-02       4.36516E-02       4.26693E-02       1.96470E-03       2.29714E-03       1.16921E+00       4.98891E-02       7.66172E-03
       4.36516E-02       4.57088E-02       4.46802E-02       2.05720E-03       2.40381E-03       1.16849E+00       5.22082E-02       1.00655E-02
       4.57088E-02       4.78630E-02       4.67859E-02       2.15420E-03       2.51529E-03       1.16762E+00       5.46283E-02       1.25808E-02
       4.78630E-02       5.01187E-02       4.89908E-02       2.25570E-03       2.63183E-03       1.16675E+00       5.71599E-02       1.52127E-02
       5.01187E-02       5.24808E-02       5.12998E-02       2.36210E-03       2.75359E-03       1.16574E+00       5.98021E-02       1.79663E-02
       5.24808E-02       5.49541E-02       5.37174E-02       2.47330E-03       2.88077E-03       1.16475E+00       6.25673E-02       2.08470E-02
       5.49541E-02       5.75440E-02       5.62491E-02       2.58990E-03       3.01367E-03       1.16362E+00       6.54528E-02       2.38607E-02
       5.75440E-02       6.02560E-02       5.89000E-02       2.71200E-03       3.15246E-03       1.16241E+00       6.84661E-02       2.70132E-02
       6.02560E-02       6.30957E-02       6.16758E-02       2.83970E-03       3.29737E-03       1.16117E+00       7.16161E-02       3.03105E-02
       6.30957E-02       6.60693E-02       6.45825E-02       2.97360E-03       3.44872E-03       1.15978E+00       7.49015E-02       3.37593E-02
       6.60693E-02       6.91831E-02       6.76262E-02       3.11380E-03       3.60666E-03       1.15828E+00       7.83302E-02       3.73659E-02
       6.91831E-02       7.24436E-02       7.08134E-02       3.26050E-03       3.77150E-03       1.15673E+00       8.19116E-02       4.11374E-02
       7.24436E-02       7.58578E-02       7.41507E-02       3.41420E-03       3.94346E-03       1.15502E+00       8.56454E-02       4.50809E-02
       7.58578E-02       7.94328E-02       7.76453E-02       3.57500E-03       4.12287E-03       1.15325E+00       8.95444E-02       4.92037E-02
       7.94328E-02       8.31764E-02       8.13046E-02       3.74360E-03       4.30994E-03       1.15128E+00       9.36046E-02       5.35137E-02
       8.31764E-02       8.70964E-02       8.51364E-02       3.92000E-03       4.50494E-03       1.14922E+00       9.78403E-02       5.80186E-02
       8.70964E-02       9.12011E-02       8.91488E-02       4.10470E-03       4.70822E-03       1.14703E+00       1.02256E-01       6.27268E-02
       9.12011E-02       9.54993E-02       9.33502E-02       4.29820E-03       4.92000E-03       1.14467E+00       1.06855E-01       6.76468E-02
       9.54993E-02       1.00000E-01       9.77497E-02       4.50070E-03       5.14060E-03       1.14218E+00       1.11647E-01       7.27874E-02
       1.00000E-01       1.04713E-01       1.02357E-01       4.71300E-03       5.37032E-03       1.13947E+00       1.16632E-01       7.81578E-02
       1.04713E-01       1.09648E-01       1.07180E-01       4.93500E-03       5.60926E-03       1.13663E+00       1.21824E-01       8.37670E-02
       1.09648E-01       1.14815E-01       1.12231E-01       5.16700E-03       5.85815E-03       1.13376E+00       1.27244E-01       8.96252E-02
       1.14815E-01       1.20226E-01       1.17520E-01       5.41100E-03       6.11672E-03       1.13042E+00       1.32848E-01       9.57419E-02
       1.20226E-01       1.25892E-01       1.23059E-01       5.66600E-03       6.38589E-03       1.12705E+00       1.38694E-01       1.02128E-01
       1.25892E-01       1.31826E-01       1.28859E-01       5.93400E-03       6.66561E-03       1.12329E+00       1.44746E-01       1.08793E-01
       1.31826E-01       1.38038E-01       1.34932E-01       6.21200E-03       6.95594E-03       1.11976E+00       1.51091E-01       1.15749E-01
       1.38038E-01       1.44544E-01       1.41291E-01       6.50600E-03       7.25781E-03       1.11556E+00       1.57618E-01       1.23007E-01
       1.44544E-01       1.51356E-01       1.47950E-01       6.81200E-03       7.57101E-03       1.11142E+00       1.64435E-01       1.30578E-01
       1.51356E-01       1.58489E-01       1.54923E-01       7.13300E-03       7.89618E-03       1.10699E+00       1.71498E-01       1.38474E-01
       1.58489E-01       1.65959E-01       1.62224E-01       7.47000E-03       8.23360E-03       1.10222E+00       1.78807E-01       1.46708E-01
       1.65959E-01       1.73780E-01       1.69869E-01       7.82100E-03       8.58346E-03       1.09749E+00       1.86430E-01       1.55291E-01
       1.73780E-01       1.81970E-01       1.77875E-01       8.19000E-03       8.94626E-03       1.09234E+00       1.94300E-01       1.64238E-01
       1.81970E-01       1.90546E-01       1.86258E-01       8.57600E-03       9.32241E-03       1.08703E+00       2.02469E-01       1.73560E-01
       1.90546E-01       1.99526E-01       1.95036E-01       8.98000E-03       9.71217E-03       1.08153E+00       2.10938E-01       1.83272E-01
       1.99526E-01       2.08930E-01       2.04228E-01       9.40400E-03       1.01163E-02       1.07574E+00       2.19696E-01       1.93388E-01
       2.08930E-01       2.18776E-01       2.13853E-01       9.84600E-03       1.05350E-02       1.06998E+00       2.28819E-01       2.03924E-01
       2.18776E-01       2.29087E-01       2.23931E-01       1.03110E-02       1.09690E-02       1.06381E+00       2.38221E-01       2.14892E-01
       2.29087E-01       2.39883E-01       2.34485E-01       1.07960E-02       1.14187E-02       1.05768E+00       2.48011E-01       2.26311E-01
       2.39883E-01       2.51189E-01       2.45536E-01       1.13060E-02       1.18851E-02       1.05122E+00       2.58112E-01       2.38196E-01
       2.51189E-01       2.63027E-01       2.57108E-01       1.18380E-02       1.23690E-02       1.04485E+00       2.68640E-01       2.50565E-01
       2.63027E-01       2.75423E-01       2.69225E-01       1.23960E-02       1.28711E-02       1.03832E+00       2.79543E-01       2.63436E-01
       2.75423E-01       2.88403E-01       2.81913E-01       1.29800E-02       1.33926E-02       1.03179E+00       2.90875E-01       2.76829E-01
       2.88403E-01       3.01995E-01       2.95199E-01       1.35920E-02       1.39348E-02       1.02522E+00       3.02645E-01       2.90764E-01
       3.01995E-01       3.16228E-01       3.09112E-01       1.42330E-02       1.44993E-02       1.01871E+00       3.14896E-01       3.05263E-01
       3.16228E-01       3.31131E-01       3.23680E-01       1.49030E-02       1.50876E-02       1.01239E+00       3.27689E-01       3.20351E-01
       3.31131E-01       3.46737E-01       3.38934E-01       1.56060E-02       1.57020E-02       1.00615E+00       3.41019E-01       3.36053E-01
       3.46737E-01       3.63078E-01       3.54908E-01       1.63410E-02       1.63445E-02       1.00022E+00       3.54984E-01       3.52397E-01
       3.63078E-01       3.80189E-01       3.71633E-01       1.71110E-02       1.70182E-02       9.94574E-01       3.69617E-01       3.69415E-01
       3.80189E-01       3.98107E-01       3.89148E-01       1.79180E-02       1.77261E-02       9.89288E-01       3.84979E-01       3.87142E-01
       3.98107E-01       4.16869E-01       4.07488E-01       1.87620E-02       1.84720E-02       9.84541E-01       4.01189E-01       4.05614E-01
       4.16869E-01       4.36516E-01       4.26692E-01       1.96470E-02       1.92603E-02       9.80316E-01       4.18293E-01       4.24874E-01
       4.36516E-01       4.57088E-01       4.46802E-01       2.05720E-02       2.00962E-02       9.76871E-01       4.36468E-01       4.44970E-01
       4.57088E-01       4.78630E-01       4.67859E-01       2.15420E-02       2.09856E-02       9.74172E-01       4.55775E-01       4.65956E-01
       4.78630E-01       5.01187E-01       4.89909E-01       2.25570E-02       2.19355E-02       9.72449E-01       4.76411E-01       4.87891E-01
       5.01187E-01       5.24808E-01       5.12998E-01       2.36210E-02       2.29545E-02       9.71784E-01       4.98523E-01       5.10846E-01
       5.24808E-01       5.49541E-01       5.37174E-01       2.47330E-02       2.40518E-02       9.72458E-01       5.22380E-01       5.34897E-01
       5.49541E-01       5.75440E-01       5.62490E-01       2.58990E-02       2.52390E-02       9.74517E-01       5.48156E-01       5.60136E-01
       5.75440E-01       6.02560E-01       5.89000E-01       2.71200E-02       2.65297E-02       9.78232E-01       5.76179E-01       5.86666E-01
       6.02560E-01       6.30957E-01       6.16758E-01       2.83970E-02       2.79389E-02       9.83867E-01       6.06808E-01       6.14605E-01
       6.30957E-01       6.60693E-01       6.45825E-01       2.97360E-02       2.94851E-02       9.91564E-01       6.40377E-01       6.44090E-01
       6.60693E-01       6.91831E-01       6.76262E-01       3.11380E-02       3.11888E-02       1.00163E+00       6.77366E-01       6.75279E-01
       6.91831E-01       7.24436E-01       7.08133E-01       3.26050E-02       3.30728E-02       1.01435E+00       7.18293E-01       7.08352E-01
       7.24436E-01       7.58578E-01       7.41507E-01       3.41420E-02       3.51614E-02       1.02986E+00       7.63647E-01       7.43513E-01
       7.58578E-01       7.94328E-01       7.76453E-01       3.57500E-02       3.74786E-02       1.04835E+00       8.13997E-01       7.80992E-01
       7.94328E-01       8.31764E-01       8.13046E-01       3.74360E-02       4.00440E-02       1.06967E+00       8.69688E-01       8.21036E-01
       8.31764E-01       8.70964E-01       8.51364E-01       3.92000E-02       4.28658E-02       1.09352E+00       9.30980E-01       8.63902E-01
       8.70964E-01       9.12011E-01       8.91487E-01       4.10470E-02       4.59292E-02       1.11894E+00       9.97523E-01       9.09831E-01
       9.12011E-01       9.54993E-01       9.33502E-01       4.29820E-02       4.91761E-02       1.14411E+00       1.06803E+00       9.59007E-01
       9.54993E-01       1.00000E+00       9.77497E-01       4.50070E-02       4.05192E-02       9.00288E-01       8.80028E-01       9.99526E-01
       1.00000E+00       1.04713E+00       1.02357E+00       4.71300E-02       4.73710E-04       1.00511E-02       1.02880E-02       1.00000E+00

 Sum =                                                                         1.00000E+00
 Renormalization bin#   928 =                                                  1.63949E-02 barn        1.04000E+07        1.06000E+07        1.05000E+07
 Avg. Energy     bin#   928 =                                                  5.13852E-01 MeV         1.04000E+07        1.06000E+07
