"        MT=608 recoil spectrum "
" Initial neutron energy corresponds to the group:"
   1.28000E+01    1.30000E+01       0.00000E+00           792           871            80



          Low               High              Mid              Energy           Number             dn/de            E*dn/de          Cumulative
         Energy            Energy            Energy             Width          Fraction                               Sum   
         [MeV]             [MeV]             [MeV]              [MeV]

       3.31131E-02       3.46737E-02       3.38934E-02       1.56060E-03       0.00000E+00       0.00000E+00       0.00000E+00       0.00000E+00
       3.46737E-02       3.63078E-02       3.54908E-02       1.63410E-03       1.25074E-03       7.65396E-01       2.71645E-02       1.25074E-03
       3.63078E-02       3.80189E-02       3.71633E-02       1.71110E-03       2.19843E-03       1.28481E+00       4.77477E-02       3.44916E-03
       3.80189E-02       3.98107E-02       3.89148E-02       1.79180E-03       2.29202E-03       1.27917E+00       4.97787E-02       5.74118E-03
       3.98107E-02       4.16869E-02       4.07488E-02       1.87620E-03       2.38912E-03       1.27338E+00       5.18888E-02       8.13030E-03
       4.16869E-02       4.36516E-02       4.26693E-02       1.96470E-03       2.48984E-03       1.26729E+00       5.40742E-02       1.06201E-02
       4.36516E-02       4.57088E-02       4.46802E-02       2.05720E-03       2.59426E-03       1.26106E+00       5.63446E-02       1.32144E-02
       4.57088E-02       4.78630E-02       4.67859E-02       2.15420E-03       2.70243E-03       1.25449E+00       5.86925E-02       1.59168E-02
       4.78630E-02       5.01187E-02       4.89908E-02       2.25570E-03       2.81446E-03       1.24771E+00       6.11265E-02       1.87313E-02
       5.01187E-02       5.24808E-02       5.12998E-02       2.36210E-03       2.93044E-03       1.24060E+00       6.36427E-02       2.16617E-02
       5.24808E-02       5.49541E-02       5.37174E-02       2.47330E-03       3.05040E-03       1.23333E+00       6.62515E-02       2.47121E-02
       5.49541E-02       5.75440E-02       5.62491E-02       2.58990E-03       3.17444E-03       1.22570E+00       6.89446E-02       2.78866E-02
       5.75440E-02       6.02560E-02       5.89000E-02       2.71200E-03       3.30267E-03       1.21780E+00       7.17282E-02       3.11892E-02
       6.02560E-02       6.30957E-02       6.16758E-02       2.83970E-03       3.43511E-03       1.20967E+00       7.46076E-02       3.46243E-02
       6.30957E-02       6.60693E-02       6.45825E-02       2.97360E-03       3.57181E-03       1.20117E+00       7.75748E-02       3.81962E-02
       6.60693E-02       6.91831E-02       6.76262E-02       3.11380E-03       3.71277E-03       1.19236E+00       8.06345E-02       4.19089E-02
       6.91831E-02       7.24436E-02       7.08134E-02       3.26050E-03       3.85809E-03       1.18328E+00       8.37921E-02       4.57670E-02
       7.24436E-02       7.58578E-02       7.41507E-02       3.41420E-03       4.00783E-03       1.17387E+00       8.70435E-02       4.97748E-02
       7.58578E-02       7.94328E-02       7.76453E-02       3.57500E-03       4.16196E-03       1.16418E+00       9.03934E-02       5.39368E-02
       7.94328E-02       8.31764E-02       8.13046E-02       3.74360E-03       4.32053E-03       1.15411E+00       9.38344E-02       5.82573E-02
       8.31764E-02       8.70964E-02       8.51364E-02       3.92000E-03       4.48350E-03       1.14375E+00       9.73747E-02       6.27408E-02
       8.70964E-02       9.12011E-02       8.91488E-02       4.10470E-03       4.65093E-03       1.13307E+00       1.01012E-01       6.73918E-02
       9.12011E-02       9.54993E-02       9.33502E-02       4.29820E-03       4.82275E-03       1.12204E+00       1.04743E-01       7.22145E-02
       9.54993E-02       1.00000E-01       9.77497E-02       4.50070E-03       4.99893E-03       1.11070E+00       1.08571E-01       7.72134E-02
       1.00000E-01       1.04713E-01       1.02357E-01       4.71300E-03       5.17957E-03       1.09900E+00       1.12489E-01       8.23930E-02
       1.04713E-01       1.09648E-01       1.07180E-01       4.93500E-03       5.36433E-03       1.08700E+00       1.16505E-01       8.77573E-02
       1.09648E-01       1.14815E-01       1.12231E-01       5.16700E-03       5.55360E-03       1.07482E+00       1.20629E-01       9.33109E-02
       1.14815E-01       1.20226E-01       1.17520E-01       5.41100E-03       5.74681E-03       1.06206E+00       1.24814E-01       9.90577E-02
       1.20226E-01       1.25892E-01       1.23059E-01       5.66600E-03       5.94446E-03       1.04914E+00       1.29107E-01       1.05002E-01
       1.25892E-01       1.31826E-01       1.28859E-01       5.93400E-03       6.14613E-03       1.03575E+00       1.33466E-01       1.11148E-01
       1.31826E-01       1.38038E-01       1.34932E-01       6.21200E-03       6.35164E-03       1.02248E+00       1.37965E-01       1.17500E-01
       1.38038E-01       1.44544E-01       1.41291E-01       6.50600E-03       6.56137E-03       1.00851E+00       1.42493E-01       1.24061E-01
       1.44544E-01       1.51356E-01       1.47950E-01       6.81200E-03       6.77480E-03       9.94540E-01       1.47142E-01       1.30836E-01
       1.51356E-01       1.58489E-01       1.54923E-01       7.13300E-03       6.99226E-03       9.80269E-01       1.51866E-01       1.37828E-01
       1.58489E-01       1.65959E-01       1.62224E-01       7.47000E-03       7.21350E-03       9.65663E-01       1.56654E-01       1.45042E-01
       1.65959E-01       1.73780E-01       1.69869E-01       7.82100E-03       7.43859E-03       9.51105E-01       1.61564E-01       1.52480E-01
       1.73780E-01       1.81970E-01       1.77875E-01       8.19000E-03       7.66758E-03       9.36213E-01       1.66529E-01       1.60148E-01
       1.81970E-01       1.90546E-01       1.86258E-01       8.57600E-03       7.90061E-03       9.21246E-01       1.71589E-01       1.68049E-01
       1.90546E-01       1.99526E-01       1.95036E-01       8.98000E-03       8.13754E-03       9.06185E-01       1.76739E-01       1.76186E-01
       1.99526E-01       2.08930E-01       2.04228E-01       9.40400E-03       8.37898E-03       8.91002E-01       1.81968E-01       1.84565E-01
       2.08930E-01       2.18776E-01       2.13853E-01       9.84600E-03       8.62489E-03       8.75979E-01       1.87331E-01       1.93190E-01
       2.18776E-01       2.29087E-01       2.23931E-01       1.03110E-02       8.87560E-03       8.60790E-01       1.92758E-01       2.02066E-01
       2.29087E-01       2.39883E-01       2.34485E-01       1.07960E-02       9.13170E-03       8.45841E-01       1.98337E-01       2.11197E-01
       2.39883E-01       2.51189E-01       2.45536E-01       1.13060E-02       9.39371E-03       8.30860E-01       2.04006E-01       2.20591E-01
       2.51189E-01       2.63027E-01       2.57108E-01       1.18380E-02       9.66242E-03       8.16220E-01       2.09857E-01       2.30254E-01
       2.63027E-01       2.75423E-01       2.69225E-01       1.23960E-02       9.93855E-03       8.01755E-01       2.15852E-01       2.40192E-01
       2.75423E-01       2.88403E-01       2.81913E-01       1.29800E-02       1.02232E-02       7.87610E-01       2.22037E-01       2.50415E-01
       2.88403E-01       3.01995E-01       2.95199E-01       1.35920E-02       1.05174E-02       7.73797E-01       2.28424E-01       2.60933E-01
       3.01995E-01       3.16228E-01       3.09112E-01       1.42330E-02       1.08229E-02       7.60407E-01       2.35050E-01       2.71756E-01
       3.16228E-01       3.31131E-01       3.23680E-01       1.49030E-02       1.11409E-02       7.47558E-01       2.41969E-01       2.82896E-01
       3.31131E-01       3.46737E-01       3.38934E-01       1.56060E-02       1.14735E-02       7.35197E-01       2.49183E-01       2.94370E-01
       3.46737E-01       3.63078E-01       3.54908E-01       1.63410E-02       1.18224E-02       7.23484E-01       2.56770E-01       3.06192E-01
       3.63078E-01       3.80189E-01       3.71633E-01       1.71110E-02       1.21901E-02       7.12414E-01       2.64757E-01       3.18382E-01
       3.80189E-01       3.98107E-01       3.89148E-01       1.79180E-02       1.25791E-02       7.02037E-01       2.73196E-01       3.30962E-01
       3.98107E-01       4.16869E-01       4.07488E-01       1.87620E-02       1.29918E-02       6.92452E-01       2.82166E-01       3.43953E-01
       4.16869E-01       4.36516E-01       4.26692E-01       1.96470E-02       1.34312E-02       6.83625E-01       2.91697E-01       3.57385E-01
       4.36516E-01       4.57088E-01       4.46802E-01       2.05720E-02       1.39002E-02       6.75686E-01       3.01898E-01       3.71285E-01
       4.57088E-01       4.78630E-01       4.67859E-01       2.15420E-02       1.44018E-02       6.68546E-01       3.12786E-01       3.85687E-01
       4.78630E-01       5.01187E-01       4.89909E-01       2.25570E-02       1.49395E-02       6.62301E-01       3.24467E-01       4.00626E-01
       5.01187E-01       5.24808E-01       5.12998E-01       2.36210E-02       1.55167E-02       6.56905E-01       3.36990E-01       4.16143E-01
       5.24808E-01       5.49541E-01       5.37174E-01       2.47330E-02       1.61368E-02       6.52440E-01       3.50474E-01       4.32280E-01
       5.49541E-01       5.75440E-01       5.62490E-01       2.58990E-02       1.68038E-02       6.48821E-01       3.64955E-01       4.49083E-01
       5.75440E-01       6.02560E-01       5.89000E-01       2.71200E-02       1.75222E-02       6.46100E-01       3.80553E-01       4.66606E-01
       6.02560E-01       6.30957E-01       6.16758E-01       2.83970E-02       1.82970E-02       6.44327E-01       3.97394E-01       4.84903E-01
       6.30957E-01       6.60693E-01       6.45825E-01       2.97360E-02       1.91349E-02       6.43493E-01       4.15584E-01       5.04037E-01
       6.60693E-01       6.91831E-01       6.76262E-01       3.11380E-02       2.00448E-02       6.43739E-01       4.35336E-01       5.24082E-01
       6.91831E-01       7.24436E-01       7.08133E-01       3.26050E-02       2.10386E-02       6.45256E-01       4.56927E-01       5.45121E-01
       7.24436E-01       7.58578E-01       7.41507E-01       3.41420E-02       2.21341E-02       6.48295E-01       4.80715E-01       5.67255E-01
       7.58578E-01       7.94328E-01       7.76453E-01       3.57500E-02       2.33566E-02       6.53331E-01       5.07281E-01       5.90611E-01
       7.94328E-01       8.31764E-01       8.13046E-01       3.74360E-02       2.47429E-02       6.60940E-01       5.37374E-01       6.15354E-01
       8.31764E-01       8.70964E-01       8.51364E-01       3.92000E-02       2.63460E-02       6.72091E-01       5.72194E-01       6.41700E-01
       8.70964E-01       9.12011E-01       8.91487E-01       4.10470E-02       2.82417E-02       6.88032E-01       6.13372E-01       6.69942E-01
       9.12011E-01       9.54993E-01       9.33502E-01       4.29820E-02       3.05370E-02       7.10461E-01       6.63217E-01       7.00479E-01
       9.54993E-01       1.00000E+00       9.77497E-01       4.50070E-02       3.33811E-02       7.41687E-01       7.24996E-01       7.33860E-01
       1.00000E+00       1.04713E+00       1.02357E+00       4.71300E-02       3.69793E-02       7.84623E-01       8.03112E-01       7.70839E-01
       1.04713E+00       1.09648E+00       1.07181E+00       4.93500E-02       4.16069E-02       8.43099E-01       9.03638E-01       8.12446E-01
       1.09648E+00       1.14815E+00       1.12231E+00       5.16700E-02       4.76364E-02       9.21936E-01       1.03470E+00       8.60083E-01
       1.14815E+00       1.20226E+00       1.17520E+00       5.41100E-02       5.55459E-02       1.02654E+00       1.20639E+00       9.15629E-01
       1.20226E+00       1.25892E+00       1.23059E+00       5.66600E-02       6.59579E-02       1.16410E+00       1.43253E+00       9.81587E-01
       1.25892E+00       1.31826E+00       1.28859E+00       5.93400E-02       1.84133E-02       3.10302E-01       3.99852E-01       1.00000E+00

 Sum =                                                                         1.00000E+00
 Renormalization bin#   940 =                                                  4.90637E-03 barn        1.28000E+07        1.30000E+07        1.29000E+07
 Avg. Energy     bin#   940 =                                                  6.54691E-01 MeV         1.28000E+07        1.30000E+07
