"        MT=610 recoil spectrum "
" Initial neutron energy corresponds to the group:"
   1.10000E+01    1.12000E+01       0.00000E+00           799           866            68



          Low               High              Mid              Energy           Number             dn/de            E*dn/de          Cumulative
         Energy            Energy            Energy             Width          Fraction                               Sum   
         [MeV]             [MeV]             [MeV]              [MeV]

       4.57088E-02       4.78630E-02       4.67859E-02       2.15420E-03       0.00000E+00       0.00000E+00       0.00000E+00       0.00000E+00
       4.78630E-02       5.01187E-02       4.89908E-02       2.25570E-03       1.12578E-03       4.99084E-01       2.44506E-02       1.12578E-03
       5.01187E-02       5.24808E-02       5.12998E-02       2.36210E-03       2.79974E-03       1.18528E+00       6.08044E-02       3.92553E-03
       5.24808E-02       5.49541E-02       5.37174E-02       2.47330E-03       2.92847E-03       1.18403E+00       6.36032E-02       6.85400E-03
       5.49541E-02       5.75440E-02       5.62491E-02       2.58990E-03       3.06294E-03       1.18265E+00       6.65230E-02       9.91694E-03
       5.75440E-02       6.02560E-02       5.89000E-02       2.71200E-03       3.20337E-03       1.18118E+00       6.95717E-02       1.31203E-02
       6.02560E-02       6.30957E-02       6.16758E-02       2.83970E-03       3.34987E-03       1.17966E+00       7.27564E-02       1.64702E-02
       6.30957E-02       6.60693E-02       6.45825E-02       2.97360E-03       3.50291E-03       1.17800E+00       7.60783E-02       1.99731E-02
       6.60693E-02       6.91831E-02       6.76262E-02       3.11380E-03       3.66253E-03       1.17622E+00       7.95435E-02       2.36356E-02
       6.91831E-02       7.24436E-02       7.08134E-02       3.26050E-03       3.82905E-03       1.17437E+00       8.31614E-02       2.74647E-02
       7.24436E-02       7.58578E-02       7.41507E-02       3.41420E-03       4.00273E-03       1.17238E+00       8.69328E-02       3.14674E-02
       7.58578E-02       7.94328E-02       7.76453E-02       3.57500E-03       4.18381E-03       1.17030E+00       9.08680E-02       3.56512E-02
       7.94328E-02       8.31764E-02       8.13046E-02       3.74360E-03       4.37264E-03       1.16803E+00       9.49663E-02       4.00239E-02
       8.31764E-02       8.70964E-02       8.51364E-02       3.92000E-03       4.56938E-03       1.16566E+00       9.92399E-02       4.45932E-02
       8.70964E-02       9.12011E-02       8.91488E-02       4.10470E-03       4.77439E-03       1.16315E+00       1.03693E-01       4.93676E-02
       9.12011E-02       9.54993E-02       9.33502E-02       4.29820E-03       4.98794E-03       1.16047E+00       1.08330E-01       5.43556E-02
       9.54993E-02       1.00000E-01       9.77497E-02       4.50070E-03       5.21025E-03       1.15765E+00       1.13160E-01       5.95658E-02
       1.00000E-01       1.04713E-01       1.02357E-01       4.71300E-03       5.44171E-03       1.15462E+00       1.18183E-01       6.50075E-02
       1.04713E-01       1.09648E-01       1.07180E-01       4.93500E-03       5.68237E-03       1.15144E+00       1.23412E-01       7.06899E-02
       1.09648E-01       1.14815E-01       1.12231E-01       5.16700E-03       5.93301E-03       1.14825E+00       1.28870E-01       7.66229E-02
       1.14815E-01       1.20226E-01       1.17520E-01       5.41100E-03       6.19330E-03       1.14458E+00       1.34511E-01       8.28162E-02
       1.20226E-01       1.25892E-01       1.23059E-01       5.66600E-03       6.46413E-03       1.14086E+00       1.40393E-01       8.92803E-02
       1.25892E-01       1.31826E-01       1.28859E-01       5.93400E-03       6.74547E-03       1.13675E+00       1.46480E-01       9.60258E-02
       1.31826E-01       1.38038E-01       1.34932E-01       6.21200E-03       7.03752E-03       1.13289E+00       1.52863E-01       1.03063E-01
       1.38038E-01       1.44544E-01       1.41291E-01       6.50600E-03       7.34098E-03       1.12834E+00       1.59424E-01       1.10404E-01
       1.44544E-01       1.51356E-01       1.47950E-01       6.81200E-03       7.65572E-03       1.12386E+00       1.66275E-01       1.18060E-01
       1.51356E-01       1.58489E-01       1.54923E-01       7.13300E-03       7.98248E-03       1.11909E+00       1.73373E-01       1.26043E-01
       1.58489E-01       1.65959E-01       1.62224E-01       7.47000E-03       8.32135E-03       1.11397E+00       1.80713E-01       1.34364E-01
       1.65959E-01       1.73780E-01       1.69869E-01       7.82100E-03       8.67266E-03       1.10889E+00       1.88367E-01       1.43036E-01
       1.73780E-01       1.81970E-01       1.77875E-01       8.19000E-03       9.03685E-03       1.10340E+00       1.96267E-01       1.52073E-01
       1.81970E-01       1.90546E-01       1.86258E-01       8.57600E-03       9.41432E-03       1.09775E+00       2.04465E-01       1.61488E-01
       1.90546E-01       1.99526E-01       1.95036E-01       8.98000E-03       9.80541E-03       1.09192E+00       2.12963E-01       1.71293E-01
       1.99526E-01       2.08930E-01       2.04228E-01       9.40400E-03       1.02107E-02       1.08578E+00       2.21748E-01       1.81504E-01
       2.08930E-01       2.18776E-01       2.13853E-01       9.84600E-03       1.06305E-02       1.07968E+00       2.30892E-01       1.92134E-01
       2.18776E-01       2.29087E-01       2.23931E-01       1.03110E-02       1.10654E-02       1.07316E+00       2.40315E-01       2.03200E-01
       2.29087E-01       2.39883E-01       2.34485E-01       1.07960E-02       1.15160E-02       1.06669E+00       2.50123E-01       2.14716E-01
       2.39883E-01       2.51189E-01       2.45536E-01       1.13060E-02       1.19831E-02       1.05989E+00       2.60241E-01       2.26699E-01
       2.51189E-01       2.63027E-01       2.57108E-01       1.18380E-02       1.24675E-02       1.05318E+00       2.70780E-01       2.39166E-01
       2.63027E-01       2.75423E-01       2.69225E-01       1.23960E-02       1.29700E-02       1.04631E+00       2.81692E-01       2.52136E-01
       2.75423E-01       2.88403E-01       2.81913E-01       1.29800E-02       1.34916E-02       1.03942E+00       2.93025E-01       2.65628E-01
       2.88403E-01       3.01995E-01       2.95199E-01       1.35920E-02       1.40337E-02       1.03249E+00       3.04791E-01       2.79662E-01
       3.01995E-01       3.16228E-01       3.09112E-01       1.42330E-02       1.45976E-02       1.02562E+00       3.17030E-01       2.94259E-01
       3.16228E-01       3.31131E-01       3.23680E-01       1.49030E-02       1.51850E-02       1.01892E+00       3.29805E-01       3.09444E-01
       3.31131E-01       3.46737E-01       3.38934E-01       1.56060E-02       1.57981E-02       1.01231E+00       3.43106E-01       3.25242E-01
       3.46737E-01       3.63078E-01       3.54908E-01       1.63410E-02       1.64387E-02       1.00598E+00       3.57030E-01       3.41681E-01
       3.63078E-01       3.80189E-01       3.71633E-01       1.71110E-02       1.71099E-02       9.99935E-01       3.71609E-01       3.58791E-01
       3.80189E-01       3.98107E-01       3.89148E-01       1.79180E-02       1.78147E-02       9.94237E-01       3.86905E-01       3.76606E-01
       3.98107E-01       4.16869E-01       4.07488E-01       1.87620E-02       1.85566E-02       9.89055E-01       4.03028E-01       3.95162E-01
       4.16869E-01       4.36516E-01       4.26692E-01       1.96470E-02       1.93401E-02       9.84381E-01       4.20028E-01       4.14503E-01
       4.36516E-01       4.57088E-01       4.46802E-01       2.05720E-02       2.01702E-02       9.80470E-01       4.38076E-01       4.34673E-01
       4.57088E-01       4.78630E-01       4.67859E-01       2.15420E-02       2.10525E-02       9.77276E-01       4.57228E-01       4.55725E-01
       4.78630E-01       5.01187E-01       4.89909E-01       2.25570E-02       2.19940E-02       9.75040E-01       4.77680E-01       4.77719E-01
       5.01187E-01       5.24808E-01       5.12998E-01       2.36210E-02       2.30030E-02       9.73835E-01       4.99575E-01       5.00722E-01
       5.24808E-01       5.49541E-01       5.37174E-01       2.47330E-02       2.40884E-02       9.73938E-01       5.23175E-01       5.24811E-01
       5.49541E-01       5.75440E-01       5.62490E-01       2.58990E-02       2.52619E-02       9.75400E-01       5.48653E-01       5.50072E-01
       5.75440E-01       6.02560E-01       5.89000E-01       2.71200E-02       2.65365E-02       9.78486E-01       5.76328E-01       5.76609E-01
       6.02560E-01       6.30957E-01       6.16758E-01       2.83970E-02       2.79274E-02       9.83464E-01       6.06560E-01       6.04536E-01
       6.30957E-01       6.60693E-01       6.45825E-01       2.97360E-02       2.94529E-02       9.90480E-01       6.39677E-01       6.33989E-01
       6.60693E-01       6.91831E-01       6.76262E-01       3.11380E-02       3.11340E-02       9.99871E-01       6.76175E-01       6.65123E-01
       6.91831E-01       7.24436E-01       7.08133E-01       3.26050E-02       3.29940E-02       1.01193E+00       7.16582E-01       6.98117E-01
       7.24436E-01       7.58578E-01       7.41507E-01       3.41420E-02       3.50598E-02       1.02688E+00       7.61440E-01       7.33177E-01
       7.58578E-01       7.94328E-01       7.76453E-01       3.57500E-02       3.73587E-02       1.04500E+00       8.11393E-01       7.70536E-01
       7.94328E-01       8.31764E-01       8.13046E-01       3.74360E-02       3.99178E-02       1.06629E+00       8.66946E-01       8.10454E-01
       8.31764E-01       8.70964E-01       8.51364E-01       3.92000E-02       4.27570E-02       1.09074E+00       9.28617E-01       8.53211E-01
       8.70964E-01       9.12011E-01       8.91487E-01       4.10470E-02       4.58828E-02       1.11781E+00       9.96515E-01       8.99094E-01
       9.12011E-01       9.54993E-01       9.33502E-01       4.29820E-02       4.92713E-02       1.14632E+00       1.07010E+00       9.48365E-01
       9.54993E-01       1.00000E+00       9.77497E-01       4.50070E-02       4.78844E-02       1.06393E+00       1.03999E+00       9.96249E-01
       1.00000E+00       1.04713E+00       1.02357E+00       4.71300E-02       3.75073E-03       7.95826E-02       8.14579E-02       1.00000E+00

 Sum =                                                                         1.00000E+00
 Renormalization bin#   931 =                                                  1.07723E-02 barn        1.10000E+07        1.12000E+07        1.11000E+07
 Avg. Energy     bin#   931 =                                                  5.24244E-01 MeV         1.10000E+07        1.12000E+07
