"        MT=603 recoil spectrum "
" Initial neutron energy corresponds to the group:"
   9.00000E+00    9.20000E+00       0.00000E+00           791           862            72



          Low               High              Mid              Energy           Number             dn/de            E*dn/de          Cumulative
         Energy            Energy            Energy             Width          Fraction                               Sum   
         [MeV]             [MeV]             [MeV]              [MeV]

       3.16228E-02       3.31131E-02       3.23680E-02       1.49030E-03       0.00000E+00       0.00000E+00       0.00000E+00       0.00000E+00
       3.31131E-02       3.46737E-02       3.38934E-02       1.56060E-03       4.76270E-04       3.05184E-01       1.03437E-02       4.76270E-04
       3.46737E-02       3.63078E-02       3.54908E-02       1.63410E-03       1.78558E-03       1.09270E+00       3.87807E-02       2.26185E-03
       3.63078E-02       3.80189E-02       3.71633E-02       1.71110E-03       1.88119E-03       1.09941E+00       4.08576E-02       4.14304E-03
       3.80189E-02       3.98107E-02       3.89148E-02       1.79180E-03       1.97354E-03       1.10143E+00       4.28618E-02       6.11658E-03
       3.98107E-02       4.16869E-02       4.07488E-02       1.87620E-03       2.07055E-03       1.10359E+00       4.49698E-02       8.18713E-03
       4.16869E-02       4.36516E-02       4.26693E-02       1.96470E-03       2.17248E-03       1.10575E+00       4.71817E-02       1.03596E-02
       4.36516E-02       4.57088E-02       4.46802E-02       2.05720E-03       2.27960E-03       1.10811E+00       4.95106E-02       1.26392E-02
       4.57088E-02       4.78630E-02       4.67859E-02       2.15420E-03       2.39218E-03       1.11047E+00       5.19545E-02       1.50314E-02
       4.78630E-02       5.01187E-02       4.89908E-02       2.25570E-03       2.51050E-03       1.11296E+00       5.45249E-02       1.75419E-02
       5.01187E-02       5.24808E-02       5.12998E-02       2.36210E-03       2.63488E-03       1.11548E+00       5.72239E-02       2.01768E-02
       5.24808E-02       5.49541E-02       5.37174E-02       2.47330E-03       2.76563E-03       1.11819E+00       6.00665E-02       2.29424E-02
       5.49541E-02       5.75440E-02       5.62491E-02       2.58990E-03       2.90311E-03       1.12094E+00       6.30517E-02       2.58455E-02
       5.75440E-02       6.02560E-02       5.89000E-02       2.71200E-03       3.04765E-03       1.12377E+00       6.61898E-02       2.88932E-02
       6.02560E-02       6.30957E-02       6.16758E-02       2.83970E-03       3.19966E-03       1.12676E+00       6.94939E-02       3.20928E-02
       6.30957E-02       6.60693E-02       6.45825E-02       2.97360E-03       3.35953E-03       1.12979E+00       7.29643E-02       3.54524E-02
       6.60693E-02       6.91831E-02       6.76262E-02       3.11380E-03       3.52765E-03       1.13291E+00       7.66142E-02       3.89800E-02
       6.91831E-02       7.24436E-02       7.08134E-02       3.26050E-03       3.70448E-03       1.13617E+00       8.04561E-02       4.26845E-02
       7.24436E-02       7.58578E-02       7.41507E-02       3.41420E-03       3.89052E-03       1.13951E+00       8.44956E-02       4.65750E-02
       7.58578E-02       7.94328E-02       7.76453E-02       3.57500E-03       4.08620E-03       1.14299E+00       8.87480E-02       5.06612E-02
       7.94328E-02       8.31764E-02       8.13046E-02       3.74360E-03       4.29208E-03       1.14651E+00       9.32166E-02       5.49533E-02
       8.31764E-02       8.70964E-02       8.51364E-02       3.92000E-03       4.50871E-03       1.15018E+00       9.79223E-02       5.94620E-02
       8.70964E-02       9.12011E-02       8.91488E-02       4.10470E-03       4.73661E-03       1.15395E+00       1.02873E-01       6.41986E-02
       9.12011E-02       9.54993E-02       9.33502E-02       4.29820E-03       4.97643E-03       1.15780E+00       1.08080E-01       6.91750E-02
       9.54993E-02       1.00000E-01       9.77497E-02       4.50070E-03       5.22877E-03       1.16177E+00       1.13562E-01       7.44038E-02
       1.00000E-01       1.04713E-01       1.02357E-01       4.71300E-03       5.49431E-03       1.16578E+00       1.19325E-01       7.98981E-02
       1.04713E-01       1.09648E-01       1.07180E-01       4.93500E-03       5.77358E-03       1.16992E+00       1.25393E-01       8.56717E-02
       1.09648E-01       1.14815E-01       1.12231E-01       5.16700E-03       6.06771E-03       1.17432E+00       1.31796E-01       9.17394E-02
       1.14815E-01       1.20226E-01       1.17520E-01       5.41100E-03       6.37684E-03       1.17850E+00       1.38497E-01       9.81163E-02
       1.20226E-01       1.25892E-01       1.23059E-01       5.66600E-03       6.70238E-03       1.18291E+00       1.45568E-01       1.04819E-01
       1.25892E-01       1.31826E-01       1.28859E-01       5.93400E-03       7.04487E-03       1.18720E+00       1.52982E-01       1.11864E-01
       1.31826E-01       1.38038E-01       1.34932E-01       6.21200E-03       7.40493E-03       1.19204E+00       1.60844E-01       1.19268E-01
       1.38038E-01       1.44544E-01       1.41291E-01       6.50600E-03       7.78393E-03       1.19642E+00       1.69044E-01       1.27052E-01
       1.44544E-01       1.51356E-01       1.47950E-01       6.81200E-03       8.18230E-03       1.20116E+00       1.77712E-01       1.35235E-01
       1.51356E-01       1.58489E-01       1.54923E-01       7.13300E-03       8.60144E-03       1.20587E+00       1.86816E-01       1.43836E-01
       1.58489E-01       1.65959E-01       1.62224E-01       7.47000E-03       9.04208E-03       1.21045E+00       1.96364E-01       1.52878E-01
       1.65959E-01       1.73780E-01       1.69869E-01       7.82100E-03       9.50525E-03       1.21535E+00       2.06451E-01       1.62383E-01
       1.73780E-01       1.81970E-01       1.77875E-01       8.19000E-03       9.99205E-03       1.22003E+00       2.17013E-01       1.72376E-01
       1.81970E-01       1.90546E-01       1.86258E-01       8.57600E-03       1.05036E-02       1.22476E+00       2.28122E-01       1.82879E-01
       1.90546E-01       1.99526E-01       1.95036E-01       8.98000E-03       1.10408E-02       1.22949E+00       2.39794E-01       1.93920E-01
       1.99526E-01       2.08930E-01       2.04228E-01       9.40400E-03       1.16052E-02       1.23407E+00       2.52031E-01       2.05525E-01
       2.08930E-01       2.18776E-01       2.13853E-01       9.84600E-03       1.21976E-02       1.23884E+00       2.64929E-01       2.17723E-01
       2.18776E-01       2.29087E-01       2.23931E-01       1.03110E-02       1.28191E-02       1.24325E+00       2.78402E-01       2.30542E-01
       2.29087E-01       2.39883E-01       2.34485E-01       1.07960E-02       1.34712E-02       1.24779E+00       2.92589E-01       2.44013E-01
       2.39883E-01       2.51189E-01       2.45536E-01       1.13060E-02       1.41549E-02       1.25198E+00       3.07406E-01       2.58168E-01
       2.51189E-01       2.63027E-01       2.57108E-01       1.18380E-02       1.48716E-02       1.25626E+00       3.22995E-01       2.73039E-01
       2.63027E-01       2.75423E-01       2.69225E-01       1.23960E-02       1.56223E-02       1.26027E+00       3.39296E-01       2.88662E-01
       2.75423E-01       2.88403E-01       2.81913E-01       1.29800E-02       1.64083E-02       1.26412E+00       3.56372E-01       3.05070E-01
       2.88403E-01       3.01995E-01       2.95199E-01       1.35920E-02       1.72307E-02       1.26771E+00       3.74227E-01       3.22301E-01
       3.01995E-01       3.16228E-01       3.09112E-01       1.42330E-02       1.80909E-02       1.27105E+00       3.92897E-01       3.40392E-01
       3.16228E-01       3.31131E-01       3.23680E-01       1.49030E-02       1.89898E-02       1.27422E+00       4.12441E-01       3.59381E-01
       3.31131E-01       3.46737E-01       3.38934E-01       1.56060E-02       1.99287E-02       1.27699E+00       4.32816E-01       3.79310E-01
       3.46737E-01       3.63078E-01       3.54908E-01       1.63410E-02       2.09083E-02       1.27950E+00       4.54104E-01       4.00218E-01
       3.63078E-01       3.80189E-01       3.71633E-01       1.71110E-02       2.19296E-02       1.28161E+00       4.76289E-01       4.22148E-01
       3.80189E-01       3.98107E-01       3.89148E-01       1.79180E-02       2.29935E-02       1.28326E+00       4.99379E-01       4.45142E-01
       3.98107E-01       4.16869E-01       4.07488E-01       1.87620E-02       2.41001E-02       1.28452E+00       5.23425E-01       4.69242E-01
       4.16869E-01       4.36516E-01       4.26692E-01       1.96470E-02       2.52498E-02       1.28517E+00       5.48373E-01       4.94491E-01
       4.36516E-01       4.57088E-01       4.46802E-01       2.05720E-02       2.64423E-02       1.28535E+00       5.74298E-01       5.20934E-01
       4.57088E-01       4.78630E-01       4.67859E-01       2.15420E-02       2.76763E-02       1.28476E+00       6.01087E-01       5.48610E-01
       4.78630E-01       5.01187E-01       4.89909E-01       2.25570E-02       2.89503E-02       1.28343E+00       6.28764E-01       5.77560E-01
       5.01187E-01       5.24808E-01       5.12998E-01       2.36210E-02       3.02614E-02       1.28112E+00       6.57213E-01       6.07822E-01
       5.24808E-01       5.49541E-01       5.37174E-01       2.47330E-02       3.16045E-02       1.27783E+00       6.86415E-01       6.39426E-01
       5.49541E-01       5.75440E-01       5.62490E-01       2.58990E-02       3.29730E-02       1.27314E+00       7.16127E-01       6.72399E-01
       5.75440E-01       6.02560E-01       5.89000E-01       2.71200E-02       3.43573E-02       1.26686E+00       7.46181E-01       7.06756E-01
       6.02560E-01       6.30957E-01       6.16758E-01       2.83970E-02       3.57431E-02       1.25869E+00       7.76309E-01       7.42499E-01
       6.30957E-01       6.60693E-01       6.45825E-01       2.97360E-02       3.71120E-02       1.24805E+00       8.06021E-01       7.79611E-01
       6.60693E-01       6.91831E-01       6.76262E-01       3.11380E-02       3.84377E-02       1.23443E+00       8.34798E-01       8.18049E-01
       6.91831E-01       7.24436E-01       7.08133E-01       3.26050E-02       3.96856E-02       1.21716E+00       8.61914E-01       8.57735E-01
       7.24436E-01       7.58578E-01       7.41507E-01       3.41420E-02       4.08099E-02       1.19530E+00       8.86322E-01       8.98545E-01
       7.58578E-01       7.94328E-01       7.76453E-01       3.57500E-02       4.17507E-02       1.16785E+00       9.06781E-01       9.40295E-01
       7.94328E-01       8.31764E-01       8.13046E-01       3.74360E-02       4.24295E-02       1.13339E+00       9.21496E-01       9.82725E-01
       8.31764E-01       8.70964E-01       8.51364E-01       3.92000E-02       1.72750E-02       4.40689E-01       3.75187E-01       1.00000E+00

 Sum =                                                                         1.00000E+00
 Renormalization bin#   921 =                                                  2.72535E-02 barn        9.00000E+06        9.20000E+06        9.10000E+06
 Avg. Energy     bin#   921 =                                                  4.41027E-01 MeV         9.00000E+06        9.20000E+06
