"        MT=649 recoil spectrum "
" Initial neutron energy corresponds to the group:"
   1.36000E+01    1.38000E+01       0.00000E+00           770           874           105



          Low               High              Mid              Energy           Number             dn/de            E*dn/de          Cumulative
         Energy            Energy            Energy             Width          Fraction                               Sum   
         [MeV]             [MeV]             [MeV]              [MeV]

       1.20226E-02       1.25892E-02       1.23059E-02       5.66601E-04       0.00000E+00       0.00000E+00       0.00000E+00       0.00000E+00
       1.25892E-02       1.31826E-02       1.28859E-02       5.93399E-04       2.19082E-10       3.69198E-07       4.75744E-09       2.19082E-10
       1.31826E-02       1.38038E-02       1.34932E-02       6.21200E-04       8.34967E-08       1.34412E-04       1.81365E-06       8.37158E-08
       1.38038E-02       1.44544E-02       1.41291E-02       6.50601E-04       2.59050E-07       3.98170E-04       5.62578E-06       3.42765E-07
       1.44544E-02       1.51356E-02       1.47950E-02       6.81199E-04       4.54625E-07       6.67389E-04       9.87402E-06       7.97390E-07
       1.51356E-02       1.58489E-02       1.54923E-02       7.13301E-04       6.72091E-07       9.42226E-04       1.45972E-05       1.46948E-06
       1.58489E-02       1.65959E-02       1.62224E-02       7.47000E-04       9.15165E-07       1.22512E-03       1.98744E-05       2.38465E-06
       1.65959E-02       1.73780E-02       1.69870E-02       7.82100E-04       1.17956E-06       1.50819E-03       2.56196E-05       3.56420E-06
       1.73780E-02       1.81970E-02       1.77875E-02       8.19000E-04       1.47694E-06       1.80335E-03       3.20770E-05       5.04114E-06
       1.81970E-02       1.90546E-02       1.86258E-02       8.57600E-04       1.81155E-06       2.11235E-03       3.93442E-05       6.85269E-06
       1.90546E-02       1.99526E-02       1.95036E-02       8.98000E-04       2.17053E-06       2.41708E-03       4.71417E-05       9.02323E-06
       1.99526E-02       2.08930E-02       2.04228E-02       9.40400E-04       2.55906E-06       2.72125E-03       5.55755E-05       1.15823E-05
       2.08930E-02       2.18776E-02       2.13853E-02       9.84600E-04       2.99814E-06       3.04504E-03       6.51190E-05       1.45804E-05
       2.18776E-02       2.29087E-02       2.23931E-02       1.03110E-03       4.83545E-06       4.68960E-03       1.05015E-04       1.94159E-05
       2.29087E-02       2.39883E-02       2.34485E-02       1.07960E-03       8.17539E-06       7.57260E-03       1.77566E-04       2.75913E-05
       2.39883E-02       2.51189E-02       2.45536E-02       1.13060E-03       1.18986E-05       1.05242E-02       2.58406E-04       3.94899E-05
       2.51189E-02       2.63027E-02       2.57108E-02       1.18380E-03       1.59823E-05       1.35008E-02       3.47117E-04       5.54722E-05
       2.63027E-02       2.75423E-02       2.69225E-02       1.23960E-03       2.05519E-05       1.65795E-02       4.46361E-04       7.60241E-05
       2.75423E-02       2.88403E-02       2.81913E-02       1.29800E-03       2.55874E-05       1.97129E-02       5.55733E-04       1.01611E-04
       2.88403E-02       3.01995E-02       2.95199E-02       1.35920E-03       3.10920E-05       2.28752E-02       6.75275E-04       1.32703E-04
       3.01995E-02       3.16228E-02       3.09112E-02       1.42330E-03       3.72548E-05       2.61749E-02       8.09097E-04       1.69958E-04
       3.16228E-02       3.31131E-02       3.23680E-02       1.49030E-03       4.41142E-05       2.96008E-02       9.58119E-04       2.14072E-04
       3.31131E-02       3.46737E-02       3.38934E-02       1.56060E-03       5.16532E-05       3.30983E-02       1.12182E-03       2.65726E-04
       3.46737E-02       3.63078E-02       3.54908E-02       1.63410E-03       5.97909E-05       3.65894E-02       1.29859E-03       3.25517E-04
       3.63078E-02       3.80189E-02       3.71633E-02       1.71110E-03       6.88315E-05       4.02265E-02       1.49495E-03       3.94348E-04
       3.80189E-02       3.98107E-02       3.89148E-02       1.79180E-03       7.88375E-05       4.39990E-02       1.71221E-03       4.73186E-04
       3.98107E-02       4.16869E-02       4.07488E-02       1.87620E-03       8.95856E-05       4.77485E-02       1.94569E-03       5.62771E-04
       4.16869E-02       4.36516E-02       4.26693E-02       1.96470E-03       1.01383E-04       5.16020E-02       2.20182E-03       6.64154E-04
       4.36516E-02       4.57088E-02       4.46802E-02       2.05720E-03       1.14392E-04       5.56058E-02       2.48448E-03       7.78546E-04
       4.57088E-02       4.78630E-02       4.67859E-02       2.15420E-03       1.30916E-04       6.07723E-02       2.84328E-03       9.09462E-04
       4.78630E-02       5.01187E-02       4.89908E-02       2.25570E-03       1.71864E-04       7.61911E-02       3.73267E-03       1.08133E-03
       5.01187E-02       5.24808E-02       5.12998E-02       2.36210E-03       2.23321E-04       9.45432E-02       4.85004E-03       1.30465E-03
       5.24808E-02       5.49541E-02       5.37174E-02       2.47330E-03       2.81199E-04       1.13694E-01       6.10734E-03       1.58585E-03
       5.49541E-02       5.75440E-02       5.62491E-02       2.58990E-03       3.44747E-04       1.33112E-01       7.48743E-03       1.93059E-03
       5.75440E-02       6.02560E-02       5.89000E-02       2.71200E-03       4.15162E-04       1.53083E-01       9.01660E-03       2.34575E-03
       6.02560E-02       6.30957E-02       6.16758E-02       2.83970E-03       5.00116E-04       1.76116E-01       1.08621E-02       2.84587E-03
       6.30957E-02       6.60693E-02       6.45825E-02       2.97360E-03       6.12544E-04       2.05994E-01       1.33036E-02       3.45841E-03
       6.60693E-02       6.91831E-02       6.76262E-02       3.11380E-03       7.39180E-04       2.37388E-01       1.60537E-02       4.19759E-03
       6.91831E-02       7.24436E-02       7.08134E-02       3.26050E-03       8.78904E-04       2.69561E-01       1.90885E-02       5.07650E-03
       7.24436E-02       7.58578E-02       7.41507E-02       3.41420E-03       1.03121E-03       3.02037E-01       2.23963E-02       6.10771E-03
       7.58578E-02       7.94328E-02       7.76453E-02       3.57500E-03       1.20021E-03       3.35723E-01       2.60673E-02       7.30792E-03
       7.94328E-02       8.31764E-02       8.13046E-02       3.74360E-03       1.38678E-03       3.70440E-01       3.01185E-02       8.69470E-03
       8.31764E-02       8.70964E-02       8.51364E-02       3.92000E-03       1.58778E-03       4.05047E-01       3.44842E-02       1.02825E-02
       8.70964E-02       9.12011E-02       8.91488E-02       4.10470E-03       1.80748E-03       4.40344E-01       3.92561E-02       1.20900E-02
       9.12011E-02       9.54993E-02       9.33502E-02       4.29820E-03       2.04836E-03       4.76562E-01       4.44872E-02       1.41383E-02
       9.54993E-02       1.00000E-01       9.77497E-02       4.50070E-03       2.31211E-03       5.13723E-01       5.02162E-02       1.64504E-02
       1.00000E-01       1.04713E-01       1.02357E-01       4.71300E-03       2.60445E-03       5.52611E-01       5.65633E-02       1.90549E-02
       1.04713E-01       1.09648E-01       1.07180E-01       4.93500E-03       2.92615E-03       5.92939E-01       6.35515E-02       2.19810E-02
       1.09648E-01       1.14815E-01       1.12231E-01       5.16700E-03       3.27557E-03       6.33941E-01       7.11481E-02       2.52566E-02
       1.14815E-01       1.20226E-01       1.17520E-01       5.41100E-03       3.65260E-03       6.75032E-01       7.93301E-02       2.89092E-02
       1.20226E-01       1.25892E-01       1.23059E-01       5.66600E-03       4.03829E-03       7.12723E-01       8.77070E-02       3.29475E-02
       1.25892E-01       1.31826E-01       1.28859E-01       5.93400E-03       4.40404E-03       7.42171E-01       9.56354E-02       3.73515E-02
       1.31826E-01       1.38038E-01       1.34932E-01       6.21200E-03       4.78621E-03       7.70477E-01       1.03962E-01       4.21378E-02
       1.38038E-01       1.44544E-01       1.41291E-01       6.50600E-03       5.17152E-03       7.94885E-01       1.12310E-01       4.73093E-02
       1.44544E-01       1.51356E-01       1.47950E-01       6.81200E-03       5.51573E-03       8.09708E-01       1.19796E-01       5.28250E-02
       1.51356E-01       1.58489E-01       1.54923E-01       7.13300E-03       5.85605E-03       8.20980E-01       1.27188E-01       5.86811E-02
       1.58489E-01       1.65959E-01       1.62224E-01       7.47000E-03       6.21502E-03       8.31997E-01       1.34970E-01       6.48961E-02
       1.65959E-01       1.73780E-01       1.69869E-01       7.82100E-03       6.59710E-03       8.43511E-01       1.43287E-01       7.14932E-02
       1.73780E-01       1.81970E-01       1.77875E-01       8.19000E-03       7.00573E-03       8.55400E-01       1.52154E-01       7.84989E-02
       1.81970E-01       1.90546E-01       1.86258E-01       8.57600E-03       7.44310E-03       8.67899E-01       1.61653E-01       8.59420E-02
       1.90546E-01       1.99526E-01       1.95036E-01       8.98000E-03       7.91127E-03       8.80988E-01       1.71824E-01       9.38533E-02
       1.99526E-01       2.08930E-01       2.04228E-01       9.40400E-03       8.40558E-03       8.93830E-01       1.82545E-01       1.02259E-01
       2.08930E-01       2.18776E-01       2.13853E-01       9.84600E-03       8.92187E-03       9.06142E-01       1.93781E-01       1.11181E-01
       2.18776E-01       2.29087E-01       2.23931E-01       1.03110E-02       9.47127E-03       9.18559E-01       2.05694E-01       1.20652E-01
       2.29087E-01       2.39883E-01       2.34485E-01       1.07960E-02       1.00590E-02       9.31733E-01       2.18477E-01       1.30711E-01
       2.39883E-01       2.51189E-01       2.45536E-01       1.13060E-02       1.06881E-02       9.45345E-01       2.32116E-01       1.41399E-01
       2.51189E-01       2.63027E-01       2.57108E-01       1.18380E-02       1.13619E-02       9.59781E-01       2.46767E-01       1.52761E-01
       2.63027E-01       2.75423E-01       2.69225E-01       1.23960E-02       1.20838E-02       9.74813E-01       2.62444E-01       1.64845E-01
       2.75423E-01       2.88403E-01       2.81913E-01       1.29800E-02       1.28576E-02       9.90572E-01       2.79255E-01       1.77702E-01
       2.88403E-01       3.01995E-01       2.95199E-01       1.35920E-02       1.36816E-02       1.00659E+00       2.97145E-01       1.91384E-01
       3.01995E-01       3.16228E-01       3.09112E-01       1.42330E-02       1.45464E-02       1.02202E+00       3.15918E-01       2.05930E-01
       3.16228E-01       3.31131E-01       3.23680E-01       1.49030E-02       1.54716E-02       1.03815E+00       3.36029E-01       2.21402E-01
       3.31131E-01       3.46737E-01       3.38934E-01       1.56060E-02       1.64638E-02       1.05496E+00       3.57563E-01       2.37866E-01
       3.46737E-01       3.63078E-01       3.54908E-01       1.63410E-02       1.75279E-02       1.07263E+00       3.80685E-01       2.55394E-01
       3.63078E-01       3.80189E-01       3.71633E-01       1.71110E-02       1.86699E-02       1.09111E+00       4.05491E-01       2.74064E-01
       3.80189E-01       3.98107E-01       3.89148E-01       1.79180E-02       1.98903E-02       1.11007E+00       4.31983E-01       2.93954E-01
       3.98107E-01       4.16869E-01       4.07488E-01       1.87620E-02       2.11585E-02       1.12773E+00       4.59537E-01       3.15112E-01
       4.16869E-01       4.36516E-01       4.26692E-01       1.96470E-02       2.25157E-02       1.14601E+00       4.88994E-01       3.37628E-01
       4.36516E-01       4.57088E-01       4.46802E-01       2.05720E-02       2.45182E-02       1.19182E+00       5.32510E-01       3.62146E-01
       4.57088E-01       4.78630E-01       4.67859E-01       2.15420E-02       2.50248E-02       1.16167E+00       5.43500E-01       3.87171E-01
       4.78630E-01       5.01187E-01       4.89909E-01       2.25570E-02       2.58174E-02       1.14454E+00       5.60721E-01       4.12988E-01
       5.01187E-01       5.24808E-01       5.12998E-01       2.36210E-02       2.65643E-02       1.12461E+00       5.76920E-01       4.39553E-01
       5.24808E-01       5.49541E-01       5.37174E-01       2.47330E-02       2.72913E-02       1.10344E+00       5.92739E-01       4.66844E-01
       5.49541E-01       5.75440E-01       5.62490E-01       2.58990E-02       2.80025E-02       1.08122E+00       6.08176E-01       4.94847E-01
       5.75440E-01       6.02560E-01       5.89000E-01       2.71200E-02       2.87349E-02       1.05955E+00       6.24073E-01       5.23582E-01
       6.02560E-01       6.30957E-01       6.16758E-01       2.83970E-02       2.94809E-02       1.03817E+00       6.40300E-01       5.53062E-01
       6.30957E-01       6.60693E-01       6.45825E-01       2.97360E-02       3.02037E-02       1.01573E+00       6.55982E-01       5.83266E-01
       6.60693E-01       6.91831E-01       6.76262E-01       3.11380E-02       3.08963E-02       9.92236E-01       6.71012E-01       6.14162E-01
       6.91831E-01       7.24436E-01       7.08133E-01       3.26050E-02       3.15507E-02       9.67666E-01       6.85237E-01       6.45713E-01
       7.24436E-01       7.58578E-01       7.41507E-01       3.41420E-02       3.21589E-02       9.41915E-01       6.98437E-01       6.77872E-01
       7.58578E-01       7.94328E-01       7.76453E-01       3.57500E-02       3.27702E-02       9.16648E-01       7.11734E-01       7.10642E-01
       7.94328E-01       8.31764E-01       8.13046E-01       3.74360E-02       3.33913E-02       8.91956E-01       7.25201E-01       7.44033E-01
       8.31764E-01       8.70964E-01       8.51364E-01       3.92000E-02       3.39526E-02       8.66139E-01       7.37399E-01       7.77986E-01
       8.70964E-01       9.12011E-01       8.91487E-01       4.10470E-02       3.44429E-02       8.39109E-01       7.48055E-01       8.12429E-01
       9.12011E-01       9.54993E-01       9.33502E-01       4.29820E-02       3.48493E-02       8.10789E-01       7.56873E-01       8.47278E-01
       9.54993E-01       1.00000E+00       9.77497E-01       4.50070E-02       3.50108E-02       7.77898E-01       7.60392E-01       8.82289E-01
       1.00000E+00       1.04713E+00       1.02357E+00       4.71300E-02       3.23357E-02       6.86096E-01       7.02264E-01       9.14625E-01
       1.04713E+00       1.09648E+00       1.07181E+00       4.93500E-02       2.77330E-02       5.61965E-01       6.02317E-01       9.42358E-01
       1.09648E+00       1.14815E+00       1.12231E+00       5.16700E-02       2.23524E-02       4.32599E-01       4.85513E-01       9.64710E-01
       1.14815E+00       1.20226E+00       1.17520E+00       5.41100E-02       1.63546E-02       3.02248E-01       3.55203E-01       9.81065E-01
       1.20226E+00       1.25892E+00       1.23059E+00       5.66600E-02       9.55705E-03       1.68674E-01       2.07568E-01       9.90622E-01
       1.25892E+00       1.31826E+00       1.28859E+00       5.93400E-02       4.52872E-03       7.63181E-02       9.83427E-02       9.95151E-01
       1.31826E+00       1.38038E+00       1.34932E+00       6.21200E-02       3.30786E-03       5.32495E-02       7.18507E-02       9.98459E-01
       1.38038E+00       1.44544E+00       1.41291E+00       6.50600E-02       1.52935E-03       2.35068E-02       3.32129E-02       9.99988E-01
       1.44544E+00       1.51356E+00       1.47950E+00       6.81200E-02       1.23157E-05       1.80794E-04       2.67485E-04       1.00000E+00

 Sum =                                                                         1.00000E+00
 Renormalization bin#   944 =                                                  1.95142E-01 barn        1.36000E+07        1.38000E+07        1.37000E+07
 Avg. Energy     bin#   944 =                                                  6.03290E-01 MeV         1.36000E+07        1.38000E+07
