"        MT=609 recoil spectrum "
" Initial neutron energy corresponds to the group:"
   1.44000E+01    1.46000E+01       0.00000E+00           789           874            86



          Low               High              Mid              Energy           Number             dn/de            E*dn/de          Cumulative
         Energy            Energy            Energy             Width          Fraction                               Sum   
         [MeV]             [MeV]             [MeV]              [MeV]

       2.88403E-02       3.01995E-02       2.95199E-02       1.35920E-03       0.00000E+00       0.00000E+00       0.00000E+00       0.00000E+00
       3.01995E-02       3.16228E-02       3.09112E-02       1.42330E-03       3.45582E-04       2.42803E-01       7.50533E-03       3.45582E-04
       3.16228E-02       3.31131E-02       3.23680E-02       1.49030E-03       8.69583E-04       5.83495E-01       1.88865E-02       1.21517E-03
       3.31131E-02       3.46737E-02       3.38934E-02       1.56060E-03       9.11402E-04       5.84008E-01       1.97940E-02       2.12657E-03
       3.46737E-02       3.63078E-02       3.54908E-02       1.63410E-03       9.55306E-04       5.84606E-01       2.07481E-02       3.08187E-03
       3.63078E-02       3.80189E-02       3.71633E-02       1.71110E-03       1.00137E-03       5.85219E-01       2.17487E-02       4.08324E-03
       3.80189E-02       3.98107E-02       3.89148E-02       1.79180E-03       1.04970E-03       5.85835E-01       2.27977E-02       5.13294E-03
       3.98107E-02       4.16869E-02       4.07488E-02       1.87620E-03       1.10043E-03       5.86519E-01       2.39000E-02       6.23337E-03
       4.16869E-02       4.36516E-02       4.26693E-02       1.96470E-03       1.15364E-03       5.87184E-01       2.50547E-02       7.38701E-03
       4.36516E-02       4.57088E-02       4.46802E-02       2.05720E-03       1.20953E-03       5.87951E-01       2.62698E-02       8.59654E-03
       4.57088E-02       4.78630E-02       4.67859E-02       2.15420E-03       1.26820E-03       5.88708E-01       2.75433E-02       9.86474E-03
       4.78630E-02       5.01187E-02       4.89908E-02       2.25570E-03       1.32980E-03       5.89529E-01       2.88815E-02       1.11945E-02
       5.01187E-02       5.24808E-02       5.12998E-02       2.36210E-03       1.39448E-03       5.90356E-01       3.02851E-02       1.25890E-02
       5.24808E-02       5.49541E-02       5.37174E-02       2.47330E-03       1.46237E-03       5.91264E-01       3.17612E-02       1.40514E-02
       5.49541E-02       5.75440E-02       5.62491E-02       2.58990E-03       1.53371E-03       5.92191E-01       3.33102E-02       1.55851E-02
       5.75440E-02       6.02560E-02       5.89000E-02       2.71200E-03       1.60864E-03       5.93157E-01       3.49369E-02       1.71937E-02
       6.02560E-02       6.30957E-02       6.16758E-02       2.83970E-03       1.68735E-03       5.94199E-01       3.66478E-02       1.88811E-02
       6.30957E-02       6.60693E-02       6.45825E-02       2.97360E-03       1.77008E-03       5.95264E-01       3.84436E-02       2.06512E-02
       6.60693E-02       6.91831E-02       6.76262E-02       3.11380E-03       1.85697E-03       5.96367E-01       4.03301E-02       2.25081E-02
       6.91831E-02       7.24436E-02       7.08134E-02       3.26050E-03       1.94832E-03       5.97553E-01       4.23148E-02       2.44565E-02
       7.24436E-02       7.58578E-02       7.41507E-02       3.41420E-03       2.04435E-03       5.98780E-01       4.44000E-02       2.65008E-02
       7.58578E-02       7.94328E-02       7.76453E-02       3.57500E-03       2.14531E-03       6.00087E-01       4.65940E-02       2.86461E-02
       7.94328E-02       8.31764E-02       8.13046E-02       3.74360E-03       2.25145E-03       6.01414E-01       4.88977E-02       3.08976E-02
       8.31764E-02       8.70964E-02       8.51364E-02       3.92000E-03       2.36314E-03       6.02841E-01       5.13237E-02       3.32607E-02
       8.70964E-02       9.12011E-02       8.91488E-02       4.10470E-03       2.48058E-03       6.04327E-01       5.38750E-02       3.57413E-02
       9.12011E-02       9.54993E-02       9.33502E-02       4.29820E-03       2.60419E-03       6.05880E-01       5.65590E-02       3.83455E-02
       9.54993E-02       1.00000E-01       9.77497E-02       4.50070E-03       2.73420E-03       6.07505E-01       5.93834E-02       4.10797E-02
       1.00000E-01       1.04713E-01       1.02357E-01       4.71300E-03       2.87109E-03       6.09185E-01       6.23541E-02       4.39508E-02
       1.04713E-01       1.09648E-01       1.07180E-01       4.93500E-03       3.01508E-03       6.10959E-01       6.54829E-02       4.69659E-02
       1.09648E-01       1.14815E-01       1.12231E-01       5.16700E-03       3.16688E-03       6.12906E-01       6.87873E-02       5.01328E-02
       1.14815E-01       1.20226E-01       1.17520E-01       5.41100E-03       3.32653E-03       6.14772E-01       7.22483E-02       5.34593E-02
       1.20226E-01       1.25892E-01       1.23059E-01       5.66600E-03       3.49487E-03       6.16814E-01       7.59045E-02       5.69541E-02
       1.25892E-01       1.31826E-01       1.28859E-01       5.93400E-03       3.67220E-03       6.18841E-01       7.97432E-02       6.06264E-02
       1.31826E-01       1.38038E-01       1.34932E-01       6.21200E-03       3.85891E-03       6.21202E-01       8.38201E-02       6.44853E-02
       1.38038E-01       1.44544E-01       1.41291E-01       6.50600E-03       4.05585E-03       6.23401E-01       8.80810E-02       6.85411E-02
       1.44544E-01       1.51356E-01       1.47950E-01       6.81200E-03       4.26329E-03       6.25851E-01       9.25946E-02       7.28044E-02
       1.51356E-01       1.58489E-01       1.54923E-01       7.13300E-03       4.48213E-03       6.28365E-01       9.73479E-02       7.72865E-02
       1.58489E-01       1.65959E-01       1.62224E-01       7.47000E-03       4.71280E-03       6.30897E-01       1.02347E-01       8.19993E-02
       1.65959E-01       1.73780E-01       1.69869E-01       7.82100E-03       4.95608E-03       6.33689E-01       1.07644E-01       8.69554E-02
       1.73780E-01       1.81970E-01       1.77875E-01       8.19000E-03       5.21275E-03       6.36477E-01       1.13213E-01       9.21682E-02
       1.81970E-01       1.90546E-01       1.86258E-01       8.57600E-03       5.48346E-03       6.39396E-01       1.19093E-01       9.76516E-02
       1.90546E-01       1.99526E-01       1.95036E-01       8.98000E-03       5.76901E-03       6.42429E-01       1.25297E-01       1.03421E-01
       1.99526E-01       2.08930E-01       2.04228E-01       9.40400E-03       6.07043E-03       6.45516E-01       1.31832E-01       1.09491E-01
       2.08930E-01       2.18776E-01       2.13853E-01       9.84600E-03       6.38845E-03       6.48837E-01       1.38756E-01       1.15880E-01
       2.18776E-01       2.29087E-01       2.23931E-01       1.03110E-02       6.72401E-03       6.52120E-01       1.46030E-01       1.22604E-01
       2.29087E-01       2.39883E-01       2.34485E-01       1.07960E-02       7.07814E-03       6.55626E-01       1.53735E-01       1.29682E-01
       2.39883E-01       2.51189E-01       2.45536E-01       1.13060E-02       7.45188E-03       6.59109E-01       1.61835E-01       1.37134E-01
       2.51189E-01       2.63027E-01       2.57108E-01       1.18380E-02       7.84637E-03       6.62812E-01       1.70414E-01       1.44980E-01
       2.63027E-01       2.75423E-01       2.69225E-01       1.23960E-02       8.26253E-03       6.66548E-01       1.79451E-01       1.53242E-01
       2.75423E-01       2.88403E-01       2.81913E-01       1.29800E-02       8.70164E-03       6.70388E-01       1.88991E-01       1.61944E-01
       2.88403E-01       3.01995E-01       2.95199E-01       1.35920E-02       9.16486E-03       6.74284E-01       1.99048E-01       1.71109E-01
       3.01995E-01       3.16228E-01       3.09112E-01       1.42330E-02       9.65338E-03       6.78239E-01       2.09652E-01       1.80762E-01
       3.16228E-01       3.31131E-01       3.23680E-01       1.49030E-02       1.01685E-02       6.82309E-01       2.20850E-01       1.90931E-01
       3.31131E-01       3.46737E-01       3.38934E-01       1.56060E-02       1.07115E-02       6.86374E-01       2.32635E-01       2.01642E-01
       3.46737E-01       3.63078E-01       3.54908E-01       1.63410E-02       1.12836E-02       6.90507E-01       2.45066E-01       2.12926E-01
       3.63078E-01       3.80189E-01       3.71633E-01       1.71110E-02       1.18861E-02       6.94645E-01       2.58153E-01       2.24812E-01
       3.80189E-01       3.98107E-01       3.89148E-01       1.79180E-02       1.25203E-02       6.98756E-01       2.71919E-01       2.37332E-01
       3.98107E-01       4.16869E-01       4.07488E-01       1.87620E-02       1.31875E-02       7.02885E-01       2.86417E-01       2.50520E-01
       4.16869E-01       4.36516E-01       4.26692E-01       1.96470E-02       1.38889E-02       7.06924E-01       3.01639E-01       2.64409E-01
       4.36516E-01       4.57088E-01       4.46802E-01       2.05720E-02       1.46258E-02       7.10956E-01       3.17657E-01       2.79035E-01
       4.57088E-01       4.78630E-01       4.67859E-01       2.15420E-02       1.53991E-02       7.14840E-01       3.34444E-01       2.94434E-01
       4.78630E-01       5.01187E-01       4.89909E-01       2.25570E-02       1.62100E-02       7.18622E-01       3.52059E-01       3.10644E-01
       5.01187E-01       5.24808E-01       5.12998E-01       2.36210E-02       1.70593E-02       7.22211E-01       3.70492E-01       3.27703E-01
       5.24808E-01       5.49541E-01       5.37174E-01       2.47330E-02       1.79478E-02       7.25661E-01       3.89806E-01       3.45651E-01
       5.49541E-01       5.75440E-01       5.62490E-01       2.58990E-02       1.88760E-02       7.28830E-01       4.09960E-01       3.64527E-01
       5.75440E-01       6.02560E-01       5.89000E-01       2.71200E-02       1.98443E-02       7.31721E-01       4.30984E-01       3.84371E-01
       6.02560E-01       6.30957E-01       6.16758E-01       2.83970E-02       2.08524E-02       7.34316E-01       4.52896E-01       4.05223E-01
       6.30957E-01       6.60693E-01       6.45825E-01       2.97360E-02       2.19004E-02       7.36495E-01       4.75647E-01       4.27124E-01
       6.60693E-01       6.91831E-01       6.76262E-01       3.11380E-02       2.29872E-02       7.38235E-01       4.99241E-01       4.50111E-01
       6.91831E-01       7.24436E-01       7.08133E-01       3.26050E-02       2.41110E-02       7.39488E-01       5.23656E-01       4.74222E-01
       7.24436E-01       7.58578E-01       7.41507E-01       3.41420E-02       2.52700E-02       7.40145E-01       5.48823E-01       4.99492E-01
       7.58578E-01       7.94328E-01       7.76453E-01       3.57500E-02       2.64610E-02       7.40168E-01       5.74705E-01       5.25953E-01
       7.94328E-01       8.31764E-01       8.13046E-01       3.74360E-02       2.76795E-02       7.39383E-01       6.01152E-01       5.53632E-01
       8.31764E-01       8.70964E-01       8.51364E-01       3.92000E-02       2.89195E-02       7.37743E-01       6.28088E-01       5.82552E-01
       8.70964E-01       9.12011E-01       8.91487E-01       4.10470E-02       3.01735E-02       7.35096E-01       6.55329E-01       6.12725E-01
       9.12011E-01       9.54993E-01       9.33502E-01       4.29820E-02       3.14312E-02       7.31264E-01       6.82636E-01       6.44157E-01
       9.54993E-01       1.00000E+00       9.77497E-01       4.50070E-02       3.26796E-02       7.26100E-01       7.09761E-01       6.76836E-01
       1.00000E+00       1.04713E+00       1.02357E+00       4.71300E-02       3.39027E-02       7.19344E-01       7.36295E-01       7.10739E-01
       1.04713E+00       1.09648E+00       1.07181E+00       4.93500E-02       3.50792E-02       7.10825E-01       7.61866E-01       7.45818E-01
       1.09648E+00       1.14815E+00       1.12231E+00       5.16700E-02       3.61876E-02       7.00360E-01       7.86025E-01       7.82006E-01
       1.14815E+00       1.20226E+00       1.17520E+00       5.41100E-02       3.71965E-02       6.87424E-01       8.07864E-01       8.19202E-01
       1.20226E+00       1.25892E+00       1.23059E+00       5.66600E-02       3.80794E-02       6.72068E-01       8.27040E-01       8.57282E-01
       1.25892E+00       1.31826E+00       1.28859E+00       5.93400E-02       3.88047E-02       6.53938E-01       8.42658E-01       8.96086E-01
       1.31826E+00       1.38038E+00       1.34932E+00       6.21200E-02       3.93482E-02       6.33422E-01       8.54689E-01       9.35435E-01
       1.38038E+00       1.44544E+00       1.41291E+00       6.50600E-02       3.97078E-02       6.10325E-01       8.62335E-01       9.75142E-01
       1.44544E+00       1.51356E+00       1.47950E+00       6.81200E-02       2.48575E-02       3.64908E-01       5.39881E-01       1.00000E+00

 Sum =                                                                         1.00000E+00
 Renormalization bin#   948 =                                                  4.85575E-03 barn        1.44000E+07        1.46000E+07        1.45000E+07
 Avg. Energy     bin#   948 =                                                  7.59629E-01 MeV         1.44000E+07        1.46000E+07
