"        MT=609 recoil spectrum "
" Initial neutron energy corresponds to the group:"
   7.00000E+00    7.20000E+00       0.00000E+00           815           847            33



          Low               High              Mid              Energy           Number             dn/de            E*dn/de          Cumulative
         Energy            Energy            Energy             Width          Fraction                               Sum   
         [MeV]             [MeV]             [MeV]              [MeV]

       9.54993E-02       1.00000E-01       9.77497E-02       4.50070E-03       0.00000E+00       0.00000E+00       0.00000E+00       0.00000E+00
       1.00000E-01       1.04713E-01       1.02357E-01       4.71300E-03       1.22728E-06       2.60404E-04       2.66541E-05       1.22728E-06
       1.04713E-01       1.09648E-01       1.07180E-01       4.93500E-03       6.65218E-03       1.34796E+00       1.44475E-01       6.65341E-03
       1.09648E-01       1.14815E-01       1.12231E-01       5.16700E-03       1.44900E-02       2.80433E+00       3.14734E-01       2.11434E-02
       1.14815E-01       1.20226E-01       1.17520E-01       5.41100E-03       1.64596E-02       3.04188E+00       3.57483E-01       3.76030E-02
       1.20226E-01       1.25892E-01       1.23059E-01       5.66600E-03       1.73219E-02       3.05717E+00       3.76213E-01       5.49249E-02
       1.25892E-01       1.31826E-01       1.28859E-01       5.93400E-03       1.82294E-02       3.07203E+00       3.95859E-01       7.31544E-02
       1.31826E-01       1.38038E-01       1.34932E-01       6.21200E-03       1.91836E-02       3.08815E+00       4.16690E-01       9.23380E-02
       1.38038E-01       1.44544E-01       1.41291E-01       6.50600E-03       2.01878E-02       3.10295E+00       4.38420E-01       1.12526E-01
       1.44544E-01       1.51356E-01       1.47950E-01       6.81200E-03       2.12427E-02       3.11842E+00       4.61371E-01       1.33768E-01
       1.51356E-01       1.58489E-01       1.54923E-01       7.13300E-03       2.23515E-02       3.13353E+00       4.85454E-01       1.56120E-01
       1.58489E-01       1.65959E-01       1.62224E-01       7.47000E-03       2.35154E-02       3.14798E+00       5.10678E-01       1.79635E-01
       1.65959E-01       1.73780E-01       1.69869E-01       7.82100E-03       2.47361E-02       3.16278E+00       5.37260E-01       2.04371E-01
       1.73780E-01       1.81970E-01       1.77875E-01       8.19000E-03       2.60156E-02       3.17651E+00       5.65021E-01       2.30387E-01
       1.81970E-01       1.90546E-01       1.86258E-01       8.57600E-03       2.73553E-02       3.18975E+00       5.94116E-01       2.57742E-01
       1.90546E-01       1.99526E-01       1.95036E-01       8.98000E-03       2.87560E-02       3.20223E+00       6.24550E-01       2.86498E-01
       1.99526E-01       2.08930E-01       2.04228E-01       9.40400E-03       3.02191E-02       3.21343E+00       6.56273E-01       3.16717E-01
       2.08930E-01       2.18776E-01       2.13853E-01       9.84600E-03       3.17448E-02       3.22413E+00       6.89490E-01       3.48462E-01
       2.18776E-01       2.29087E-01       2.23931E-01       1.03110E-02       3.33323E-02       3.23269E+00       7.23901E-01       3.81795E-01
       2.29087E-01       2.39883E-01       2.34485E-01       1.07960E-02       3.49813E-02       3.24021E+00       7.59780E-01       4.16776E-01
       2.39883E-01       2.51189E-01       2.45536E-01       1.13060E-02       3.66900E-02       3.24518E+00       7.96808E-01       4.53466E-01
       2.51189E-01       2.63027E-01       2.57108E-01       1.18380E-02       3.84561E-02       3.24853E+00       8.35224E-01       4.91922E-01
       2.63027E-01       2.75423E-01       2.69225E-01       1.23960E-02       4.02749E-02       3.24903E+00       8.74719E-01       5.32197E-01
       2.75423E-01       2.88403E-01       2.81913E-01       1.29800E-02       4.21413E-02       3.24663E+00       9.15268E-01       5.74338E-01
       2.88403E-01       3.01995E-01       2.95199E-01       1.35920E-02       4.40481E-02       3.24074E+00       9.56663E-01       6.18386E-01
       3.01995E-01       3.16228E-01       3.09112E-01       1.42330E-02       4.59864E-02       3.23097E+00       9.98730E-01       6.64373E-01
       3.16228E-01       3.31131E-01       3.23680E-01       1.49030E-02       4.79439E-02       3.21707E+00       1.04130E+00       7.12317E-01
       3.31131E-01       3.46737E-01       3.38934E-01       1.56060E-02       4.99068E-02       3.19792E+00       1.08388E+00       7.62223E-01
       3.46737E-01       3.63078E-01       3.54908E-01       1.63410E-02       5.18556E-02       3.17334E+00       1.12624E+00       8.14079E-01
       3.63078E-01       3.80189E-01       3.71633E-01       1.71110E-02       5.37688E-02       3.14236E+00       1.16780E+00       8.67848E-01
       3.80189E-01       3.98107E-01       3.89148E-01       1.79180E-02       5.56196E-02       3.10412E+00       1.20796E+00       9.23468E-01
       3.98107E-01       4.16869E-01       4.07488E-01       1.87620E-02       5.23717E-02       2.79137E+00       1.13745E+00       9.75839E-01
       4.16869E-01       4.36516E-01       4.26692E-01       1.96470E-02       2.41607E-02       1.22974E+00       5.24721E-01       1.00000E+00

 Sum =                                                                         1.00000E+00
 Renormalization bin#   911 =                                                  1.07823E-04 barn        7.00000E+06        7.20000E+06        7.10000E+06
 Avg. Energy     bin#   911 =                                                  2.65727E-01 MeV         7.00000E+06        7.20000E+06
