"        MT=649 recoil spectrum "
" Initial neutron energy corresponds to the group:"
   1.10000E+01    1.12000E+01       0.00000E+00           785           867            83



          Low               High              Mid              Energy           Number             dn/de            E*dn/de          Cumulative
         Energy            Energy            Energy             Width          Fraction                               Sum   
         [MeV]             [MeV]             [MeV]              [MeV]

       2.39883E-02       2.51189E-02       2.45536E-02       1.13060E-03       0.00000E+00       0.00000E+00       0.00000E+00       0.00000E+00
       2.51189E-02       2.63027E-02       2.57108E-02       1.18380E-03       7.69919E-07       6.50380E-04       1.67218E-05       7.69919E-07
       2.63027E-02       2.75423E-02       2.69225E-02       1.23960E-03       1.41372E-05       1.14047E-02       3.07042E-04       1.49072E-05
       2.75423E-02       2.88403E-02       2.81913E-02       1.29800E-03       3.40064E-05       2.61991E-02       7.38586E-04       4.89135E-05
       2.88403E-02       3.01995E-02       2.95199E-02       1.35920E-03       5.60857E-05       4.12638E-02       1.21810E-03       1.04999E-04
       3.01995E-02       3.16228E-02       3.09112E-02       1.42330E-03       8.05570E-05       5.65987E-02       1.74953E-03       1.85556E-04
       3.16228E-02       3.31131E-02       3.23680E-02       1.49030E-03       1.07679E-04       7.22535E-02       2.33870E-03       2.93236E-04
       3.31131E-02       3.46737E-02       3.38934E-02       1.56060E-03       1.39082E-04       8.91212E-02       3.02062E-03       4.32318E-04
       3.46737E-02       3.63078E-02       3.54908E-02       1.63410E-03       1.76158E-04       1.07801E-01       3.82595E-03       6.08476E-04
       3.63078E-02       3.80189E-02       3.71633E-02       1.71110E-03       2.17187E-04       1.26928E-01       4.71708E-03       8.25663E-04
       3.80189E-02       3.98107E-02       3.89148E-02       1.79180E-03       2.63165E-04       1.46872E-01       5.71549E-03       1.08883E-03
       3.98107E-02       4.16869E-02       4.07488E-02       1.87620E-03       3.14664E-04       1.67713E-01       6.83412E-03       1.40349E-03
       4.16869E-02       4.36516E-02       4.26693E-02       1.96470E-03       3.72048E-04       1.89366E-01       8.08011E-03       1.77554E-03
       4.36516E-02       4.57088E-02       4.46802E-02       2.05720E-03       4.32995E-04       2.10478E-01       9.40420E-03       2.20854E-03
       4.57088E-02       4.78630E-02       4.67859E-02       2.15420E-03       4.99937E-04       2.32076E-01       1.08579E-02       2.70847E-03
       4.78630E-02       5.01187E-02       4.89908E-02       2.25570E-03       5.74523E-04       2.54698E-01       1.24779E-02       3.28299E-03
       5.01187E-02       5.24808E-02       5.12998E-02       2.36210E-03       6.57012E-04       2.78147E-01       1.42689E-02       3.94001E-03
       5.24808E-02       5.49541E-02       5.37174E-02       2.47330E-03       7.45286E-04       3.01332E-01       1.61868E-02       4.68529E-03
       5.49541E-02       5.75440E-02       5.62491E-02       2.58990E-03       8.42439E-04       3.25279E-01       1.82966E-02       5.52773E-03
       5.75440E-02       6.02560E-02       5.89000E-02       2.71200E-03       9.50137E-04       3.50345E-01       2.06353E-02       6.47787E-03
       6.02560E-02       6.30957E-02       6.16758E-02       2.83970E-03       1.06568E-03       3.75278E-01       2.31456E-02       7.54354E-03
       6.30957E-02       6.60693E-02       6.45825E-02       2.97360E-03       1.19023E-03       4.00268E-01       2.58503E-02       8.73378E-03
       6.60693E-02       6.91831E-02       6.76262E-02       3.11380E-03       1.32764E-03       4.26372E-01       2.88339E-02       1.00614E-02
       6.91831E-02       7.24436E-02       7.08134E-02       3.26050E-03       1.47818E-03       4.53361E-01       3.21040E-02       1.15396E-02
       7.24436E-02       7.58578E-02       7.41507E-02       3.41420E-03       1.64410E-03       4.81548E-01       3.57071E-02       1.31837E-02
       7.58578E-02       7.94328E-02       7.76453E-02       3.57500E-03       1.82439E-03       5.10318E-01       3.96238E-02       1.50081E-02
       7.94328E-02       8.31764E-02       8.13046E-02       3.74360E-03       2.01246E-03       5.37573E-01       4.37071E-02       1.70205E-02
       8.31764E-02       8.70964E-02       8.51364E-02       3.92000E-03       2.21787E-03       5.65783E-01       4.81687E-02       1.92384E-02
       8.70964E-02       9.12011E-02       8.91488E-02       4.10470E-03       2.44273E-03       5.95105E-01       5.30528E-02       2.16811E-02
       9.12011E-02       9.54993E-02       9.33502E-02       4.29820E-03       2.68869E-03       6.25538E-01       5.83941E-02       2.43698E-02
       9.54993E-02       1.00000E-01       9.77497E-02       4.50070E-03       2.94134E-03       6.53529E-01       6.38823E-02       2.73112E-02
       1.00000E-01       1.04713E-01       1.02357E-01       4.71300E-03       3.20343E-03       6.79701E-01       6.95718E-02       3.05146E-02
       1.04713E-01       1.09648E-01       1.07180E-01       4.93500E-03       3.48766E-03       7.06720E-01       7.57466E-02       3.40023E-02
       1.09648E-01       1.14815E-01       1.12231E-01       5.16700E-03       3.79825E-03       7.35097E-01       8.25011E-02       3.78005E-02
       1.14815E-01       1.20226E-01       1.17520E-01       5.41100E-03       4.13736E-03       7.64620E-01       8.98585E-02       4.19379E-02
       1.20226E-01       1.25892E-01       1.23059E-01       5.66600E-03       4.50808E-03       7.95638E-01       9.79104E-02       4.64460E-02
       1.25892E-01       1.31826E-01       1.28859E-01       5.93400E-03       4.90935E-03       8.27325E-01       1.06608E-01       5.13553E-02
       1.31826E-01       1.38038E-01       1.34932E-01       6.21200E-03       5.32918E-03       8.57885E-01       1.15756E-01       5.66845E-02
       1.38038E-01       1.44544E-01       1.41291E-01       6.50600E-03       5.78469E-03       8.89131E-01       1.25626E-01       6.24692E-02
       1.44544E-01       1.51356E-01       1.47950E-01       6.81200E-03       6.28117E-03       9.22075E-01       1.36421E-01       6.87503E-02
       1.51356E-01       1.58489E-01       1.54923E-01       7.13300E-03       6.82282E-03       9.56515E-01       1.48186E-01       7.55732E-02
       1.58489E-01       1.65959E-01       1.62224E-01       7.47000E-03       7.40992E-03       9.91957E-01       1.60919E-01       8.29831E-02
       1.65959E-01       1.73780E-01       1.69869E-01       7.82100E-03       8.02123E-03       1.02560E+00       1.74218E-01       9.10043E-02
       1.73780E-01       1.81970E-01       1.77875E-01       8.19000E-03       8.67711E-03       1.05948E+00       1.88454E-01       9.96814E-02
       1.81970E-01       1.90546E-01       1.86258E-01       8.57600E-03       9.39025E-03       1.09495E+00       2.03942E-01       1.09072E-01
       1.90546E-01       1.99526E-01       1.95036E-01       8.98000E-03       1.01663E-02       1.13210E+00       2.20800E-01       1.19238E-01
       1.99526E-01       2.08930E-01       2.04228E-01       9.40400E-03       1.10112E-02       1.17090E+00       2.39131E-01       1.30249E-01
       2.08930E-01       2.18776E-01       2.13853E-01       9.84600E-03       1.19312E-02       1.21178E+00       2.59143E-01       1.42180E-01
       2.18776E-01       2.29087E-01       2.23931E-01       1.03110E-02       1.29330E-02       1.25429E+00       2.80876E-01       1.55113E-01
       2.29087E-01       2.39883E-01       2.34485E-01       1.07960E-02       1.40023E-02       1.29699E+00       3.04124E-01       1.69116E-01
       2.39883E-01       2.51189E-01       2.45536E-01       1.13060E-02       1.51199E-02       1.33734E+00       3.28364E-01       1.84236E-01
       2.51189E-01       2.63027E-01       2.57108E-01       1.18380E-02       1.63318E-02       1.37961E+00       3.54709E-01       2.00567E-01
       2.63027E-01       2.75423E-01       2.69225E-01       1.23960E-02       1.76488E-02       1.42375E+00       3.83309E-01       2.18216E-01
       2.75423E-01       2.88403E-01       2.81913E-01       1.29800E-02       1.90806E-02       1.47000E+00       4.14413E-01       2.37297E-01
       2.88403E-01       3.01995E-01       2.95199E-01       1.35920E-02       2.06366E-02       1.51829E+00       4.48198E-01       2.57933E-01
       3.01995E-01       3.16228E-01       3.09112E-01       1.42330E-02       2.22905E-02       1.56612E+00       4.84104E-01       2.80224E-01
       3.16228E-01       3.31131E-01       3.23680E-01       1.49030E-02       2.40659E-02       1.61484E+00       5.22690E-01       3.04290E-01
       3.31131E-01       3.46737E-01       3.38934E-01       1.56060E-02       2.59907E-02       1.66543E+00       5.64472E-01       3.30281E-01
       3.46737E-01       3.63078E-01       3.54908E-01       1.63410E-02       2.81339E-02       1.72168E+00       6.11036E-01       3.58414E-01
       3.63078E-01       3.80189E-01       3.71633E-01       1.71110E-02       3.07068E-02       1.79456E+00       6.66920E-01       3.89121E-01
       3.80189E-01       3.98107E-01       3.89148E-01       1.79180E-02       3.12576E-02       1.74448E+00       6.78860E-01       4.20379E-01
       3.98107E-01       4.16869E-01       4.07488E-01       1.87620E-02       3.12721E-02       1.66678E+00       6.79192E-01       4.51651E-01
       4.16869E-01       4.36516E-01       4.26692E-01       1.96470E-02       3.16289E-02       1.60986E+00       6.86915E-01       4.83280E-01
       4.36516E-01       4.57088E-01       4.46802E-01       2.05720E-02       3.19740E-02       1.55425E+00       6.94441E-01       5.15254E-01
       4.57088E-01       4.78630E-01       4.67859E-01       2.15420E-02       3.22818E-02       1.49855E+00       7.01112E-01       5.47536E-01
       4.78630E-01       5.01187E-01       4.89909E-01       2.25570E-02       3.24889E-02       1.44030E+00       7.05617E-01       5.80025E-01
       5.01187E-01       5.24808E-01       5.12998E-01       2.36210E-02       3.25791E-02       1.37924E+00       7.07548E-01       6.12604E-01
       5.24808E-01       5.49541E-01       5.37174E-01       2.47330E-02       3.25342E-02       1.31542E+00       7.06609E-01       6.45138E-01
       5.49541E-01       5.75440E-01       5.62490E-01       2.58990E-02       3.23366E-02       1.24857E+00       7.02306E-01       6.77474E-01
       5.75440E-01       6.02560E-01       5.89000E-01       2.71200E-02       3.20923E-02       1.18335E+00       6.96990E-01       7.09567E-01
       6.02560E-01       6.30957E-01       6.16758E-01       2.83970E-02       3.17604E-02       1.11844E+00       6.89810E-01       7.41327E-01
       6.30957E-01       6.60693E-01       6.45825E-01       2.97360E-02       3.12351E-02       1.05042E+00       6.78384E-01       7.72562E-01
       6.60693E-01       6.91831E-01       6.76262E-01       3.11380E-02       3.04900E-02       9.79190E-01       6.62189E-01       8.03052E-01
       6.91831E-01       7.24436E-01       7.08133E-01       3.26050E-02       2.95049E-02       9.04920E-01       6.40804E-01       8.32557E-01
       7.24436E-01       7.58578E-01       7.41507E-01       3.41420E-02       2.84188E-02       8.32372E-01       6.17210E-01       8.60976E-01
       7.58578E-01       7.94328E-01       7.76453E-01       3.57500E-02       2.71188E-02       7.58568E-01       5.88993E-01       8.88095E-01
       7.94328E-01       8.31764E-01       8.13046E-01       3.74360E-02       2.55030E-02       6.81243E-01       5.53882E-01       9.13598E-01
       8.31764E-01       8.70964E-01       8.51364E-01       3.92000E-02       2.35250E-02       6.00129E-01       5.10928E-01       9.37123E-01
       8.70964E-01       9.12011E-01       8.91487E-01       4.10470E-02       2.09208E-02       5.09679E-01       4.54372E-01       9.58044E-01
       9.12011E-01       9.54993E-01       9.33502E-01       4.29820E-02       1.77089E-02       4.12008E-01       3.84610E-01       9.75753E-01
       9.54993E-01       1.00000E+00       9.77497E-01       4.50070E-02       1.39479E-02       3.09906E-01       3.02932E-01       9.89701E-01
       1.00000E+00       1.04713E+00       1.02357E+00       4.71300E-02       9.73929E-03       2.06647E-01       2.11517E-01       9.99440E-01
       1.04713E+00       1.09648E+00       1.07181E+00       4.93500E-02       5.59942E-04       1.13463E-02       1.21611E-02       1.00000E+00

 Sum =                                                                         1.00000E+00
 Renormalization bin#   931 =                                                  9.49754E-02 barn        1.10000E+07        1.12000E+07        1.11000E+07
 Avg. Energy     bin#   931 =                                                  4.74729E-01 MeV         1.10000E+07        1.12000E+07
