"        MT=649 recoil spectrum "
" Initial neutron energy corresponds to the group:"
   1.22000E+01    1.24000E+01       0.00000E+00           766           870           105



          Low               High              Mid              Energy           Number             dn/de            E*dn/de          Cumulative
         Energy            Energy            Energy             Width          Fraction                               Sum   
         [MeV]             [MeV]             [MeV]              [MeV]

       1.00000E-02       1.04713E-02       1.02357E-02       4.71300E-04       0.00000E+00       0.00000E+00       0.00000E+00       0.00000E+00
       1.04713E-02       1.09648E-02       1.07180E-02       4.93500E-04       3.71473E-09       7.52731E-06       8.06781E-08       3.71473E-09
       1.09648E-02       1.14815E-02       1.12232E-02       5.16700E-04       5.40802E-08       1.04665E-04       1.17467E-06       5.77950E-08
       1.14815E-02       1.20226E-02       1.17521E-02       5.41100E-04       1.51850E-07       2.80632E-04       3.29800E-06       2.09645E-07
       1.20226E-02       1.25892E-02       1.23059E-02       5.66601E-04       2.63258E-07       4.64626E-04       5.71765E-06       4.72902E-07
       1.25892E-02       1.31826E-02       1.28859E-02       5.93399E-04       3.87423E-07       6.52887E-04       8.41304E-06       8.60325E-07
       1.31826E-02       1.38038E-02       1.34932E-02       6.21200E-04       5.25444E-07       8.45853E-04       1.14133E-05       1.38577E-06
       1.38038E-02       1.44544E-02       1.41291E-02       6.50601E-04       6.76579E-07       1.03993E-03       1.46933E-05       2.06235E-06
       1.44544E-02       1.51356E-02       1.47950E-02       6.81199E-04       8.46170E-07       1.24218E-03       1.83780E-05       2.90852E-06
       1.51356E-02       1.58489E-02       1.54923E-02       7.13301E-04       1.03618E-06       1.45266E-03       2.25050E-05       3.94470E-06
       1.58489E-02       1.65959E-02       1.62224E-02       7.47000E-04       1.24058E-06       1.66075E-03       2.69413E-05       5.18528E-06
       1.65959E-02       1.73780E-02       1.69870E-02       7.82100E-04       1.46239E-06       1.86983E-03       3.17626E-05       6.64767E-06
       1.73780E-02       1.81970E-02       1.77875E-02       8.19000E-04       1.71005E-06       2.08798E-03       3.71399E-05       8.35772E-06
       1.81970E-02       1.90546E-02       1.86258E-02       8.57600E-04       1.98664E-06       2.31651E-03       4.31469E-05       1.03444E-05
       1.90546E-02       1.99526E-02       1.95036E-02       8.98000E-04       2.29515E-06       2.55585E-03       4.98482E-05       1.26395E-05
       1.99526E-02       2.08930E-02       2.04228E-02       9.40400E-04       2.63601E-06       2.80308E-03       5.72466E-05       1.52755E-05
       2.08930E-02       2.18776E-02       2.13853E-02       9.84600E-04       2.99874E-06       3.04564E-03       6.51319E-05       1.82743E-05
       2.18776E-02       2.29087E-02       2.23931E-02       1.03110E-03       3.39286E-06       3.29053E-03       7.36853E-05       2.16671E-05
       2.29087E-02       2.39883E-02       2.34485E-02       1.07960E-03       3.82985E-06       3.54746E-03       8.31827E-05       2.54970E-05
       2.39883E-02       2.51189E-02       2.45536E-02       1.13060E-03       4.31386E-06       3.81555E-03       9.36854E-05       2.98108E-05
       2.51189E-02       2.63027E-02       2.57108E-02       1.18380E-03       4.83905E-06       4.08773E-03       1.05099E-04       3.46499E-05
       2.63027E-02       2.75423E-02       2.69225E-02       1.23960E-03       5.39796E-06       4.35459E-03       1.17236E-04       4.00478E-05
       2.75423E-02       2.88403E-02       2.81913E-02       1.29800E-03       6.01149E-06       4.63135E-03       1.30564E-04       4.60593E-05
       2.88403E-02       3.01995E-02       2.95199E-02       1.35920E-03       6.68783E-06       4.92042E-03       1.45250E-04       5.27472E-05
       3.01995E-02       3.16228E-02       3.09112E-02       1.42330E-03       7.42091E-06       5.21388E-03       1.61167E-04       6.01681E-05
       3.16228E-02       3.31131E-02       3.23680E-02       1.49030E-03       8.21373E-06       5.51146E-03       1.78395E-04       6.83818E-05
       3.31131E-02       3.46737E-02       3.38934E-02       1.56060E-03       9.08518E-06       5.82160E-03       1.97314E-04       7.74670E-05
       3.46737E-02       3.63078E-02       3.54908E-02       1.63410E-03       1.00358E-05       6.14147E-03       2.17965E-04       8.75028E-05
       3.63078E-02       3.80189E-02       3.71633E-02       1.71110E-03       1.18962E-05       6.95235E-03       2.58373E-04       9.93989E-05
       3.80189E-02       3.98107E-02       3.89148E-02       1.79180E-03       2.99679E-05       1.67250E-02       6.50850E-04       1.29367E-04
       3.98107E-02       4.16869E-02       4.07488E-02       1.87620E-03       7.44014E-05       3.96554E-02       1.61591E-03       2.03768E-04
       4.16869E-02       4.36516E-02       4.26693E-02       1.96470E-03       1.29126E-04       6.57228E-02       2.80434E-03       3.32894E-04
       4.36516E-02       4.57088E-02       4.46802E-02       2.05720E-03       1.90184E-04       9.24482E-02       4.13061E-03       5.23078E-04
       4.57088E-02       4.78630E-02       4.67859E-02       2.15420E-03       2.58215E-04       1.19866E-01       5.60803E-03       7.81293E-04
       4.78630E-02       5.01187E-02       4.89908E-02       2.25570E-03       3.33241E-04       1.47733E-01       7.23756E-03       1.11453E-03
       5.01187E-02       5.24808E-02       5.12998E-02       2.36210E-03       4.15684E-04       1.75981E-01       9.02776E-03       1.53022E-03
       5.24808E-02       5.49541E-02       5.37174E-02       2.47330E-03       5.07713E-04       2.05277E-01       1.10270E-02       2.03793E-03
       5.49541E-02       5.75440E-02       5.62491E-02       2.58990E-03       6.10708E-04       2.35804E-01       1.32637E-02       2.64864E-03
       5.75440E-02       6.02560E-02       5.89000E-02       2.71200E-03       7.22388E-04       2.66367E-01       1.56890E-02       3.37103E-03
       6.02560E-02       6.30957E-02       6.16758E-02       2.83970E-03       8.43193E-04       2.96930E-01       1.83134E-02       4.21422E-03
       6.30957E-02       6.60693E-02       6.45825E-02       2.97360E-03       9.77160E-04       3.28612E-01       2.12226E-02       5.19138E-03
       6.60693E-02       6.91831E-02       6.76262E-02       3.11380E-03       1.12634E-03       3.61725E-01       2.44621E-02       6.31772E-03
       6.91831E-02       7.24436E-02       7.08134E-02       3.26050E-03       1.29019E-03       3.95703E-01       2.80211E-02       7.60791E-03
       7.24436E-02       7.58578E-02       7.41507E-02       3.41420E-03       1.47032E-03       4.30649E-01       3.19329E-02       9.07823E-03
       7.58578E-02       7.94328E-02       7.76453E-02       3.57500E-03       1.66621E-03       4.66074E-01       3.61885E-02       1.07444E-02
       7.94328E-02       8.31764E-02       8.13046E-02       3.74360E-03       1.87774E-03       5.01585E-01       4.07812E-02       1.26222E-02
       8.31764E-02       8.70964E-02       8.51364E-02       3.92000E-03       2.11134E-03       5.38608E-01       4.58551E-02       1.47335E-02
       8.70964E-02       9.12011E-02       8.91488E-02       4.10470E-03       2.36845E-03       5.77009E-01       5.14397E-02       1.71020E-02
       9.12011E-02       9.54993E-02       9.33502E-02       4.29820E-03       2.64946E-03       6.16411E-01       5.75421E-02       1.97514E-02
       9.54993E-02       1.00000E-01       9.77497E-02       4.50070E-03       2.95292E-03       6.56102E-01       6.41337E-02       2.27043E-02
       1.00000E-01       1.04713E-01       1.02357E-01       4.71300E-03       3.26788E-03       6.93376E-01       7.09715E-02       2.59722E-02
       1.04713E-01       1.09648E-01       1.07180E-01       4.93500E-03       3.57948E-03       7.25325E-01       7.77407E-02       2.95517E-02
       1.09648E-01       1.14815E-01       1.12231E-01       5.16700E-03       3.87074E-03       7.49126E-01       8.40756E-02       3.34224E-02
       1.14815E-01       1.20226E-01       1.17520E-01       5.41100E-03       4.14371E-03       7.65794E-01       8.99965E-02       3.75662E-02
       1.20226E-01       1.25892E-01       1.23059E-01       5.66600E-03       4.43099E-03       7.82031E-01       9.62360E-02       4.19971E-02
       1.25892E-01       1.31826E-01       1.28859E-01       5.93400E-03       4.73904E-03       7.98625E-01       1.02910E-01       4.67362E-02
       1.31826E-01       1.38038E-01       1.34932E-01       6.21200E-03       5.06892E-03       8.15989E-01       1.10103E-01       5.18051E-02
       1.38038E-01       1.44544E-01       1.41291E-01       6.50600E-03       5.42456E-03       8.33777E-01       1.17805E-01       5.72297E-02
       1.44544E-01       1.51356E-01       1.47950E-01       6.81200E-03       5.80804E-03       8.52619E-01       1.26145E-01       6.30377E-02
       1.51356E-01       1.58489E-01       1.54923E-01       7.13300E-03       6.22207E-03       8.72293E-01       1.35138E-01       6.92598E-02
       1.58489E-01       1.65959E-01       1.62224E-01       7.47000E-03       6.66880E-03       8.92744E-01       1.44825E-01       7.59286E-02
       1.65959E-01       1.73780E-01       1.69869E-01       7.82100E-03       7.14725E-03       9.13854E-01       1.55236E-01       8.30758E-02
       1.73780E-01       1.81970E-01       1.77875E-01       8.19000E-03       7.66040E-03       9.35336E-01       1.66373E-01       9.07362E-02
       1.81970E-01       1.90546E-01       1.86258E-01       8.57600E-03       8.21387E-03       9.57774E-01       1.78393E-01       9.89501E-02
       1.90546E-01       1.99526E-01       1.95036E-01       8.98000E-03       8.79944E-03       9.79893E-01       1.91114E-01       1.07750E-01
       1.99526E-01       2.08930E-01       2.04228E-01       9.40400E-03       9.41651E-03       1.00133E+00       2.04500E-01       1.17166E-01
       2.08930E-01       2.18776E-01       2.13853E-01       9.84600E-03       1.00806E-02       1.02382E+00       2.18948E-01       1.27247E-01
       2.18776E-01       2.29087E-01       2.23931E-01       1.03110E-02       1.07972E-02       1.04715E+00       2.34490E-01       1.38044E-01
       2.29087E-01       2.39883E-01       2.34485E-01       1.07960E-02       1.15707E-02       1.07176E+00       2.51311E-01       1.49615E-01
       2.39883E-01       2.51189E-01       2.45536E-01       1.13060E-02       1.24018E-02       1.09692E+00       2.69333E-01       1.62016E-01
       2.51189E-01       2.63027E-01       2.57108E-01       1.18380E-02       1.32907E-02       1.12271E+00       2.88659E-01       1.75307E-01
       2.63027E-01       2.75423E-01       2.69225E-01       1.23960E-02       1.42408E-02       1.14883E+00       3.09293E-01       1.89548E-01
       2.75423E-01       2.88403E-01       2.81913E-01       1.29800E-02       1.52453E-02       1.17452E+00       3.31113E-01       2.04793E-01
       2.88403E-01       3.01995E-01       2.95199E-01       1.35920E-02       1.63241E-02       1.20101E+00       3.54536E-01       2.21117E-01
       3.01995E-01       3.16228E-01       3.09112E-01       1.42330E-02       1.74884E-02       1.22872E+00       3.79812E-01       2.38606E-01
       3.16228E-01       3.31131E-01       3.23680E-01       1.49030E-02       1.87428E-02       1.25766E+00       4.07077E-01       2.57348E-01
       3.31131E-01       3.46737E-01       3.38934E-01       1.56060E-02       2.00909E-02       1.28739E+00       4.36339E-01       2.77439E-01
       3.46737E-01       3.63078E-01       3.54908E-01       1.63410E-02       2.15687E-02       1.31991E+00       4.68447E-01       2.99008E-01
       3.63078E-01       3.80189E-01       3.71633E-01       1.71110E-02       2.32716E-02       1.36003E+00       5.05435E-01       3.22280E-01
       3.80189E-01       3.98107E-01       3.89148E-01       1.79180E-02       2.45151E-02       1.36818E+00       5.32425E-01       3.46795E-01
       3.98107E-01       4.16869E-01       4.07488E-01       1.87620E-02       2.58104E-02       1.37567E+00       5.60571E-01       3.72605E-01
       4.16869E-01       4.36516E-01       4.26692E-01       1.96470E-02       2.79187E-02       1.42101E+00       6.06336E-01       4.00524E-01
       4.36516E-01       4.57088E-01       4.46802E-01       2.05720E-02       2.87021E-02       1.39520E+00       6.23379E-01       4.29226E-01
       4.57088E-01       4.78630E-01       4.67859E-01       2.15420E-02       2.88435E-02       1.33894E+00       6.26437E-01       4.58069E-01
       4.78630E-01       5.01187E-01       4.89909E-01       2.25570E-02       2.93920E-02       1.30301E+00       6.38357E-01       4.87461E-01
       5.01187E-01       5.24808E-01       5.12998E-01       2.36210E-02       2.99651E-02       1.26858E+00       6.50778E-01       5.17427E-01
       5.24808E-01       5.49541E-01       5.37174E-01       2.47330E-02       3.05105E-02       1.23359E+00       6.62655E-01       5.47937E-01
       5.49541E-01       5.75440E-01       5.62490E-01       2.58990E-02       3.09991E-02       1.19692E+00       6.73258E-01       5.78936E-01
       5.75440E-01       6.02560E-01       5.89000E-01       2.71200E-02       3.14195E-02       1.15854E+00       6.82377E-01       6.10356E-01
       6.02560E-01       6.30957E-01       6.16758E-01       2.83970E-02       3.17609E-02       1.11846E+00       6.89819E-01       6.42116E-01
       6.30957E-01       6.60693E-01       6.45825E-01       2.97360E-02       3.20456E-02       1.07767E+00       6.95987E-01       6.74162E-01
       6.60693E-01       6.91831E-01       6.76262E-01       3.11380E-02       3.23150E-02       1.03780E+00       7.01825E-01       7.06477E-01
       6.91831E-01       7.24436E-01       7.08133E-01       3.26050E-02       3.25094E-02       9.97068E-01       7.06057E-01       7.38987E-01
       7.24436E-01       7.58578E-01       7.41507E-01       3.41420E-02       3.25855E-02       9.54412E-01       7.07703E-01       7.71572E-01
       7.58578E-01       7.94328E-01       7.76453E-01       3.57500E-02       3.25246E-02       9.09779E-01       7.06401E-01       8.04097E-01
       7.94328E-01       8.31764E-01       8.13046E-01       3.74360E-02       3.21642E-02       8.59178E-01       6.98551E-01       8.36261E-01
       8.31764E-01       8.70964E-01       8.51364E-01       3.92000E-02       3.09918E-02       7.90606E-01       6.73094E-01       8.67253E-01
       8.70964E-01       9.12011E-01       8.91487E-01       4.10470E-02       2.92541E-02       7.12699E-01       6.35362E-01       8.96507E-01
       9.12011E-01       9.54993E-01       9.33502E-01       4.29820E-02       2.71458E-02       6.31562E-01       5.89565E-01       9.23653E-01
       9.54993E-01       1.00000E+00       9.77497E-01       4.50070E-02       2.43045E-02       5.40015E-01       5.27863E-01       9.47957E-01
       1.00000E+00       1.04713E+00       1.02357E+00       4.71300E-02       1.98734E-02       4.21672E-01       4.31609E-01       9.67830E-01
       1.04713E+00       1.09648E+00       1.07181E+00       4.93500E-02       1.54819E-02       3.13717E-01       3.36243E-01       9.83312E-01
       1.09648E+00       1.14815E+00       1.12231E+00       5.16700E-02       1.16922E-02       2.26286E-01       2.53964E-01       9.95004E-01
       1.14815E+00       1.20226E+00       1.17520E+00       5.41100E-02       4.65686E-03       8.60628E-02       1.01141E-01       9.99661E-01
       1.20226E+00       1.25892E+00       1.23059E+00       5.66600E-02       3.38470E-04       5.97370E-03       7.35118E-03       1.00000E+00

 Sum =                                                                         1.00000E+00
 Renormalization bin#   937 =                                                  1.49820E-01 barn        1.22000E+07        1.24000E+07        1.23000E+07
 Avg. Energy     bin#   937 =                                                  5.36587E-01 MeV         1.22000E+07        1.24000E+07
