"        MT=608 recoil spectrum "
" Initial neutron energy corresponds to the group:"
   6.80000E+00    7.00000E+00       0.00000E+00           816           846            31



          Low               High              Mid              Energy           Number             dn/de            E*dn/de          Cumulative
         Energy            Energy            Energy             Width          Fraction                               Sum   
         [MeV]             [MeV]             [MeV]              [MeV]

       1.00000E-01       1.04713E-01       1.02357E-01       4.71300E-03       0.00000E+00       0.00000E+00       0.00000E+00       0.00000E+00
       1.04713E-01       1.09648E-01       1.07180E-01       4.93500E-03       1.52009E-04       3.08022E-02       3.30139E-03       1.52009E-04
       1.09648E-01       1.14815E-01       1.12231E-01       5.16700E-03       6.98619E-03       1.35208E+00       1.51746E-01       7.13820E-03
       1.14815E-01       1.20226E-01       1.17520E-01       5.41100E-03       1.69094E-02       3.12501E+00       3.67252E-01       2.40476E-02
       1.20226E-01       1.25892E-01       1.23059E-01       5.66600E-03       2.13373E-02       3.76584E+00       4.63421E-01       4.53849E-02
       1.25892E-01       1.31826E-01       1.28859E-01       5.93400E-03       2.22053E-02       3.74204E+00       4.82196E-01       6.75901E-02
       1.31826E-01       1.38038E-01       1.34932E-01       6.21200E-03       2.31072E-02       3.71977E+00       5.01916E-01       9.06974E-02
       1.38038E-01       1.44544E-01       1.41291E-01       6.50600E-03       2.40468E-02       3.69609E+00       5.22224E-01       1.14744E-01
       1.44544E-01       1.51356E-01       1.47950E-01       6.81200E-03       2.50247E-02       3.67363E+00       5.43513E-01       1.39769E-01
       1.51356E-01       1.58489E-01       1.54923E-01       7.13300E-03       2.60450E-02       3.65134E+00       5.65675E-01       1.65814E-01
       1.58489E-01       1.65959E-01       1.62224E-01       7.47000E-03       2.71104E-02       3.62924E+00       5.88749E-01       1.92924E-01
       1.65959E-01       1.73780E-01       1.69869E-01       7.82100E-03       2.82244E-02       3.60880E+00       6.13025E-01       2.21149E-01
       1.73780E-01       1.81970E-01       1.77875E-01       8.19000E-03       2.93911E-02       3.58866E+00       6.38333E-01       2.50540E-01
       1.81970E-01       1.90546E-01       1.86258E-01       8.57600E-03       3.06158E-02       3.56994E+00       6.64929E-01       2.81156E-01
       1.90546E-01       1.99526E-01       1.95036E-01       8.98000E-03       3.19040E-02       3.55278E+00       6.92920E-01       3.13060E-01
       1.99526E-01       2.08930E-01       2.04228E-01       9.40400E-03       3.32629E-02       3.53710E+00       7.22375E-01       3.46322E-01
       2.08930E-01       2.18776E-01       2.13853E-01       9.84600E-03       3.47000E-02       3.52428E+00       7.53677E-01       3.81022E-01
       2.18776E-01       2.29087E-01       2.23931E-01       1.03110E-02       3.62241E-02       3.51315E+00       7.86706E-01       4.17247E-01
       2.29087E-01       2.39883E-01       2.34485E-01       1.07960E-02       3.78468E-02       3.50563E+00       8.22017E-01       4.55093E-01
       2.39883E-01       2.51189E-01       2.45536E-01       1.13060E-02       3.95805E-02       3.50084E+00       8.59583E-01       4.94674E-01
       2.51189E-01       2.63027E-01       2.57108E-01       1.18380E-02       4.14404E-02       3.50062E+00       9.00038E-01       5.36114E-01
       2.63027E-01       2.75423E-01       2.69225E-01       1.23960E-02       4.34435E-02       3.50464E+00       9.43537E-01       5.79558E-01
       2.75423E-01       2.88403E-01       2.81913E-01       1.29800E-02       4.56103E-02       3.51389E+00       9.90612E-01       6.25168E-01
       2.88403E-01       3.01995E-01       2.95199E-01       1.35920E-02       4.79646E-02       3.52889E+00       1.04172E+00       6.73133E-01
       3.01995E-01       3.16228E-01       3.09112E-01       1.42330E-02       5.05353E-02       3.55058E+00       1.09752E+00       7.23668E-01
       3.16228E-01       3.31131E-01       3.23680E-01       1.49030E-02       5.33546E-02       3.58012E+00       1.15881E+00       7.77023E-01
       3.31131E-01       3.46737E-01       3.38934E-01       1.56060E-02       5.64617E-02       3.61795E+00       1.22625E+00       8.33484E-01
       3.46737E-01       3.63078E-01       3.54908E-01       1.63410E-02       5.99007E-02       3.66567E+00       1.30097E+00       8.93385E-01
       3.63078E-01       3.80189E-01       3.71633E-01       1.71110E-02       6.07196E-02       3.54857E+00       1.31877E+00       9.54105E-01
       3.80189E-01       3.98107E-01       3.89148E-01       1.79180E-02       3.86446E-02       2.15675E+00       8.39293E-01       9.92749E-01
       3.98107E-01       4.16869E-01       4.07488E-01       1.87620E-02       7.25077E-03       3.86460E-01       1.57478E-01       1.00000E+00

 Sum =                                                                         1.00000E+00
 Renormalization bin#   910 =                                                  3.88688E-05 barn        6.80000E+06        7.00000E+06        6.90000E+06
 Avg. Energy     bin#   910 =                                                  2.53005E-01 MeV         6.80000E+06        7.00000E+06
