"        MT=601 recoil spectrum "
" Initial neutron energy corresponds to the group:"
   4.78630E+00    5.00000E+00       0.00000E+00           801           843            43



          Low               High              Mid              Energy           Number             dn/de            E*dn/de          Cumulative
         Energy            Energy            Energy             Width          Fraction                               Sum   
         [MeV]             [MeV]             [MeV]              [MeV]

       5.01187E-02       5.24808E-02       5.12998E-02       2.36210E-03       0.00000E+00       0.00000E+00       0.00000E+00       0.00000E+00
       5.24808E-02       5.49541E-02       5.37174E-02       2.47330E-03       1.86709E-03       7.54897E-01       4.05511E-02       1.86709E-03
       5.49541E-02       5.75440E-02       5.62491E-02       2.58990E-03       6.43946E-03       2.48637E+00       1.39856E-01       8.30655E-03
       5.75440E-02       6.02560E-02       5.89000E-02       2.71200E-03       9.67127E-03       3.56610E+00       2.10043E-01       1.79778E-02
       6.02560E-02       6.30957E-02       6.16758E-02       2.83970E-03       1.03821E-02       3.65606E+00       2.25490E-01       2.83599E-02
       6.30957E-02       6.60693E-02       6.45825E-02       2.97360E-03       1.08622E-02       3.65289E+00       2.35912E-01       3.92221E-02
       6.60693E-02       6.91831E-02       6.76262E-02       3.11380E-03       1.13643E-02       3.64966E+00       2.46812E-01       5.05864E-02
       6.91831E-02       7.24436E-02       7.08134E-02       3.26050E-03       1.18894E-02       3.64648E+00       2.58220E-01       6.24758E-02
       7.24436E-02       7.58578E-02       7.41507E-02       3.41420E-03       1.24384E-02       3.64314E+00       2.70142E-01       7.49142E-02
       7.58578E-02       7.94328E-02       7.76453E-02       3.57500E-03       1.30126E-02       3.63989E+00       2.82621E-01       8.79268E-02
       7.94328E-02       8.31764E-02       8.13046E-02       3.74360E-03       1.36131E-02       3.63638E+00       2.95654E-01       1.01540E-01
       8.31764E-02       8.70964E-02       8.51364E-02       3.92000E-03       1.42411E-02       3.63294E+00       3.09296E-01       1.15781E-01
       8.70964E-02       9.12011E-02       8.91488E-02       4.10470E-03       1.48979E-02       3.62948E+00       3.23564E-01       1.30679E-01
       9.12011E-02       9.54993E-02       9.33502E-02       4.29820E-03       1.55850E-02       3.62594E+00       3.38482E-01       1.46264E-01
       9.54993E-02       1.00000E-01       9.77497E-02       4.50070E-03       1.63036E-02       3.62245E+00       3.54093E-01       1.62568E-01
       1.00000E-01       1.04713E-01       1.02357E-01       4.71300E-03       1.70554E-02       3.61880E+00       3.70408E-01       1.79623E-01
       1.04713E-01       1.09648E-01       1.07180E-01       4.93500E-03       1.78414E-02       3.61528E+00       3.87488E-01       1.97464E-01
       1.09648E-01       1.14815E-01       1.12231E-01       5.16700E-03       1.86647E-02       3.61229E+00       4.05413E-01       2.16129E-01
       1.14815E-01       1.20226E-01       1.17520E-01       5.41100E-03       1.95253E-02       3.60844E+00       4.24066E-01       2.35654E-01
       1.20226E-01       1.25892E-01       1.23059E-01       5.66600E-03       2.04268E-02       3.60515E+00       4.43647E-01       2.56081E-01
       1.25892E-01       1.31826E-01       1.28859E-01       5.93400E-03       2.13704E-02       3.60135E+00       4.64067E-01       2.77452E-01
       1.31826E-01       1.38038E-01       1.34932E-01       6.21200E-03       2.23578E-02       3.59913E+00       4.85638E-01       2.99809E-01
       1.38038E-01       1.44544E-01       1.41291E-01       6.50600E-03       2.33927E-02       3.59556E+00       5.08020E-01       3.23202E-01
       1.44544E-01       1.51356E-01       1.47950E-01       6.81200E-03       2.44762E-02       3.59310E+00       5.31599E-01       3.47678E-01
       1.51356E-01       1.58489E-01       1.54923E-01       7.13300E-03       2.56122E-02       3.59066E+00       5.56274E-01       3.73291E-01
       1.58489E-01       1.65959E-01       1.62224E-01       7.47000E-03       2.68030E-02       3.58809E+00       5.82074E-01       4.00094E-01
       1.65959E-01       1.73780E-01       1.69869E-01       7.82100E-03       2.80517E-02       3.58671E+00       6.09273E-01       4.28145E-01
       1.73780E-01       1.81970E-01       1.77875E-01       8.19000E-03       2.93621E-02       3.58512E+00       6.37704E-01       4.57507E-01
       1.81970E-01       1.90546E-01       1.86258E-01       8.57600E-03       3.07379E-02       3.58418E+00       6.67582E-01       4.88245E-01
       1.90546E-01       1.99526E-01       1.95036E-01       8.98000E-03       3.21831E-02       3.58386E+00       6.98982E-01       5.20428E-01
       1.99526E-01       2.08930E-01       2.04228E-01       9.40400E-03       3.37026E-02       3.58386E+00       7.31924E-01       5.54131E-01
       2.08930E-01       2.18776E-01       2.13853E-01       9.84600E-03       3.53008E-02       3.58529E+00       7.66725E-01       5.89432E-01
       2.18776E-01       2.29087E-01       2.23931E-01       1.03110E-02       3.69834E-02       3.58679E+00       8.03195E-01       6.26415E-01
       2.29087E-01       2.39883E-01       2.34485E-01       1.07960E-02       3.87564E-02       3.58989E+00       8.41775E-01       6.65171E-01
       2.39883E-01       2.51189E-01       2.45536E-01       1.13060E-02       4.06270E-02       3.59341E+00       8.82310E-01       7.05799E-01
       2.51189E-01       2.63027E-01       2.57108E-01       1.18380E-02       4.26026E-02       3.59880E+00       9.25280E-01       7.48401E-01
       2.63027E-01       2.75423E-01       2.69225E-01       1.23960E-02       4.46909E-02       3.60527E+00       9.70629E-01       7.93092E-01
       2.75423E-01       2.88403E-01       2.81913E-01       1.29800E-02       4.69017E-02       3.61338E+00       1.01866E+00       8.39994E-01
       2.88403E-01       3.01995E-01       2.95199E-01       1.35920E-02       4.92456E-02       3.62313E+00       1.06954E+00       8.89239E-01
       3.01995E-01       3.16228E-01       3.09112E-01       1.42330E-02       5.14282E-02       3.61331E+00       1.11692E+00       9.40668E-01
       3.16228E-01       3.31131E-01       3.23680E-01       1.49030E-02       4.13241E-02       2.77287E+00       8.97521E-01       9.81992E-01
       3.31131E-01       3.46737E-01       3.38934E-01       1.56060E-02       1.79211E-02       1.14835E+00       3.89213E-01       9.99913E-01
       3.46737E-01       3.63078E-01       3.54908E-01       1.63410E-02       8.73249E-05       5.34392E-03       1.89660E-03       1.00000E+00

 Sum =                                                                         1.00000E+00
 Renormalization bin#   900 =                                                  3.65978E-03 barn        4.78630E+06        5.00000E+06        4.89315E+06
 Avg. Energy     bin#   900 =                                                  1.94077E-01 MeV         4.78630E+06        5.00000E+06
