"        MT=103 recoil spectrum "
" Initial neutron energy corresponds to the group:"
   1.40000E+01    1.42000E+01       0.00000E+00           767           876           110



          Low               High              Mid              Energy           Number             dn/de            E*dn/de          Cumulative
         Energy            Energy            Energy             Width          Fraction                               Sum   
         [MeV]             [MeV]             [MeV]              [MeV]

       1.04713E-02       1.09648E-02       1.07180E-02       4.93500E-04       0.00000E+00       0.00000E+00       0.00000E+00       0.00000E+00
       1.09648E-02       1.14815E-02       1.12232E-02       5.16700E-04       2.71665E-07       5.25769E-04       5.90078E-06       2.71665E-07
       1.14815E-02       1.20226E-02       1.17521E-02       5.41100E-04       1.47252E-05       2.72135E-02       3.19814E-04       1.49969E-05
       1.20226E-02       1.25892E-02       1.23059E-02       5.66601E-04       2.02886E-05       3.58076E-02       4.40645E-04       3.52855E-05
       1.25892E-02       1.31826E-02       1.28859E-02       5.93399E-04       2.12519E-05       3.58138E-02       4.61493E-04       5.65374E-05
       1.31826E-02       1.38038E-02       1.34932E-02       6.21200E-04       2.22730E-05       3.58548E-02       4.83796E-04       7.88104E-05
       1.38038E-02       1.44544E-02       1.41291E-02       6.50601E-04       2.33890E-05       3.59499E-02       5.07939E-04       1.02199E-04
       1.44544E-02       1.51356E-02       1.47950E-02       6.81199E-04       2.45655E-05       3.60622E-02       5.33540E-04       1.26765E-04
       1.51356E-02       1.58489E-02       1.54923E-02       7.13301E-04       2.58041E-05       3.61756E-02       5.60442E-04       1.52569E-04
       1.58489E-02       1.65959E-02       1.62224E-02       7.47000E-04       2.71060E-05       3.62865E-02       5.88655E-04       1.79675E-04
       1.65959E-02       1.73780E-02       1.69870E-02       7.82100E-04       2.84755E-05       3.64090E-02       6.18478E-04       2.08151E-04
       1.73780E-02       1.81970E-02       1.77875E-02       8.19000E-04       2.99160E-05       3.65274E-02       6.49732E-04       2.38066E-04
       1.81970E-02       1.90546E-02       1.86258E-02       8.57600E-04       3.43417E-05       4.00439E-02       7.45850E-04       2.72408E-04
       1.90546E-02       1.99526E-02       1.95036E-02       8.98000E-04       5.45320E-05       6.07261E-02       1.18438E-03       3.26940E-04
       1.99526E-02       2.08930E-02       2.04228E-02       9.40400E-04       5.86183E-05       6.23334E-02       1.27302E-03       3.85558E-04
       2.08930E-02       2.18776E-02       2.13853E-02       9.84600E-04       6.14702E-05       6.24316E-02       1.33512E-03       4.47029E-04
       2.18776E-02       2.29087E-02       2.23931E-02       1.03110E-03       7.29978E-05       7.07961E-02       1.58535E-03       5.20026E-04
       2.29087E-02       2.39883E-02       2.34485E-02       1.07960E-03       8.83598E-05       8.18448E-02       1.91914E-03       6.08386E-04
       2.39883E-02       2.51189E-02       2.45536E-02       1.13060E-03       1.03769E-04       9.17826E-02       2.25359E-03       7.12156E-04
       2.51189E-02       2.63027E-02       2.57108E-02       1.18380E-03       1.44164E-04       1.21781E-01       3.13108E-03       8.56319E-04
       2.63027E-02       2.75423E-02       2.69225E-02       1.23960E-03       1.54773E-04       1.24857E-01       3.36146E-03       1.01109E-03
       2.75423E-02       2.88403E-02       2.81913E-02       1.29800E-03       1.66190E-04       1.28035E-01       3.60949E-03       1.17728E-03
       2.88403E-02       3.01995E-02       2.95199E-02       1.35920E-03       1.78297E-04       1.31178E-01       3.87237E-03       1.35558E-03
       3.01995E-02       3.16228E-02       3.09112E-02       1.42330E-03       2.07855E-04       1.46037E-01       4.51417E-03       1.56343E-03
       3.16228E-02       3.31131E-02       3.23680E-02       1.49030E-03       2.58583E-04       1.73511E-01       5.61618E-03       1.82202E-03
       3.31131E-02       3.46737E-02       3.38934E-02       1.56060E-03       2.84214E-04       1.82119E-01       6.17262E-03       2.10623E-03
       3.46737E-02       3.63078E-02       3.54908E-02       1.63410E-03       3.29255E-04       2.01490E-01       7.15104E-03       2.43549E-03
       3.63078E-02       3.80189E-02       3.71633E-02       1.71110E-03       3.79230E-04       2.21630E-01       8.23650E-03       2.81472E-03
       3.80189E-02       3.98107E-02       3.89148E-02       1.79180E-03       4.14537E-04       2.31352E-01       9.00303E-03       3.22925E-03
       3.98107E-02       4.16869E-02       4.07488E-02       1.87620E-03       4.41961E-04       2.35562E-01       9.59885E-03       3.67121E-03
       4.16869E-02       4.36516E-02       4.26693E-02       1.96470E-03       4.91251E-04       2.50038E-01       1.06689E-02       4.16246E-03
       4.36516E-02       4.57088E-02       4.46802E-02       2.05720E-03       5.24474E-04       2.54946E-01       1.13910E-02       4.68694E-03
       4.57088E-02       4.78630E-02       4.67859E-02       2.15420E-03       5.57773E-04       2.58923E-01       1.21140E-02       5.24471E-03
       4.78630E-02       5.01187E-02       4.89908E-02       2.25570E-03       5.99355E-04       2.65707E-01       1.30172E-02       5.84407E-03
       5.01187E-02       5.24808E-02       5.12998E-02       2.36210E-03       6.49482E-04       2.74960E-01       1.41054E-02       6.49355E-03
       5.24808E-02       5.49541E-02       5.37174E-02       2.47330E-03       7.04029E-04       2.84651E-01       1.52907E-02       7.19758E-03
       5.49541E-02       5.75440E-02       5.62491E-02       2.58990E-03       7.63030E-04       2.94618E-01       1.65720E-02       7.96061E-03
       5.75440E-02       6.02560E-02       5.89000E-02       2.71200E-03       8.26500E-04       3.04757E-01       1.79502E-02       8.78711E-03
       6.02560E-02       6.30957E-02       6.16758E-02       2.83970E-03       8.97734E-04       3.16137E-01       1.94980E-02       9.68484E-03
       6.30957E-02       6.60693E-02       6.45825E-02       2.97360E-03       9.98483E-04       3.35783E-01       2.16857E-02       1.06833E-02
       6.60693E-02       6.91831E-02       6.76262E-02       3.11380E-03       1.11459E-03       3.57953E-01       2.42070E-02       1.17979E-02
       6.91831E-02       7.24436E-02       7.08134E-02       3.26050E-03       1.24124E-03       3.80689E-01       2.69579E-02       1.30392E-02
       7.24436E-02       7.58578E-02       7.41507E-02       3.41420E-03       1.37839E-03       4.03724E-01       2.99364E-02       1.44175E-02
       7.58578E-02       7.94328E-02       7.76453E-02       3.57500E-03       1.52862E-03       4.27587E-01       3.32001E-02       1.59462E-02
       7.94328E-02       8.31764E-02       8.13046E-02       3.74360E-03       1.69328E-03       4.52314E-01       3.67752E-02       1.76395E-02
       8.31764E-02       8.70964E-02       8.51364E-02       3.92000E-03       1.86986E-03       4.77005E-01       4.06105E-02       1.95093E-02
       8.70964E-02       9.12011E-02       8.91488E-02       4.10470E-03       2.06143E-03       5.02211E-01       4.47715E-02       2.15707E-02
       9.12011E-02       9.54993E-02       9.33502E-02       4.29820E-03       2.27035E-03       5.28211E-01       4.93086E-02       2.38411E-02
       9.54993E-02       1.00000E-01       9.77497E-02       4.50070E-03       2.49420E-03       5.54181E-01       5.41710E-02       2.63353E-02
       1.00000E-01       1.04713E-01       1.02357E-01       4.71300E-03       2.73938E-03       5.81239E-01       5.94935E-02       2.90747E-02
       1.04713E-01       1.09648E-01       1.07180E-01       4.93500E-03       3.00817E-03       6.09559E-01       6.53328E-02       3.20828E-02
       1.09648E-01       1.14815E-01       1.12231E-01       5.16700E-03       3.30085E-03       6.38833E-01       7.16972E-02       3.53837E-02
       1.14815E-01       1.20226E-01       1.17520E-01       5.41100E-03       3.61753E-03       6.68551E-01       7.85685E-02       3.90012E-02
       1.20226E-01       1.25892E-01       1.23059E-01       5.66600E-03       3.94994E-03       6.97130E-01       8.57882E-02       4.29512E-02
       1.25892E-01       1.31826E-01       1.28859E-01       5.93400E-03       4.29449E-03       7.23710E-01       9.32565E-02       4.72457E-02
       1.31826E-01       1.38038E-01       1.34932E-01       6.21200E-03       4.65638E-03       7.49578E-01       1.01142E-01       5.19020E-02
       1.38038E-01       1.44544E-01       1.41291E-01       6.50600E-03       5.03432E-03       7.73796E-01       1.09330E-01       5.69364E-02
       1.44544E-01       1.51356E-01       1.47950E-01       6.81200E-03       5.36946E-03       7.88235E-01       1.16619E-01       6.23058E-02
       1.51356E-01       1.58489E-01       1.54923E-01       7.13300E-03       5.66639E-03       7.94391E-01       1.23069E-01       6.79722E-02
       1.58489E-01       1.65959E-01       1.62224E-01       7.47000E-03       5.97775E-03       8.00234E-01       1.29817E-01       7.39500E-02
       1.65959E-01       1.73780E-01       1.69869E-01       7.82100E-03       6.30585E-03       8.06272E-01       1.36961E-01       8.02558E-02
       1.73780E-01       1.81970E-01       1.77875E-01       8.19000E-03       6.65348E-03       8.12391E-01       1.44504E-01       8.69093E-02
       1.81970E-01       1.90546E-01       1.86258E-01       8.57600E-03       7.02251E-03       8.18856E-01       1.52519E-01       9.39318E-02
       1.90546E-01       1.99526E-01       1.95036E-01       8.98000E-03       7.41440E-03       8.25657E-01       1.61033E-01       1.01346E-01
       1.99526E-01       2.08930E-01       2.04228E-01       9.40400E-03       7.82977E-03       8.32600E-01       1.70040E-01       1.09176E-01
       2.08930E-01       2.18776E-01       2.13853E-01       9.84600E-03       8.26377E-03       8.39303E-01       1.79487E-01       1.17440E-01
       2.18776E-01       2.29087E-01       2.23931E-01       1.03110E-02       8.71809E-03       8.45514E-01       1.89337E-01       1.26158E-01
       2.29087E-01       2.39883E-01       2.34485E-01       1.07960E-02       9.20025E-03       8.52191E-01       1.99826E-01       1.35358E-01
       2.39883E-01       2.51189E-01       2.45536E-01       1.13060E-02       9.71234E-03       8.59043E-01       2.10926E-01       1.45070E-01
       2.51189E-01       2.63027E-01       2.57108E-01       1.18380E-02       1.02566E-02       8.66410E-01       2.22761E-01       1.55327E-01
       2.63027E-01       2.75423E-01       2.69225E-01       1.23960E-02       1.08351E-02       8.74078E-01       2.35324E-01       1.66162E-01
       2.75423E-01       2.88403E-01       2.81913E-01       1.29800E-02       1.14504E-02       8.82160E-01       2.48692E-01       1.77612E-01
       2.88403E-01       3.01995E-01       2.95199E-01       1.35920E-02       1.21049E-02       8.90587E-01       2.62900E-01       1.89717E-01
       3.01995E-01       3.16228E-01       3.09112E-01       1.42330E-02       1.27947E-02       8.98945E-01       2.77874E-01       2.02512E-01
       3.16228E-01       3.31131E-01       3.23680E-01       1.49030E-02       1.35268E-02       9.07653E-01       2.93789E-01       2.16039E-01
       3.31131E-01       3.46737E-01       3.38934E-01       1.56060E-02       1.43067E-02       9.16742E-01       3.10715E-01       2.30345E-01
       3.46737E-01       3.63078E-01       3.54908E-01       1.63410E-02       1.51376E-02       9.26357E-01       3.28771E-01       2.45483E-01
       3.63078E-01       3.80189E-01       3.71633E-01       1.71110E-02       1.60237E-02       9.36454E-01       3.48018E-01       2.61507E-01
       3.80189E-01       3.98107E-01       3.89148E-01       1.79180E-02       1.69687E-02       9.47022E-01       3.68532E-01       2.78475E-01
       3.98107E-01       4.16869E-01       4.07488E-01       1.87620E-02       1.79497E-02       9.56706E-01       3.89846E-01       2.96425E-01
       4.16869E-01       4.36516E-01       4.26692E-01       1.96470E-02       1.89676E-02       9.65419E-01       4.11937E-01       3.15393E-01
       4.36516E-01       4.57088E-01       4.46802E-01       2.05720E-02       2.01757E-02       9.80736E-01       4.38195E-01       3.35568E-01
       4.57088E-01       4.78630E-01       4.67859E-01       2.15420E-02       2.12146E-02       9.84804E-01       4.60749E-01       3.56783E-01
       4.78630E-01       5.01187E-01       4.89909E-01       2.25570E-02       2.20349E-02       9.76853E-01       4.78568E-01       3.78818E-01
       5.01187E-01       5.24808E-01       5.12998E-01       2.36210E-02       2.28252E-02       9.66312E-01       4.95715E-01       4.01643E-01
       5.24808E-01       5.49541E-01       5.37174E-01       2.47330E-02       2.35787E-02       9.53331E-01       5.12105E-01       4.25222E-01
       5.49541E-01       5.75440E-01       5.62490E-01       2.58990E-02       2.43385E-02       9.39745E-01       5.28598E-01       4.49560E-01
       5.75440E-01       6.02560E-01       5.89000E-01       2.71200E-02       2.51131E-02       9.25999E-01       5.45413E-01       4.74673E-01
       6.02560E-01       6.30957E-01       6.16758E-01       2.83970E-02       2.59268E-02       9.13011E-01       5.63108E-01       5.00600E-01
       6.30957E-01       6.60693E-01       6.45825E-01       2.97360E-02       2.67490E-02       8.99551E-01       5.80952E-01       5.27349E-01
       6.60693E-01       6.91831E-01       6.76262E-01       3.11380E-02       2.75739E-02       8.85539E-01       5.98856E-01       5.54923E-01
       6.91831E-01       7.24436E-01       7.08133E-01       3.26050E-02       2.83983E-02       8.70979E-01       6.16769E-01       5.83321E-01
       7.24436E-01       7.58578E-01       7.41507E-01       3.41420E-02       2.92188E-02       8.55802E-01       6.34583E-01       6.12540E-01
       7.58578E-01       7.94328E-01       7.76453E-01       3.57500E-02       3.00449E-02       8.40417E-01       6.52545E-01       6.42585E-01
       7.94328E-01       8.31764E-01       8.13046E-01       3.74360E-02       3.09180E-02       8.25889E-01       6.71486E-01       6.73503E-01
       8.31764E-01       8.70964E-01       8.51364E-01       3.92000E-02       3.17919E-02       8.11019E-01       6.90472E-01       7.05295E-01
       8.70964E-01       9.12011E-01       8.91487E-01       4.10470E-02       3.26575E-02       7.95612E-01       7.09279E-01       7.37953E-01
       9.12011E-01       9.54993E-01       9.33502E-01       4.29820E-02       3.35113E-02       7.79660E-01       7.27814E-01       7.71464E-01
       9.54993E-01       1.00000E+00       9.77497E-01       4.50070E-02       3.43488E-02       7.63189E-01       7.46014E-01       8.05813E-01
       1.00000E+00       1.04713E+00       1.02357E+00       4.71300E-02       3.41133E-02       7.23812E-01       7.40868E-01       8.39926E-01
       1.04713E+00       1.09648E+00       1.07181E+00       4.93500E-02       3.15069E-02       6.38437E-01       6.84280E-01       8.71433E-01
       1.09648E+00       1.14815E+00       1.12231E+00       5.16700E-02       2.82904E-02       5.47520E-01       6.14490E-01       8.99723E-01
       1.14815E+00       1.20226E+00       1.17520E+00       5.41100E-02       2.46402E-02       4.55372E-01       5.35155E-01       9.24363E-01
       1.20226E+00       1.25892E+00       1.23059E+00       5.66600E-02       2.05528E-02       3.62740E-01       4.46384E-01       9.44916E-01
       1.25892E+00       1.31826E+00       1.28859E+00       5.93400E-02       1.64471E-02       2.77167E-01       3.57154E-01       9.61363E-01
       1.31826E+00       1.38038E+00       1.34932E+00       6.21200E-02       1.54033E-02       2.47961E-01       3.34579E-01       9.76767E-01
       1.38038E+00       1.44544E+00       1.41291E+00       6.50600E-02       1.26054E-02       1.93750E-01       2.73752E-01       9.89372E-01
       1.44544E+00       1.51356E+00       1.47950E+00       6.81200E-02       6.62295E-03       9.72248E-02       1.43844E-01       9.95995E-01
       1.51356E+00       1.58489E+00       1.54923E+00       7.13300E-02       3.11911E-03       4.37279E-02       6.77443E-02       9.99114E-01
       1.58489E+00       1.65959E+00       1.62224E+00       7.47000E-02       8.85789E-04       1.18579E-02       1.92364E-02       1.00000E+00

 Sum =                                                                         1.00000E+00
 Renormalization bin#   946 =                                                  2.68920E-01 barn        1.40000E+07        1.42000E+07        1.41000E+07
 Avg. Energy     bin#   946 =                                                  6.58312E-01 MeV         1.40000E+07        1.42000E+07
