"        MT=605 recoil spectrum "
" Initial neutron energy corresponds to the group:"
   1.98000E+01    2.00000E+01       0.00000E+00           775           883           109



          Low               High              Mid              Energy           Number             dn/de            E*dn/de          Cumulative
         Energy            Energy            Energy             Width          Fraction                               Sum   
         [MeV]             [MeV]             [MeV]              [MeV]

       1.51356E-02       1.58489E-02       1.54923E-02       7.13301E-04       0.00000E+00       0.00000E+00       0.00000E+00       0.00000E+00
       1.58489E-02       1.65959E-02       1.62224E-02       7.47000E-04       1.56767E-04       2.09862E-01       3.40446E-03       1.56767E-04
       1.65959E-02       1.73780E-02       1.69870E-02       7.82100E-04       7.73264E-04       9.88703E-01       1.67951E-02       9.30031E-04
       1.73780E-02       1.81970E-02       1.77875E-02       8.19000E-04       8.07764E-04       9.86281E-01       1.75435E-02       1.73779E-03
       1.81970E-02       1.90546E-02       1.86258E-02       8.57600E-04       8.43715E-04       9.83810E-01       1.83243E-02       2.58151E-03
       1.90546E-02       1.99526E-02       1.95036E-02       8.98000E-04       8.81166E-04       9.81254E-01       1.91380E-02       3.46268E-03
       1.99526E-02       2.08930E-02       2.04228E-02       9.40400E-04       9.20118E-04       9.78432E-01       1.99823E-02       4.38279E-03
       2.08930E-02       2.18776E-02       2.13853E-02       9.84600E-04       9.60718E-04       9.75745E-01       2.08666E-02       5.34351E-03
       2.18776E-02       2.29087E-02       2.23931E-02       1.03110E-03       1.00297E-03       9.72717E-01       2.17822E-02       6.34648E-03
       2.29087E-02       2.39883E-02       2.34485E-02       1.07960E-03       1.04692E-03       9.69727E-01       2.27386E-02       7.39340E-03
       2.39883E-02       2.51189E-02       2.45536E-02       1.13060E-03       1.09257E-03       9.66364E-01       2.37277E-02       8.48597E-03
       2.51189E-02       2.63027E-02       2.57108E-02       1.18380E-03       1.14012E-03       9.63104E-01       2.47622E-02       9.62609E-03
       2.63027E-02       2.75423E-02       2.69225E-02       1.23960E-03       1.18952E-03       9.59600E-01       2.58348E-02       1.08156E-02
       2.75423E-02       2.88403E-02       2.81913E-02       1.29800E-03       1.24087E-03       9.55987E-01       2.69505E-02       1.20565E-02
       2.88403E-02       3.01995E-02       2.95199E-02       1.35920E-03       1.29422E-03       9.52196E-01       2.81087E-02       1.33507E-02
       3.01995E-02       3.16228E-02       3.09112E-02       1.42330E-03       1.34963E-03       9.48236E-01       2.93111E-02       1.47003E-02
       3.16228E-02       3.31131E-02       3.23680E-02       1.49030E-03       1.40712E-03       9.44187E-01       3.05614E-02       1.61075E-02
       3.31131E-02       3.46737E-02       3.38934E-02       1.56060E-03       1.46683E-03       9.39916E-01       3.18570E-02       1.75743E-02
       3.46737E-02       3.63078E-02       3.54908E-02       1.63410E-03       1.52868E-03       9.35488E-01       3.32012E-02       1.91030E-02
       3.63078E-02       3.80189E-02       3.71633E-02       1.71110E-03       1.59278E-03       9.30852E-01       3.45936E-02       2.06957E-02
       3.80189E-02       3.98107E-02       3.89148E-02       1.79180E-03       1.65928E-03       9.26043E-01       3.60368E-02       2.23550E-02
       3.98107E-02       4.16869E-02       4.07488E-02       1.87620E-03       1.72813E-03       9.21079E-01       3.75329E-02       2.40832E-02
       4.16869E-02       4.36516E-02       4.26693E-02       1.96470E-03       1.79938E-03       9.15854E-01       3.90788E-02       2.58825E-02
       4.36516E-02       4.57088E-02       4.46802E-02       2.05720E-03       1.87309E-03       9.10504E-01       4.06815E-02       2.77556E-02
       4.57088E-02       4.78630E-02       4.67859E-02       2.15420E-03       1.94928E-03       9.04876E-01       4.23354E-02       2.97049E-02
       4.78630E-02       5.01187E-02       4.89908E-02       2.25570E-03       2.02808E-03       8.99094E-01       4.40474E-02       3.17330E-02
       5.01187E-02       5.24808E-02       5.12998E-02       2.36210E-03       2.10943E-03       8.93032E-01       4.58123E-02       3.38424E-02
       5.24808E-02       5.49541E-02       5.37174E-02       2.47330E-03       2.19339E-03       8.86826E-01       4.76380E-02       3.60358E-02
       5.49541E-02       5.75440E-02       5.62491E-02       2.58990E-03       2.27999E-03       8.80340E-01       4.95183E-02       3.83158E-02
       5.75440E-02       6.02560E-02       5.89000E-02       2.71200E-03       2.36929E-03       8.73634E-01       5.14570E-02       4.06851E-02
       6.02560E-02       6.30957E-02       6.16758E-02       2.83970E-03       2.46119E-03       8.66708E-01       5.34550E-02       4.31463E-02
       6.30957E-02       6.60693E-02       6.45825E-02       2.97360E-03       2.55590E-03       8.59531E-01       5.55107E-02       4.57022E-02
       6.60693E-02       6.91831E-02       6.76262E-02       3.11380E-03       2.65315E-03       8.52059E-01       5.76215E-02       4.83553E-02
       6.91831E-02       7.24436E-02       7.08134E-02       3.26050E-03       2.75315E-03       8.44394E-01       5.97944E-02       5.11085E-02
       7.24436E-02       7.58578E-02       7.41507E-02       3.41420E-03       2.85580E-03       8.36449E-01       6.20233E-02       5.39643E-02
       7.58578E-02       7.94328E-02       7.76453E-02       3.57500E-03       2.96115E-03       8.28294E-01       6.43131E-02       5.69254E-02
       7.94328E-02       8.31764E-02       8.13046E-02       3.74360E-03       3.06906E-03       8.19814E-01       6.66547E-02       5.99945E-02
       8.31764E-02       8.70964E-02       8.51364E-02       3.92000E-03       3.17950E-03       8.11098E-01       6.90539E-02       6.31740E-02
       8.70964E-02       9.12011E-02       8.91488E-02       4.10470E-03       3.29256E-03       8.02144E-01       7.15101E-02       6.64666E-02
       9.12011E-02       9.54993E-02       9.33502E-02       4.29820E-03       3.40806E-03       7.92904E-01       7.40177E-02       6.98746E-02
       9.54993E-02       1.00000E-01       9.77497E-02       4.50070E-03       3.52586E-03       7.83403E-01       7.65774E-02       7.34005E-02
       1.00000E-01       1.04713E-01       1.02357E-01       4.71300E-03       3.64616E-03       7.73639E-01       7.91870E-02       7.70466E-02
       1.04713E-01       1.09648E-01       1.07180E-01       4.93500E-03       3.76846E-03       7.63620E-01       8.18451E-02       8.08151E-02
       1.09648E-01       1.14815E-01       1.12231E-01       5.16700E-03       3.89313E-03       7.53459E-01       8.45619E-02       8.47082E-02
       1.14815E-01       1.20226E-01       1.17520E-01       5.41100E-03       4.01957E-03       7.42852E-01       8.73003E-02       8.87278E-02
       1.20226E-01       1.25892E-01       1.23059E-01       5.66600E-03       4.14808E-03       7.32100E-01       9.00915E-02       9.28759E-02
       1.25892E-01       1.31826E-01       1.28859E-01       5.93400E-03       4.27842E-03       7.21002E-01       9.29076E-02       9.71543E-02
       1.31826E-01       1.38038E-01       1.34932E-01       6.21200E-03       4.41023E-03       7.09953E-01       9.57954E-02       1.01565E-01
       1.38038E-01       1.44544E-01       1.41291E-01       6.50600E-03       4.54373E-03       6.98390E-01       9.86763E-02       1.06108E-01
       1.44544E-01       1.51356E-01       1.47950E-01       6.81200E-03       4.67849E-03       6.86801E-01       1.01612E-01       1.10787E-01
       1.51356E-01       1.58489E-01       1.54923E-01       7.13300E-03       4.81459E-03       6.74974E-01       1.04569E-01       1.15601E-01
       1.58489E-01       1.65959E-01       1.62224E-01       7.47000E-03       4.95174E-03       6.62884E-01       1.07536E-01       1.20553E-01
       1.65959E-01       1.73780E-01       1.69869E-01       7.82100E-03       5.08989E-03       6.50798E-01       1.10551E-01       1.25643E-01
       1.73780E-01       1.81970E-01       1.77875E-01       8.19000E-03       5.22889E-03       6.38448E-01       1.13564E-01       1.30872E-01
       1.81970E-01       1.90546E-01       1.86258E-01       8.57600E-03       5.36870E-03       6.26014E-01       1.16600E-01       1.36241E-01
       1.90546E-01       1.99526E-01       1.95036E-01       8.98000E-03       5.50915E-03       6.13491E-01       1.19653E-01       1.41750E-01
       1.99526E-01       2.08930E-01       2.04228E-01       9.40400E-03       5.65030E-03       6.00840E-01       1.22708E-01       1.47400E-01
       2.08930E-01       2.18776E-01       2.13853E-01       9.84600E-03       5.79201E-03       5.88260E-01       1.25801E-01       1.53192E-01
       2.18776E-01       2.29087E-01       2.23931E-01       1.03110E-02       5.93426E-03       5.75527E-01       1.28879E-01       1.59126E-01
       2.29087E-01       2.39883E-01       2.34485E-01       1.07960E-02       6.07721E-03       5.62914E-01       1.31995E-01       1.65203E-01
       2.39883E-01       2.51189E-01       2.45536E-01       1.13060E-02       6.22092E-03       5.50232E-01       1.35102E-01       1.71424E-01
       2.51189E-01       2.63027E-01       2.57108E-01       1.18380E-02       6.36562E-03       5.37727E-01       1.38254E-01       1.77790E-01
       2.63027E-01       2.75423E-01       2.69225E-01       1.23960E-02       6.51142E-03       5.25284E-01       1.41420E-01       1.84301E-01
       2.75423E-01       2.88403E-01       2.81913E-01       1.29800E-02       6.65863E-03       5.12991E-01       1.44619E-01       1.90960E-01
       2.88403E-01       3.01995E-01       2.95199E-01       1.35920E-02       6.80768E-03       5.00860E-01       1.47853E-01       1.97768E-01
       3.01995E-01       3.16228E-01       3.09112E-01       1.42330E-02       6.95909E-03       4.88941E-01       1.51137E-01       2.04727E-01
       3.16228E-01       3.31131E-01       3.23680E-01       1.49030E-02       7.11320E-03       4.77300E-01       1.54492E-01       2.11840E-01
       3.31131E-01       3.46737E-01       3.38934E-01       1.56060E-02       7.27104E-03       4.65913E-01       1.57914E-01       2.19111E-01
       3.46737E-01       3.63078E-01       3.54908E-01       1.63410E-02       7.43300E-03       4.54868E-01       1.61436E-01       2.26544E-01
       3.63078E-01       3.80189E-01       3.71633E-01       1.71110E-02       7.60006E-03       4.44162E-01       1.65066E-01       2.34144E-01
       3.80189E-01       3.98107E-01       3.89148E-01       1.79180E-02       7.77332E-03       4.33827E-01       1.68823E-01       2.41917E-01
       3.98107E-01       4.16869E-01       4.07488E-01       1.87620E-02       7.95357E-03       4.23919E-01       1.72742E-01       2.49871E-01
       4.16869E-01       4.36516E-01       4.26692E-01       1.96470E-02       8.14208E-03       4.14419E-01       1.76829E-01       2.58013E-01
       4.36516E-01       4.57088E-01       4.46802E-01       2.05720E-02       8.34019E-03       4.05414E-01       1.81140E-01       2.66353E-01
       4.57088E-01       4.78630E-01       4.67859E-01       2.15420E-02       8.54894E-03       3.96850E-01       1.85670E-01       2.74902E-01
       4.78630E-01       5.01187E-01       4.89909E-01       2.25570E-02       8.76985E-03       3.88786E-01       1.90470E-01       2.83672E-01
       5.01187E-01       5.24808E-01       5.12998E-01       2.36210E-02       9.00421E-03       3.81195E-01       1.95552E-01       2.92676E-01
       5.24808E-01       5.49541E-01       5.37174E-01       2.47330E-02       9.25347E-03       3.74135E-01       2.00976E-01       3.01930E-01
       5.49541E-01       5.75440E-01       5.62490E-01       2.58990E-02       9.51893E-03       3.67540E-01       2.06738E-01       3.11449E-01
       5.75440E-01       6.02560E-01       5.89000E-01       2.71200E-02       9.80204E-03       3.61432E-01       2.12884E-01       3.21251E-01
       6.02560E-01       6.30957E-01       6.16758E-01       2.83970E-02       1.01041E-02       3.55814E-01       2.19451E-01       3.31355E-01
       6.30957E-01       6.60693E-01       6.45825E-01       2.97360E-02       1.04264E-02       3.50633E-01       2.26447E-01       3.41781E-01
       6.60693E-01       6.91831E-01       6.76262E-01       3.11380E-02       1.07702E-02       3.45887E-01       2.33910E-01       3.52551E-01
       6.91831E-01       7.24436E-01       7.08133E-01       3.26050E-02       1.11368E-02       3.41569E-01       2.41876E-01       3.63688E-01
       7.24436E-01       7.58578E-01       7.41507E-01       3.41420E-02       1.15275E-02       3.37633E-01       2.50357E-01       3.75216E-01
       7.58578E-01       7.94328E-01       7.76453E-01       3.57500E-02       1.19434E-02       3.34081E-01       2.59398E-01       3.87159E-01
       7.94328E-01       8.31764E-01       8.13046E-01       3.74360E-02       1.23864E-02       3.30868E-01       2.69011E-01       3.99545E-01
       8.31764E-01       8.70964E-01       8.51364E-01       3.92000E-02       1.28581E-02       3.28012E-01       2.79257E-01       4.12404E-01
       8.70964E-01       9.12011E-01       8.91487E-01       4.10470E-02       1.33606E-02       3.25494E-01       2.90174E-01       4.25764E-01
       9.12011E-01       9.54993E-01       9.33502E-01       4.29820E-02       1.38966E-02       3.23313E-01       3.01813E-01       4.39661E-01
       9.54993E-01       1.00000E+00       9.77497E-01       4.50070E-02       1.44700E-02       3.21505E-01       3.14270E-01       4.54131E-01
       1.00000E+00       1.04713E+00       1.02357E+00       4.71300E-02       1.50851E-02       3.20075E-01       3.27617E-01       4.69216E-01
       1.04713E+00       1.09648E+00       1.07181E+00       4.93500E-02       1.57471E-02       3.19089E-01       3.42001E-01       4.84963E-01
       1.09648E+00       1.14815E+00       1.12231E+00       5.16700E-02       1.64637E-02       3.18633E-01       3.57606E-01       5.01427E-01
       1.14815E+00       1.20226E+00       1.17520E+00       5.41100E-02       1.72425E-02       3.18656E-01       3.74487E-01       5.18669E-01
       1.20226E+00       1.25892E+00       1.23059E+00       5.66600E-02       1.80951E-02       3.19363E-01       3.93005E-01       5.36764E-01
       1.25892E+00       1.31826E+00       1.28859E+00       5.93400E-02       1.90339E-02       3.20760E-01       4.13328E-01       5.55798E-01
       1.31826E+00       1.38038E+00       1.34932E+00       6.21200E-02       2.00752E-02       3.23168E-01       4.36058E-01       5.75873E-01
       1.38038E+00       1.44544E+00       1.41291E+00       6.50600E-02       2.12438E-02       3.26526E-01       4.61352E-01       5.97117E-01
       1.44544E+00       1.51356E+00       1.47950E+00       6.81200E-02       2.25726E-02       3.31366E-01       4.90256E-01       6.19690E-01
       1.51356E+00       1.58489E+00       1.54923E+00       7.13300E-02       2.41182E-02       3.38122E-01       5.23826E-01       6.43808E-01
       1.58489E+00       1.65959E+00       1.62224E+00       7.47000E-02       2.59733E-02       3.47701E-01       5.64055E-01       6.69781E-01
       1.65959E+00       1.73780E+00       1.69869E+00       7.82100E-02       2.82984E-02       3.61826E-01       6.14632E-01       6.98080E-01
       1.73780E+00       1.81970E+00       1.77875E+00       8.19000E-02       3.13750E-02       3.83089E-01       6.81419E-01       7.29455E-01
       1.81970E+00       1.90546E+00       1.86258E+00       8.57600E-02       3.56918E-02       4.16182E-01       7.75173E-01       7.65146E-01
       1.90546E+00       1.99526E+00       1.95036E+00       8.98000E-02       4.20907E-02       4.68716E-01       9.14165E-01       8.07237E-01
       1.99526E+00       2.08930E+00       2.04228E+00       9.40400E-02       5.20041E-02       5.53000E-01       1.12938E+00       8.59241E-01
       2.08930E+00       2.18776E+00       2.13853E+00       9.84600E-02       6.78318E-02       6.88928E-01       1.47329E+00       9.27073E-01
       2.18776E+00       2.29087E+00       2.23932E+00       1.03110E-01       7.29269E-02       7.07273E-01       1.58381E+00       1.00000E+00

 Sum =                                                                         1.00000E+00
 Renormalization bin#   975 =                                                  8.63692E-04 barn        1.98000E+07        2.00000E+07        1.99000E+07
 Avg. Energy     bin#   975 =                                                  1.14393E+00 MeV         1.98000E+07        2.00000E+07
