"        MT=611 recoil spectrum "
" Initial neutron energy corresponds to the group:"
   7.00000E+00    7.20000E+00       0.00000E+00           820           845            26



          Low               High              Mid              Energy           Number             dn/de            E*dn/de          Cumulative
         Energy            Energy            Energy             Width          Fraction                               Sum   
         [MeV]             [MeV]             [MeV]              [MeV]

       1.20226E-01       1.25892E-01       1.23059E-01       5.66600E-03       0.00000E+00       0.00000E+00       0.00000E+00       0.00000E+00
       1.25892E-01       1.31826E-01       1.28859E-01       5.93400E-03       1.42990E-03       2.40968E-01       3.10508E-02       1.42990E-03
       1.31826E-01       1.38038E-01       1.34932E-01       6.21200E-03       1.19118E-02       1.91755E+00       2.58739E-01       1.33417E-02
       1.38038E-01       1.44544E-01       1.41291E-01       6.50600E-03       2.29599E-02       3.52903E+00       4.98620E-01       3.63016E-02
       1.44544E-01       1.51356E-01       1.47950E-01       6.81200E-03       2.91090E-02       4.27319E+00       6.32218E-01       6.54106E-02
       1.51356E-01       1.58489E-01       1.54923E-01       7.13300E-03       3.04852E-02       4.27382E+00       6.62111E-01       9.58957E-02
       1.58489E-01       1.65959E-01       1.62224E-01       7.47000E-03       3.19220E-02       4.27336E+00       6.93241E-01       1.27818E-01
       1.65959E-01       1.73780E-01       1.69869E-01       7.82100E-03       3.34263E-02       4.27392E+00       7.26008E-01       1.61244E-01
       1.73780E-01       1.81970E-01       1.77875E-01       8.19000E-03       3.50016E-02       4.27371E+00       7.60185E-01       1.96246E-01
       1.81970E-01       1.90546E-01       1.86258E-01       8.57600E-03       3.66512E-02       4.27370E+00       7.96010E-01       2.32897E-01
       1.90546E-01       1.99526E-01       1.95036E-01       8.98000E-03       3.83783E-02       4.27375E+00       8.33535E-01       2.71275E-01
       1.99526E-01       2.08930E-01       2.04228E-01       9.40400E-03       4.01873E-02       4.27342E+00       8.72753E-01       3.11462E-01
       2.08930E-01       2.18776E-01       2.13853E-01       9.84600E-03       4.20814E-02       4.27396E+00       9.13999E-01       3.53544E-01
       2.18776E-01       2.29087E-01       2.23931E-01       1.03110E-02       4.40645E-02       4.27354E+00       9.56980E-01       3.97608E-01
       2.29087E-01       2.39883E-01       2.34485E-01       1.07960E-02       4.61410E-02       4.27390E+00       1.00216E+00       4.43749E-01
       2.39883E-01       2.51189E-01       2.45536E-01       1.13060E-02       4.83154E-02       4.27343E+00       1.04928E+00       4.92065E-01
       2.51189E-01       2.63027E-01       2.57108E-01       1.18380E-02       5.05929E-02       4.27377E+00       1.09882E+00       5.42658E-01
       2.63027E-01       2.75423E-01       2.69225E-01       1.23960E-02       5.29772E-02       4.27374E+00       1.15060E+00       5.95635E-01
       2.75423E-01       2.88403E-01       2.81913E-01       1.29800E-02       5.54739E-02       4.27380E+00       1.20484E+00       6.51109E-01
       2.88403E-01       3.01995E-01       2.95199E-01       1.35920E-02       5.80881E-02       4.27370E+00       1.26159E+00       7.09197E-01
       3.01995E-01       3.16228E-01       3.09112E-01       1.42330E-02       6.08258E-02       4.27358E+00       1.32101E+00       7.70023E-01
       3.16228E-01       3.31131E-01       3.23680E-01       1.49030E-02       6.36922E-02       4.27379E+00       1.38334E+00       8.33715E-01
       3.31131E-01       3.46737E-01       3.38934E-01       1.56060E-02       6.66945E-02       4.27365E+00       1.44848E+00       9.00409E-01
       3.46737E-01       3.63078E-01       3.54908E-01       1.63410E-02       5.91663E-02       3.62073E+00       1.28502E+00       9.59576E-01
       3.63078E-01       3.80189E-01       3.71633E-01       1.71110E-02       3.48039E-02       2.03401E+00       7.55905E-01       9.94380E-01
       3.80189E-01       3.98107E-01       3.89148E-01       1.79180E-02       5.62031E-03       3.13668E-01       1.22063E-01       1.00000E+00

 Sum =                                                                         1.00000E+00
 Renormalization bin#   911 =                                                  9.55101E-06 barn        7.00000E+06        7.20000E+06        7.10000E+06
 Avg. Energy     bin#   911 =                                                  2.53416E-01 MeV         7.00000E+06        7.20000E+06
