"        MT=607 recoil spectrum "
" Initial neutron energy corresponds to the group:"
   1.66000E+01    1.68000E+01       0.00000E+00           784           878            95



          Low               High              Mid              Energy           Number             dn/de            E*dn/de          Cumulative
         Energy            Energy            Energy             Width          Fraction                               Sum   
         [MeV]             [MeV]             [MeV]              [MeV]

       2.29087E-02       2.39883E-02       2.34485E-02       1.07960E-03       0.00000E+00       0.00000E+00       0.00000E+00       0.00000E+00
       2.39883E-02       2.51189E-02       2.45536E-02       1.13060E-03       2.46502E-04       2.18028E-01       5.35336E-03       2.46502E-04
       2.51189E-02       2.63027E-02       2.57108E-02       1.18380E-03       6.56471E-04       5.54546E-01       1.42578E-02       9.02973E-04
       2.63027E-02       2.75423E-02       2.69225E-02       1.23960E-03       6.88214E-04       5.55189E-01       1.49471E-02       1.59119E-03
       2.75423E-02       2.88403E-02       2.81913E-02       1.29800E-03       7.21580E-04       5.55917E-01       1.56720E-02       2.31277E-03
       2.88403E-02       3.01995E-02       2.95199E-02       1.35920E-03       7.56494E-04       5.56574E-01       1.64300E-02       3.06926E-03
       3.01995E-02       3.16228E-02       3.09112E-02       1.42330E-03       7.93194E-04       5.57292E-01       1.72265E-02       3.86245E-03
       3.16228E-02       3.31131E-02       3.23680E-02       1.49030E-03       8.31724E-04       5.58092E-01       1.80643E-02       4.69418E-03
       3.31131E-02       3.46737E-02       3.38934E-02       1.56060E-03       8.72138E-04       5.58849E-01       1.89413E-02       5.56632E-03
       3.46737E-02       3.63078E-02       3.54908E-02       1.63410E-03       9.14591E-04       5.59691E-01       1.98638E-02       6.48091E-03
       3.63078E-02       3.80189E-02       3.71633E-02       1.71110E-03       9.59130E-04       5.60535E-01       2.08313E-02       7.44004E-03
       3.80189E-02       3.98107E-02       3.89148E-02       1.79180E-03       1.00591E-03       5.61396E-01       2.18466E-02       8.44595E-03
       3.98107E-02       4.16869E-02       4.07488E-02       1.87620E-03       1.05497E-03       5.62288E-01       2.29126E-02       9.50091E-03
       4.16869E-02       4.36516E-02       4.26693E-02       1.96470E-03       1.10653E-03       5.63204E-01       2.40315E-02       1.06074E-02
       4.36516E-02       4.57088E-02       4.46802E-02       2.05720E-03       1.16064E-03       5.64187E-01       2.52080E-02       1.17681E-02
       4.57088E-02       4.78630E-02       4.67859E-02       2.15420E-03       1.21748E-03       5.65164E-01       2.64417E-02       1.29856E-02
       4.78630E-02       5.01187E-02       4.89908E-02       2.25570E-03       1.27718E-03       5.66200E-01       2.77386E-02       1.42627E-02
       5.01187E-02       5.24808E-02       5.12998E-02       2.36210E-03       1.33984E-03       5.67225E-01       2.90985E-02       1.56026E-02
       5.24808E-02       5.49541E-02       5.37174E-02       2.47330E-03       1.40567E-03       5.68340E-01       3.05298E-02       1.70083E-02
       5.49541E-02       5.75440E-02       5.62491E-02       2.58990E-03       1.47478E-03       5.69436E-01       3.20302E-02       1.84830E-02
       5.75440E-02       6.02560E-02       5.89000E-02       2.71200E-03       1.54737E-03       5.70565E-01       3.36063E-02       2.00304E-02
       6.02560E-02       6.30957E-02       6.16758E-02       2.83970E-03       1.62362E-03       5.71757E-01       3.52636E-02       2.16540E-02
       6.30957E-02       6.60693E-02       6.45825E-02       2.97360E-03       1.70367E-03       5.72933E-01       3.70014E-02       2.33577E-02
       6.60693E-02       6.91831E-02       6.76262E-02       3.11380E-03       1.78777E-03       5.74143E-01       3.88271E-02       2.51455E-02
       6.91831E-02       7.24436E-02       7.08134E-02       3.26050E-03       1.87612E-03       5.75410E-01       4.07467E-02       2.70216E-02
       7.24436E-02       7.58578E-02       7.41507E-02       3.41420E-03       1.96885E-03       5.76666E-01       4.27602E-02       2.89904E-02
       7.58578E-02       7.94328E-02       7.76453E-02       3.57500E-03       2.06626E-03       5.77976E-01       4.48771E-02       3.10567E-02
       7.94328E-02       8.31764E-02       8.13046E-02       3.74360E-03       2.16856E-03       5.79271E-01       4.70974E-02       3.32253E-02
       8.31764E-02       8.70964E-02       8.51364E-02       3.92000E-03       2.27599E-03       5.80609E-01       4.94310E-02       3.55012E-02
       8.70964E-02       9.12011E-02       8.91488E-02       4.10470E-03       2.38873E-03       5.81948E-01       5.18800E-02       3.78900E-02
       9.12011E-02       9.54993E-02       9.33502E-02       4.29820E-03       2.50718E-03       5.83311E-01       5.44522E-02       4.03972E-02
       9.54993E-02       1.00000E-01       9.77497E-02       4.50070E-03       2.63145E-03       5.84676E-01       5.71518E-02       4.30286E-02
       1.00000E-01       1.04713E-01       1.02357E-01       4.71300E-03       2.76196E-03       5.86031E-01       5.99841E-02       4.57906E-02
       1.04713E-01       1.09648E-01       1.07180E-01       4.93500E-03       2.89885E-03       5.87406E-01       6.29585E-02       4.86894E-02
       1.09648E-01       1.14815E-01       1.12231E-01       5.16700E-03       3.04257E-03       5.88847E-01       6.60872E-02       5.17320E-02
       1.14815E-01       1.20226E-01       1.17520E-01       5.41100E-03       3.19321E-03       5.90133E-01       6.93527E-02       5.49252E-02
       1.20226E-01       1.25892E-01       1.23059E-01       5.66600E-03       3.35132E-03       5.91479E-01       7.27868E-02       5.82765E-02
       1.25892E-01       1.31826E-01       1.28859E-01       5.93400E-03       3.51707E-03       5.92697E-01       7.63744E-02       6.17936E-02
       1.31826E-01       1.38038E-01       1.34932E-01       6.21200E-03       3.69071E-03       5.94126E-01       8.01666E-02       6.54843E-02
       1.38038E-01       1.44544E-01       1.41291E-01       6.50600E-03       3.87278E-03       5.95264E-01       8.41054E-02       6.93571E-02
       1.44544E-01       1.51356E-01       1.47950E-01       6.81200E-03       4.06342E-03       5.96509E-01       8.82536E-02       7.34205E-02
       1.51356E-01       1.58489E-01       1.54923E-01       7.13300E-03       4.26305E-03       5.97652E-01       9.25898E-02       7.76836E-02
       1.58489E-01       1.65959E-01       1.62224E-01       7.47000E-03       4.47197E-03       5.98657E-01       9.71165E-02       8.21555E-02
       1.65959E-01       1.73780E-01       1.69869E-01       7.82100E-03       4.69044E-03       5.99724E-01       1.01875E-01       8.68460E-02
       1.73780E-01       1.81970E-01       1.77875E-01       8.19000E-03       4.91888E-03       6.00595E-01       1.06831E-01       9.17648E-02
       1.81970E-01       1.90546E-01       1.86258E-01       8.57600E-03       5.15759E-03       6.01398E-01       1.12015E-01       9.69224E-02
       1.90546E-01       1.99526E-01       1.95036E-01       8.98000E-03       5.40679E-03       6.02092E-01       1.17430E-01       1.02329E-01
       1.99526E-01       2.08930E-01       2.04228E-01       9.40400E-03       5.66686E-03       6.02601E-01       1.23068E-01       1.07996E-01
       2.08930E-01       2.18776E-01       2.13853E-01       9.84600E-03       5.93805E-03       6.03093E-01       1.28973E-01       1.13934E-01
       2.18776E-01       2.29087E-01       2.23931E-01       1.03110E-02       6.22053E-03       6.03291E-01       1.35096E-01       1.20155E-01
       2.29087E-01       2.39883E-01       2.34485E-01       1.07960E-02       6.51456E-03       6.03424E-01       1.41494E-01       1.26669E-01
       2.39883E-01       2.51189E-01       2.45536E-01       1.13060E-02       6.82038E-03       6.03253E-01       1.48120E-01       1.33490E-01
       2.51189E-01       2.63027E-01       2.57108E-01       1.18380E-02       7.13822E-03       6.02992E-01       1.55034E-01       1.40628E-01
       2.63027E-01       2.75423E-01       2.69225E-01       1.23960E-02       7.46801E-03       6.02453E-01       1.62195E-01       1.48096E-01
       2.75423E-01       2.88403E-01       2.81913E-01       1.29800E-02       7.80999E-03       6.01694E-01       1.69625E-01       1.55906E-01
       2.88403E-01       3.01995E-01       2.95199E-01       1.35920E-02       8.16416E-03       6.00659E-01       1.77314E-01       1.64070E-01
       3.01995E-01       3.16228E-01       3.09112E-01       1.42330E-02       8.53064E-03       5.99356E-01       1.85268E-01       1.72601E-01
       3.16228E-01       3.31131E-01       3.23680E-01       1.49030E-02       8.90924E-03       5.97815E-01       1.93501E-01       1.81510E-01
       3.31131E-01       3.46737E-01       3.38934E-01       1.56060E-02       9.30009E-03       5.95931E-01       2.01981E-01       1.90810E-01
       3.46737E-01       3.63078E-01       3.54908E-01       1.63410E-02       9.70296E-03       5.93780E-01       2.10737E-01       2.00513E-01
       3.63078E-01       3.80189E-01       3.71633E-01       1.71110E-02       1.01178E-02       5.91303E-01       2.19748E-01       2.10631E-01
       3.80189E-01       3.98107E-01       3.89148E-01       1.79180E-02       1.05445E-02       5.88487E-01       2.29009E-01       2.21175E-01
       3.98107E-01       4.16869E-01       4.07488E-01       1.87620E-02       1.09829E-02       5.85380E-01       2.38535E-01       2.32158E-01
       4.16869E-01       4.36516E-01       4.26692E-01       1.96470E-02       1.14330E-02       5.81919E-01       2.48301E-01       2.43591E-01
       4.36516E-01       4.57088E-01       4.46802E-01       2.05720E-02       1.18948E-02       5.78201E-01       2.58341E-01       2.55486E-01
       4.57088E-01       4.78630E-01       4.67859E-01       2.15420E-02       1.23682E-02       5.74142E-01       2.68617E-01       2.67854E-01
       4.78630E-01       5.01187E-01       4.89909E-01       2.25570E-02       1.28535E-02       5.69824E-01       2.79162E-01       2.80708E-01
       5.01187E-01       5.24808E-01       5.12998E-01       2.36210E-02       1.33514E-02       5.65235E-01       2.89964E-01       2.94059E-01
       5.24808E-01       5.49541E-01       5.37174E-01       2.47330E-02       1.38623E-02       5.60478E-01       3.01074E-01       3.07921E-01
       5.49541E-01       5.75440E-01       5.62490E-01       2.58990E-02       1.43875E-02       5.55524E-01       3.12477E-01       3.22309E-01
       5.75440E-01       6.02560E-01       5.89000E-01       2.71200E-02       1.49286E-02       5.50466E-01       3.24224E-01       3.37237E-01
       6.02560E-01       6.30957E-01       6.16758E-01       2.83970E-02       1.54876E-02       5.45395E-01       3.36377E-01       3.52725E-01
       6.30957E-01       6.60693E-01       6.45825E-01       2.97360E-02       1.60676E-02       5.40342E-01       3.48967E-01       3.68793E-01
       6.60693E-01       6.91831E-01       6.76262E-01       3.11380E-02       1.66725E-02       5.35439E-01       3.62097E-01       3.85465E-01
       6.91831E-01       7.24436E-01       7.08133E-01       3.26050E-02       1.73070E-02       5.30809E-01       3.75883E-01       4.02772E-01
       7.24436E-01       7.58578E-01       7.41507E-01       3.41420E-02       1.79775E-02       5.26550E-01       3.90440E-01       4.20750E-01
       7.58578E-01       7.94328E-01       7.76453E-01       3.57500E-02       1.86915E-02       5.22840E-01       4.05960E-01       4.39441E-01
       7.94328E-01       8.31764E-01       8.13046E-01       3.74360E-02       1.94585E-02       5.19782E-01       4.22606E-01       4.58900E-01
       8.31764E-01       8.70964E-01       8.51364E-01       3.92000E-02       2.02896E-02       5.17591E-01       4.40659E-01       4.79189E-01
       8.70964E-01       9.12011E-01       8.91487E-01       4.10470E-02       2.11980E-02       5.16432E-01       4.60392E-01       5.00387E-01
       9.12011E-01       9.54993E-01       9.33502E-01       4.29820E-02       2.21989E-02       5.16470E-01       4.82125E-01       5.22586E-01
       9.54993E-01       1.00000E+00       9.77497E-01       4.50070E-02       2.33094E-02       5.17905E-01       5.06250E-01       5.45895E-01
       1.00000E+00       1.04713E+00       1.02357E+00       4.71300E-02       2.45484E-02       5.20866E-01       5.33140E-01       5.70444E-01
       1.04713E+00       1.09648E+00       1.07181E+00       4.93500E-02       2.59345E-02       5.25522E-01       5.63257E-01       5.96378E-01
       1.09648E+00       1.14815E+00       1.12231E+00       5.16700E-02       2.74890E-02       5.32010E-01       5.97083E-01       6.23867E-01
       1.14815E+00       1.20226E+00       1.17520E+00       5.41100E-02       2.92263E-02       5.40127E-01       6.34760E-01       6.53094E-01
       1.20226E+00       1.25892E+00       1.23059E+00       5.66600E-02       3.11605E-02       5.49956E-01       6.76771E-01       6.84254E-01
       1.25892E+00       1.31826E+00       1.28859E+00       5.93400E-02       3.32917E-02       5.61034E-01       7.22942E-01       7.17546E-01
       1.31826E+00       1.38038E+00       1.34932E+00       6.21200E-02       3.56026E-02       5.73127E-01       7.73332E-01       7.53148E-01
       1.38038E+00       1.44544E+00       1.41291E+00       6.50600E-02       3.80511E-02       5.84862E-01       8.26357E-01       7.91200E-01
       1.44544E+00       1.51356E+00       1.47950E+00       6.81200E-02       4.05462E-02       5.95217E-01       8.80623E-01       8.31746E-01
       1.51356E+00       1.58489E+00       1.54923E+00       7.13300E-02       4.29344E-02       6.01913E-01       9.32498E-01       8.74680E-01
       1.58489E+00       1.65959E+00       1.62224E+00       7.47000E-02       4.49588E-02       6.01858E-01       9.76359E-01       9.19639E-01
       1.65959E+00       1.73780E+00       1.69869E+00       7.82100E-02       4.62147E-02       5.90906E-01       1.00377E+00       9.65854E-01
       1.73780E+00       1.81970E+00       1.77875E+00       8.19000E-02       3.41461E-02       4.16924E-01       7.41604E-01       1.00000E+00

 Sum =                                                                         1.00000E+00
 Renormalization bin#   959 =                                                  1.73109E-03 barn        1.66000E+07        1.68000E+07        1.67000E+07
 Avg. Energy     bin#   959 =                                                  9.11637E-01 MeV         1.66000E+07        1.68000E+07
