"        MT=600 recoil spectrum "
" Initial neutron energy corresponds to the group:"
   1.38000E+01    1.40000E+01       0.00000E+00           768           876           109



          Low               High              Mid              Energy           Number             dn/de            E*dn/de          Cumulative
         Energy            Energy            Energy             Width          Fraction                               Sum   
         [MeV]             [MeV]             [MeV]              [MeV]

       1.09648E-02       1.14815E-02       1.12232E-02       5.16700E-04       0.00000E+00       0.00000E+00       0.00000E+00       0.00000E+00
       1.14815E-02       1.20226E-02       1.17521E-02       5.41100E-04       1.98312E-04       3.66498E-01       4.30710E-03       1.98312E-04
       1.20226E-02       1.25892E-02       1.23059E-02       5.66601E-04       3.38922E-04       5.98167E-01       7.36099E-03       5.37234E-04
       1.25892E-02       1.31826E-02       1.28859E-02       5.93399E-04       3.55135E-04       5.98476E-01       7.71190E-03       8.92369E-04
       1.31826E-02       1.38038E-02       1.34932E-02       6.21200E-04       3.72062E-04       5.98941E-01       8.08163E-03       1.26443E-03
       1.38038E-02       1.44544E-02       1.41291E-02       6.50601E-04       3.89850E-04       5.99215E-01       8.46637E-03       1.65428E-03
       1.44544E-02       1.51356E-02       1.47950E-02       6.81199E-04       4.08463E-04       5.99624E-01       8.87144E-03       2.06274E-03
       1.51356E-02       1.58489E-02       1.54923E-02       7.13301E-04       4.28025E-04       6.00062E-01       9.29631E-03       2.49077E-03
       1.58489E-02       1.65959E-02       1.62224E-02       7.47000E-04       4.48537E-04       6.00451E-01       9.74076E-03       2.93931E-03
       1.65959E-02       1.73780E-02       1.69870E-02       7.82100E-04       4.69978E-04       6.00918E-01       1.02078E-02       3.40928E-03
       1.73780E-02       1.81970E-02       1.77875E-02       8.19000E-04       4.92541E-04       6.01393E-01       1.06973E-02       3.90182E-03
       1.81970E-02       1.90546E-02       1.86258E-02       8.57600E-04       5.16177E-04       6.01886E-01       1.12106E-02       4.41800E-03
       1.90546E-02       1.99526E-02       1.95036E-02       8.98000E-04       5.40953E-04       6.02398E-01       1.17489E-02       4.95895E-03
       1.99526E-02       2.08930E-02       2.04228E-02       9.40400E-04       5.66979E-04       6.02912E-01       1.23132E-02       5.52593E-03
       2.08930E-02       2.18776E-02       2.13853E-02       9.84600E-04       5.94205E-04       6.03499E-01       1.29060E-02       6.12014E-03
       2.18776E-02       2.29087E-02       2.23931E-02       1.03110E-03       6.22806E-04       6.04021E-01       1.35259E-02       6.74294E-03
       2.29087E-02       2.39883E-02       2.34485E-02       1.07960E-03       6.52807E-04       6.04674E-01       1.41787E-02       7.39575E-03
       2.39883E-02       2.51189E-02       2.45536E-02       1.13060E-03       6.84283E-04       6.05239E-01       1.48608E-02       8.08003E-03
       2.51189E-02       2.63027E-02       2.57108E-02       1.18380E-03       7.17284E-04       6.05917E-01       1.55786E-02       8.79732E-03
       2.63027E-02       2.75423E-02       2.69225E-02       1.23960E-03       7.51984E-04       6.06633E-01       1.63321E-02       9.54930E-03
       2.75423E-02       2.88403E-02       2.81913E-02       1.29800E-03       7.88323E-04       6.07337E-01       1.71216E-02       1.03376E-02
       2.88403E-02       3.01995E-02       2.95199E-02       1.35920E-03       8.26473E-04       6.08059E-01       1.79498E-02       1.11641E-02
       3.01995E-02       3.16228E-02       3.09112E-02       1.42330E-03       8.66513E-04       6.08806E-01       1.88189E-02       1.20306E-02
       3.16228E-02       3.31131E-02       3.23680E-02       1.49030E-03       9.08527E-04       6.09627E-01       1.97324E-02       1.29391E-02
       3.31131E-02       3.46737E-02       3.38934E-02       1.56060E-03       9.52616E-04       6.10417E-01       2.06891E-02       1.38918E-02
       3.46737E-02       3.63078E-02       3.54908E-02       1.63410E-03       9.98904E-04       6.11286E-01       2.16950E-02       1.48907E-02
       3.63078E-02       3.80189E-02       3.71633E-02       1.71110E-03       1.04752E-03       6.12190E-01       2.27510E-02       1.59382E-02
       3.80189E-02       3.98107E-02       3.89148E-02       1.79180E-03       1.09854E-03       6.13095E-01       2.38585E-02       1.70367E-02
       3.98107E-02       4.16869E-02       4.07488E-02       1.87620E-03       1.15207E-03       6.14046E-01       2.50216E-02       1.81888E-02
       4.16869E-02       4.36516E-02       4.26693E-02       1.96470E-03       1.20827E-03       6.14990E-01       2.62412E-02       1.93971E-02
       4.36516E-02       4.57088E-02       4.46802E-02       2.05720E-03       1.26737E-03       6.16067E-01       2.75260E-02       2.06644E-02
       4.57088E-02       4.78630E-02       4.67859E-02       2.15420E-03       1.32938E-03       6.17111E-01       2.88721E-02       2.19938E-02
       4.78630E-02       5.01187E-02       4.89908E-02       2.25570E-03       1.39449E-03       6.18208E-01       3.02865E-02       2.33883E-02
       5.01187E-02       5.24808E-02       5.12998E-02       2.36210E-03       1.46287E-03       6.19309E-01       3.17704E-02       2.48512E-02
       5.24808E-02       5.49541E-02       5.37174E-02       2.47330E-03       1.53470E-03       6.20508E-01       3.33321E-02       2.63859E-02
       5.49541E-02       5.75440E-02       5.62491E-02       2.58990E-03       1.61013E-03       6.21697E-01       3.49699E-02       2.79960E-02
       5.75440E-02       6.02560E-02       5.89000E-02       2.71200E-03       1.68942E-03       6.22943E-01       3.66914E-02       2.96854E-02
       6.02560E-02       6.30957E-02       6.16758E-02       2.83970E-03       1.77266E-03       6.24242E-01       3.85006E-02       3.14581E-02
       6.30957E-02       6.60693E-02       6.45825E-02       2.97360E-03       1.86015E-03       6.25557E-01       4.04000E-02       3.33182E-02
       6.60693E-02       6.91831E-02       6.76262E-02       3.11380E-03       1.95199E-03       6.26883E-01       4.23937E-02       3.52702E-02
       6.91831E-02       7.24436E-02       7.08134E-02       3.26050E-03       2.04851E-03       6.28280E-01       4.44906E-02       3.73187E-02
       7.24436E-02       7.58578E-02       7.41507E-02       3.41420E-03       2.14990E-03       6.29696E-01       4.66924E-02       3.94686E-02
       7.58578E-02       7.94328E-02       7.76453E-02       3.57500E-03       2.25642E-03       6.31167E-01       4.90072E-02       4.17251E-02
       7.94328E-02       8.31764E-02       8.13046E-02       3.74360E-03       2.36838E-03       6.32648E-01       5.14372E-02       4.40934E-02
       8.31764E-02       8.70964E-02       8.51364E-02       3.92000E-03       2.48595E-03       6.34171E-01       5.39910E-02       4.65794E-02
       8.70964E-02       9.12011E-02       8.91488E-02       4.10470E-03       2.60946E-03       6.35725E-01       5.66741E-02       4.91889E-02
       9.12011E-02       9.54993E-02       9.33502E-02       4.29820E-03       2.73925E-03       6.37303E-01       5.94924E-02       5.19281E-02
       9.54993E-02       1.00000E-01       9.77497E-02       4.50070E-03       2.87551E-03       6.38902E-01       6.24525E-02       5.48036E-02
       1.00000E-01       1.04713E-01       1.02357E-01       4.71300E-03       3.01869E-03       6.40502E-01       6.55595E-02       5.78223E-02
       1.04713E-01       1.09648E-01       1.07180E-01       4.93500E-03       3.16895E-03       6.42137E-01       6.88246E-02       6.09913E-02
       1.09648E-01       1.14815E-01       1.12231E-01       5.16700E-03       3.32692E-03       6.43879E-01       7.22635E-02       6.43182E-02
       1.14815E-01       1.20226E-01       1.17520E-01       5.41100E-03       3.49256E-03       6.45456E-01       7.58544E-02       6.78107E-02
       1.20226E-01       1.25892E-01       1.23059E-01       5.66600E-03       3.66661E-03       6.47125E-01       7.96346E-02       7.14774E-02
       1.25892E-01       1.31826E-01       1.28859E-01       5.93400E-03       3.84921E-03       6.48671E-01       8.35871E-02       7.53266E-02
       1.31826E-01       1.38038E-01       1.34932E-01       6.21200E-03       4.04074E-03       6.50473E-01       8.77697E-02       7.93673E-02
       1.38038E-01       1.44544E-01       1.41291E-01       6.50600E-03       4.24178E-03       6.51980E-01       9.21189E-02       8.36091E-02
       1.44544E-01       1.51356E-01       1.47950E-01       6.81200E-03       4.45243E-03       6.53615E-01       9.67023E-02       8.80615E-02
       1.51356E-01       1.58489E-01       1.54923E-01       7.13300E-03       4.67336E-03       6.55175E-01       1.01501E-01       9.27349E-02
       1.58489E-01       1.65959E-01       1.62224E-01       7.47000E-03       4.90481E-03       6.56601E-01       1.06516E-01       9.76397E-02
       1.65959E-01       1.73780E-01       1.69869E-01       7.82100E-03       5.14723E-03       6.58130E-01       1.11796E-01       1.02787E-01
       1.73780E-01       1.81970E-01       1.77875E-01       8.19000E-03       5.40097E-03       6.59459E-01       1.17301E-01       1.08188E-01
       1.81970E-01       1.90546E-01       1.86258E-01       8.57600E-03       5.66651E-03       6.60740E-01       1.23068E-01       1.13854E-01
       1.90546E-01       1.99526E-01       1.95036E-01       8.98000E-03       5.94408E-03       6.61924E-01       1.29099E-01       1.19798E-01
       1.99526E-01       2.08930E-01       2.04228E-01       9.40400E-03       6.23426E-03       6.62937E-01       1.35390E-01       1.26033E-01
       2.08930E-01       2.18776E-01       2.13853E-01       9.84600E-03       6.53723E-03       6.63948E-01       1.41987E-01       1.32570E-01
       2.18776E-01       2.29087E-01       2.23931E-01       1.03110E-02       6.85330E-03       6.64659E-01       1.48838E-01       1.39423E-01
       2.29087E-01       2.39883E-01       2.34485E-01       1.07960E-02       7.18281E-03       6.65321E-01       1.56008E-01       1.46606E-01
       2.39883E-01       2.51189E-01       2.45536E-01       1.13060E-02       7.52602E-03       6.65666E-01       1.63445E-01       1.54132E-01
       2.51189E-01       2.63027E-01       2.57108E-01       1.18380E-02       7.88331E-03       6.65933E-01       1.71217E-01       1.62015E-01
       2.63027E-01       2.75423E-01       2.69225E-01       1.23960E-02       8.25458E-03       6.65907E-01       1.79279E-01       1.70270E-01
       2.75423E-01       2.88403E-01       2.81913E-01       1.29800E-02       8.64016E-03       6.65652E-01       1.87656E-01       1.78910E-01
       2.88403E-01       3.01995E-01       2.95199E-01       1.35920E-02       9.04010E-03       6.65105E-01       1.96338E-01       1.87950E-01
       3.01995E-01       3.16228E-01       3.09112E-01       1.42330E-02       9.45454E-03       6.64269E-01       2.05333E-01       1.97405E-01
       3.16228E-01       3.31131E-01       3.23680E-01       1.49030E-02       9.88333E-03       6.63177E-01       2.14657E-01       2.07288E-01
       3.31131E-01       3.46737E-01       3.38934E-01       1.56060E-02       1.03267E-02       6.61714E-01       2.24277E-01       2.17615E-01
       3.46737E-01       3.63078E-01       3.54908E-01       1.63410E-02       1.07843E-02       6.59954E-01       2.34223E-01       2.28399E-01
       3.63078E-01       3.80189E-01       3.71633E-01       1.71110E-02       1.12563E-02       6.57838E-01       2.44475E-01       2.39655E-01
       3.80189E-01       3.98107E-01       3.89148E-01       1.79180E-02       1.17426E-02       6.55354E-01       2.55030E-01       2.51398E-01
       3.98107E-01       4.16869E-01       4.07488E-01       1.87620E-02       1.22432E-02       6.52553E-01       2.65907E-01       2.63641E-01
       4.16869E-01       4.36516E-01       4.26692E-01       1.96470E-02       1.27582E-02       6.49373E-01       2.77083E-01       2.76399E-01
       4.36516E-01       4.57088E-01       4.46802E-01       2.05720E-02       1.32878E-02       6.45919E-01       2.88598E-01       2.89687E-01
       4.57088E-01       4.78630E-01       4.67859E-01       2.15420E-02       1.38326E-02       6.42124E-01       3.00424E-01       3.03520E-01
       4.78630E-01       5.01187E-01       4.89909E-01       2.25570E-02       1.43933E-02       6.38086E-01       3.12604E-01       3.17913E-01
       5.01187E-01       5.24808E-01       5.12998E-01       2.36210E-02       1.49711E-02       6.33805E-01       3.25141E-01       3.32884E-01
       5.24808E-01       5.49541E-01       5.37174E-01       2.47330E-02       1.55675E-02       6.29422E-01       3.38109E-01       3.48452E-01
       5.49541E-01       5.75440E-01       5.62490E-01       2.58990E-02       1.61850E-02       6.24927E-01       3.51516E-01       3.64637E-01
       5.75440E-01       6.02560E-01       5.89000E-01       2.71200E-02       1.68271E-02       6.20469E-01       3.65456E-01       3.81464E-01
       6.02560E-01       6.30957E-01       6.16758E-01       2.83970E-02       1.74976E-02       6.16178E-01       3.80033E-01       3.98962E-01
       6.30957E-01       6.60693E-01       6.45825E-01       2.97360E-02       1.82023E-02       6.12130E-01       3.95329E-01       4.17164E-01
       6.60693E-01       6.91831E-01       6.76262E-01       3.11380E-02       1.89479E-02       6.08515E-01       4.11515E-01       4.36112E-01
       6.91831E-01       7.24436E-01       7.08133E-01       3.26050E-02       1.97429E-02       6.05519E-01       4.28788E-01       4.55855E-01
       7.24436E-01       7.58578E-01       7.41507E-01       3.41420E-02       2.05975E-02       6.03288E-01       4.47342E-01       4.76452E-01
       7.58578E-01       7.94328E-01       7.76453E-01       3.57500E-02       2.15233E-02       6.02051E-01       4.67464E-01       4.97975E-01
       7.94328E-01       8.31764E-01       8.13046E-01       3.74360E-02       2.25341E-02       6.01937E-01       4.89403E-01       5.20510E-01
       8.31764E-01       8.70964E-01       8.51364E-01       3.92000E-02       2.36445E-02       6.03175E-01       5.13522E-01       5.44154E-01
       8.70964E-01       9.12011E-01       8.91487E-01       4.10470E-02       2.48701E-02       6.05894E-01       5.40147E-01       5.69024E-01
       9.12011E-01       9.54993E-01       9.33502E-01       4.29820E-02       2.62260E-02       6.10163E-01       5.69589E-01       5.95250E-01
       9.54993E-01       1.00000E+00       9.77497E-01       4.50070E-02       2.77254E-02       6.16024E-01       6.02161E-01       6.22976E-01
       1.00000E+00       1.04713E+00       1.02357E+00       4.71300E-02       2.93776E-02       6.23331E-01       6.38020E-01       6.52353E-01
       1.04713E+00       1.09648E+00       1.07181E+00       4.93500E-02       3.11824E-02       6.31862E-01       6.77232E-01       6.83536E-01
       1.09648E+00       1.14815E+00       1.12231E+00       5.16700E-02       3.31315E-02       6.41214E-01       7.19644E-01       7.16667E-01
       1.14815E+00       1.20226E+00       1.17520E+00       5.41100E-02       3.51928E-02       6.50394E-01       7.64346E-01       7.51860E-01
       1.20226E+00       1.25892E+00       1.23059E+00       5.66600E-02       3.73151E-02       6.58580E-01       8.10441E-01       7.89175E-01
       1.25892E+00       1.31826E+00       1.28859E+00       5.93400E-02       3.94082E-02       6.64108E-01       8.55762E-01       8.28583E-01
       1.31826E+00       1.38038E+00       1.34932E+00       6.21200E-02       4.13378E-02       6.65451E-01       8.97906E-01       8.69921E-01
       1.38038E+00       1.44544E+00       1.41291E+00       6.50600E-02       4.29182E-02       6.59672E-01       9.32057E-01       9.12839E-01
       1.44544E+00       1.51356E+00       1.47950E+00       6.81200E-02       4.38943E-02       6.44367E-01       9.53341E-01       9.56733E-01
       1.51356E+00       1.58489E+00       1.54923E+00       7.13300E-02       4.14636E-02       5.81293E-01       9.00553E-01       9.98197E-01
       1.58489E+00       1.65959E+00       1.62224E+00       7.47000E-02       1.80293E-03       2.41356E-02       3.91538E-02       1.00000E+00

 Sum =                                                                         1.00000E+00
 Renormalization bin#   945 =                                                  8.56843E-03 barn        1.38000E+07        1.40000E+07        1.39000E+07
 Avg. Energy     bin#   945 =                                                  7.97872E-01 MeV         1.38000E+07        1.40000E+07
