"        MT=606 recoil spectrum "
" Initial neutron energy corresponds to the group:"
   1.26000E+01    1.28000E+01       0.00000E+00           787           871            85



          Low               High              Mid              Energy           Number             dn/de            E*dn/de          Cumulative
         Energy            Energy            Energy             Width          Fraction                               Sum   
         [MeV]             [MeV]             [MeV]              [MeV]

       2.63027E-02       2.75423E-02       2.69225E-02       1.23960E-03       0.00000E+00       0.00000E+00       0.00000E+00       0.00000E+00
       2.75423E-02       2.88403E-02       2.81913E-02       1.29800E-03       3.12705E-04       2.40913E-01       6.79166E-03       3.12705E-04
       2.88403E-02       3.01995E-02       2.95199E-02       1.35920E-03       1.30278E-03       9.58489E-01       2.82945E-02       1.61548E-03
       3.01995E-02       3.16228E-02       3.09112E-02       1.42330E-03       1.36373E-03       9.58148E-01       2.96175E-02       2.97921E-03
       3.16228E-02       3.31131E-02       3.23680E-02       1.49030E-03       1.42749E-03       9.57855E-01       3.10038E-02       4.40671E-03
       3.31131E-02       3.46737E-02       3.38934E-02       1.56060E-03       1.49417E-03       9.57432E-01       3.24506E-02       5.90087E-03
       3.46737E-02       3.63078E-02       3.54908E-02       1.63410E-03       1.56388E-03       9.57027E-01       3.39656E-02       7.46475E-03
       3.63078E-02       3.80189E-02       3.71633E-02       1.71110E-03       1.63679E-03       9.56573E-01       3.55495E-02       9.10154E-03
       3.80189E-02       3.98107E-02       3.89148E-02       1.79180E-03       1.71302E-03       9.56035E-01       3.72039E-02       1.08146E-02
       3.98107E-02       4.16869E-02       4.07488E-02       1.87620E-03       1.79274E-03       9.55518E-01       3.89362E-02       1.26073E-02
       4.16869E-02       4.36516E-02       4.26693E-02       1.96470E-03       1.87607E-03       9.54885E-01       4.07442E-02       1.44834E-02
       4.36516E-02       4.57088E-02       4.46802E-02       2.05720E-03       1.96316E-03       9.54287E-01       4.26377E-02       1.64465E-02
       4.57088E-02       4.78630E-02       4.67859E-02       2.15420E-03       2.05419E-03       9.53575E-01       4.46138E-02       1.85007E-02
       4.78630E-02       5.01187E-02       4.89908E-02       2.25570E-03       2.14928E-03       9.52824E-01       4.66797E-02       2.06500E-02
       5.01187E-02       5.24808E-02       5.12998E-02       2.36210E-03       2.24868E-03       9.51982E-01       4.88364E-02       2.28987E-02
       5.24808E-02       5.49541E-02       5.37174E-02       2.47330E-03       2.35238E-03       9.51111E-01       5.10912E-02       2.52511E-02
       5.49541E-02       5.75440E-02       5.62491E-02       2.58990E-03       2.46072E-03       9.50122E-01       5.34435E-02       2.77118E-02
       5.75440E-02       6.02560E-02       5.89000E-02       2.71200E-03       2.57385E-03       9.49059E-01       5.58996E-02       3.02856E-02
       6.02560E-02       6.30957E-02       6.16758E-02       2.83970E-03       2.69190E-03       9.47954E-01       5.84659E-02       3.29775E-02
       6.30957E-02       6.60693E-02       6.45825E-02       2.97360E-03       2.81508E-03       9.46690E-01       6.11396E-02       3.57926E-02
       6.60693E-02       6.91831E-02       6.76262E-02       3.11380E-03       2.94361E-03       9.45341E-01       6.39298E-02       3.87362E-02
       6.91831E-02       7.24436E-02       7.08134E-02       3.26050E-03       3.07763E-03       9.43915E-01       6.68418E-02       4.18139E-02
       7.24436E-02       7.58578E-02       7.41507E-02       3.41420E-03       3.21736E-03       9.42347E-01       6.98757E-02       4.50312E-02
       7.58578E-02       7.94328E-02       7.76453E-02       3.57500E-03       3.36291E-03       9.40674E-01       7.30389E-02       4.83941E-02
       7.94328E-02       8.31764E-02       8.13046E-02       3.74360E-03       3.51460E-03       9.38828E-01       7.63310E-02       5.19087E-02
       8.31764E-02       8.70964E-02       8.51364E-02       3.92000E-03       3.67256E-03       9.36878E-01       7.97625E-02       5.55813E-02
       8.70964E-02       9.12011E-02       8.91488E-02       4.10470E-03       3.83693E-03       9.34764E-01       8.33330E-02       5.94182E-02
       9.12011E-02       9.54993E-02       9.33502E-02       4.29820E-03       4.00800E-03       9.32484E-01       8.70475E-02       6.34262E-02
       9.54993E-02       1.00000E-01       9.77497E-02       4.50070E-03       4.18587E-03       9.30049E-01       9.09119E-02       6.76121E-02
       1.00000E-01       1.04713E-01       1.02357E-01       4.71300E-03       4.37076E-03       9.27385E-01       9.49239E-02       7.19828E-02
       1.04713E-01       1.09648E-01       1.07180E-01       4.93500E-03       4.56271E-03       9.24561E-01       9.90949E-02       7.65456E-02
       1.09648E-01       1.14815E-01       1.12231E-01       5.16700E-03       4.76230E-03       9.21676E-01       1.03441E-01       8.13079E-02
       1.14815E-01       1.20226E-01       1.17520E-01       5.41100E-03       4.96908E-03       9.18329E-01       1.07922E-01       8.62769E-02
       1.20226E-01       1.25892E-01       1.23059E-01       5.66600E-03       5.18370E-03       9.14878E-01       1.12584E-01       9.14606E-02
       1.25892E-01       1.31826E-01       1.28859E-01       5.93400E-03       5.40614E-03       9.11045E-01       1.17396E-01       9.68668E-02
       1.31826E-01       1.38038E-01       1.34932E-01       6.21200E-03       5.63633E-03       9.07329E-01       1.22428E-01       1.02503E-01
       1.38038E-01       1.44544E-01       1.41291E-01       6.50600E-03       5.87479E-03       9.02980E-01       1.27583E-01       1.08378E-01
       1.44544E-01       1.51356E-01       1.47950E-01       6.81200E-03       6.12115E-03       8.98584E-01       1.32945E-01       1.14499E-01
       1.51356E-01       1.58489E-01       1.54923E-01       7.13300E-03       6.37591E-03       8.93860E-01       1.38479E-01       1.20875E-01
       1.58489E-01       1.65959E-01       1.62224E-01       7.47000E-03       6.63895E-03       8.88748E-01       1.44176E-01       1.27514E-01
       1.65959E-01       1.73780E-01       1.69869E-01       7.82100E-03       6.91035E-03       8.83563E-01       1.50090E-01       1.34424E-01
       1.73780E-01       1.81970E-01       1.77875E-01       8.19000E-03       7.19019E-03       8.77923E-01       1.56161E-01       1.41614E-01
       1.81970E-01       1.90546E-01       1.86258E-01       8.57600E-03       7.47855E-03       8.72032E-01       1.62423E-01       1.49093E-01
       1.90546E-01       1.99526E-01       1.95036E-01       8.98000E-03       7.77531E-03       8.65847E-01       1.68871E-01       1.56868E-01
       1.99526E-01       2.08930E-01       2.04228E-01       9.40400E-03       8.08082E-03       8.59296E-01       1.75492E-01       1.64949E-01
       2.08930E-01       2.18776E-01       2.13853E-01       9.84600E-03       8.39491E-03       8.52621E-01       1.82336E-01       1.73344E-01
       2.18776E-01       2.29087E-01       2.23931E-01       1.03110E-02       8.71757E-03       8.45463E-01       1.89326E-01       1.82062E-01
       2.29087E-01       2.39883E-01       2.34485E-01       1.07960E-02       9.04902E-03       8.38183E-01       1.96541E-01       1.91111E-01
       2.39883E-01       2.51189E-01       2.45536E-01       1.13060E-02       9.38936E-03       8.30476E-01       2.03912E-01       2.00500E-01
       2.51189E-01       2.63027E-01       2.57108E-01       1.18380E-02       9.73880E-03       8.22673E-01       2.11516E-01       2.10239E-01
       2.63027E-01       2.75423E-01       2.69225E-01       1.23960E-02       1.00974E-02       8.14570E-01       2.19303E-01       2.20336E-01
       2.75423E-01       2.88403E-01       2.81913E-01       1.29800E-02       1.04656E-02       8.06287E-01       2.27303E-01       2.30802E-01
       2.88403E-01       3.01995E-01       2.95199E-01       1.35920E-02       1.08437E-02       7.97800E-01       2.35510E-01       2.41645E-01
       3.01995E-01       3.16228E-01       3.09112E-01       1.42330E-02       1.12323E-02       7.89172E-01       2.43942E-01       2.52878E-01
       3.16228E-01       3.31131E-01       3.23680E-01       1.49030E-02       1.16320E-02       7.80516E-01       2.52637E-01       2.64510E-01
       3.31131E-01       3.46737E-01       3.38934E-01       1.56060E-02       1.20438E-02       7.71743E-01       2.61570E-01       2.76554E-01
       3.46737E-01       3.63078E-01       3.54908E-01       1.63410E-02       1.24686E-02       7.63026E-01       2.70804E-01       2.89022E-01
       3.63078E-01       3.80189E-01       3.71633E-01       1.71110E-02       1.29077E-02       7.54352E-01       2.80342E-01       3.01930E-01
       3.80189E-01       3.98107E-01       3.89148E-01       1.79180E-02       1.33629E-02       7.45779E-01       2.90219E-01       3.15293E-01
       3.98107E-01       4.16869E-01       4.07488E-01       1.87620E-02       1.38359E-02       7.37445E-01       3.00500E-01       3.29129E-01
       4.16869E-01       4.36516E-01       4.26692E-01       1.96470E-02       1.43291E-02       7.29330E-01       3.11200E-01       3.43458E-01
       4.36516E-01       4.57088E-01       4.46802E-01       2.05720E-02       1.48453E-02       7.21627E-01       3.22425E-01       3.58303E-01
       4.57088E-01       4.78630E-01       4.67859E-01       2.15420E-02       1.53876E-02       7.14305E-01       3.34194E-01       3.73691E-01
       4.78630E-01       5.01187E-01       4.89909E-01       2.25570E-02       1.59596E-02       7.07521E-01       3.46621E-01       3.89650E-01
       5.01187E-01       5.24808E-01       5.12998E-01       2.36210E-02       1.65660E-02       7.01326E-01       3.59779E-01       4.06216E-01
       5.24808E-01       5.49541E-01       5.37174E-01       2.47330E-02       1.72116E-02       6.95898E-01       3.73819E-01       4.23428E-01
       5.49541E-01       5.75440E-01       5.62490E-01       2.58990E-02       1.79027E-02       6.91251E-01       3.88822E-01       4.41331E-01
       5.75440E-01       6.02560E-01       5.89000E-01       2.71200E-02       1.86464E-02       6.87552E-01       4.04968E-01       4.59977E-01
       6.02560E-01       6.30957E-01       6.16758E-01       2.83970E-02       1.94506E-02       6.84954E-01       4.22451E-01       4.79428E-01
       6.30957E-01       6.60693E-01       6.45825E-01       2.97360E-02       2.03260E-02       6.83548E-01       4.41453E-01       4.99754E-01
       6.60693E-01       6.91831E-01       6.76262E-01       3.11380E-02       2.12841E-02       6.83541E-01       4.62253E-01       5.21038E-01
       6.91831E-01       7.24436E-01       7.08133E-01       3.26050E-02       2.23398E-02       6.85165E-01       4.85188E-01       5.43378E-01
       7.24436E-01       7.58578E-01       7.41507E-01       3.41420E-02       2.35112E-02       6.88631E-01       5.10624E-01       5.66889E-01
       7.58578E-01       7.94328E-01       7.76453E-01       3.57500E-02       2.48204E-02       6.94276E-01       5.39073E-01       5.91709E-01
       7.94328E-01       8.31764E-01       8.13046E-01       3.74360E-02       2.62949E-02       7.02397E-01       5.71081E-01       6.18004E-01
       8.31764E-01       8.70964E-01       8.51364E-01       3.92000E-02       2.79675E-02       7.13455E-01       6.07410E-01       6.45972E-01
       8.70964E-01       9.12011E-01       8.91487E-01       4.10470E-02       2.98778E-02       7.27891E-01       6.48906E-01       6.75849E-01
       9.12011E-01       9.54993E-01       9.33502E-01       4.29820E-02       3.20715E-02       7.46162E-01       6.96544E-01       7.07921E-01
       9.54993E-01       1.00000E+00       9.77497E-01       4.50070E-02       3.45979E-02       7.68724E-01       7.51425E-01       7.42519E-01
       1.00000E+00       1.04713E+00       1.02357E+00       4.71300E-02       3.75055E-02       7.95789E-01       8.14541E-01       7.80024E-01
       1.04713E+00       1.09648E+00       1.07181E+00       4.93500E-02       4.08271E-02       8.27297E-01       8.86701E-01       8.20852E-01
       1.09648E+00       1.14815E+00       1.12231E+00       5.16700E-02       4.45658E-02       8.62509E-01       9.68007E-01       8.65417E-01
       1.14815E+00       1.20226E+00       1.17520E+00       5.41100E-02       4.86442E-02       8.98988E-01       1.05649E+00       9.14062E-01
       1.20226E+00       1.25892E+00       1.23059E+00       5.66600E-02       5.28547E-02       9.32839E-01       1.14794E+00       9.66916E-01
       1.25892E+00       1.31826E+00       1.28859E+00       5.93400E-02       3.30838E-02       5.57529E-01       7.18426E-01       1.00000E+00

 Sum =                                                                         1.00000E+00
 Renormalization bin#   939 =                                                  8.09609E-03 barn        1.26000E+07        1.28000E+07        1.27000E+07
 Avg. Energy     bin#   939 =                                                  6.61415E-01 MeV         1.26000E+07        1.28000E+07
