"        MT=649 recoil spectrum "
" Initial neutron energy corresponds to the group:"
   1.26000E+01    1.28000E+01       0.00000E+00           768           872           105



          Low               High              Mid              Energy           Number             dn/de            E*dn/de          Cumulative
         Energy            Energy            Energy             Width          Fraction                               Sum   
         [MeV]             [MeV]             [MeV]              [MeV]

       1.09648E-02       1.14815E-02       1.12232E-02       5.16700E-04       0.00000E+00       0.00000E+00       0.00000E+00       0.00000E+00
       1.14815E-02       1.20226E-02       1.17521E-02       5.41100E-04       7.97246E-09       1.47338E-05       1.73152E-07       7.97246E-09
       1.20226E-02       1.25892E-02       1.23059E-02       5.66601E-04       1.20780E-07       2.13166E-04       2.62320E-06       1.28753E-07
       1.25892E-02       1.31826E-02       1.28859E-02       5.93399E-04       3.47634E-07       5.85836E-04       7.54902E-06       4.76387E-07
       1.31826E-02       1.38038E-02       1.34932E-02       6.21200E-04       6.05532E-07       9.74778E-04       1.31529E-05       1.08192E-06
       1.38038E-02       1.44544E-02       1.41291E-02       6.50601E-04       8.93061E-07       1.37267E-03       1.93946E-05       1.97498E-06
       1.44544E-02       1.51356E-02       1.47950E-02       6.81199E-04       1.21266E-06       1.78018E-03       2.63378E-05       3.18764E-06
       1.51356E-02       1.58489E-02       1.54923E-02       7.13301E-04       1.56260E-06       2.19065E-03       3.39382E-05       4.75024E-06
       1.58489E-02       1.65959E-02       1.62224E-02       7.47000E-04       1.95520E-06       2.61741E-03       4.24606E-05       6.70544E-06
       1.65959E-02       1.73780E-02       1.69870E-02       7.82100E-04       2.39517E-06       3.06249E-03       5.20223E-05       9.10061E-06
       1.73780E-02       1.81970E-02       1.77875E-02       8.19000E-04       2.86907E-06       3.50314E-03       6.23121E-05       1.19697E-05
       1.81970E-02       1.90546E-02       1.86258E-02       8.57600E-04       3.38249E-06       3.94414E-03       7.34627E-05       1.53522E-05
       1.90546E-02       1.99526E-02       1.95036E-02       8.98000E-04       3.95585E-06       4.40518E-03       8.59169E-05       1.93080E-05
       1.99526E-02       2.08930E-02       2.04228E-02       9.40400E-04       4.59624E-06       4.88753E-03       9.98171E-05       2.39043E-05
       2.08930E-02       2.18776E-02       2.13853E-02       9.84600E-04       5.31058E-06       5.39365E-03       1.15345E-04       2.92148E-05
       2.18776E-02       2.29087E-02       2.23931E-02       1.03110E-03       6.10019E-06       5.91620E-03       1.32482E-04       3.53150E-05
       2.29087E-02       2.39883E-02       2.34485E-02       1.07960E-03       6.94088E-06       6.42912E-03       1.50753E-04       4.22559E-05
       2.39883E-02       2.51189E-02       2.45536E-02       1.13060E-03       7.85338E-06       6.94621E-03       1.70554E-04       5.01093E-05
       2.51189E-02       2.63027E-02       2.57108E-02       1.18380E-03       8.86528E-06       7.48884E-03       1.92544E-04       5.89746E-05
       2.63027E-02       2.75423E-02       2.69225E-02       1.23960E-03       9.98654E-06       8.05625E-03       2.16894E-04       6.89611E-05
       2.75423E-02       2.88403E-02       2.81913E-02       1.29800E-03       1.12031E-05       8.63107E-03       2.43321E-04       8.01642E-05
       2.88403E-02       3.01995E-02       2.95199E-02       1.35920E-03       1.24979E-05       9.19507E-03       2.71438E-04       9.26622E-05
       3.01995E-02       3.16228E-02       3.09112E-02       1.42330E-03       1.39187E-05       9.77918E-03       3.02286E-04       1.06581E-04
       3.16228E-02       3.31131E-02       3.23680E-02       1.49030E-03       1.54853E-05       1.03907E-02       3.36326E-04       1.22066E-04
       3.31131E-02       3.46737E-02       3.38934E-02       1.56060E-03       1.71839E-05       1.10111E-02       3.73205E-04       1.39250E-04
       3.46737E-02       3.63078E-02       3.54908E-02       1.63410E-03       1.90200E-05       1.16394E-02       4.13093E-04       1.58270E-04
       3.63078E-02       3.80189E-02       3.71633E-02       1.71110E-03       2.10384E-05       1.22952E-02       4.56933E-04       1.79309E-04
       3.80189E-02       3.98107E-02       3.89148E-02       1.79180E-03       2.32403E-05       1.29704E-02       5.04740E-04       2.02549E-04
       3.98107E-02       4.16869E-02       4.07488E-02       1.87620E-03       2.58301E-05       1.37672E-02       5.60998E-04       2.28379E-04
       4.16869E-02       4.36516E-02       4.26693E-02       1.96470E-03       4.05616E-05       2.06452E-02       8.80913E-04       2.68941E-04
       4.36516E-02       4.57088E-02       4.46802E-02       2.05720E-03       8.79815E-05       4.27676E-02       1.91087E-03       3.56922E-04
       4.57088E-02       4.78630E-02       4.67859E-02       2.15420E-03       1.51130E-04       7.01562E-02       3.28232E-03       5.08053E-04
       4.78630E-02       5.01187E-02       4.89908E-02       2.25570E-03       2.22040E-04       9.84352E-02       4.82242E-03       7.30093E-04
       5.01187E-02       5.24808E-02       5.12998E-02       2.36210E-03       3.00511E-04       1.27222E-01       6.52645E-03       1.03060E-03
       5.24808E-02       5.49541E-02       5.37174E-02       2.47330E-03       3.87624E-04       1.56723E-01       8.41878E-03       1.41823E-03
       5.49541E-02       5.75440E-02       5.62491E-02       2.58990E-03       4.82951E-04       1.86475E-01       1.04890E-02       1.90118E-03
       5.75440E-02       6.02560E-02       5.89000E-02       2.71200E-03       5.88534E-04       2.17011E-01       1.27819E-02       2.48971E-03
       6.02560E-02       6.30957E-02       6.16758E-02       2.83970E-03       7.06938E-04       2.48948E-01       1.53541E-02       3.19665E-03
       6.30957E-02       6.60693E-02       6.45825E-02       2.97360E-03       8.37457E-04       2.81631E-01       1.81884E-02       4.03411E-03
       6.60693E-02       6.91831E-02       6.76262E-02       3.11380E-03       9.78582E-04       3.14272E-01       2.12530E-02       5.01269E-03
       6.91831E-02       7.24436E-02       7.08134E-02       3.26050E-03       1.13425E-03       3.47877E-01       2.46344E-02       6.14694E-03
       7.24436E-02       7.58578E-02       7.41507E-02       3.41420E-03       1.30741E-03       3.82933E-01       2.83947E-02       7.45435E-03
       7.58578E-02       7.94328E-02       7.76453E-02       3.57500E-03       1.49510E-03       4.18210E-01       3.24721E-02       8.94945E-03
       7.94328E-02       8.31764E-02       8.13046E-02       3.74360E-03       1.69901E-03       4.53844E-01       3.68996E-02       1.06485E-02
       8.31764E-02       8.70964E-02       8.51364E-02       3.92000E-03       1.92337E-03       4.90654E-01       4.17726E-02       1.25718E-02
       8.70964E-02       9.12011E-02       8.91488E-02       4.10470E-03       2.16974E-03       5.28599E-01       4.71239E-02       1.47416E-02
       9.12011E-02       9.54993E-02       9.33502E-02       4.29820E-03       2.44243E-03       5.68245E-01       5.30458E-02       1.71840E-02
       9.54993E-02       1.00000E-01       9.77497E-02       4.50070E-03       2.74092E-03       6.08998E-01       5.95293E-02       1.99249E-02
       1.00000E-01       1.04713E-01       1.02357E-01       4.71300E-03       3.06377E-03       6.50068E-01       6.65386E-02       2.29887E-02
       1.04713E-01       1.09648E-01       1.07180E-01       4.93500E-03       3.41166E-03       6.91320E-01       7.40960E-02       2.64003E-02
       1.09648E-01       1.14815E-01       1.12231E-01       5.16700E-03       3.75786E-03       7.27280E-01       8.16237E-02       3.01582E-02
       1.14815E-01       1.20226E-01       1.17520E-01       5.41100E-03       4.06750E-03       7.51710E-01       8.83413E-02       3.42257E-02
       1.20226E-01       1.25892E-01       1.23059E-01       5.66600E-03       4.36091E-03       7.69663E-01       9.47140E-02       3.85866E-02
       1.25892E-01       1.31826E-01       1.28859E-01       5.93400E-03       4.65869E-03       7.85084E-01       1.01165E-01       4.32453E-02
       1.31826E-01       1.38038E-01       1.34932E-01       6.21200E-03       4.97586E-03       8.01007E-01       1.08081E-01       4.82212E-02
       1.38038E-01       1.44544E-01       1.41291E-01       6.50600E-03       5.31440E-03       8.16846E-01       1.15413E-01       5.35356E-02
       1.44544E-01       1.51356E-01       1.47950E-01       6.81200E-03       5.67387E-03       8.32923E-01       1.23231E-01       5.92094E-02
       1.51356E-01       1.58489E-01       1.54923E-01       7.13300E-03       6.06030E-03       8.49615E-01       1.31624E-01       6.52697E-02
       1.58489E-01       1.65959E-01       1.62224E-01       7.47000E-03       6.47633E-03       8.66978E-01       1.40645E-01       7.17461E-02
       1.65959E-01       1.73780E-01       1.69869E-01       7.82100E-03       6.92457E-03       8.85381E-01       1.50399E-01       7.86706E-02
       1.73780E-01       1.81970E-01       1.77875E-01       8.19000E-03       7.40700E-03       9.04396E-01       1.60869E-01       8.60776E-02
       1.81970E-01       1.90546E-01       1.86258E-01       8.57600E-03       7.91811E-03       9.23287E-01       1.71970E-01       9.39957E-02
       1.90546E-01       1.99526E-01       1.95036E-01       8.98000E-03       8.45975E-03       9.42066E-01       1.83737E-01       1.02456E-01
       1.99526E-01       2.08930E-01       2.04228E-01       9.40400E-03       9.04273E-03       9.61583E-01       1.96382E-01       1.11498E-01
       2.08930E-01       2.18776E-01       2.13853E-01       9.84600E-03       9.66548E-03       9.81666E-01       2.09932E-01       1.21164E-01
       2.18776E-01       2.29087E-01       2.23931E-01       1.03110E-02       1.03299E-02       1.00183E+00       2.24342E-01       1.31494E-01
       2.29087E-01       2.39883E-01       2.34485E-01       1.07960E-02       1.10451E-02       1.02307E+00       2.39896E-01       1.42539E-01
       2.39883E-01       2.51189E-01       2.45536E-01       1.13060E-02       1.18161E-02       1.04512E+00       2.56614E-01       1.54355E-01
       2.51189E-01       2.63027E-01       2.57108E-01       1.18380E-02       1.26475E-02       1.06839E+00       2.74690E-01       1.67002E-01
       2.63027E-01       2.75423E-01       2.69225E-01       1.23960E-02       1.35343E-02       1.09183E+00       2.93948E-01       1.80537E-01
       2.75423E-01       2.88403E-01       2.81913E-01       1.29800E-02       1.44700E-02       1.11479E+00       3.14274E-01       1.95007E-01
       2.88403E-01       3.01995E-01       2.95199E-01       1.35920E-02       1.54714E-02       1.13827E+00       3.36016E-01       2.10478E-01
       3.01995E-01       3.16228E-01       3.09112E-01       1.42330E-02       1.65414E-02       1.16219E+00       3.59245E-01       2.27019E-01
       3.16228E-01       3.31131E-01       3.23680E-01       1.49030E-02       1.76923E-02       1.18717E+00       3.84262E-01       2.44712E-01
       3.31131E-01       3.46737E-01       3.38934E-01       1.56060E-02       1.89336E-02       1.21323E+00       4.11203E-01       2.63645E-01
       3.46737E-01       3.63078E-01       3.54908E-01       1.63410E-02       2.02659E-02       1.24019E+00       4.40152E-01       2.83911E-01
       3.63078E-01       3.80189E-01       3.71633E-01       1.71110E-02       2.16899E-02       1.26760E+00       4.71083E-01       3.05601E-01
       3.80189E-01       3.98107E-01       3.89148E-01       1.79180E-02       2.32648E-02       1.29840E+00       5.05270E-01       3.28866E-01
       3.98107E-01       4.16869E-01       4.07488E-01       1.87620E-02       2.54040E-02       1.35401E+00       5.51744E-01       3.54270E-01
       4.16869E-01       4.36516E-01       4.26692E-01       1.96470E-02       2.60763E-02       1.32724E+00       5.66323E-01       3.80346E-01
       4.36516E-01       4.57088E-01       4.46802E-01       2.05720E-02       2.68329E-02       1.30434E+00       5.82781E-01       4.07179E-01
       4.57088E-01       4.78630E-01       4.67859E-01       2.15420E-02       2.81121E-02       1.30499E+00       6.10551E-01       4.35291E-01
       4.78630E-01       5.01187E-01       4.89909E-01       2.25570E-02       2.88115E-02       1.27728E+00       6.25749E-01       4.64103E-01
       5.01187E-01       5.24808E-01       5.12998E-01       2.36210E-02       2.92152E-02       1.23683E+00       6.34492E-01       4.93318E-01
       5.24808E-01       5.49541E-01       5.37174E-01       2.47330E-02       2.97952E-02       1.20467E+00       6.47120E-01       5.23113E-01
       5.49541E-01       5.75440E-01       5.62490E-01       2.58990E-02       3.03827E-02       1.17312E+00       6.59871E-01       5.53496E-01
       5.75440E-01       6.02560E-01       5.89000E-01       2.71200E-02       3.09303E-02       1.14050E+00       6.71752E-01       5.84426E-01
       6.02560E-01       6.30957E-01       6.16758E-01       2.83970E-02       3.14185E-02       1.10640E+00       6.82383E-01       6.15845E-01
       6.30957E-01       6.60693E-01       6.45825E-01       2.97360E-02       3.18365E-02       1.07064E+00       6.91444E-01       6.47681E-01
       6.60693E-01       6.91831E-01       6.76262E-01       3.11380E-02       3.21757E-02       1.03333E+00       6.98800E-01       6.79857E-01
       6.91831E-01       7.24436E-01       7.08133E-01       3.26050E-02       3.24800E-02       9.96165E-01       7.05418E-01       7.12337E-01
       7.24436E-01       7.58578E-01       7.41507E-01       3.41420E-02       3.27657E-02       9.59688E-01       7.11616E-01       7.45102E-01
       7.58578E-01       7.94328E-01       7.76453E-01       3.57500E-02       3.29614E-02       9.21998E-01       7.15888E-01       7.78064E-01
       7.94328E-01       8.31764E-01       8.13046E-01       3.74360E-02       3.30367E-02       8.82485E-01       7.17501E-01       8.11101E-01
       8.31764E-01       8.70964E-01       8.51364E-01       3.92000E-02       3.29728E-02       8.41142E-01       7.16118E-01       8.44073E-01
       8.70964E-01       9.12011E-01       8.91487E-01       4.10470E-02       3.24044E-02       7.89446E-01       7.03781E-01       8.76478E-01
       9.12011E-01       9.54993E-01       9.33502E-01       4.29820E-02       3.00229E-02       6.98498E-01       6.52050E-01       9.06501E-01
       9.54993E-01       1.00000E+00       9.77497E-01       4.50070E-02       2.64999E-02       5.88795E-01       5.75546E-01       9.33000E-01
       1.00000E+00       1.04713E+00       1.02357E+00       4.71300E-02       2.23785E-02       4.74824E-01       4.86014E-01       9.55379E-01
       1.04713E+00       1.09648E+00       1.07181E+00       4.93500E-02       1.75676E-02       3.55980E-01       3.81542E-01       9.72947E-01
       1.09648E+00       1.14815E+00       1.12231E+00       5.16700E-02       1.17097E-02       2.26625E-01       2.54345E-01       9.84656E-01
       1.14815E+00       1.20226E+00       1.17520E+00       5.41100E-02       7.37911E-03       1.36372E-01       1.60265E-01       9.92035E-01
       1.20226E+00       1.25892E+00       1.23059E+00       5.66600E-02       5.43252E-03       9.58794E-02       1.17988E-01       9.97468E-01
       1.25892E+00       1.31826E+00       1.28859E+00       5.93400E-02       2.35529E-03       3.96914E-02       5.11460E-02       9.99823E-01
       1.31826E+00       1.38038E+00       1.34932E+00       6.21200E-02       1.76778E-04       2.84576E-03       3.83983E-03       1.00000E+00

 Sum =                                                                         1.00000E+00
 Renormalization bin#   939 =                                                  1.66696E-01 barn        1.26000E+07        1.28000E+07        1.27000E+07
 Avg. Energy     bin#   939 =                                                  5.55867E-01 MeV         1.26000E+07        1.28000E+07
