"        MT=603 recoil spectrum "
" Initial neutron energy corresponds to the group:"
   1.60000E+01    1.62000E+01       0.00000E+00           775           878           104



          Low               High              Mid              Energy           Number             dn/de            E*dn/de          Cumulative
         Energy            Energy            Energy             Width          Fraction                               Sum   
         [MeV]             [MeV]             [MeV]              [MeV]

       1.51356E-02       1.58489E-02       1.54923E-02       7.13301E-04       0.00000E+00       0.00000E+00       0.00000E+00       0.00000E+00
       1.58489E-02       1.65959E-02       1.62224E-02       7.47000E-04       1.51766E-04       2.03168E-01       3.29587E-03       1.51766E-04
       1.65959E-02       1.73780E-02       1.69870E-02       7.82100E-04       4.26402E-04       5.45201E-01       9.26131E-03       5.78168E-04
       1.73780E-02       1.81970E-02       1.77875E-02       8.19000E-04       4.46859E-04       5.45616E-01       9.70514E-03       1.02503E-03
       1.81970E-02       1.90546E-02       1.86258E-02       8.57600E-04       4.68316E-04       5.46078E-01       1.01711E-02       1.49334E-03
       1.90546E-02       1.99526E-02       1.95036E-02       8.98000E-04       4.90806E-04       5.46554E-01       1.06598E-02       1.98415E-03
       1.99526E-02       2.08930E-02       2.04228E-02       9.40400E-04       5.14413E-04       5.47015E-01       1.11716E-02       2.49856E-03
       2.08930E-02       2.18776E-02       2.13853E-02       9.84600E-04       5.39179E-04       5.47612E-01       1.17108E-02       3.03774E-03
       2.18776E-02       2.29087E-02       2.23931E-02       1.03110E-03       5.65169E-04       5.48123E-01       1.22742E-02       3.60291E-03
       2.29087E-02       2.39883E-02       2.34485E-02       1.07960E-03       5.92401E-04       5.48722E-01       1.28667E-02       4.19531E-03
       2.39883E-02       2.51189E-02       2.45536E-02       1.13060E-03       6.20967E-04       5.49237E-01       1.34857E-02       4.81628E-03
       2.51189E-02       2.63027E-02       2.57108E-02       1.18380E-03       6.50981E-04       5.49908E-01       1.41386E-02       5.46726E-03
       2.63027E-02       2.75423E-02       2.69225E-02       1.23960E-03       6.82471E-04       5.50557E-01       1.48224E-02       6.14973E-03
       2.75423E-02       2.88403E-02       2.81913E-02       1.29800E-03       7.15461E-04       5.51203E-01       1.55391E-02       6.86519E-03
       2.88403E-02       3.01995E-02       2.95199E-02       1.35920E-03       7.50126E-04       5.51889E-01       1.62917E-02       7.61532E-03
       3.01995E-02       3.16228E-02       3.09112E-02       1.42330E-03       7.86500E-04       5.52588E-01       1.70811E-02       8.40182E-03
       3.16228E-02       3.31131E-02       3.23680E-02       1.49030E-03       8.24655E-04       5.53348E-01       1.79107E-02       9.22647E-03
       3.31131E-02       3.46737E-02       3.38934E-02       1.56060E-03       8.64729E-04       5.54101E-01       1.87804E-02       1.00912E-02
       3.46737E-02       3.63078E-02       3.54908E-02       1.63410E-03       9.06800E-04       5.54923E-01       1.96946E-02       1.09980E-02
       3.63078E-02       3.80189E-02       3.71633E-02       1.71110E-03       9.50914E-04       5.55733E-01       2.06529E-02       1.19489E-02
       3.80189E-02       3.98107E-02       3.89148E-02       1.79180E-03       9.97296E-04       5.56589E-01       2.16595E-02       1.29462E-02
       3.98107E-02       4.16869E-02       4.07488E-02       1.87620E-03       1.04591E-03       5.57463E-01       2.27159E-02       1.39921E-02
       4.16869E-02       4.36516E-02       4.26693E-02       1.96470E-03       1.09699E-03       5.58350E-01       2.38244E-02       1.50891E-02
       4.36516E-02       4.57088E-02       4.46802E-02       2.05720E-03       1.15064E-03       5.59322E-01       2.49906E-02       1.62397E-02
       4.57088E-02       4.78630E-02       4.67859E-02       2.15420E-03       1.20694E-03       5.60274E-01       2.62129E-02       1.74467E-02
       4.78630E-02       5.01187E-02       4.89908E-02       2.25570E-03       1.26606E-03       5.61273E-01       2.74972E-02       1.87128E-02
       5.01187E-02       5.24808E-02       5.12998E-02       2.36210E-03       1.32814E-03       5.62272E-01       2.88444E-02       2.00409E-02
       5.24808E-02       5.49541E-02       5.37174E-02       2.47330E-03       1.39338E-03       5.63370E-01       3.02628E-02       2.14343E-02
       5.49541E-02       5.75440E-02       5.62491E-02       2.58990E-03       1.46186E-03       5.64447E-01       3.17496E-02       2.28961E-02
       5.75440E-02       6.02560E-02       5.89000E-02       2.71200E-03       1.53379E-03       5.65558E-01       3.33113E-02       2.44299E-02
       6.02560E-02       6.30957E-02       6.16758E-02       2.83970E-03       1.60932E-03       5.66722E-01       3.49531E-02       2.60393E-02
       6.30957E-02       6.60693E-02       6.45825E-02       2.97360E-03       1.68867E-03       5.67887E-01       3.66756E-02       2.77279E-02
       6.60693E-02       6.91831E-02       6.76262E-02       3.11380E-03       1.77203E-03       5.69088E-01       3.84853E-02       2.95000E-02
       6.91831E-02       7.24436E-02       7.08134E-02       3.26050E-03       1.85954E-03       5.70324E-01       4.03865E-02       3.13595E-02
       7.24436E-02       7.58578E-02       7.41507E-02       3.41420E-03       1.95143E-03       5.71565E-01       4.23819E-02       3.33109E-02
       7.58578E-02       7.94328E-02       7.76453E-02       3.57500E-03       2.04799E-03       5.72864E-01       4.44802E-02       3.53589E-02
       7.94328E-02       8.31764E-02       8.13046E-02       3.74360E-03       2.14936E-03       5.74142E-01       4.66804E-02       3.75083E-02
       8.31764E-02       8.70964E-02       8.51364E-02       3.92000E-03       2.25580E-03       5.75460E-01       4.89926E-02       3.97641E-02
       8.70964E-02       9.12011E-02       8.91488E-02       4.10470E-03       2.36756E-03       5.76791E-01       5.14202E-02       4.21316E-02
       9.12011E-02       9.54993E-02       9.33502E-02       4.29820E-03       2.48494E-03       5.78136E-01       5.39691E-02       4.46166E-02
       9.54993E-02       1.00000E-01       9.77497E-02       4.50070E-03       2.60817E-03       5.79504E-01       5.66463E-02       4.72247E-02
       1.00000E-01       1.04713E-01       1.02357E-01       4.71300E-03       2.73753E-03       5.80847E-01       5.94535E-02       4.99623E-02
       1.04713E-01       1.09648E-01       1.07180E-01       4.93500E-03       2.87321E-03       5.82212E-01       6.24017E-02       5.28355E-02
       1.09648E-01       1.14815E-01       1.12231E-01       5.16700E-03       3.01573E-03       5.83652E-01       6.55041E-02       5.58512E-02
       1.14815E-01       1.20226E-01       1.17520E-01       5.41100E-03       3.16508E-03       5.84935E-01       6.87418E-02       5.90163E-02
       1.20226E-01       1.25892E-01       1.23059E-01       5.66600E-03       3.32193E-03       5.86292E-01       7.21485E-02       6.23382E-02
       1.25892E-01       1.31826E-01       1.28859E-01       5.93400E-03       3.48633E-03       5.87518E-01       7.57070E-02       6.58246E-02
       1.31826E-01       1.38038E-01       1.34932E-01       6.21200E-03       3.65859E-03       5.88955E-01       7.94689E-02       6.94832E-02
       1.38038E-01       1.44544E-01       1.41291E-01       6.50600E-03       3.83927E-03       5.90112E-01       8.33776E-02       7.33224E-02
       1.44544E-01       1.51356E-01       1.47950E-01       6.81200E-03       4.02841E-03       5.91370E-01       8.74932E-02       7.73508E-02
       1.51356E-01       1.58489E-01       1.54923E-01       7.13300E-03       4.22656E-03       5.92537E-01       9.17972E-02       8.15774E-02
       1.58489E-01       1.65959E-01       1.62224E-01       7.47000E-03       4.43397E-03       5.93570E-01       9.62912E-02       8.60114E-02
       1.65959E-01       1.73780E-01       1.69869E-01       7.82100E-03       4.65092E-03       5.94671E-01       1.01017E-01       9.06623E-02
       1.73780E-01       1.81970E-01       1.77875E-01       8.19000E-03       4.87782E-03       5.95583E-01       1.05939E-01       9.55401E-02
       1.81970E-01       1.90546E-01       1.86258E-01       8.57600E-03       5.11491E-03       5.96421E-01       1.11088E-01       1.00655E-01
       1.90546E-01       1.99526E-01       1.95036E-01       8.98000E-03       5.36251E-03       5.97162E-01       1.16468E-01       1.06018E-01
       1.99526E-01       2.08930E-01       2.04228E-01       9.40400E-03       5.62096E-03       5.97721E-01       1.22071E-01       1.11639E-01
       2.08930E-01       2.18776E-01       2.13853E-01       9.84600E-03       5.89054E-03       5.98267E-01       1.27941E-01       1.17529E-01
       2.18776E-01       2.29087E-01       2.23931E-01       1.03110E-02       6.17137E-03       5.98523E-01       1.34028E-01       1.23700E-01
       2.29087E-01       2.39883E-01       2.34485E-01       1.07960E-02       6.46378E-03       5.98720E-01       1.40391E-01       1.30164E-01
       2.39883E-01       2.51189E-01       2.45536E-01       1.13060E-02       6.76798E-03       5.98619E-01       1.46982E-01       1.36932E-01
       2.51189E-01       2.63027E-01       2.57108E-01       1.18380E-02       7.08412E-03       5.98422E-01       1.53859E-01       1.44016E-01
       2.63027E-01       2.75423E-01       2.69225E-01       1.23960E-02       7.41230E-03       5.97959E-01       1.60985E-01       1.51429E-01
       2.75423E-01       2.88403E-01       2.81913E-01       1.29800E-02       7.75255E-03       5.97269E-01       1.68378E-01       1.59181E-01
       2.88403E-01       3.01995E-01       2.95199E-01       1.35920E-02       8.10505E-03       5.96310E-01       1.76030E-01       1.67286E-01
       3.01995E-01       3.16228E-01       3.09112E-01       1.42330E-02       8.46977E-03       5.95080E-01       1.83946E-01       1.75756E-01
       3.16228E-01       3.31131E-01       3.23680E-01       1.49030E-02       8.84657E-03       5.93610E-01       1.92139E-01       1.84603E-01
       3.31131E-01       3.46737E-01       3.38934E-01       1.56060E-02       9.23556E-03       5.91796E-01       2.00580E-01       1.93838E-01
       3.46737E-01       3.63078E-01       3.54908E-01       1.63410E-02       9.63639E-03       5.89706E-01       2.09291E-01       2.03474E-01
       3.63078E-01       3.80189E-01       3.71633E-01       1.71110E-02       1.00491E-02       5.87289E-01       2.18256E-01       2.13524E-01
       3.80189E-01       3.98107E-01       3.89148E-01       1.79180E-02       1.04735E-02       5.84524E-01       2.27466E-01       2.23997E-01
       3.98107E-01       4.16869E-01       4.07488E-01       1.87620E-02       1.09093E-02       5.81458E-01       2.36937E-01       2.34906E-01
       4.16869E-01       4.36516E-01       4.26692E-01       1.96470E-02       1.13565E-02       5.78029E-01       2.46641E-01       2.46263E-01
       4.36516E-01       4.57088E-01       4.46802E-01       2.05720E-02       1.18151E-02       5.74330E-01       2.56612E-01       2.58078E-01
       4.57088E-01       4.78630E-01       4.67859E-01       2.15420E-02       1.22849E-02       5.70278E-01       2.66810E-01       2.70363E-01
       4.78630E-01       5.01187E-01       4.89909E-01       2.25570E-02       1.27662E-02       5.65951E-01       2.77264E-01       2.83129E-01
       5.01187E-01       5.24808E-01       5.12998E-01       2.36210E-02       1.32593E-02       5.61337E-01       2.87964E-01       2.96388E-01
       5.24808E-01       5.49541E-01       5.37174E-01       2.47330E-02       1.37649E-02       5.56539E-01       2.98958E-01       3.10153E-01
       5.49541E-01       5.75440E-01       5.62490E-01       2.58990E-02       1.42839E-02       5.51525E-01       3.10227E-01       3.24437E-01
       5.75440E-01       6.02560E-01       5.89000E-01       2.71200E-02       1.48182E-02       5.46394E-01       3.21826E-01       3.39255E-01
       6.02560E-01       6.30957E-01       6.16758E-01       2.83970E-02       1.53696E-02       5.41239E-01       3.33814E-01       3.54625E-01
       6.30957E-01       6.60693E-01       6.45825E-01       2.97360E-02       1.59412E-02       5.36089E-01       3.46220E-01       3.70566E-01
       6.60693E-01       6.91831E-01       6.76262E-01       3.11380E-02       1.65368E-02       5.31081E-01       3.59150E-01       3.87103E-01
       6.91831E-01       7.24436E-01       7.08133E-01       3.26050E-02       1.71615E-02       5.26346E-01       3.72723E-01       4.04264E-01
       7.24436E-01       7.58578E-01       7.41507E-01       3.41420E-02       1.78216E-02       5.21986E-01       3.87056E-01       4.22086E-01
       7.58578E-01       7.94328E-01       7.76453E-01       3.57500E-02       1.85252E-02       5.18186E-01       4.02347E-01       4.40611E-01
       7.94328E-01       8.31764E-01       8.13046E-01       3.74360E-02       1.92818E-02       5.15059E-01       4.18767E-01       4.59893E-01
       8.31764E-01       8.70964E-01       8.51364E-01       3.92000E-02       2.01029E-02       5.12829E-01       4.36605E-01       4.79996E-01
       8.70964E-01       9.12011E-01       8.91487E-01       4.10470E-02       2.10024E-02       5.11666E-01       4.56144E-01       5.00998E-01
       9.12011E-01       9.54993E-01       9.33502E-01       4.29820E-02       2.19958E-02       5.11744E-01       4.77714E-01       5.22994E-01
       9.54993E-01       1.00000E+00       9.77497E-01       4.50070E-02       2.31007E-02       5.13269E-01       5.01718E-01       5.46095E-01
       1.00000E+00       1.04713E+00       1.02357E+00       4.71300E-02       2.43365E-02       5.16369E-01       5.28537E-01       5.70431E-01
       1.04713E+00       1.09648E+00       1.07181E+00       4.93500E-02       2.57218E-02       5.21212E-01       5.58638E-01       5.96153E-01
       1.09648E+00       1.14815E+00       1.12231E+00       5.16700E-02       2.72778E-02       5.27923E-01       5.92496E-01       6.23431E-01
       1.14815E+00       1.20226E+00       1.17520E+00       5.41100E-02       2.90180E-02       5.36278E-01       6.30236E-01       6.52449E-01
       1.20226E+00       1.25892E+00       1.23059E+00       5.66600E-02       3.09553E-02       5.46334E-01       6.72313E-01       6.83404E-01
       1.25892E+00       1.31826E+00       1.28859E+00       5.93400E-02       3.30864E-02       5.57574E-01       7.18484E-01       7.16491E-01
       1.31826E+00       1.38038E+00       1.34932E+00       6.21200E-02       3.53914E-02       5.69726E-01       7.68743E-01       7.51882E-01
       1.38038E+00       1.44544E+00       1.41291E+00       6.50600E-02       3.78229E-02       5.81355E-01       8.21402E-01       7.89705E-01
       1.44544E+00       1.51356E+00       1.47950E+00       6.81200E-02       4.02858E-02       5.91394E-01       8.74968E-01       8.29991E-01
       1.51356E+00       1.58489E+00       1.54923E+00       7.13300E-02       4.26234E-02       5.97553E-01       9.25743E-01       8.72614E-01
       1.58489E+00       1.65959E+00       1.62224E+00       7.47000E-02       4.45808E-02       5.96797E-01       9.68148E-01       9.17195E-01
       1.65959E+00       1.73780E+00       1.69869E+00       7.82100E-02       4.57662E-02       5.85170E-01       9.94026E-01       9.62961E-01
       1.73780E+00       1.81970E+00       1.77875E+00       8.19000E-02       3.70390E-02       4.52246E-01       8.04433E-01       1.00000E+00

 Sum =                                                                         1.00000E+00
 Renormalization bin#   956 =                                                  3.64171E-03 barn        1.60000E+07        1.62000E+07        1.61000E+07
 Avg. Energy     bin#   956 =                                                  9.10360E-01 MeV         1.60000E+07        1.62000E+07
