"        MT=103 recoil spectrum "
" Initial neutron energy corresponds to the group:"
   1.98000E+01    2.00000E+01       0.00000E+00           759           885           127



          Low               High              Mid              Energy           Number             dn/de            E*dn/de          Cumulative
         Energy            Energy            Energy             Width          Fraction                               Sum   
         [MeV]             [MeV]             [MeV]              [MeV]

       7.24436E-03       7.58578E-03       7.41507E-03       3.41420E-04       0.00000E+00       0.00000E+00       0.00000E+00       0.00000E+00
       7.58578E-03       7.94328E-03       7.76453E-03       3.57500E-04       6.65847E-07       1.86251E-03       1.44615E-05       6.65847E-07
       7.94328E-03       8.31764E-03       8.13046E-03       3.74360E-04       3.37690E-06       9.02047E-03       7.33406E-05       4.04275E-06
       8.31764E-03       8.70964E-03       8.51364E-03       3.92000E-04       3.60980E-06       9.20868E-03       7.83993E-05       7.65255E-06
       8.70964E-03       9.12011E-03       8.91487E-03       4.10471E-04       3.78241E-06       9.21481E-03       8.21489E-05       1.14350E-05
       9.12011E-03       9.54993E-03       9.33502E-03       4.29819E-04       3.96165E-06       9.21701E-03       8.60410E-05       1.53966E-05
       9.54993E-03       1.00000E-02       9.77496E-03       4.50070E-04       4.14953E-06       9.21974E-03       9.01226E-05       1.95461E-05
       1.00000E-02       1.04713E-02       1.02357E-02       4.71300E-04       4.34768E-06       9.22487E-03       9.44226E-05       2.38938E-05
       1.04713E-02       1.09648E-02       1.07180E-02       4.93500E-04       4.55451E-06       9.22899E-03       9.89168E-05       2.84483E-05
       1.09648E-02       1.14815E-02       1.12232E-02       5.16700E-04       4.77191E-06       9.23536E-03       1.03650E-04       3.32202E-05
       1.14815E-02       1.20226E-02       1.17521E-02       5.41100E-04       4.99896E-06       9.23853E-03       1.08572E-04       3.82192E-05
       1.20226E-02       1.25892E-02       1.23059E-02       5.66601E-04       5.25969E-06       9.28289E-03       1.14234E-04       4.34789E-05
       1.25892E-02       1.31826E-02       1.28859E-02       5.93399E-04       9.11170E-06       1.53551E-02       1.97864E-04       5.25906E-05
       1.31826E-02       1.38038E-02       1.34932E-02       6.21200E-04       1.19260E-05       1.91984E-02       2.59047E-04       6.45166E-05
       1.38038E-02       1.44544E-02       1.41291E-02       6.50601E-04       1.31184E-05       2.01636E-02       2.84893E-04       7.76351E-05
       1.44544E-02       1.51356E-02       1.47950E-02       6.81199E-04       1.46643E-05       2.15272E-02       3.18495E-04       9.22994E-05
       1.51356E-02       1.58489E-02       1.54923E-02       7.13301E-04       1.66171E-05       2.32960E-02       3.60908E-04       1.08916E-04
       1.58489E-02       1.65959E-02       1.62224E-02       7.47000E-04       1.98152E-05       2.65264E-02       4.30321E-04       1.28732E-04
       1.65959E-02       1.73780E-02       1.69870E-02       7.82100E-04       2.82094E-05       3.60688E-02       6.12699E-04       1.56941E-04
       1.73780E-02       1.81970E-02       1.77875E-02       8.19000E-04       3.03853E-05       3.71005E-02       6.59926E-04       1.87326E-04
       1.81970E-02       1.90546E-02       1.86258E-02       8.57600E-04       3.27259E-05       3.81599E-02       7.10759E-04       2.20052E-04
       1.90546E-02       1.99526E-02       1.95036E-02       8.98000E-04       3.52878E-05       3.92960E-02       7.66413E-04       2.55340E-04
       1.99526E-02       2.08930E-02       2.04228E-02       9.40400E-04       4.29961E-05       4.57210E-02       9.33751E-04       2.98336E-04
       2.08930E-02       2.18776E-02       2.13853E-02       9.84600E-04       5.67300E-05       5.76173E-02       1.23216E-03       3.55066E-04
       2.18776E-02       2.29087E-02       2.23931E-02       1.03110E-03       6.42669E-05       6.23285E-02       1.39573E-03       4.19333E-04
       2.29087E-02       2.39883E-02       2.34485E-02       1.07960E-03       7.93330E-05       7.34836E-02       1.72308E-03       4.98666E-04
       2.39883E-02       2.51189E-02       2.45536E-02       1.13060E-03       9.33564E-05       8.25725E-02       2.02745E-03       5.92022E-04
       2.51189E-02       2.63027E-02       2.57108E-02       1.18380E-03       9.97304E-05       8.42460E-02       2.16603E-03       6.91753E-04
       2.63027E-02       2.75423E-02       2.69225E-02       1.23960E-03       1.11040E-04       8.95776E-02       2.41165E-03       8.02793E-04
       2.75423E-02       2.88403E-02       2.81913E-02       1.29800E-03       1.20625E-04       9.29311E-02       2.61985E-03       9.23418E-04
       2.88403E-02       3.01995E-02       2.95199E-02       1.35920E-03       1.28300E-04       9.43939E-02       2.78650E-03       1.05172E-03
       3.01995E-02       3.16228E-02       3.09112E-02       1.42330E-03       1.36495E-04       9.59001E-02       2.96438E-03       1.18821E-03
       3.16228E-02       3.31131E-02       3.23680E-02       1.49030E-03       1.45187E-04       9.74214E-02       3.15333E-03       1.33340E-03
       3.31131E-02       3.46737E-02       3.38934E-02       1.56060E-03       1.54490E-04       9.89938E-02       3.35524E-03       1.48789E-03
       3.46737E-02       3.63078E-02       3.54908E-02       1.63410E-03       1.73591E-04       1.06230E-01       3.77019E-03       1.66148E-03
       3.63078E-02       3.80189E-02       3.71633E-02       1.71110E-03       2.07163E-04       1.21070E-01       4.49937E-03       1.86864E-03
       3.80189E-02       3.98107E-02       3.89148E-02       1.79180E-03       2.45037E-04       1.36755E-01       5.32178E-03       2.11368E-03
       3.98107E-02       4.16869E-02       4.07488E-02       1.87620E-03       2.85951E-04       1.52410E-01       6.21051E-03       2.39963E-03
       4.16869E-02       4.36516E-02       4.26693E-02       1.96470E-03       3.30624E-04       1.68282E-01       7.18047E-03       2.73026E-03
       4.36516E-02       4.57088E-02       4.46802E-02       2.05720E-03       3.80416E-04       1.84919E-01       8.26223E-03       3.11067E-03
       4.57088E-02       4.78630E-02       4.67859E-02       2.15420E-03       4.35856E-04       2.02328E-01       9.46612E-03       3.54653E-03
       4.78630E-02       5.01187E-02       4.89908E-02       2.25570E-03       4.96632E-04       2.20168E-01       1.07862E-02       4.04316E-03
       5.01187E-02       5.24808E-02       5.12998E-02       2.36210E-03       5.61481E-04       2.37704E-01       1.21942E-02       4.60464E-03
       5.24808E-02       5.49541E-02       5.37174E-02       2.47330E-03       6.33133E-04       2.55987E-01       1.37510E-02       5.23777E-03
       5.49541E-02       5.75440E-02       5.62491E-02       2.58990E-03       7.12506E-04       2.75109E-01       1.54746E-02       5.95028E-03
       5.75440E-02       6.02560E-02       5.89000E-02       2.71200E-03       7.98910E-04       2.94583E-01       1.73510E-02       6.74919E-03
       6.02560E-02       6.30957E-02       6.16758E-02       2.83970E-03       8.92756E-04       3.14384E-01       1.93899E-02       7.64195E-03
       6.30957E-02       6.60693E-02       6.45825E-02       2.97360E-03       9.96428E-04       3.35092E-01       2.16411E-02       8.63837E-03
       6.60693E-02       6.91831E-02       6.76262E-02       3.11380E-03       1.10975E-03       3.56398E-01       2.41019E-02       9.74813E-03
       6.91831E-02       7.24436E-02       7.08134E-02       3.26050E-03       1.23258E-03       3.78035E-01       2.67699E-02       1.09807E-02
       7.24436E-02       7.58578E-02       7.41507E-02       3.41420E-03       1.35358E-03       3.96457E-01       2.93976E-02       1.23343E-02
       7.58578E-02       7.94328E-02       7.76453E-02       3.57500E-03       1.45159E-03       4.06039E-01       3.15271E-02       1.37859E-02
       7.94328E-02       8.31764E-02       8.13046E-02       3.74360E-03       1.55329E-03       4.14920E-01       3.37349E-02       1.53392E-02
       8.31764E-02       8.70964E-02       8.51364E-02       3.92000E-03       1.66213E-03       4.24013E-01       3.60990E-02       1.70013E-02
       8.70964E-02       9.12011E-02       8.91488E-02       4.10470E-03       1.77662E-03       4.32826E-01       3.85859E-02       1.87779E-02
       9.12011E-02       9.54993E-02       9.33502E-02       4.29820E-03       1.89965E-03       4.41965E-01       4.12575E-02       2.06776E-02
       9.54993E-02       1.00000E-01       9.77497E-02       4.50070E-03       2.03200E-03       4.51485E-01       4.41325E-02       2.27096E-02
       1.00000E-01       1.04713E-01       1.02357E-01       4.71300E-03       2.17468E-03       4.61422E-01       4.72296E-02       2.48843E-02
       1.04713E-01       1.09648E-01       1.07180E-01       4.93500E-03       2.32856E-03       4.71845E-01       5.05726E-02       2.72128E-02
       1.09648E-01       1.14815E-01       1.12231E-01       5.16700E-03       2.49471E-03       4.82815E-01       5.41871E-02       2.97075E-02
       1.14815E-01       1.20226E-01       1.17520E-01       5.41100E-03       2.67375E-03       4.94132E-01       5.80707E-02       3.23813E-02
       1.20226E-01       1.25892E-01       1.23059E-01       5.66600E-03       2.86123E-03       5.04983E-01       6.21427E-02       3.52425E-02
       1.25892E-01       1.31826E-01       1.28859E-01       5.93400E-03       3.05588E-03       5.14978E-01       6.63595E-02       3.82984E-02
       1.31826E-01       1.38038E-01       1.34932E-01       6.21200E-03       3.26476E-03       5.25556E-01       7.09144E-02       4.15631E-02
       1.38038E-01       1.44544E-01       1.41291E-01       6.50600E-03       3.45838E-03       5.31568E-01       7.51058E-02       4.50215E-02
       1.44544E-01       1.51356E-01       1.47950E-01       6.81200E-03       3.62301E-03       5.31857E-01       7.86883E-02       4.86445E-02
       1.51356E-01       1.58489E-01       1.54923E-01       7.13300E-03       3.79468E-03       5.31990E-01       8.24172E-02       5.24392E-02
       1.58489E-01       1.65959E-01       1.62224E-01       7.47000E-03       3.97441E-03       5.32049E-01       8.63112E-02       5.64136E-02
       1.65959E-01       1.73780E-01       1.69869E-01       7.82100E-03       4.16246E-03       5.32216E-01       9.04072E-02       6.05761E-02
       1.73780E-01       1.81970E-01       1.77875E-01       8.19000E-03       4.35934E-03       5.32276E-01       9.46785E-02       6.49354E-02
       1.81970E-01       1.90546E-01       1.86258E-01       8.57600E-03       4.56562E-03       5.32372E-01       9.91586E-02       6.95011E-02
       1.90546E-01       1.99526E-01       1.95036E-01       8.98000E-03       4.78170E-03       5.32484E-01       1.03853E-01       7.42828E-02
       1.99526E-01       2.08930E-01       2.04228E-01       9.40400E-03       5.00818E-03       5.32559E-01       1.08763E-01       7.92910E-02
       2.08930E-01       2.18776E-01       2.13853E-01       9.84600E-03       5.24548E-03       5.32752E-01       1.13931E-01       8.45364E-02
       2.18776E-01       2.29087E-01       2.23931E-01       1.03110E-02       5.49408E-03       5.32837E-01       1.19319E-01       9.00305E-02
       2.29087E-01       2.39883E-01       2.34485E-01       1.07960E-02       5.75454E-03       5.33026E-01       1.24986E-01       9.57851E-02
       2.39883E-01       2.51189E-01       2.45536E-01       1.13060E-02       6.02488E-03       5.32892E-01       1.30844E-01       1.01810E-01
       2.51189E-01       2.63027E-01       2.57108E-01       1.18380E-02       6.30674E-03       5.32754E-01       1.36975E-01       1.08117E-01
       2.63027E-01       2.75423E-01       2.69225E-01       1.23960E-02       6.60171E-03       5.32567E-01       1.43380E-01       1.14718E-01
       2.75423E-01       2.88403E-01       2.81913E-01       1.29800E-02       6.91047E-03       5.32393E-01       1.50089E-01       1.21629E-01
       2.88403E-01       3.01995E-01       2.95199E-01       1.35920E-02       7.23362E-03       5.32197E-01       1.57104E-01       1.28862E-01
       3.01995E-01       3.16228E-01       3.09112E-01       1.42330E-02       7.57135E-03       5.31957E-01       1.64434E-01       1.36434E-01
       3.16228E-01       3.31131E-01       3.23680E-01       1.49030E-02       7.92414E-03       5.31714E-01       1.72105E-01       1.44358E-01
       3.31131E-01       3.46737E-01       3.38934E-01       1.56060E-02       8.29336E-03       5.31421E-01       1.80117E-01       1.52651E-01
       3.46737E-01       3.63078E-01       3.54908E-01       1.63410E-02       8.67963E-03       5.31156E-01       1.88511E-01       1.61331E-01
       3.63078E-01       3.80189E-01       3.71633E-01       1.71110E-02       9.08384E-03       5.30877E-01       1.97292E-01       1.70415E-01
       3.80189E-01       3.98107E-01       3.89148E-01       1.79180E-02       9.50689E-03       5.30577E-01       2.06473E-01       1.79922E-01
       3.98107E-01       4.16869E-01       4.07488E-01       1.87620E-02       9.94951E-03       5.30301E-01       2.16091E-01       1.89871E-01
       4.16869E-01       4.36516E-01       4.26692E-01       1.96470E-02       1.04127E-02       5.29989E-01       2.26142E-01       2.00284E-01
       4.36516E-01       4.57088E-01       4.46802E-01       2.05720E-02       1.08975E-02       5.29723E-01       2.36681E-01       2.11181E-01
       4.57088E-01       4.78630E-01       4.67859E-01       2.15420E-02       1.14047E-02       5.29416E-01       2.47692E-01       2.22586E-01
       4.78630E-01       5.01187E-01       4.89909E-01       2.25570E-02       1.19355E-02       5.29124E-01       2.59222E-01       2.34521E-01
       5.01187E-01       5.24808E-01       5.12998E-01       2.36210E-02       1.24910E-02       5.28809E-01       2.71278E-01       2.47012E-01
       5.24808E-01       5.49541E-01       5.37174E-01       2.47330E-02       1.30723E-02       5.28535E-01       2.83915E-01       2.60085E-01
       5.49541E-01       5.75440E-01       5.62490E-01       2.58990E-02       1.36806E-02       5.28229E-01       2.97124E-01       2.73765E-01
       5.75440E-01       6.02560E-01       5.89000E-01       2.71200E-02       1.43173E-02       5.27922E-01       3.10946E-01       2.88083E-01
       6.02560E-01       6.30957E-01       6.16758E-01       2.83970E-02       1.49833E-02       5.27637E-01       3.25424E-01       3.03066E-01
       6.30957E-01       6.60693E-01       6.45825E-01       2.97360E-02       1.56805E-02       5.27324E-01       3.40559E-01       3.18746E-01
       6.60693E-01       6.91831E-01       6.76262E-01       3.11380E-02       1.64102E-02       5.27015E-01       3.56400E-01       3.35157E-01
       6.91831E-01       7.24436E-01       7.08133E-01       3.26050E-02       1.71738E-02       5.26724E-01       3.72991E-01       3.52330E-01
       7.24436E-01       7.58578E-01       7.41507E-01       3.41420E-02       1.79733E-02       5.26427E-01       3.90349E-01       3.70304E-01
       7.58578E-01       7.94328E-01       7.76453E-01       3.57500E-02       1.88102E-02       5.26160E-01       4.08538E-01       3.89114E-01
       7.94328E-01       8.31764E-01       8.13046E-01       3.74360E-02       1.96866E-02       5.25874E-01       4.27560E-01       4.08800E-01
       8.31764E-01       8.70964E-01       8.51364E-01       3.92000E-02       2.06042E-02       5.25618E-01       4.47492E-01       4.29405E-01
       8.70964E-01       9.12011E-01       8.91487E-01       4.10470E-02       2.15652E-02       5.25379E-01       4.68368E-01       4.50970E-01
       9.12011E-01       9.54993E-01       9.33502E-01       4.29820E-02       2.25720E-02       5.25151E-01       4.90229E-01       4.73542E-01
       9.54993E-01       1.00000E+00       9.77497E-01       4.50070E-02       2.36269E-02       5.24961E-01       5.13148E-01       4.97169E-01
       1.00000E+00       1.04713E+00       1.02357E+00       4.71300E-02       2.47327E-02       5.24776E-01       5.37143E-01       5.21902E-01
       1.04713E+00       1.09648E+00       1.07181E+00       4.93500E-02       2.58912E-02       5.24645E-01       5.62317E-01       5.47793E-01
       1.09648E+00       1.14815E+00       1.12231E+00       5.16700E-02       2.71074E-02       5.24625E-01       5.88794E-01       5.74900E-01
       1.14815E+00       1.20226E+00       1.17520E+00       5.41100E-02       2.83819E-02       5.24521E-01       6.16420E-01       6.03282E-01
       1.20226E+00       1.25892E+00       1.23059E+00       5.66600E-02       2.97208E-02       5.24546E-01       6.45501E-01       6.33003E-01
       1.25892E+00       1.31826E+00       1.28859E+00       5.93400E-02       3.11247E-02       5.24515E-01       6.75885E-01       6.64128E-01
       1.31826E+00       1.38038E+00       1.34932E+00       6.21200E-02       3.25916E-02       5.24656E-01       7.07929E-01       6.96719E-01
       1.38038E+00       1.44544E+00       1.41291E+00       6.50600E-02       3.41177E-02       5.24404E-01       7.40935E-01       7.30837E-01
       1.44544E+00       1.51356E+00       1.47950E+00       6.81200E-02       3.56845E-02       5.23848E-01       7.75033E-01       7.66521E-01
       1.51356E+00       1.58489E+00       1.54923E+00       7.13300E-02       3.73273E-02       5.23305E-01       8.10717E-01       8.03849E-01
       1.58489E+00       1.65959E+00       1.62224E+00       7.47000E-02       3.79987E-02       5.08684E-01       8.25207E-01       8.41847E-01
       1.65959E+00       1.73780E+00       1.69869E+00       7.82100E-02       3.69192E-02       4.72053E-01       8.01873E-01       8.78767E-01
       1.73780E+00       1.81970E+00       1.77875E+00       8.19000E-02       3.53905E-02       4.32118E-01       7.68630E-01       9.14157E-01
       1.81970E+00       1.90546E+00       1.86258E+00       8.57600E-02       3.23987E-02       3.77783E-01       7.03652E-01       9.46556E-01
       1.90546E+00       1.99526E+00       1.95036E+00       8.98000E-02       2.45156E-02       2.73002E-01       5.32453E-01       9.71071E-01
       1.99526E+00       2.08930E+00       2.04228E+00       9.40400E-02       1.49683E-02       1.59169E-01       3.25068E-01       9.86040E-01
       2.08930E+00       2.18776E+00       2.13853E+00       9.84600E-02       8.96100E-03       9.10116E-02       1.94631E-01       9.95001E-01
       2.18776E+00       2.29087E+00       2.23932E+00       1.03110E-01       3.81810E-03       3.70294E-02       8.29206E-02       9.98819E-01
       2.29087E+00       2.39883E+00       2.34485E+00       1.07960E-01       1.15431E-03       1.06920E-02       2.50711E-02       9.99973E-01
       2.39883E+00       2.51189E+00       2.45536E+00       1.13060E-01       2.68735E-05       2.37693E-04       5.83621E-04       1.00000E+00

 Sum =                                                                         1.00000E+00
 Renormalization bin#   975 =                                                  8.92952E-02 barn        1.98000E+07        2.00000E+07        1.99000E+07
 Avg. Energy     bin#   975 =                                                  1.01539E+00 MeV         1.98000E+07        2.00000E+07
