"        MT=606 recoil spectrum "
" Initial neutron energy corresponds to the group:"
   1.42000E+01    1.44000E+01       0.00000E+00           784           875            92



          Low               High              Mid              Energy           Number             dn/de            E*dn/de          Cumulative
         Energy            Energy            Energy             Width          Fraction                               Sum   
         [MeV]             [MeV]             [MeV]              [MeV]

       2.29087E-02       2.39883E-02       2.34485E-02       1.07960E-03       0.00000E+00       0.00000E+00       0.00000E+00       0.00000E+00
       2.39883E-02       2.51189E-02       2.45536E-02       1.13060E-03       5.61815E-04       4.96917E-01       1.22011E-02       5.61815E-04
       2.51189E-02       2.63027E-02       2.57108E-02       1.18380E-03       1.01845E-03       8.60325E-01       2.21196E-02       1.58027E-03
       2.63027E-02       2.75423E-02       2.69225E-02       1.23960E-03       1.06615E-03       8.60076E-01       2.31554E-02       2.64642E-03
       2.75423E-02       2.88403E-02       2.81913E-02       1.29800E-03       1.11608E-03       8.59843E-01       2.42401E-02       3.76249E-03
       2.88403E-02       3.01995E-02       2.95199E-02       1.35920E-03       1.16830E-03       8.59549E-01       2.53738E-02       4.93079E-03
       3.01995E-02       3.16228E-02       3.09112E-02       1.42330E-03       1.22290E-03       8.59200E-01       2.65589E-02       6.15369E-03
       3.16228E-02       3.31131E-02       3.23680E-02       1.49030E-03       1.28002E-03       8.58903E-01       2.78009E-02       7.43372E-03
       3.31131E-02       3.46737E-02       3.38934E-02       1.56060E-03       1.33977E-03       8.58500E-01       2.90975E-02       8.77349E-03
       3.46737E-02       3.63078E-02       3.54908E-02       1.63410E-03       1.40227E-03       8.58132E-01       3.04557E-02       1.01758E-02
       3.63078E-02       3.80189E-02       3.71633E-02       1.71110E-03       1.46762E-03       8.57708E-01       3.18753E-02       1.16434E-02
       3.80189E-02       3.98107E-02       3.89148E-02       1.79180E-03       1.53595E-03       8.57211E-01       3.33582E-02       1.31793E-02
       3.98107E-02       4.16869E-02       4.07488E-02       1.87620E-03       1.60740E-03       8.56732E-01       3.49108E-02       1.47867E-02
       4.16869E-02       4.36516E-02       4.26693E-02       1.96470E-03       1.68205E-03       8.56133E-01       3.65306E-02       1.64688E-02
       4.36516E-02       4.57088E-02       4.46802E-02       2.05720E-03       1.76007E-03       8.55567E-01       3.82269E-02       1.82289E-02
       4.57088E-02       4.78630E-02       4.67859E-02       2.15420E-03       1.84162E-03       8.54899E-01       3.99972E-02       2.00705E-02
       4.78630E-02       5.01187E-02       4.89908E-02       2.25570E-03       1.92680E-03       8.54191E-01       4.18475E-02       2.19973E-02
       5.01187E-02       5.24808E-02       5.12998E-02       2.36210E-03       2.01580E-03       8.53392E-01       4.37788E-02       2.40131E-02
       5.24808E-02       5.49541E-02       5.37174E-02       2.47330E-03       2.10870E-03       8.52584E-01       4.57987E-02       2.61218E-02
       5.49541E-02       5.75440E-02       5.62491E-02       2.58990E-03       2.20572E-03       8.51661E-01       4.79051E-02       2.83275E-02
       5.75440E-02       6.02560E-02       5.89000E-02       2.71200E-03       2.30699E-03       8.50662E-01       5.01040E-02       3.06345E-02
       6.02560E-02       6.30957E-02       6.16758E-02       2.83970E-03       2.41269E-03       8.49630E-01       5.24017E-02       3.30472E-02
       6.30957E-02       6.60693E-02       6.45825E-02       2.97360E-03       2.52294E-03       8.48449E-01       5.47949E-02       3.55701E-02
       6.60693E-02       6.91831E-02       6.76262E-02       3.11380E-03       2.63792E-03       8.47169E-01       5.72908E-02       3.82080E-02
       6.91831E-02       7.24436E-02       7.08134E-02       3.26050E-03       2.75785E-03       8.45837E-01       5.98966E-02       4.09659E-02
       7.24436E-02       7.58578E-02       7.41507E-02       3.41420E-03       2.88279E-03       8.44354E-01       6.26094E-02       4.38487E-02
       7.58578E-02       7.94328E-02       7.76453E-02       3.57500E-03       3.01297E-03       8.42788E-01       6.54385E-02       4.68617E-02
       7.94328E-02       8.31764E-02       8.13046E-02       3.74360E-03       3.14858E-03       8.41057E-01       6.83818E-02       5.00102E-02
       8.31764E-02       8.70964E-02       8.51364E-02       3.92000E-03       3.28969E-03       8.39207E-01       7.14471E-02       5.32999E-02
       8.70964E-02       9.12011E-02       8.91488E-02       4.10470E-03       3.43654E-03       8.37221E-01       7.46372E-02       5.67365E-02
       9.12011E-02       9.54993E-02       9.33502E-02       4.29820E-03       3.58928E-03       8.35067E-01       7.79536E-02       6.03257E-02
       9.54993E-02       1.00000E-01       9.77497E-02       4.50070E-03       3.74801E-03       8.32761E-01       8.14021E-02       6.40738E-02
       1.00000E-01       1.04713E-01       1.02357E-01       4.71300E-03       3.91298E-03       8.30252E-01       8.49817E-02       6.79867E-02
       1.04713E-01       1.09648E-01       1.07180E-01       4.93500E-03       4.08409E-03       8.27577E-01       8.87001E-02       7.20708E-02
       1.09648E-01       1.14815E-01       1.12231E-01       5.16700E-03       4.26187E-03       8.24824E-01       9.25712E-02       7.63327E-02
       1.14815E-01       1.20226E-01       1.17520E-01       5.41100E-03       4.44592E-03       8.21644E-01       9.65601E-02       8.07786E-02
       1.20226E-01       1.25892E-01       1.23059E-01       5.66600E-03       4.63689E-03       8.18372E-01       1.00708E-01       8.54155E-02
       1.25892E-01       1.31826E-01       1.28859E-01       5.93400E-03       4.83451E-03       8.14714E-01       1.04983E-01       9.02500E-02
       1.31826E-01       1.38038E-01       1.34932E-01       6.21200E-03       5.03890E-03       8.11156E-01       1.09451E-01       9.52889E-02
       1.38038E-01       1.44544E-01       1.41291E-01       6.50600E-03       5.25030E-03       8.06994E-01       1.14021E-01       1.00539E-01
       1.44544E-01       1.51356E-01       1.47950E-01       6.81200E-03       5.46849E-03       8.02774E-01       1.18770E-01       1.06008E-01
       1.51356E-01       1.58489E-01       1.54923E-01       7.13300E-03       5.69380E-03       7.98234E-01       1.23664E-01       1.11702E-01
       1.58489E-01       1.65959E-01       1.62224E-01       7.47000E-03       5.92599E-03       7.93306E-01       1.28693E-01       1.17628E-01
       1.65959E-01       1.73780E-01       1.69869E-01       7.82100E-03       6.16515E-03       7.88281E-01       1.33905E-01       1.23793E-01
       1.73780E-01       1.81970E-01       1.77875E-01       8.19000E-03       6.41116E-03       7.82804E-01       1.39241E-01       1.30204E-01
       1.81970E-01       1.90546E-01       1.86258E-01       8.57600E-03       6.66416E-03       7.77071E-01       1.44736E-01       1.36868E-01
       1.90546E-01       1.99526E-01       1.95036E-01       8.98000E-03       6.92390E-03       7.71035E-01       1.50380E-01       1.43792E-01
       1.99526E-01       2.08930E-01       2.04228E-01       9.40400E-03       7.19044E-03       7.64615E-01       1.56156E-01       1.50982E-01
       2.08930E-01       2.18776E-01       2.13853E-01       9.84600E-03       7.46357E-03       7.58030E-01       1.62107E-01       1.58446E-01
       2.18776E-01       2.29087E-01       2.23931E-01       1.03110E-02       7.74320E-03       7.50965E-01       1.68165E-01       1.66189E-01
       2.29087E-01       2.39883E-01       2.34485E-01       1.07960E-02       8.02929E-03       7.43728E-01       1.74393E-01       1.74218E-01
       2.39883E-01       2.51189E-01       2.45536E-01       1.13060E-02       8.32176E-03       7.36048E-01       1.80726E-01       1.82540E-01
       2.51189E-01       2.63027E-01       2.57108E-01       1.18380E-02       8.62059E-03       7.28213E-01       1.87229E-01       1.91161E-01
       2.63027E-01       2.75423E-01       2.69225E-01       1.23960E-02       8.92561E-03       7.20040E-01       1.93853E-01       2.00086E-01
       2.75423E-01       2.88403E-01       2.81913E-01       1.29800E-02       9.23699E-03       7.11633E-01       2.00619E-01       2.09323E-01
       2.88403E-01       3.01995E-01       2.95199E-01       1.35920E-02       9.55461E-03       7.02958E-01       2.07513E-01       2.18878E-01
       3.01995E-01       3.16228E-01       3.09112E-01       1.42330E-02       9.87891E-03       6.94085E-01       2.14550E-01       2.28757E-01
       3.16228E-01       3.31131E-01       3.23680E-01       1.49030E-02       1.02100E-02       6.85096E-01       2.21752E-01       2.38967E-01
       3.31131E-01       3.46737E-01       3.38934E-01       1.56060E-02       1.05484E-02       6.75920E-01       2.29092E-01       2.49515E-01
       3.46737E-01       3.63078E-01       3.54908E-01       1.63410E-02       1.08945E-02       6.66700E-01       2.36617E-01       2.60410E-01
       3.63078E-01       3.80189E-01       3.71633E-01       1.71110E-02       1.12493E-02       6.57428E-01       2.44322E-01       2.71659E-01
       3.80189E-01       3.98107E-01       3.89148E-01       1.79180E-02       1.16137E-02       6.48158E-01       2.52229E-01       2.83273E-01
       3.98107E-01       4.16869E-01       4.07488E-01       1.87620E-02       1.19889E-02       6.38996E-01       2.60383E-01       2.95262E-01
       4.16869E-01       4.36516E-01       4.26692E-01       1.96470E-02       1.23764E-02       6.29938E-01       2.68790E-01       3.07638E-01
       4.36516E-01       4.57088E-01       4.46802E-01       2.05720E-02       1.27782E-02       6.21145E-01       2.77529E-01       3.20416E-01
       4.57088E-01       4.78630E-01       4.67859E-01       2.15420E-02       1.31963E-02       6.12585E-01       2.86603E-01       3.33612E-01
       4.78630E-01       5.01187E-01       4.89909E-01       2.25570E-02       1.36334E-02       6.04397E-01       2.96099E-01       3.47246E-01
       5.01187E-01       5.24808E-01       5.12998E-01       2.36210E-02       1.40924E-02       5.96605E-01       3.06057E-01       3.61338E-01
       5.24808E-01       5.49541E-01       5.37174E-01       2.47330E-02       1.45767E-02       5.89362E-01       3.16590E-01       3.75915E-01
       5.49541E-01       5.75440E-01       5.62490E-01       2.58990E-02       1.50902E-02       5.82655E-01       3.27738E-01       3.91005E-01
       5.75440E-01       6.02560E-01       5.89000E-01       2.71200E-02       1.56374E-02       5.76600E-01       3.39617E-01       4.06643E-01
       6.02560E-01       6.30957E-01       6.16758E-01       2.83970E-02       1.62230E-02       5.71294E-01       3.52350E-01       4.22866E-01
       6.30957E-01       6.60693E-01       6.45825E-01       2.97360E-02       1.68531E-02       5.66758E-01       3.66026E-01       4.39719E-01
       6.60693E-01       6.91831E-01       6.76262E-01       3.11380E-02       1.75341E-02       5.63109E-01       3.80810E-01       4.57253E-01
       6.91831E-01       7.24436E-01       7.08133E-01       3.26050E-02       1.82737E-02       5.60456E-01       3.96878E-01       4.75526E-01
       7.24436E-01       7.58578E-01       7.41507E-01       3.41420E-02       1.90812E-02       5.58878E-01       4.14412E-01       4.94608E-01
       7.58578E-01       7.94328E-01       7.76453E-01       3.57500E-02       1.99682E-02       5.58552E-01       4.33689E-01       5.14576E-01
       7.94328E-01       8.31764E-01       8.13046E-01       3.74360E-02       2.09491E-02       5.59598E-01       4.54979E-01       5.35525E-01
       8.31764E-01       8.70964E-01       8.51364E-01       3.92000E-02       2.20421E-02       5.62298E-01       4.78720E-01       5.57567E-01
       8.70964E-01       9.12011E-01       8.91487E-01       4.10470E-02       2.32710E-02       5.66934E-01       5.05415E-01       5.80838E-01
       9.12011E-01       9.54993E-01       9.33502E-01       4.29820E-02       2.46663E-02       5.73876E-01       5.35714E-01       6.05504E-01
       9.54993E-01       1.00000E+00       9.77497E-01       4.50070E-02       2.62679E-02       5.83640E-01       5.70506E-01       6.31772E-01
       1.00000E+00       1.04713E+00       1.02357E+00       4.71300E-02       2.81259E-02       5.96772E-01       6.10835E-01       6.59898E-01
       1.04713E+00       1.09648E+00       1.07181E+00       4.93500E-02       3.03003E-02       6.13987E-01       6.58075E-01       6.90198E-01
       1.09648E+00       1.14815E+00       1.12231E+00       5.16700E-02       3.28644E-02       6.36043E-01       7.13841E-01       7.23063E-01
       1.14815E+00       1.20226E+00       1.17520E+00       5.41100E-02       3.58915E-02       6.63306E-01       7.79521E-01       7.58954E-01
       1.20226E+00       1.25892E+00       1.23059E+00       5.66600E-02       3.94531E-02       6.96312E-01       8.56875E-01       7.98407E-01
       1.25892E+00       1.31826E+00       1.28859E+00       5.93400E-02       4.35823E-02       7.34450E-01       9.46405E-01       8.41990E-01
       1.31826E+00       1.38038E+00       1.34932E+00       6.21200E-02       4.82304E-02       7.76407E-01       1.04762E+00       8.90220E-01
       1.38038E+00       1.44544E+00       1.41291E+00       6.50600E-02       5.31856E-02       8.17486E-01       1.15503E+00       9.43406E-01
       1.44544E+00       1.51356E+00       1.47950E+00       6.81200E-02       5.40763E-02       7.93839E-01       1.17448E+00       9.97482E-01
       1.51356E+00       1.58489E+00       1.54923E+00       7.13300E-02       2.51798E-03       3.53005E-02       5.46884E-02       1.00000E+00

 Sum =                                                                         1.00000E+00
 Renormalization bin#   947 =                                                  4.63672E-03 barn        1.42000E+07        1.44000E+07        1.43000E+07
 Avg. Energy     bin#   947 =                                                  7.68374E-01 MeV         1.42000E+07        1.44000E+07
