"        MT=606 recoil spectrum "
" Initial neutron energy corresponds to the group:"
   6.20000E+00    6.40000E+00       0.00000E+00           813           845            33



          Low               High              Mid              Energy           Number             dn/de            E*dn/de          Cumulative
         Energy            Energy            Energy             Width          Fraction                               Sum   
         [MeV]             [MeV]             [MeV]              [MeV]

       8.70964E-02       9.12011E-02       8.91488E-02       4.10470E-03       0.00000E+00       0.00000E+00       0.00000E+00       0.00000E+00
       9.12011E-02       9.54993E-02       9.33502E-02       4.29820E-03       3.43148E-05       7.98354E-03       7.45265E-04       3.43148E-05
       9.54993E-02       1.00000E-01       9.77497E-02       4.50070E-03       7.12348E-03       1.58275E+00       1.54713E-01       7.15780E-03
       1.00000E-01       1.04713E-01       1.02357E-01       4.71300E-03       1.43305E-02       3.04063E+00       3.11228E-01       2.14883E-02
       1.04713E-01       1.09648E-01       1.07180E-01       4.93500E-03       1.85002E-02       3.74877E+00       4.01795E-01       3.99884E-02
       1.09648E-01       1.14815E-01       1.12231E-01       5.16700E-03       1.93827E-02       3.75125E+00       4.21009E-01       5.93712E-02
       1.14815E-01       1.20226E-01       1.17520E-01       5.41100E-03       2.02638E-02       3.74493E+00       4.40106E-01       7.96350E-02
       1.20226E-01       1.25892E-01       1.23059E-01       5.66600E-03       2.11858E-02       3.73911E+00       4.60132E-01       1.00821E-01
       1.25892E-01       1.31826E-01       1.28859E-01       5.93400E-03       2.21498E-02       3.73269E+00       4.80990E-01       1.22971E-01
       1.31826E-01       1.38038E-01       1.34932E-01       6.21200E-03       2.31572E-02       3.72782E+00       5.03002E-01       1.46128E-01
       1.38038E-01       1.44544E-01       1.41291E-01       6.50600E-03       2.42119E-02       3.72147E+00       5.25811E-01       1.70340E-01
       1.44544E-01       1.51356E-01       1.47950E-01       6.81200E-03       2.53147E-02       3.71620E+00       5.49811E-01       1.95654E-01
       1.51356E-01       1.58489E-01       1.54923E-01       7.13300E-03       2.64696E-02       3.71087E+00       5.74897E-01       2.22124E-01
       1.58489E-01       1.65959E-01       1.62224E-01       7.47000E-03       2.76788E-02       3.70533E+00       6.01094E-01       2.49803E-01
       1.65959E-01       1.73780E-01       1.69869E-01       7.82100E-03       2.89452E-02       3.70096E+00       6.28681E-01       2.78748E-01
       1.73780E-01       1.81970E-01       1.77875E-01       8.19000E-03       3.02726E-02       3.69629E+00       6.57477E-01       3.09021E-01
       1.81970E-01       1.90546E-01       1.86258E-01       8.57600E-03       3.16646E-02       3.69223E+00       6.87707E-01       3.40685E-01
       1.90546E-01       1.99526E-01       1.95036E-01       8.98000E-03       3.31248E-02       3.68873E+00       7.19436E-01       3.73810E-01
       1.99526E-01       2.08930E-01       2.04228E-01       9.40400E-03       3.46586E-02       3.68552E+00       7.52686E-01       4.08469E-01
       2.08930E-01       2.18776E-01       2.13853E-01       9.84600E-03       3.62703E-02       3.68376E+00       7.87782E-01       4.44739E-01
       2.18776E-01       2.29087E-01       2.23931E-01       1.03110E-02       3.79650E-02       3.68199E+00       8.24514E-01       4.82704E-01
       2.29087E-01       2.39883E-01       2.34485E-01       1.07960E-02       3.97493E-02       3.68186E+00       8.63340E-01       5.22453E-01
       2.39883E-01       2.51189E-01       2.45536E-01       1.13060E-02       4.16299E-02       3.68211E+00       9.04090E-01       5.64083E-01
       2.51189E-01       2.63027E-01       2.57108E-01       1.18380E-02       4.36149E-02       3.68431E+00       9.47266E-01       6.07698E-01
       2.63027E-01       2.75423E-01       2.69225E-01       1.23960E-02       4.57118E-02       3.68762E+00       9.92800E-01       6.53410E-01
       2.75423E-01       2.88403E-01       2.81913E-01       1.29800E-02       4.79307E-02       3.69266E+00       1.04101E+00       7.01341E-01
       2.88403E-01       3.01995E-01       2.95199E-01       1.35920E-02       5.02822E-02       3.69940E+00       1.09206E+00       7.51623E-01
       3.01995E-01       3.16228E-01       3.09112E-01       1.42330E-02       5.27791E-02       3.70822E+00       1.14625E+00       8.04402E-01
       3.16228E-01       3.31131E-01       3.23680E-01       1.49030E-02       5.54345E-02       3.71969E+00       1.20399E+00       8.59836E-01
       3.31131E-01       3.46737E-01       3.38934E-01       1.56060E-02       5.82459E-02       3.73227E+00       1.26499E+00       9.18082E-01
       3.46737E-01       3.63078E-01       3.54908E-01       1.63410E-02       5.11585E-02       3.13068E+00       1.11110E+00       9.69241E-01
       3.63078E-01       3.80189E-01       3.71633E-01       1.71110E-02       2.98545E-02       1.74476E+00       6.48410E-01       9.99095E-01
       3.80189E-01       3.98107E-01       3.89148E-01       1.79180E-02       9.04732E-04       5.04929E-02       1.96492E-02       1.00000E+00

 Sum =                                                                         1.00000E+00
 Renormalization bin#   907 =                                                  1.20909E-04 barn        6.20000E+06        6.40000E+06        6.30000E+06
 Avg. Energy     bin#   907 =                                                  2.34066E-01 MeV         6.20000E+06        6.40000E+06
