"        MT=612 recoil spectrum "
" Initial neutron energy corresponds to the group:"
   1.62000E+01    1.64000E+01       0.00000E+00           789           877            89



          Low               High              Mid              Energy           Number             dn/de            E*dn/de          Cumulative
         Energy            Energy            Energy             Width          Fraction                               Sum   
         [MeV]             [MeV]             [MeV]              [MeV]

       2.88403E-02       3.01995E-02       2.95199E-02       1.35920E-03       0.00000E+00       0.00000E+00       0.00000E+00       0.00000E+00
       3.01995E-02       3.16228E-02       3.09112E-02       1.42330E-03       4.97030E-04       3.49210E-01       1.07945E-02       4.97030E-04
       3.16228E-02       3.31131E-02       3.23680E-02       1.49030E-03       7.65290E-04       5.13514E-01       1.66214E-02       1.26232E-03
       3.31131E-02       3.46737E-02       3.38934E-02       1.56060E-03       8.01938E-04       5.13866E-01       1.74167E-02       2.06426E-03
       3.46737E-02       3.63078E-02       3.54908E-02       1.63410E-03       8.40358E-04       5.14263E-01       1.82516E-02       2.90462E-03
       3.63078E-02       3.80189E-02       3.71633E-02       1.71110E-03       8.80675E-04       5.14684E-01       1.91274E-02       3.78529E-03
       3.80189E-02       3.98107E-02       3.89148E-02       1.79180E-03       9.22911E-04       5.15075E-01       2.00440E-02       4.70820E-03
       3.98107E-02       4.16869E-02       4.07488E-02       1.87620E-03       9.67249E-04       5.15536E-01       2.10075E-02       5.67545E-03
       4.16869E-02       4.36516E-02       4.26693E-02       1.96470E-03       1.01376E-03       5.15984E-01       2.20167E-02       6.68921E-03
       4.36516E-02       4.57088E-02       4.46802E-02       2.05720E-03       1.06260E-03       5.16526E-01       2.30785E-02       7.75180E-03
       4.57088E-02       4.78630E-02       4.67859E-02       2.15420E-03       1.11380E-03       5.17037E-01       2.41900E-02       8.86560E-03
       4.78630E-02       5.01187E-02       4.89908E-02       2.25570E-03       1.16758E-03       5.17612E-01       2.53583E-02       1.00332E-02
       5.01187E-02       5.24808E-02       5.12998E-02       2.36210E-03       1.22398E-03       5.18172E-01       2.65821E-02       1.12572E-02
       5.24808E-02       5.49541E-02       5.37174E-02       2.47330E-03       1.28320E-03       5.18821E-01       2.78698E-02       1.25404E-02
       5.49541E-02       5.75440E-02       5.62491E-02       2.58990E-03       1.34537E-03       5.19468E-01       2.92196E-02       1.38857E-02
       5.75440E-02       6.02560E-02       5.89000E-02       2.71200E-03       1.41067E-03       5.20157E-01       3.06373E-02       1.52964E-02
       6.02560E-02       6.30957E-02       6.16758E-02       2.83970E-03       1.47923E-03       5.20912E-01       3.21277E-02       1.67756E-02
       6.30957E-02       6.60693E-02       6.45825E-02       2.97360E-03       1.55122E-03       5.21664E-01       3.36904E-02       1.83268E-02
       6.60693E-02       6.91831E-02       6.76262E-02       3.11380E-03       1.62685E-03       5.22465E-01       3.53323E-02       1.99537E-02
       6.91831E-02       7.24436E-02       7.08134E-02       3.26050E-03       1.70631E-03       5.23327E-01       3.70586E-02       2.16600E-02
       7.24436E-02       7.58578E-02       7.41507E-02       3.41420E-03       1.78978E-03       5.24218E-01       3.88712E-02       2.34498E-02
       7.58578E-02       7.94328E-02       7.76453E-02       3.57500E-03       1.87761E-03       5.25206E-01       4.07798E-02       2.53274E-02
       7.94328E-02       8.31764E-02       8.13046E-02       3.74360E-03       1.96983E-03       5.26185E-01       4.27812E-02       2.72972E-02
       8.31764E-02       8.70964E-02       8.51364E-02       3.92000E-03       2.06684E-03       5.27255E-01       4.48886E-02       2.93641E-02
       8.70964E-02       9.12011E-02       8.91488E-02       4.10470E-03       2.16887E-03       5.28388E-01       4.71051E-02       3.15329E-02
       9.12011E-02       9.54993E-02       9.33502E-02       4.29820E-03       2.27611E-03       5.29550E-01       4.94336E-02       3.38091E-02
       9.54993E-02       1.00000E-01       9.77497E-02       4.50070E-03       2.38898E-03       5.30802E-01       5.18857E-02       3.61980E-02
       1.00000E-01       1.04713E-01       1.02357E-01       4.71300E-03       2.50777E-03       5.32097E-01       5.44636E-02       3.87058E-02
       1.04713E-01       1.09648E-01       1.07180E-01       4.93500E-03       2.63264E-03       5.33463E-01       5.71768E-02       4.13384E-02
       1.09648E-01       1.14815E-01       1.12231E-01       5.16700E-03       2.76429E-03       5.34989E-01       6.00426E-02       4.41027E-02
       1.14815E-01       1.20226E-01       1.17520E-01       5.41100E-03       2.90274E-03       5.36452E-01       6.30442E-02       4.70055E-02
       1.20226E-01       1.25892E-01       1.23059E-01       5.66600E-03       3.04866E-03       5.38063E-01       6.62135E-02       5.00541E-02
       1.25892E-01       1.31826E-01       1.28859E-01       5.93400E-03       3.20236E-03       5.39662E-01       6.95404E-02       5.32565E-02
       1.31826E-01       1.38038E-01       1.34932E-01       6.21200E-03       3.36416E-03       5.41558E-01       7.30734E-02       5.66207E-02
       1.38038E-01       1.44544E-01       1.41291E-01       6.50600E-03       3.53474E-03       5.43305E-01       7.67642E-02       6.01554E-02
       1.44544E-01       1.51356E-01       1.47950E-01       6.81200E-03       3.71448E-03       5.45285E-01       8.06749E-02       6.38699E-02
       1.51356E-01       1.58489E-01       1.54923E-01       7.13300E-03       3.90399E-03       5.47313E-01       8.47911E-02       6.77739E-02
       1.58489E-01       1.65959E-01       1.62224E-01       7.47000E-03       4.10381E-03       5.49372E-01       8.91213E-02       7.18777E-02
       1.65959E-01       1.73780E-01       1.69869E-01       7.82100E-03       4.31450E-03       5.51655E-01       9.37094E-02       7.61922E-02
       1.73780E-01       1.81970E-01       1.77875E-01       8.19000E-03       4.53663E-03       5.53923E-01       9.85290E-02       8.07288E-02
       1.81970E-01       1.90546E-01       1.86258E-01       8.57600E-03       4.77099E-03       5.56319E-01       1.03619E-01       8.54998E-02
       1.90546E-01       1.99526E-01       1.95036E-01       8.98000E-03       5.01813E-03       5.58812E-01       1.08988E-01       9.05179E-02
       1.99526E-01       2.08930E-01       2.04228E-01       9.40400E-03       5.27894E-03       5.61350E-01       1.14643E-01       9.57969E-02
       2.08930E-01       2.18776E-01       2.13853E-01       9.84600E-03       5.55406E-03       5.64093E-01       1.20633E-01       1.01351E-01
       2.18776E-01       2.29087E-01       2.23931E-01       1.03110E-02       5.84421E-03       5.66794E-01       1.26923E-01       1.07195E-01
       2.29087E-01       2.39883E-01       2.34485E-01       1.07960E-02       6.15032E-03       5.69685E-01       1.33583E-01       1.13345E-01
       2.39883E-01       2.51189E-01       2.45536E-01       1.13060E-02       6.47320E-03       5.72545E-01       1.40580E-01       1.19819E-01
       2.51189E-01       2.63027E-01       2.57108E-01       1.18380E-02       6.81377E-03       5.75585E-01       1.47987E-01       1.26632E-01
       2.63027E-01       2.75423E-01       2.69225E-01       1.23960E-02       7.17280E-03       5.78638E-01       1.55784E-01       1.33805E-01
       2.75423E-01       2.88403E-01       2.81913E-01       1.29800E-02       7.55127E-03       5.81762E-01       1.64006E-01       1.41356E-01
       2.88403E-01       3.01995E-01       2.95199E-01       1.35920E-02       7.95013E-03       5.84912E-01       1.72665E-01       1.49307E-01
       3.01995E-01       3.16228E-01       3.09112E-01       1.42330E-02       8.37031E-03       5.88091E-01       1.81786E-01       1.57677E-01
       3.16228E-01       3.31131E-01       3.23680E-01       1.49030E-02       8.81269E-03       5.91337E-01       1.91404E-01       1.66490E-01
       3.31131E-01       3.46737E-01       3.38934E-01       1.56060E-02       9.27844E-03       5.94543E-01       2.01511E-01       1.75768E-01
       3.46737E-01       3.63078E-01       3.54908E-01       1.63410E-02       9.76822E-03       5.97773E-01       2.12154E-01       1.85536E-01
       3.63078E-01       3.80189E-01       3.71633E-01       1.71110E-02       1.02831E-02       6.00964E-01       2.23338E-01       1.95819E-01
       3.80189E-01       3.98107E-01       3.89148E-01       1.79180E-02       1.08240E-02       6.04088E-01       2.35080E-01       2.06643E-01
       3.98107E-01       4.16869E-01       4.07488E-01       1.87620E-02       1.13918E-02       6.07176E-01       2.47417E-01       2.18035E-01
       4.16869E-01       4.36516E-01       4.26692E-01       1.96470E-02       1.19874E-02       6.10138E-01       2.60341E-01       2.30023E-01
       4.36516E-01       4.57088E-01       4.46802E-01       2.05720E-02       1.26116E-02       6.13048E-01       2.73911E-01       2.42634E-01
       4.57088E-01       4.78630E-01       4.67859E-01       2.15420E-02       1.32652E-02       6.15782E-01       2.88099E-01       2.55899E-01
       4.78630E-01       5.01187E-01       4.89909E-01       2.25570E-02       1.39489E-02       6.18384E-01       3.02952E-01       2.69848E-01
       5.01187E-01       5.24808E-01       5.12998E-01       2.36210E-02       1.46638E-02       6.20795E-01       3.18466E-01       2.84512E-01
       5.24808E-01       5.49541E-01       5.37174E-01       2.47330E-02       1.54103E-02       6.23065E-01       3.34695E-01       2.99922E-01
       5.49541E-01       5.75440E-01       5.62490E-01       2.58990E-02       1.61894E-02       6.25098E-01       3.51612E-01       3.16112E-01
       5.75440E-01       6.02560E-01       5.89000E-01       2.71200E-02       1.70021E-02       6.26921E-01       3.69257E-01       3.33114E-01
       6.02560E-01       6.30957E-01       6.16758E-01       2.83970E-02       1.78491E-02       6.28555E-01       3.87667E-01       3.50963E-01
       6.30957E-01       6.60693E-01       6.45825E-01       2.97360E-02       1.87316E-02       6.29930E-01       4.06825E-01       3.69695E-01
       6.60693E-01       6.91831E-01       6.76262E-01       3.11380E-02       1.96508E-02       6.31088E-01       4.26781E-01       3.89345E-01
       6.91831E-01       7.24436E-01       7.08133E-01       3.26050E-02       2.06079E-02       6.32048E-01       4.47575E-01       4.09953E-01
       7.24436E-01       7.58578E-01       7.41507E-01       3.41420E-02       2.16046E-02       6.32787E-01       4.69216E-01       4.31558E-01
       7.58578E-01       7.94328E-01       7.76453E-01       3.57500E-02       2.26424E-02       6.33354E-01       4.91769E-01       4.54200E-01
       7.94328E-01       8.31764E-01       8.13046E-01       3.74360E-02       2.37230E-02       6.33695E-01       5.15223E-01       4.77923E-01
       8.31764E-01       8.70964E-01       8.51364E-01       3.92000E-02       2.48477E-02       6.33869E-01       5.39653E-01       5.02771E-01
       8.70964E-01       9.12011E-01       8.91487E-01       4.10470E-02       2.60175E-02       6.33847E-01       5.65067E-01       5.28789E-01
       9.12011E-01       9.54993E-01       9.33502E-01       4.29820E-02       2.72325E-02       6.33579E-01       5.91447E-01       5.56021E-01
       9.54993E-01       1.00000E+00       9.77497E-01       4.50070E-02       2.84907E-02       6.33027E-01       6.18782E-01       5.84512E-01
       1.00000E+00       1.04713E+00       1.02357E+00       4.71300E-02       2.97881E-02       6.32042E-01       6.46936E-01       6.14300E-01
       1.04713E+00       1.09648E+00       1.07181E+00       4.93500E-02       3.11153E-02       6.30502E-01       6.75775E-01       6.45415E-01
       1.09648E+00       1.14815E+00       1.12231E+00       5.16700E-02       3.24609E-02       6.28235E-01       7.05078E-01       6.77876E-01
       1.14815E+00       1.20226E+00       1.17520E+00       5.41100E-02       3.38013E-02       6.24678E-01       7.34125E-01       7.11677E-01
       1.20226E+00       1.25892E+00       1.23059E+00       5.66600E-02       3.51104E-02       6.19667E-01       7.62556E-01       7.46788E-01
       1.25892E+00       1.31826E+00       1.28859E+00       5.93400E-02       3.63478E-02       6.12534E-01       7.89305E-01       7.83135E-01
       1.31826E+00       1.38038E+00       1.34932E+00       6.21200E-02       3.74646E-02       6.03100E-01       8.13775E-01       8.20600E-01
       1.38038E+00       1.44544E+00       1.41291E+00       6.50600E-02       3.84119E-02       5.90408E-01       8.34193E-01       8.59012E-01
       1.44544E+00       1.51356E+00       1.47950E+00       6.81200E-02       3.91403E-02       5.74579E-01       8.50089E-01       8.98152E-01
       1.51356E+00       1.58489E+00       1.54923E+00       7.13300E-02       3.96319E-02       5.55614E-01       8.60770E-01       9.37784E-01
       1.58489E+00       1.65959E+00       1.62224E+00       7.47000E-02       3.99329E-02       5.34577E-01       8.67212E-01       9.77717E-01
       1.65959E+00       1.73780E+00       1.69869E+00       7.82100E-02       2.22830E-02       2.84912E-01       4.83978E-01       1.00000E+00

 Sum =                                                                         1.00000E+00
 Renormalization bin#   957 =                                                  2.92709E-03 barn        1.62000E+07        1.64000E+07        1.63000E+07
 Avg. Energy     bin#   957 =                                                  8.67032E-01 MeV         1.62000E+07        1.64000E+07
