"        MT=607 recoil spectrum "
" Initial neutron energy corresponds to the group:"
   1.46000E+01    1.48000E+01       0.00000E+00           787           875            89



          Low               High              Mid              Energy           Number             dn/de            E*dn/de          Cumulative
         Energy            Energy            Energy             Width          Fraction                               Sum   
         [MeV]             [MeV]             [MeV]              [MeV]

       2.63027E-02       2.75423E-02       2.69225E-02       1.23960E-03       0.00000E+00       0.00000E+00       0.00000E+00       0.00000E+00
       2.75423E-02       2.88403E-02       2.81913E-02       1.29800E-03       8.71407E-06       6.71346E-03       1.89261E-04       8.71407E-06
       2.88403E-02       3.01995E-02       2.95199E-02       1.35920E-03       7.65255E-04       5.63019E-01       1.66203E-02       7.73969E-04
       3.01995E-02       3.16228E-02       3.09112E-02       1.42330E-03       9.07315E-04       6.37472E-01       1.97050E-02       1.68128E-03
       3.16228E-02       3.31131E-02       3.23680E-02       1.49030E-03       9.51376E-04       6.38378E-01       2.06630E-02       2.63266E-03
       3.31131E-02       3.46737E-02       3.38934E-02       1.56060E-03       9.97639E-04       6.39267E-01       2.16669E-02       3.63030E-03
       3.46737E-02       3.63078E-02       3.54908E-02       1.63410E-03       1.04615E-03       6.40201E-01       2.27212E-02       4.67645E-03
       3.63078E-02       3.80189E-02       3.71633E-02       1.71110E-03       1.09710E-03       6.41169E-01       2.38280E-02       5.77355E-03
       3.80189E-02       3.98107E-02       3.89148E-02       1.79180E-03       1.15059E-03       6.42143E-01       2.49889E-02       6.92415E-03
       3.98107E-02       4.16869E-02       4.07488E-02       1.87620E-03       1.20676E-03       6.43191E-01       2.62093E-02       8.13090E-03
       4.16869E-02       4.36516E-02       4.26693E-02       1.96470E-03       1.26573E-03       6.44235E-01       2.74890E-02       9.39663E-03
       4.36516E-02       4.57088E-02       4.46802E-02       2.05720E-03       1.32767E-03       6.45377E-01       2.88356E-02       1.07243E-02
       4.57088E-02       4.78630E-02       4.67859E-02       2.15420E-03       1.39269E-03       6.46502E-01       3.02472E-02       1.21170E-02
       4.78630E-02       5.01187E-02       4.89908E-02       2.25570E-03       1.46097E-03       6.47680E-01       3.17304E-02       1.35780E-02
       5.01187E-02       5.24808E-02       5.12998E-02       2.36210E-03       1.53274E-03       6.48887E-01       3.32877E-02       1.51107E-02
       5.24808E-02       5.49541E-02       5.37174E-02       2.47330E-03       1.60809E-03       6.50178E-01       3.49259E-02       1.67188E-02
       5.49541E-02       5.75440E-02       5.62491E-02       2.58990E-03       1.68720E-03       6.51455E-01       3.66437E-02       1.84060E-02
       5.75440E-02       6.02560E-02       5.89000E-02       2.71200E-03       1.77038E-03       6.52794E-01       3.84495E-02       2.01764E-02
       6.02560E-02       6.30957E-02       6.16758E-02       2.83970E-03       1.85771E-03       6.54194E-01       4.03480E-02       2.20341E-02
       6.30957E-02       6.60693E-02       6.45825E-02       2.97360E-03       1.94945E-03       6.55588E-01       4.23395E-02       2.39835E-02
       6.60693E-02       6.91831E-02       6.76262E-02       3.11380E-03       2.04582E-03       6.57015E-01       4.44314E-02       2.60294E-02
       6.91831E-02       7.24436E-02       7.08134E-02       3.26050E-03       2.14707E-03       6.58509E-01       4.66312E-02       2.81764E-02
       7.24436E-02       7.58578E-02       7.41507E-02       3.41420E-03       2.25341E-03       6.60011E-01       4.89403E-02       3.04298E-02
       7.58578E-02       7.94328E-02       7.76453E-02       3.57500E-03       2.36515E-03       6.61579E-01       5.13685E-02       3.27950E-02
       7.94328E-02       8.31764E-02       8.13046E-02       3.74360E-03       2.48256E-03       6.63148E-01       5.39169E-02       3.52775E-02
       8.31764E-02       8.70964E-02       8.51364E-02       3.92000E-03       2.60583E-03       6.64751E-01       5.65945E-02       3.78834E-02
       8.70964E-02       9.12011E-02       8.91488E-02       4.10470E-03       2.73537E-03       6.66399E-01       5.94087E-02       4.06187E-02
       9.12011E-02       9.54993E-02       9.33502E-02       4.29820E-03       2.87141E-03       6.68050E-01       6.23626E-02       4.34901E-02
       9.54993E-02       1.00000E-01       9.77497E-02       4.50070E-03       3.01428E-03       6.69736E-01       6.54665E-02       4.65044E-02
       1.00000E-01       1.04713E-01       1.02357E-01       4.71300E-03       3.16437E-03       6.71414E-01       6.87235E-02       4.96688E-02
       1.04713E-01       1.09648E-01       1.07180E-01       4.93500E-03       3.32186E-03       6.73123E-01       7.21457E-02       5.29907E-02
       1.09648E-01       1.14815E-01       1.12231E-01       5.16700E-03       3.48730E-03       6.74918E-01       7.57471E-02       5.64780E-02
       1.14815E-01       1.20226E-01       1.17520E-01       5.41100E-03       3.66088E-03       6.76562E-01       7.95099E-02       6.01388E-02
       1.20226E-01       1.25892E-01       1.23059E-01       5.66600E-03       3.84316E-03       6.78284E-01       8.34690E-02       6.39820E-02
       1.25892E-01       1.31826E-01       1.28859E-01       5.93400E-03       4.03439E-03       6.79877E-01       8.76082E-02       6.80164E-02
       1.31826E-01       1.38038E-01       1.34932E-01       6.21200E-03       4.23484E-03       6.81719E-01       9.19857E-02       7.22512E-02
       1.38038E-01       1.44544E-01       1.41291E-01       6.50600E-03       4.44522E-03       6.83249E-01       9.65369E-02       7.66964E-02
       1.44544E-01       1.51356E-01       1.47950E-01       6.81200E-03       4.66566E-03       6.84917E-01       1.01333E-01       8.13621E-02
       1.51356E-01       1.58489E-01       1.54923E-01       7.13300E-03       4.89667E-03       6.86482E-01       1.06351E-01       8.62588E-02
       1.58489E-01       1.65959E-01       1.62224E-01       7.47000E-03       5.13873E-03       6.87915E-01       1.11596E-01       9.13975E-02
       1.65959E-01       1.73780E-01       1.69869E-01       7.82100E-03       5.39204E-03       6.89431E-01       1.17113E-01       9.67895E-02
       1.73780E-01       1.81970E-01       1.77875E-01       8.19000E-03       5.65717E-03       6.90742E-01       1.22866E-01       1.02447E-01
       1.81970E-01       1.90546E-01       1.86258E-01       8.57600E-03       5.93443E-03       6.91981E-01       1.28887E-01       1.08381E-01
       1.90546E-01       1.99526E-01       1.95036E-01       8.98000E-03       6.22425E-03       6.93123E-01       1.35184E-01       1.14605E-01
       1.99526E-01       2.08930E-01       2.04228E-01       9.40400E-03       6.52708E-03       6.94075E-01       1.41750E-01       1.21132E-01
       2.08930E-01       2.18776E-01       2.13853E-01       9.84600E-03       6.84309E-03       6.95013E-01       1.48631E-01       1.27976E-01
       2.18776E-01       2.29087E-01       2.23931E-01       1.03110E-02       7.17275E-03       6.95641E-01       1.55776E-01       1.35148E-01
       2.29087E-01       2.39883E-01       2.34485E-01       1.07960E-02       7.51626E-03       6.96208E-01       1.63250E-01       1.42665E-01
       2.39883E-01       2.51189E-01       2.45536E-01       1.13060E-02       7.87399E-03       6.96444E-01       1.71002E-01       1.50539E-01
       2.51189E-01       2.63027E-01       2.57108E-01       1.18380E-02       8.24620E-03       6.96587E-01       1.79098E-01       1.58785E-01
       2.63027E-01       2.75423E-01       2.69225E-01       1.23960E-02       8.63300E-03       6.96434E-01       1.87498E-01       1.67418E-01
       2.75423E-01       2.88403E-01       2.81913E-01       1.29800E-02       9.03461E-03       6.96041E-01       1.96223E-01       1.76452E-01
       2.88403E-01       3.01995E-01       2.95199E-01       1.35920E-02       9.45119E-03       6.95349E-01       2.05266E-01       1.85904E-01
       3.01995E-01       3.16228E-01       3.09112E-01       1.42330E-02       9.88285E-03       6.94361E-01       2.14635E-01       1.95786E-01
       3.16228E-01       3.31131E-01       3.23680E-01       1.49030E-02       1.03296E-02       6.93119E-01       2.24348E-01       2.06116E-01
       3.31131E-01       3.46737E-01       3.38934E-01       1.56060E-02       1.07916E-02       6.91506E-01       2.34375E-01       2.16908E-01
       3.46737E-01       3.63078E-01       3.54908E-01       1.63410E-02       1.12688E-02       6.89604E-01       2.44745E-01       2.28176E-01
       3.63078E-01       3.80189E-01       3.71633E-01       1.71110E-02       1.17613E-02       6.87355E-01       2.55444E-01       2.39938E-01
       3.80189E-01       3.98107E-01       3.89148E-01       1.79180E-02       1.22694E-02       6.84751E-01       2.66469E-01       2.52207E-01
       3.98107E-01       4.16869E-01       4.07488E-01       1.87620E-02       1.27929E-02       6.81852E-01       2.77846E-01       2.65000E-01
       4.16869E-01       4.36516E-01       4.26692E-01       1.96470E-02       1.33323E-02       6.78593E-01       2.89550E-01       2.78332E-01
       4.36516E-01       4.57088E-01       4.46802E-01       2.05720E-02       1.38882E-02       6.75104E-01       3.01638E-01       2.92221E-01
       4.57088E-01       4.78630E-01       4.67859E-01       2.15420E-02       1.44612E-02       6.71303E-01       3.14075E-01       3.06682E-01
       4.78630E-01       5.01187E-01       4.89909E-01       2.25570E-02       1.50523E-02       6.67302E-01       3.26917E-01       3.21734E-01
       5.01187E-01       5.24808E-01       5.12998E-01       2.36210E-02       1.56633E-02       6.63108E-01       3.40173E-01       3.37397E-01
       5.24808E-01       5.49541E-01       5.37174E-01       2.47330E-02       1.62960E-02       6.58875E-01       3.53931E-01       3.53693E-01
       5.49541E-01       5.75440E-01       5.62490E-01       2.58990E-02       1.69532E-02       6.54589E-01       3.68200E-01       3.70647E-01
       5.75440E-01       6.02560E-01       5.89000E-01       2.71200E-02       1.76389E-02       6.50403E-01       3.83088E-01       3.88285E-01
       6.02560E-01       6.30957E-01       6.16758E-01       2.83970E-02       1.83575E-02       6.46458E-01       3.98708E-01       4.06643E-01
       6.30957E-01       6.60693E-01       6.45825E-01       2.97360E-02       1.91151E-02       6.42826E-01       4.15153E-01       4.25758E-01
       6.60693E-01       6.91831E-01       6.76262E-01       3.11380E-02       1.99189E-02       6.39698E-01       4.32604E-01       4.45677E-01
       6.91831E-01       7.24436E-01       7.08133E-01       3.26050E-02       2.07777E-02       6.37255E-01       4.51261E-01       4.66455E-01
       7.24436E-01       7.58578E-01       7.41507E-01       3.41420E-02       2.17020E-02       6.35639E-01       4.71330E-01       4.88157E-01
       7.58578E-01       7.94328E-01       7.76453E-01       3.57500E-02       2.27036E-02       6.35067E-01       4.93099E-01       5.10860E-01
       7.94328E-01       8.31764E-01       8.13046E-01       3.74360E-02       2.37962E-02       6.35649E-01       5.16812E-01       5.34656E-01
       8.31764E-01       8.70964E-01       8.51364E-01       3.92000E-02       2.49938E-02       6.37596E-01       5.42827E-01       5.59650E-01
       8.70964E-01       9.12011E-01       8.91487E-01       4.10470E-02       2.63112E-02       6.41001E-01       5.71445E-01       5.85961E-01
       9.12011E-01       9.54993E-01       9.33502E-01       4.29820E-02       2.77622E-02       6.45902E-01       6.02951E-01       6.13724E-01
       9.54993E-01       1.00000E+00       9.77497E-01       4.50070E-02       2.93574E-02       6.52286E-01       6.37607E-01       6.43081E-01
       1.00000E+00       1.04713E+00       1.02357E+00       4.71300E-02       3.11029E-02       6.59939E-01       6.75491E-01       6.74184E-01
       1.04713E+00       1.09648E+00       1.07181E+00       4.93500E-02       3.29941E-02       6.68573E-01       7.16580E-01       7.07178E-01
       1.09648E+00       1.14815E+00       1.12231E+00       5.16700E-02       3.50154E-02       6.77674E-01       7.60563E-01       7.42193E-01
       1.14815E+00       1.20226E+00       1.17520E+00       5.41100E-02       3.71252E-02       6.86105E-01       8.06314E-01       7.79319E-01
       1.20226E+00       1.25892E+00       1.23059E+00       5.66600E-02       3.92582E-02       6.92874E-01       8.52643E-01       8.18577E-01
       1.25892E+00       1.31826E+00       1.28859E+00       5.93400E-02       4.13042E-02       6.96060E-01       8.96936E-01       8.59881E-01
       1.31826E+00       1.38038E+00       1.34932E+00       6.21200E-02       4.30996E-02       6.93813E-01       9.36175E-01       9.02981E-01
       1.38038E+00       1.44544E+00       1.41291E+00       6.50600E-02       4.44158E-02       6.82690E-01       9.64580E-01       9.47397E-01
       1.44544E+00       1.51356E+00       1.47950E+00       6.81200E-02       4.45870E-02       6.54535E-01       9.68385E-01       9.91983E-01
       1.51356E+00       1.58489E+00       1.54923E+00       7.13300E-02       8.01667E-03       1.12389E-01       1.74115E-01       1.00000E+00

 Sum =                                                                         1.00000E+00
 Renormalization bin#   949 =                                                  3.68718E-03 barn        1.46000E+07        1.48000E+07        1.47000E+07
 Avg. Energy     bin#   949 =                                                  7.77499E-01 MeV         1.46000E+07        1.48000E+07
