"        MT=612 recoil spectrum "
" Initial neutron energy corresponds to the group:"
   1.98000E+01    2.00000E+01       0.00000E+00           783           883           101



          Low               High              Mid              Energy           Number             dn/de            E*dn/de          Cumulative
         Energy            Energy            Energy             Width          Fraction                               Sum   
         [MeV]             [MeV]             [MeV]              [MeV]

       2.18776E-02       2.29087E-02       2.23931E-02       1.03110E-03       0.00000E+00       0.00000E+00       0.00000E+00       0.00000E+00
       2.29087E-02       2.39883E-02       2.34485E-02       1.07960E-03       3.79390E-05       3.51416E-02       8.24019E-04       3.79390E-05
       2.39883E-02       2.51189E-02       2.45536E-02       1.13060E-03       4.37997E-04       3.87403E-01       9.51213E-03       4.75936E-04
       2.51189E-02       2.63027E-02       2.57108E-02       1.18380E-03       4.79508E-04       4.05058E-01       1.04144E-02       9.55444E-04
       2.63027E-02       2.75423E-02       2.69225E-02       1.23960E-03       5.02308E-04       4.05217E-01       1.09095E-02       1.45775E-03
       2.75423E-02       2.88403E-02       2.81913E-02       1.29800E-03       5.26159E-04       4.05361E-01       1.14277E-02       1.98391E-03
       2.88403E-02       3.01995E-02       2.95199E-02       1.35920E-03       5.51159E-04       4.05502E-01       1.19704E-02       2.53507E-03
       3.01995E-02       3.16228E-02       3.09112E-02       1.42330E-03       5.77409E-04       4.05683E-01       1.25401E-02       3.11248E-03
       3.16228E-02       3.31131E-02       3.23680E-02       1.49030E-03       6.04860E-04       4.05864E-01       1.31370E-02       3.71734E-03
       3.31131E-02       3.46737E-02       3.38934E-02       1.56060E-03       6.33710E-04       4.06069E-01       1.37630E-02       4.35105E-03
       3.46737E-02       3.63078E-02       3.54908E-02       1.63410E-03       6.63911E-04       4.06285E-01       1.44194E-02       5.01496E-03
       3.63078E-02       3.80189E-02       3.71633E-02       1.71110E-03       6.95561E-04       4.06500E-01       1.51069E-02       5.71052E-03
       3.80189E-02       3.98107E-02       3.89148E-02       1.79180E-03       7.28814E-04       4.06750E-01       1.58286E-02       6.43933E-03
       3.98107E-02       4.16869E-02       4.07488E-02       1.87620E-03       7.63609E-04       4.06998E-01       1.65847E-02       7.20294E-03
       4.16869E-02       4.36516E-02       4.26693E-02       1.96470E-03       8.00112E-04       4.07243E-01       1.73768E-02       8.00306E-03
       4.36516E-02       4.57088E-02       4.46802E-02       2.05720E-03       8.38412E-04       4.07550E-01       1.82094E-02       8.84147E-03
       4.57088E-02       4.78630E-02       4.67859E-02       2.15420E-03       8.78565E-04       4.07838E-01       1.90811E-02       9.72003E-03
       4.78630E-02       5.01187E-02       4.89908E-02       2.25570E-03       9.20667E-04       4.08152E-01       1.99957E-02       1.06407E-02
       5.01187E-02       5.24808E-02       5.12998E-02       2.36210E-03       9.64864E-04       4.08477E-01       2.09548E-02       1.16056E-02
       5.24808E-02       5.49541E-02       5.37174E-02       2.47330E-03       1.01122E-03       4.08854E-01       2.19626E-02       1.26168E-02
       5.49541E-02       5.75440E-02       5.62491E-02       2.58990E-03       1.05987E-03       4.09231E-01       2.30189E-02       1.36766E-02
       5.75440E-02       6.02560E-02       5.89000E-02       2.71200E-03       1.11087E-03       4.09612E-01       2.41261E-02       1.47875E-02
       6.02560E-02       6.30957E-02       6.16758E-02       2.83970E-03       1.16447E-03       4.10067E-01       2.52912E-02       1.59520E-02
       6.30957E-02       6.60693E-02       6.45825E-02       2.97360E-03       1.22067E-03       4.10504E-01       2.65114E-02       1.71727E-02
       6.60693E-02       6.91831E-02       6.76262E-02       3.11380E-03       1.27972E-03       4.10983E-01       2.77932E-02       1.84524E-02
       6.91831E-02       7.24436E-02       7.08134E-02       3.26050E-03       1.34177E-03       4.11524E-01       2.91414E-02       1.97942E-02
       7.24436E-02       7.58578E-02       7.41507E-02       3.41420E-03       1.40687E-03       4.12065E-01       3.05549E-02       2.12010E-02
       7.58578E-02       7.94328E-02       7.76453E-02       3.57500E-03       1.47522E-03       4.12650E-01       3.20403E-02       2.26762E-02
       7.94328E-02       8.31764E-02       8.13046E-02       3.74360E-03       1.54712E-03       4.13271E-01       3.36008E-02       2.42234E-02
       8.31764E-02       8.70964E-02       8.51364E-02       3.92000E-03       1.62257E-03       4.13922E-01       3.52398E-02       2.58459E-02
       8.70964E-02       9.12011E-02       8.91488E-02       4.10470E-03       1.70193E-03       4.14628E-01       3.69636E-02       2.75479E-02
       9.12011E-02       9.54993E-02       9.33502E-02       4.29820E-03       1.78533E-03       4.15367E-01       3.87746E-02       2.93332E-02
       9.54993E-02       1.00000E-01       9.77497E-02       4.50070E-03       1.87303E-03       4.16164E-01       4.06799E-02       3.12062E-02
       1.00000E-01       1.04713E-01       1.02357E-01       4.71300E-03       1.96518E-03       4.16970E-01       4.26796E-02       3.31714E-02
       1.04713E-01       1.09648E-01       1.07180E-01       4.93500E-03       2.06213E-03       4.17859E-01       4.47863E-02       3.52335E-02
       1.09648E-01       1.14815E-01       1.12231E-01       5.16700E-03       2.16424E-03       4.18858E-01       4.70090E-02       3.73978E-02
       1.14815E-01       1.20226E-01       1.17520E-01       5.41100E-03       2.27154E-03       4.19800E-01       4.93351E-02       3.96693E-02
       1.20226E-01       1.25892E-01       1.23059E-01       5.66600E-03       2.38459E-03       4.20859E-01       5.17905E-02       4.20539E-02
       1.25892E-01       1.31826E-01       1.28859E-01       5.93400E-03       2.50359E-03       4.21907E-01       5.43665E-02       4.45575E-02
       1.31826E-01       1.38038E-01       1.34932E-01       6.21200E-03       2.62875E-03       4.23172E-01       5.70995E-02       4.71862E-02
       1.38038E-01       1.44544E-01       1.41291E-01       6.50600E-03       2.76074E-03       4.24338E-01       5.99551E-02       4.99470E-02
       1.44544E-01       1.51356E-01       1.47950E-01       6.81200E-03       2.89970E-03       4.25676E-01       6.29787E-02       5.28467E-02
       1.51356E-01       1.58489E-01       1.54923E-01       7.13300E-03       3.04615E-03       4.27050E-01       6.61597E-02       5.58928E-02
       1.58489E-01       1.65959E-01       1.62224E-01       7.47000E-03       3.20045E-03       4.28441E-01       6.95034E-02       5.90933E-02
       1.65959E-01       1.73780E-01       1.69869E-01       7.82100E-03       3.36316E-03       4.30017E-01       7.30467E-02       6.24565E-02
       1.73780E-01       1.81970E-01       1.77875E-01       8.19000E-03       3.53461E-03       4.31577E-01       7.67667E-02       6.59911E-02
       1.81970E-01       1.90546E-01       1.86258E-01       8.57600E-03       3.71541E-03       4.33233E-01       8.06932E-02       6.97065E-02
       1.90546E-01       1.99526E-01       1.95036E-01       8.98000E-03       3.90607E-03       4.34974E-01       8.48356E-02       7.36125E-02
       1.99526E-01       2.08930E-01       2.04228E-01       9.40400E-03       4.10717E-03       4.36747E-01       8.91960E-02       7.77197E-02
       2.08930E-01       2.18776E-01       2.13853E-01       9.84600E-03       4.31927E-03       4.38683E-01       9.38137E-02       8.20390E-02
       2.18776E-01       2.29087E-01       2.23931E-01       1.03110E-02       4.54288E-03       4.40586E-01       9.86610E-02       8.65819E-02
       2.29087E-01       2.39883E-01       2.34485E-01       1.07960E-02       4.77863E-03       4.42630E-01       1.03790E-01       9.13605E-02
       2.39883E-01       2.51189E-01       2.45536E-01       1.13060E-02       5.02734E-03       4.44661E-01       1.09180E-01       9.63878E-02
       2.51189E-01       2.63027E-01       2.57108E-01       1.18380E-02       5.28954E-03       4.46827E-01       1.14883E-01       1.01677E-01
       2.63027E-01       2.75423E-01       2.69225E-01       1.23960E-02       5.56590E-03       4.49008E-01       1.20884E-01       1.07243E-01
       2.75423E-01       2.88403E-01       2.81913E-01       1.29800E-02       5.85715E-03       4.51244E-01       1.27212E-01       1.13100E-01
       2.88403E-01       3.01995E-01       2.95199E-01       1.35920E-02       6.16386E-03       4.53491E-01       1.33870E-01       1.19264E-01
       3.01995E-01       3.16228E-01       3.09112E-01       1.42330E-02       6.48686E-03       4.55762E-01       1.40881E-01       1.25751E-01
       3.16228E-01       3.31131E-01       3.23680E-01       1.49030E-02       6.82672E-03       4.58077E-01       1.48270E-01       1.32578E-01
       3.31131E-01       3.46737E-01       3.38934E-01       1.56060E-02       7.18410E-03       4.60342E-01       1.56026E-01       1.39762E-01
       3.46737E-01       3.63078E-01       3.54908E-01       1.63410E-02       7.55963E-03       4.62617E-01       1.64186E-01       1.47322E-01
       3.63078E-01       3.80189E-01       3.71633E-01       1.71110E-02       7.95383E-03       4.64837E-01       1.72749E-01       1.55275E-01
       3.80189E-01       3.98107E-01       3.89148E-01       1.79180E-02       8.36739E-03       4.66982E-01       1.81725E-01       1.63643E-01
       3.98107E-01       4.16869E-01       4.07488E-01       1.87620E-02       8.80058E-03       4.69064E-01       1.91138E-01       1.72443E-01
       4.16869E-01       4.36516E-01       4.26692E-01       1.96470E-02       9.25389E-03       4.71008E-01       2.00975E-01       1.81697E-01
       4.36516E-01       4.57088E-01       4.46802E-01       2.05720E-02       9.72766E-03       4.72859E-01       2.11275E-01       1.91425E-01
       4.57088E-01       4.78630E-01       4.67859E-01       2.15420E-02       1.02220E-02       4.74517E-01       2.22007E-01       2.01647E-01
       4.78630E-01       5.01187E-01       4.89909E-01       2.25570E-02       1.07372E-02       4.76004E-01       2.33198E-01       2.12384E-01
       5.01187E-01       5.24808E-01       5.12998E-01       2.36210E-02       1.12731E-02       4.77251E-01       2.44829E-01       2.23657E-01
       5.24808E-01       5.49541E-01       5.37174E-01       2.47330E-02       1.18297E-02       4.78298E-01       2.56929E-01       2.35487E-01
       5.49541E-01       5.75440E-01       5.62490E-01       2.58990E-02       1.24071E-02       4.79056E-01       2.69465E-01       2.47894E-01
       5.75440E-01       6.02560E-01       5.89000E-01       2.71200E-02       1.30049E-02       4.79533E-01       2.82445E-01       2.60899E-01
       6.02560E-01       6.30957E-01       6.16758E-01       2.83970E-02       1.36231E-02       4.79736E-01       2.95881E-01       2.74522E-01
       6.30957E-01       6.60693E-01       6.45825E-01       2.97360E-02       1.42615E-02       4.79605E-01       3.09741E-01       2.88784E-01
       6.60693E-01       6.91831E-01       6.76262E-01       3.11380E-02       1.49204E-02       4.79169E-01       3.24044E-01       3.03704E-01
       6.91831E-01       7.24436E-01       7.08133E-01       3.26050E-02       1.55999E-02       4.78451E-01       3.38807E-01       3.19304E-01
       7.24436E-01       7.58578E-01       7.41507E-01       3.41420E-02       1.63010E-02       4.77446E-01       3.54030E-01       3.35605E-01
       7.58578E-01       7.94328E-01       7.76453E-01       3.57500E-02       1.70249E-02       4.76220E-01       3.69762E-01       3.52630E-01
       7.94328E-01       8.31764E-01       8.13046E-01       3.74360E-02       1.77739E-02       4.74780E-01       3.86018E-01       3.70404E-01
       8.31764E-01       8.70964E-01       8.51364E-01       3.92000E-02       1.85506E-02       4.73231E-01       4.02892E-01       3.88954E-01
       8.70964E-01       9.12011E-01       8.91487E-01       4.10470E-02       1.93597E-02       4.71647E-01       4.20468E-01       4.08314E-01
       9.12011E-01       9.54993E-01       9.33502E-01       4.29820E-02       2.02064E-02       4.70113E-01       4.38851E-01       4.28520E-01
       9.54993E-01       1.00000E+00       9.77497E-01       4.50070E-02       2.10975E-02       4.68761E-01       4.58212E-01       4.49618E-01
       1.00000E+00       1.04713E+00       1.02357E+00       4.71300E-02       2.20419E-02       4.67683E-01       4.78704E-01       4.71660E-01
       1.04713E+00       1.09648E+00       1.07181E+00       4.93500E-02       2.30481E-02       4.67034E-01       5.00570E-01       4.94708E-01
       1.09648E+00       1.14815E+00       1.12231E+00       5.16700E-02       2.41286E-02       4.66974E-01       5.24092E-01       5.18836E-01
       1.14815E+00       1.20226E+00       1.17520E+00       5.41100E-02       2.52915E-02       4.67409E-01       5.49302E-01       5.44128E-01
       1.20226E+00       1.25892E+00       1.23059E+00       5.66600E-02       2.65489E-02       4.68564E-01       5.76611E-01       5.70677E-01
       1.25892E+00       1.31826E+00       1.28859E+00       5.93400E-02       2.79058E-02       4.70270E-01       6.05985E-01       5.98583E-01
       1.31826E+00       1.38038E+00       1.34932E+00       6.21200E-02       2.93625E-02       4.72673E-01       6.37787E-01       6.27945E-01
       1.38038E+00       1.44544E+00       1.41291E+00       6.50600E-02       3.09124E-02       4.75137E-01       6.71326E-01       6.58858E-01
       1.44544E+00       1.51356E+00       1.47950E+00       6.81200E-02       3.25327E-02       4.77580E-01       7.06579E-01       6.91390E-01
       1.51356E+00       1.58489E+00       1.54923E+00       7.13300E-02       3.41864E-02       4.79271E-01       7.42499E-01       7.25577E-01
       1.58489E+00       1.65959E+00       1.62224E+00       7.47000E-02       3.58130E-02       4.79424E-01       7.77741E-01       7.61390E-01
       1.65959E+00       1.73780E+00       1.69869E+00       7.82100E-02       3.73304E-02       4.77310E-01       8.10804E-01       7.98720E-01
       1.73780E+00       1.81970E+00       1.77875E+00       8.19000E-02       3.86385E-02       4.71776E-01       8.39172E-01       8.37359E-01
       1.81970E+00       1.90546E+00       1.86258E+00       8.57600E-02       3.96337E-02       4.62147E-01       8.60786E-01       8.76992E-01
       1.90546E+00       1.99526E+00       1.95036E+00       8.98000E-02       4.02435E-02       4.48146E-01       8.74045E-01       9.17236E-01
       1.99526E+00       2.08930E+00       2.04228E+00       9.40400E-02       4.04982E-02       4.30649E-01       8.79506E-01       9.57734E-01
       2.08930E+00       2.18776E+00       2.13853E+00       9.84600E-02       3.87482E-02       3.93542E-01       8.41602E-01       9.96482E-01
       2.18776E+00       2.29087E+00       2.23932E+00       1.03110E-01       3.51789E-03       3.41178E-02       7.64005E-02       1.00000E+00

 Sum =                                                                         1.00000E+00
 Renormalization bin#   975 =                                                  1.44647E-03 barn        1.98000E+07        2.00000E+07        1.99000E+07
 Avg. Energy     bin#   975 =                                                  1.10815E+00 MeV         1.98000E+07        2.00000E+07
