"        MT=607 recoil spectrum "
" Initial neutron energy corresponds to the group:"
   9.40000E+00    9.60000E+00       0.00000E+00           801           861            61



          Low               High              Mid              Energy           Number             dn/de            E*dn/de          Cumulative
         Energy            Energy            Energy             Width          Fraction                               Sum   
         [MeV]             [MeV]             [MeV]              [MeV]

       5.01187E-02       5.24808E-02       5.12998E-02       2.36210E-03       0.00000E+00       0.00000E+00       0.00000E+00       0.00000E+00
       5.24808E-02       5.49541E-02       5.37174E-02       2.47330E-03       5.56339E-04       2.24938E-01       1.20831E-02       5.56339E-04
       5.49541E-02       5.75440E-02       5.62491E-02       2.58990E-03       2.99615E-03       1.15686E+00       6.50723E-02       3.55249E-03
       5.75440E-02       6.02560E-02       5.89000E-02       2.71200E-03       3.26306E-03       1.20319E+00       7.08682E-02       6.81555E-03
       6.02560E-02       6.30957E-02       6.16758E-02       2.83970E-03       3.42687E-03       1.20677E+00       7.44287E-02       1.02424E-02
       6.30957E-02       6.60693E-02       6.45825E-02       2.97360E-03       3.59920E-03       1.21038E+00       7.81697E-02       1.38416E-02
       6.60693E-02       6.91831E-02       6.76262E-02       3.11380E-03       3.78059E-03       1.21414E+00       8.21075E-02       1.76222E-02
       6.91831E-02       7.24436E-02       7.08134E-02       3.26050E-03       3.97142E-03       1.21804E+00       8.62535E-02       2.15936E-02
       7.24436E-02       7.58578E-02       7.41507E-02       3.41420E-03       4.17223E-03       1.22203E+00       9.06141E-02       2.57659E-02
       7.58578E-02       7.94328E-02       7.76453E-02       3.57500E-03       4.38361E-03       1.22618E+00       9.52075E-02       3.01495E-02
       7.94328E-02       8.31764E-02       8.13046E-02       3.74360E-03       4.60612E-03       1.23040E+00       1.00037E-01       3.47556E-02
       8.31764E-02       8.70964E-02       8.51364E-02       3.92000E-03       4.84027E-03       1.23476E+00       1.05123E-01       3.95959E-02
       8.70964E-02       9.12011E-02       8.91488E-02       4.10470E-03       5.08680E-03       1.23926E+00       1.10479E-01       4.46827E-02
       9.12011E-02       9.54993E-02       9.33502E-02       4.29820E-03       5.34632E-03       1.24385E+00       1.16114E-01       5.00290E-02
       9.54993E-02       1.00000E-01       9.77497E-02       4.50070E-03       5.61949E-03       1.24858E+00       1.22048E-01       5.56485E-02
       1.00000E-01       1.04713E-01       1.02357E-01       4.71300E-03       5.90714E-03       1.25337E+00       1.28291E-01       6.15556E-02
       1.04713E-01       1.09648E-01       1.07180E-01       4.93500E-03       6.20976E-03       1.25831E+00       1.34866E-01       6.77653E-02
       1.09648E-01       1.14815E-01       1.12231E-01       5.16700E-03       6.52866E-03       1.26353E+00       1.41808E-01       7.42940E-02
       1.14815E-01       1.20226E-01       1.17520E-01       5.41100E-03       6.86399E-03       1.26853E+00       1.49078E-01       8.11580E-02
       1.20226E-01       1.25892E-01       1.23059E-01       5.66600E-03       7.21726E-03       1.27378E+00       1.56751E-01       8.83753E-02
       1.25892E-01       1.31826E-01       1.28859E-01       5.93400E-03       7.58914E-03       1.27892E+00       1.64801E-01       9.59644E-02
       1.31826E-01       1.38038E-01       1.34932E-01       6.21200E-03       7.98026E-03       1.28465E+00       1.73341E-01       1.03945E-01
       1.38038E-01       1.44544E-01       1.41291E-01       6.50600E-03       8.39210E-03       1.28990E+00       1.82251E-01       1.12337E-01
       1.44544E-01       1.51356E-01       1.47950E-01       6.81200E-03       8.82528E-03       1.29555E+00       1.91676E-01       1.21162E-01
       1.51356E-01       1.58489E-01       1.54923E-01       7.13300E-03       9.28120E-03       1.30116E+00       2.01580E-01       1.30443E-01
       1.58489E-01       1.65959E-01       1.62224E-01       7.47000E-03       9.76078E-03       1.30666E+00       2.11972E-01       1.40204E-01
       1.65959E-01       1.73780E-01       1.69869E-01       7.82100E-03       1.02651E-02       1.31250E+00       2.22954E-01       1.50469E-01
       1.73780E-01       1.81970E-01       1.77875E-01       8.19000E-03       1.07953E-02       1.31811E+00       2.34459E-01       1.61264E-01
       1.81970E-01       1.90546E-01       1.86258E-01       8.57600E-03       1.13527E-02       1.32378E+00       2.46564E-01       1.72617E-01
       1.90546E-01       1.99526E-01       1.95036E-01       8.98000E-03       1.19384E-02       1.32945E+00       2.59290E-01       1.84556E-01
       1.99526E-01       2.08930E-01       2.04228E-01       9.40400E-03       1.25539E-02       1.33496E+00       2.72635E-01       1.97109E-01
       2.08930E-01       2.18776E-01       2.13853E-01       9.84600E-03       1.32003E-02       1.34067E+00       2.86707E-01       2.10310E-01
       2.18776E-01       2.29087E-01       2.23931E-01       1.03110E-02       1.38787E-02       1.34601E+00       3.01413E-01       2.24188E-01
       2.29087E-01       2.39883E-01       2.34485E-01       1.07960E-02       1.45906E-02       1.35148E+00       3.16902E-01       2.38779E-01
       2.39883E-01       2.51189E-01       2.45536E-01       1.13060E-02       1.53373E-02       1.35656E+00       3.33084E-01       2.54116E-01
       2.51189E-01       2.63027E-01       2.57108E-01       1.18380E-02       1.61201E-02       1.36173E+00       3.50111E-01       2.70236E-01
       2.63027E-01       2.75423E-01       2.69225E-01       1.23960E-02       1.69402E-02       1.36658E+00       3.67919E-01       2.87177E-01
       2.75423E-01       2.88403E-01       2.81913E-01       1.29800E-02       1.77988E-02       1.37125E+00       3.86574E-01       3.04975E-01
       2.88403E-01       3.01995E-01       2.95199E-01       1.35920E-02       1.86973E-02       1.37561E+00       4.06078E-01       3.23673E-01
       3.01995E-01       3.16228E-01       3.09112E-01       1.42330E-02       1.96366E-02       1.37965E+00       4.26467E-01       3.43309E-01
       3.16228E-01       3.31131E-01       3.23680E-01       1.49030E-02       2.06177E-02       1.38346E+00       4.47798E-01       3.63927E-01
       3.31131E-01       3.46737E-01       3.38934E-01       1.56060E-02       2.16420E-02       1.38677E+00       4.70025E-01       3.85569E-01
       3.46737E-01       3.63078E-01       3.54908E-01       1.63410E-02       2.27095E-02       1.38972E+00       4.93223E-01       4.08278E-01
       3.63078E-01       3.80189E-01       3.71633E-01       1.71110E-02       2.38210E-02       1.39215E+00       5.17369E-01       4.32099E-01
       3.80189E-01       3.98107E-01       3.89148E-01       1.79180E-02       2.49770E-02       1.39396E+00       5.42457E-01       4.57076E-01
       3.98107E-01       4.16869E-01       4.07488E-01       1.87620E-02       2.61768E-02       1.39520E+00       5.68529E-01       4.83253E-01
       4.16869E-01       4.36516E-01       4.26692E-01       1.96470E-02       2.74199E-02       1.39563E+00       5.95505E-01       5.10673E-01
       4.36516E-01       4.57088E-01       4.46802E-01       2.05720E-02       2.87050E-02       1.39534E+00       6.23442E-01       5.39378E-01
       4.57088E-01       4.78630E-01       4.67859E-01       2.15420E-02       3.00294E-02       1.39399E+00       6.52192E-01       5.69408E-01
       4.78630E-01       5.01187E-01       4.89909E-01       2.25570E-02       3.13897E-02       1.39157E+00       6.81744E-01       6.00797E-01
       5.01187E-01       5.24808E-01       5.12998E-01       2.36210E-02       3.27810E-02       1.38779E+00       7.11934E-01       6.33578E-01
       5.24808E-01       5.49541E-01       5.37174E-01       2.47330E-02       3.41956E-02       1.38259E+00       7.42691E-01       6.67774E-01
       5.49541E-01       5.75440E-01       5.62490E-01       2.58990E-02       3.56234E-02       1.37548E+00       7.73692E-01       7.03397E-01
       5.75440E-01       6.02560E-01       5.89000E-01       2.71200E-02       3.70512E-02       1.36619E+00       8.04689E-01       7.40449E-01
       6.02560E-01       6.30957E-01       6.16758E-01       2.83970E-02       3.84596E-02       1.35435E+00       8.35309E-01       7.78908E-01
       6.30957E-01       6.60693E-01       6.45825E-01       2.97360E-02       3.98238E-02       1.33924E+00       8.64917E-01       8.18732E-01
       6.60693E-01       6.91831E-01       6.76262E-01       3.11380E-02       4.11099E-02       1.32025E+00       8.92833E-01       8.59842E-01
       6.91831E-01       7.24436E-01       7.08133E-01       3.26050E-02       4.22726E-02       1.29651E+00       9.18100E-01       9.02114E-01
       7.24436E-01       7.58578E-01       7.41507E-01       3.41420E-02       4.32521E-02       1.26683E+00       9.39362E-01       9.45366E-01
       7.58578E-01       7.94328E-01       7.76453E-01       3.57500E-02       4.32617E-02       1.21012E+00       9.39600E-01       9.88628E-01
       7.94328E-01       8.31764E-01       8.13046E-01       3.74360E-02       1.13718E-02       3.03767E-01       2.46976E-01       1.00000E+00

 Sum =                                                                         1.00000E+00
 Renormalization bin#   923 =                                                  1.42896E-02 barn        9.40000E+06        9.60000E+06        9.50000E+06
 Avg. Energy     bin#   923 =                                                  4.29066E-01 MeV         9.40000E+06        9.60000E+06
