"        MT=611 recoil spectrum "
" Initial neutron energy corresponds to the group:"
   1.58000E+01    1.60000E+01       0.00000E+00           789           877            89



          Low               High              Mid              Energy           Number             dn/de            E*dn/de          Cumulative
         Energy            Energy            Energy             Width          Fraction                               Sum   
         [MeV]             [MeV]             [MeV]              [MeV]

       2.88403E-02       3.01995E-02       2.95199E-02       1.35920E-03       0.00000E+00       0.00000E+00       0.00000E+00       0.00000E+00
       3.01995E-02       3.16228E-02       3.09112E-02       1.42330E-03       4.11869E-04       2.89376E-01       8.94494E-03       4.11869E-04
       3.16228E-02       3.31131E-02       3.23680E-02       1.49030E-03       7.67667E-04       5.15109E-01       1.66730E-02       1.17954E-03
       3.31131E-02       3.46737E-02       3.38934E-02       1.56060E-03       8.04115E-04       5.15261E-01       1.74639E-02       1.98365E-03
       3.46737E-02       3.63078E-02       3.54908E-02       1.63410E-03       8.42261E-04       5.15427E-01       1.82929E-02       2.82591E-03
       3.63078E-02       3.80189E-02       3.71633E-02       1.71110E-03       8.82258E-04       5.15610E-01       1.91618E-02       3.70817E-03
       3.80189E-02       3.98107E-02       3.89148E-02       1.79180E-03       9.24182E-04       5.15784E-01       2.00716E-02       4.63235E-03
       3.98107E-02       4.16869E-02       4.07488E-02       1.87620E-03       9.68135E-04       5.16009E-01       2.10267E-02       5.60049E-03
       4.16869E-02       4.36516E-02       4.26693E-02       1.96470E-03       1.01418E-03       5.16202E-01       2.20259E-02       6.61467E-03
       4.36516E-02       4.57088E-02       4.46802E-02       2.05720E-03       1.06249E-03       5.16472E-01       2.30761E-02       7.67715E-03
       4.57088E-02       4.78630E-02       4.67859E-02       2.15420E-03       1.11309E-03       5.16706E-01       2.41746E-02       8.79024E-03
       4.78630E-02       5.01187E-02       4.89908E-02       2.25570E-03       1.16619E-03       5.16998E-01       2.53282E-02       9.95643E-03
       5.01187E-02       5.24808E-02       5.12998E-02       2.36210E-03       1.22190E-03       5.17294E-01       2.65370E-02       1.11783E-02
       5.24808E-02       5.49541E-02       5.37174E-02       2.47330E-03       1.28028E-03       5.17642E-01       2.78064E-02       1.24586E-02
       5.49541E-02       5.75440E-02       5.62491E-02       2.58990E-03       1.34154E-03       5.17989E-01       2.91364E-02       1.38002E-02
       5.75440E-02       6.02560E-02       5.89000E-02       2.71200E-03       1.40575E-03       5.18344E-01       3.05304E-02       1.52059E-02
       6.02560E-02       6.30957E-02       6.16758E-02       2.83970E-03       1.47316E-03       5.18775E-01       3.19959E-02       1.66791E-02
       6.30957E-02       6.60693E-02       6.45825E-02       2.97360E-03       1.54391E-03       5.19205E-01       3.35315E-02       1.82230E-02
       6.60693E-02       6.91831E-02       6.76262E-02       3.11380E-03       1.61817E-03       5.19676E-01       3.51437E-02       1.98411E-02
       6.91831E-02       7.24436E-02       7.08134E-02       3.26050E-03       1.69609E-03       5.20192E-01       3.68366E-02       2.15372E-02
       7.24436E-02       7.58578E-02       7.41507E-02       3.41420E-03       1.77791E-03       5.20740E-01       3.86132E-02       2.33151E-02
       7.58578E-02       7.94328E-02       7.76453E-02       3.57500E-03       1.86383E-03       5.21350E-01       4.04804E-02       2.51790E-02
       7.94328E-02       8.31764E-02       8.13046E-02       3.74360E-03       1.95410E-03       5.21985E-01       4.24398E-02       2.71331E-02
       8.31764E-02       8.70964E-02       8.51364E-02       3.92000E-03       2.04893E-03       5.22686E-01       4.44996E-02       2.91820E-02
       8.70964E-02       9.12011E-02       8.91488E-02       4.10470E-03       2.14854E-03       5.23433E-01       4.66634E-02       3.13305E-02
       9.12011E-02       9.54993E-02       9.33502E-02       4.29820E-03       2.25329E-03       5.24241E-01       4.89380E-02       3.35838E-02
       9.54993E-02       1.00000E-01       9.77497E-02       4.50070E-03       2.36342E-03       5.25123E-01       5.13306E-02       3.59472E-02
       1.00000E-01       1.04713E-01       1.02357E-01       4.71300E-03       2.47922E-03       5.26038E-01       5.38434E-02       3.84265E-02
       1.04713E-01       1.09648E-01       1.07180E-01       4.93500E-03       2.60101E-03       5.27054E-01       5.64899E-02       4.10275E-02
       1.09648E-01       1.14815E-01       1.12231E-01       5.16700E-03       2.72928E-03       5.28214E-01       5.92822E-02       4.37568E-02
       1.14815E-01       1.20226E-01       1.17520E-01       5.41100E-03       2.86418E-03       5.29325E-01       6.22066E-02       4.66209E-02
       1.20226E-01       1.25892E-01       1.23059E-01       5.66600E-03       3.00633E-03       5.30591E-01       6.52940E-02       4.96273E-02
       1.25892E-01       1.31826E-01       1.28859E-01       5.93400E-03       3.15611E-03       5.31869E-01       6.85361E-02       5.27834E-02
       1.31826E-01       1.38038E-01       1.34932E-01       6.21200E-03       3.31383E-03       5.33456E-01       7.19803E-02       5.60972E-02
       1.38038E-01       1.44544E-01       1.41291E-01       6.50600E-03       3.48021E-03       5.34923E-01       7.55798E-02       5.95774E-02
       1.44544E-01       1.51356E-01       1.47950E-01       6.81200E-03       3.65563E-03       5.36646E-01       7.93968E-02       6.32330E-02
       1.51356E-01       1.58489E-01       1.54923E-01       7.13300E-03       3.84078E-03       5.38453E-01       8.34184E-02       6.70738E-02
       1.58489E-01       1.65959E-01       1.62224E-01       7.47000E-03       4.03619E-03       5.40320E-01       8.76529E-02       7.11100E-02
       1.65959E-01       1.73780E-01       1.69869E-01       7.82100E-03       4.24258E-03       5.42460E-01       9.21475E-02       7.53526E-02
       1.73780E-01       1.81970E-01       1.77875E-01       8.19000E-03       4.46067E-03       5.44649E-01       9.68794E-02       7.98133E-02
       1.81970E-01       1.90546E-01       1.86258E-01       8.57600E-03       4.69109E-03       5.47002E-01       1.01884E-01       8.45044E-02
       1.90546E-01       1.99526E-01       1.95036E-01       8.98000E-03       4.93479E-03       5.49531E-01       1.07178E-01       8.94392E-02
       1.99526E-01       2.08930E-01       2.04228E-01       9.40400E-03       5.19275E-03       5.52185E-01       1.12772E-01       9.46319E-02
       2.08930E-01       2.18776E-01       2.13853E-01       9.84600E-03       5.46571E-03       5.55120E-01       1.18714E-01       1.00098E-01
       2.18776E-01       2.29087E-01       2.23931E-01       1.03110E-02       5.75467E-03       5.58110E-01       1.24978E-01       1.05852E-01
       2.29087E-01       2.39883E-01       2.34485E-01       1.07960E-02       6.06081E-03       5.61394E-01       1.31638E-01       1.11913E-01
       2.39883E-01       2.51189E-01       2.45536E-01       1.13060E-02       6.38530E-03       5.64771E-01       1.38672E-01       1.18298E-01
       2.51189E-01       2.63027E-01       2.57108E-01       1.18380E-02       6.72934E-03       5.68452E-01       1.46154E-01       1.25028E-01
       2.63027E-01       2.75423E-01       2.69225E-01       1.23960E-02       7.09417E-03       5.72295E-01       1.54076E-01       1.32122E-01
       2.75423E-01       2.88403E-01       2.81913E-01       1.29800E-02       7.48115E-03       5.76360E-01       1.62483E-01       1.39603E-01
       2.88403E-01       3.01995E-01       2.95199E-01       1.35920E-02       7.89176E-03       5.80618E-01       1.71398E-01       1.47495E-01
       3.01995E-01       3.16228E-01       3.09112E-01       1.42330E-02       8.32755E-03       5.85087E-01       1.80857E-01       1.55822E-01
       3.16228E-01       3.31131E-01       3.23680E-01       1.49030E-02       8.79000E-03       5.89814E-01       1.90911E-01       1.64612E-01
       3.31131E-01       3.46737E-01       3.38934E-01       1.56060E-02       9.28102E-03       5.94708E-01       2.01567E-01       1.73893E-01
       3.46737E-01       3.63078E-01       3.54908E-01       1.63410E-02       9.80194E-03       5.99837E-01       2.12887E-01       1.83695E-01
       3.63078E-01       3.80189E-01       3.71633E-01       1.71110E-02       1.03548E-02       6.05155E-01       2.24896E-01       1.94050E-01
       3.80189E-01       3.98107E-01       3.89148E-01       1.79180E-02       1.09414E-02       6.10637E-01       2.37628E-01       2.04992E-01
       3.98107E-01       4.16869E-01       4.07488E-01       1.87620E-02       1.15634E-02       6.16318E-01       2.51142E-01       2.16555E-01
       4.16869E-01       4.36516E-01       4.26692E-01       1.96470E-02       1.22225E-02       6.22104E-01       2.65447E-01       2.28777E-01
       4.36516E-01       4.57088E-01       4.46802E-01       2.05720E-02       1.29206E-02       6.28067E-01       2.80621E-01       2.41698E-01
       4.57088E-01       4.78630E-01       4.67859E-01       2.15420E-02       1.36592E-02       6.34075E-01       2.96658E-01       2.55357E-01
       4.78630E-01       5.01187E-01       4.89909E-01       2.25570E-02       1.44400E-02       6.40154E-01       3.13617E-01       2.69797E-01
       5.01187E-01       5.24808E-01       5.12998E-01       2.36210E-02       1.52641E-02       6.46209E-01       3.31504E-01       2.85061E-01
       5.24808E-01       5.49541E-01       5.37174E-01       2.47330E-02       1.61325E-02       6.52267E-01       3.50381E-01       3.01194E-01
       5.49541E-01       5.75440E-01       5.62490E-01       2.58990E-02       1.70461E-02       6.58177E-01       3.70218E-01       3.18240E-01
       5.75440E-01       6.02560E-01       5.89000E-01       2.71200E-02       1.80051E-02       6.63904E-01       3.91039E-01       3.36245E-01
       6.02560E-01       6.30957E-01       6.16758E-01       2.83970E-02       1.90089E-02       6.69399E-01       4.12858E-01       3.55254E-01
       6.30957E-01       6.60693E-01       6.45825E-01       2.97360E-02       2.00569E-02       6.74498E-01       4.35608E-01       3.75311E-01
       6.60693E-01       6.91831E-01       6.76262E-01       3.11380E-02       2.11470E-02       6.79138E-01       4.59275E-01       3.96458E-01
       6.91831E-01       7.24436E-01       7.08133E-01       3.26050E-02       2.22764E-02       6.83220E-01       4.83811E-01       4.18734E-01
       7.24436E-01       7.58578E-01       7.41507E-01       3.41420E-02       2.34410E-02       6.86575E-01       5.09100E-01       4.42175E-01
       7.58578E-01       7.94328E-01       7.76453E-01       3.57500E-02       2.46356E-02       6.89107E-01       5.35059E-01       4.66811E-01
       7.94328E-01       8.31764E-01       8.13046E-01       3.74360E-02       2.58531E-02       6.90595E-01       5.61485E-01       4.92664E-01
       8.31764E-01       8.70964E-01       8.51364E-01       3.92000E-02       2.70845E-02       6.90931E-01       5.88234E-01       5.19748E-01
       8.70964E-01       9.12011E-01       8.91487E-01       4.10470E-02       2.83191E-02       6.89920E-01       6.15055E-01       5.48068E-01
       9.12011E-01       9.54993E-01       9.33502E-01       4.29820E-02       2.95440E-02       6.87358E-01       6.41650E-01       5.77612E-01
       9.54993E-01       1.00000E+00       9.77497E-01       4.50070E-02       3.07435E-02       6.83083E-01       6.67712E-01       6.08355E-01
       1.00000E+00       1.04713E+00       1.02357E+00       4.71300E-02       3.19008E-02       6.76868E-01       6.92819E-01       6.40256E-01
       1.04713E+00       1.09648E+00       1.07181E+00       4.93500E-02       3.29949E-02       6.68589E-01       7.16597E-01       6.73251E-01
       1.09648E+00       1.14815E+00       1.12231E+00       5.16700E-02       3.40077E-02       6.58171E-01       7.38675E-01       7.07258E-01
       1.14815E+00       1.20226E+00       1.17520E+00       5.41100E-02       3.49154E-02       6.45266E-01       7.58320E-01       7.42174E-01
       1.20226E+00       1.25892E+00       1.23059E+00       5.66600E-02       3.57030E-02       6.30127E-01       7.75428E-01       7.77877E-01
       1.25892E+00       1.31826E+00       1.28859E+00       5.93400E-02       3.63569E-02       6.12688E-01       7.89503E-01       8.14234E-01
       1.31826E+00       1.38038E+00       1.34932E+00       6.21200E-02       3.68768E-02       5.93637E-01       8.01007E-01       8.51110E-01
       1.38038E+00       1.44544E+00       1.41291E+00       6.50600E-02       3.72875E-02       5.73125E-01       8.09774E-01       8.88398E-01
       1.44544E+00       1.51356E+00       1.47950E+00       6.81200E-02       3.76466E-02       5.52651E-01       8.17647E-01       9.26045E-01
       1.51356E+00       1.58489E+00       1.54923E+00       7.13300E-02       3.80763E-02       5.33805E-01       8.26984E-01       9.64121E-01
       1.58489E+00       1.65959E+00       1.62224E+00       7.47000E-02       3.50384E-02       4.69055E-01       7.60920E-01       9.99159E-01
       1.65959E+00       1.73780E+00       1.69869E+00       7.82100E-02       8.40689E-04       1.07491E-02       1.82595E-02       1.00000E+00

 Sum =                                                                         1.00000E+00
 Renormalization bin#   955 =                                                  2.53841E-03 barn        1.58000E+07        1.60000E+07        1.59000E+07
 Avg. Energy     bin#   955 =                                                  8.42596E-01 MeV         1.58000E+07        1.60000E+07
