"        MT=612 recoil spectrum "
" Initial neutron energy corresponds to the group:"
   1.60000E+01    1.62000E+01       0.00000E+00           789           877            89



          Low               High              Mid              Energy           Number             dn/de            E*dn/de          Cumulative
         Energy            Energy            Energy             Width          Fraction                               Sum   
         [MeV]             [MeV]             [MeV]              [MeV]

       2.88403E-02       3.01995E-02       2.95199E-02       1.35920E-03       0.00000E+00       0.00000E+00       0.00000E+00       0.00000E+00
       3.01995E-02       3.16228E-02       3.09112E-02       1.42330E-03       2.49935E-04       1.75603E-01       5.42808E-03       2.49935E-04
       3.16228E-02       3.31131E-02       3.23680E-02       1.49030E-03       7.77316E-04       5.21584E-01       1.68826E-02       1.02725E-03
       3.31131E-02       3.46737E-02       3.38934E-02       1.56060E-03       8.14511E-04       5.21922E-01       1.76897E-02       1.84176E-03
       3.46737E-02       3.63078E-02       3.54908E-02       1.63410E-03       8.53566E-04       5.22346E-01       1.85385E-02       2.69533E-03
       3.63078E-02       3.80189E-02       3.71633E-02       1.71110E-03       8.94490E-04       5.22758E-01       1.94274E-02       3.58982E-03
       3.80189E-02       3.98107E-02       3.89148E-02       1.79180E-03       9.37467E-04       5.23198E-01       2.03602E-02       4.52729E-03
       3.98107E-02       4.16869E-02       4.07488E-02       1.87620E-03       9.82549E-04       5.23691E-01       2.13398E-02       5.50983E-03
       4.16869E-02       4.36516E-02       4.26693E-02       1.96470E-03       1.02980E-03       5.24152E-01       2.23652E-02       6.53964E-03
       4.36516E-02       4.57088E-02       4.46802E-02       2.05720E-03       1.07943E-03       5.24709E-01       2.34441E-02       7.61907E-03
       4.57088E-02       4.78630E-02       4.67859E-02       2.15420E-03       1.13149E-03       5.25248E-01       2.45742E-02       8.75056E-03
       4.78630E-02       5.01187E-02       4.89908E-02       2.25570E-03       1.18610E-03       5.25823E-01       2.57605E-02       9.93665E-03
       5.01187E-02       5.24808E-02       5.12998E-02       2.36210E-03       1.24346E-03       5.26422E-01       2.70053E-02       1.11801E-02
       5.24808E-02       5.49541E-02       5.37174E-02       2.47330E-03       1.30365E-03       5.27089E-01       2.83139E-02       1.24838E-02
       5.49541E-02       5.75440E-02       5.62491E-02       2.58990E-03       1.36684E-03       5.27756E-01       2.96858E-02       1.38506E-02
       5.75440E-02       6.02560E-02       5.89000E-02       2.71200E-03       1.43323E-03       5.28477E-01       3.11273E-02       1.52838E-02
       6.02560E-02       6.30957E-02       6.16758E-02       2.83970E-03       1.50290E-03       5.29245E-01       3.26417E-02       1.67867E-02
       6.30957E-02       6.60693E-02       6.45825E-02       2.97360E-03       1.57609E-03       5.30029E-01       3.42306E-02       1.83628E-02
       6.60693E-02       6.91831E-02       6.76262E-02       3.11380E-03       1.65300E-03       5.30860E-01       3.59001E-02       2.00158E-02
       6.91831E-02       7.24436E-02       7.08134E-02       3.26050E-03       1.73382E-03       5.31765E-01       3.76561E-02       2.17496E-02
       7.24436E-02       7.58578E-02       7.41507E-02       3.41420E-03       1.81872E-03       5.32694E-01       3.94997E-02       2.35684E-02
       7.58578E-02       7.94328E-02       7.76453E-02       3.57500E-03       1.90791E-03       5.33681E-01       4.14378E-02       2.54763E-02
       7.94328E-02       8.31764E-02       8.13046E-02       3.74360E-03       2.00177E-03       5.34717E-01       4.34749E-02       2.74780E-02
       8.31764E-02       8.70964E-02       8.51364E-02       3.92000E-03       2.10036E-03       5.35805E-01       4.56165E-02       2.95784E-02
       8.70964E-02       9.12011E-02       8.91488E-02       4.10470E-03       2.20410E-03       5.36969E-01       4.78701E-02       3.17825E-02
       9.12011E-02       9.54993E-02       9.33502E-02       4.29820E-03       2.31319E-03       5.38177E-01       5.02389E-02       3.40957E-02
       9.54993E-02       1.00000E-01       9.77497E-02       4.50070E-03       2.42795E-03       5.39460E-01       5.27320E-02       3.65236E-02
       1.00000E-01       1.04713E-01       1.02357E-01       4.71300E-03       2.54875E-03       5.40790E-01       5.53534E-02       3.90724E-02
       1.04713E-01       1.09648E-01       1.07180E-01       4.93500E-03       2.67580E-03       5.42209E-01       5.81142E-02       4.17482E-02
       1.09648E-01       1.14815E-01       1.12231E-01       5.16700E-03       2.80966E-03       5.43771E-01       6.10282E-02       4.45578E-02
       1.14815E-01       1.20226E-01       1.17520E-01       5.41100E-03       2.95045E-03       5.45270E-01       6.40804E-02       4.75083E-02
       1.20226E-01       1.25892E-01       1.23059E-01       5.66600E-03       3.09886E-03       5.46922E-01       6.73036E-02       5.06071E-02
       1.25892E-01       1.31826E-01       1.28859E-01       5.93400E-03       3.25515E-03       5.48559E-01       7.06868E-02       5.38623E-02
       1.31826E-01       1.38038E-01       1.34932E-01       6.21200E-03       3.41968E-03       5.50496E-01       7.42795E-02       5.72820E-02
       1.38038E-01       1.44544E-01       1.41291E-01       6.50600E-03       3.59328E-03       5.52302E-01       7.80354E-02       6.08753E-02
       1.44544E-01       1.51356E-01       1.47950E-01       6.81200E-03       3.77607E-03       5.54326E-01       8.20125E-02       6.46513E-02
       1.51356E-01       1.58489E-01       1.54923E-01       7.13300E-03       3.96883E-03       5.56405E-01       8.61996E-02       6.86202E-02
       1.58489E-01       1.65959E-01       1.62224E-01       7.47000E-03       4.17207E-03       5.58510E-01       9.06038E-02       7.27922E-02
       1.65959E-01       1.73780E-01       1.69869E-01       7.82100E-03       4.38634E-03       5.60841E-01       9.52698E-02       7.71786E-02
       1.73780E-01       1.81970E-01       1.77875E-01       8.19000E-03       4.61232E-03       5.63165E-01       1.00173E-01       8.17909E-02
       1.81970E-01       1.90546E-01       1.86258E-01       8.57600E-03       4.85068E-03       5.65611E-01       1.05350E-01       8.66416E-02
       1.90546E-01       1.99526E-01       1.95036E-01       8.98000E-03       5.10210E-03       5.68162E-01       1.10812E-01       9.17437E-02
       1.99526E-01       2.08930E-01       2.04228E-01       9.40400E-03       5.36737E-03       5.70754E-01       1.16564E-01       9.71110E-02
       2.08930E-01       2.18776E-01       2.13853E-01       9.84600E-03       5.64725E-03       5.73558E-01       1.22657E-01       1.02758E-01
       2.18776E-01       2.29087E-01       2.23931E-01       1.03110E-02       5.94239E-03       5.76315E-01       1.29055E-01       1.08701E-01
       2.29087E-01       2.39883E-01       2.34485E-01       1.07960E-02       6.25378E-03       5.79268E-01       1.35830E-01       1.14954E-01
       2.39883E-01       2.51189E-01       2.45536E-01       1.13060E-02       6.58223E-03       5.82189E-01       1.42948E-01       1.21537E-01
       2.51189E-01       2.63027E-01       2.57108E-01       1.18380E-02       6.92871E-03       5.85294E-01       1.50484E-01       1.28465E-01
       2.63027E-01       2.75423E-01       2.69225E-01       1.23960E-02       7.29399E-03       5.88415E-01       1.58416E-01       1.35759E-01
       2.75423E-01       2.88403E-01       2.81913E-01       1.29800E-02       7.67916E-03       5.91615E-01       1.66784E-01       1.43439E-01
       2.88403E-01       3.01995E-01       2.95199E-01       1.35920E-02       8.08501E-03       5.94836E-01       1.75595E-01       1.51524E-01
       3.01995E-01       3.16228E-01       3.09112E-01       1.42330E-02       8.51265E-03       5.98093E-01       1.84877E-01       1.60036E-01
       3.16228E-01       3.31131E-01       3.23680E-01       1.49030E-02       8.96301E-03       6.01423E-01       1.94668E-01       1.68999E-01
       3.31131E-01       3.46737E-01       3.38934E-01       1.56060E-02       9.43717E-03       6.04714E-01       2.04958E-01       1.78436E-01
       3.46737E-01       3.63078E-01       3.54908E-01       1.63410E-02       9.93587E-03       6.08033E-01       2.15796E-01       1.88372E-01
       3.63078E-01       3.80189E-01       3.71633E-01       1.71110E-02       1.04602E-02       6.11315E-01       2.27185E-01       1.98832E-01
       3.80189E-01       3.98107E-01       3.89148E-01       1.79180E-02       1.10113E-02       6.14540E-01       2.39147E-01       2.09844E-01
       3.98107E-01       4.16869E-01       4.07488E-01       1.87620E-02       1.15898E-02       6.17729E-01       2.51717E-01       2.21434E-01
       4.16869E-01       4.36516E-01       4.26692E-01       1.96470E-02       1.21969E-02       6.20800E-01       2.64891E-01       2.33631E-01
       4.36516E-01       4.57088E-01       4.46802E-01       2.05720E-02       1.28333E-02       6.23823E-01       2.78725E-01       2.46464E-01
       4.57088E-01       4.78630E-01       4.67859E-01       2.15420E-02       1.34998E-02       6.26675E-01       2.93196E-01       2.59964E-01
       4.78630E-01       5.01187E-01       4.89909E-01       2.25570E-02       1.41975E-02       6.29405E-01       3.08351E-01       2.74161E-01
       5.01187E-01       5.24808E-01       5.12998E-01       2.36210E-02       1.49271E-02       6.31943E-01       3.24185E-01       2.89088E-01
       5.24808E-01       5.49541E-01       5.37174E-01       2.47330E-02       1.56893E-02       6.34347E-01       3.40755E-01       3.04778E-01
       5.49541E-01       5.75440E-01       5.62490E-01       2.58990E-02       1.64851E-02       6.36516E-01       3.58034E-01       3.21263E-01
       5.75440E-01       6.02560E-01       5.89000E-01       2.71200E-02       1.73155E-02       6.38476E-01       3.76062E-01       3.38578E-01
       6.02560E-01       6.30957E-01       6.16758E-01       2.83970E-02       1.81810E-02       6.40245E-01       3.94876E-01       3.56759E-01
       6.30957E-01       6.60693E-01       6.45825E-01       2.97360E-02       1.90832E-02       6.41753E-01       4.14460E-01       3.75842E-01
       6.60693E-01       6.91831E-01       6.76262E-01       3.11380E-02       2.00228E-02       6.43033E-01       4.34859E-01       3.95865E-01
       6.91831E-01       7.24436E-01       7.08133E-01       3.26050E-02       2.10010E-02       6.44103E-01       4.56111E-01       4.16866E-01
       7.24436E-01       7.58578E-01       7.41507E-01       3.41420E-02       2.20192E-02       6.44929E-01       4.78219E-01       4.38885E-01
       7.58578E-01       7.94328E-01       7.76453E-01       3.57500E-02       2.30785E-02       6.45554E-01       5.01242E-01       4.61964E-01
       7.94328E-01       8.31764E-01       8.13046E-01       3.74360E-02       2.41804E-02       6.45914E-01       5.25158E-01       4.86144E-01
       8.31764E-01       8.70964E-01       8.51364E-01       3.92000E-02       2.53253E-02       6.46055E-01       5.50028E-01       5.11469E-01
       8.70964E-01       9.12011E-01       8.91487E-01       4.10470E-02       2.65135E-02       6.45931E-01       5.75839E-01       5.37983E-01
       9.12011E-01       9.54993E-01       9.33502E-01       4.29820E-02       2.77439E-02       6.45476E-01       6.02554E-01       5.65727E-01
       9.54993E-01       1.00000E+00       9.77497E-01       4.50070E-02       2.90131E-02       6.44635E-01       6.30128E-01       5.94740E-01
       1.00000E+00       1.04713E+00       1.02357E+00       4.71300E-02       3.03157E-02       6.43236E-01       6.58394E-01       6.25056E-01
       1.04713E+00       1.09648E+00       1.07181E+00       4.93500E-02       3.16402E-02       6.41139E-01       6.87176E-01       6.56696E-01
       1.09648E+00       1.14815E+00       1.12231E+00       5.16700E-02       3.29735E-02       6.38156E-01       7.16212E-01       6.89669E-01
       1.14815E+00       1.20226E+00       1.17520E+00       5.41100E-02       3.42894E-02       6.33697E-01       7.44724E-01       7.23959E-01
       1.20226E+00       1.25892E+00       1.23059E+00       5.66600E-02       3.55603E-02       6.27608E-01       7.72328E-01       7.59519E-01
       1.25892E+00       1.31826E+00       1.28859E+00       5.93400E-02       3.67445E-02       6.19220E-01       7.97920E-01       7.96263E-01
       1.31826E+00       1.38038E+00       1.34932E+00       6.21200E-02       3.77942E-02       6.08406E-01       8.20934E-01       8.34058E-01
       1.38038E+00       1.44544E+00       1.41291E+00       6.50600E-02       3.86630E-02       5.94266E-01       8.39645E-01       8.72721E-01
       1.44544E+00       1.51356E+00       1.47950E+00       6.81200E-02       3.93099E-02       5.77068E-01       8.53773E-01       9.12031E-01
       1.51356E+00       1.58489E+00       1.54923E+00       7.13300E-02       3.97343E-02       5.57049E-01       8.62994E-01       9.51765E-01
       1.58489E+00       1.65959E+00       1.62224E+00       7.47000E-02       4.00100E-02       5.35609E-01       8.68887E-01       9.91775E-01
       1.65959E+00       1.73780E+00       1.69869E+00       7.82100E-02       8.22520E-03       1.05168E-01       1.78648E-01       1.00000E+00

 Sum =                                                                         1.00000E+00
 Renormalization bin#   956 =                                                  3.04669E-03 barn        1.60000E+07        1.62000E+07        1.61000E+07
 Avg. Energy     bin#   956 =                                                  8.53515E-01 MeV         1.60000E+07        1.62000E+07
