"        MT=604 recoil spectrum "
" Initial neutron energy corresponds to the group:"
   1.12000E+01    1.14000E+01       0.00000E+00           788           868            81



          Low               High              Mid              Energy           Number             dn/de            E*dn/de          Cumulative
         Energy            Energy            Energy             Width          Fraction                               Sum   
         [MeV]             [MeV]             [MeV]              [MeV]

       2.75423E-02       2.88403E-02       2.81913E-02       1.29800E-03       0.00000E+00       0.00000E+00       0.00000E+00       0.00000E+00
       2.88403E-02       3.01995E-02       2.95199E-02       1.35920E-03       4.25064E-04       3.12731E-01       9.23179E-03       4.25064E-04
       3.01995E-02       3.16228E-02       3.09112E-02       1.42330E-03       1.91590E-03       1.34610E+00       4.16094E-02       2.34096E-03
       3.16228E-02       3.31131E-02       3.23680E-02       1.49030E-03       2.01538E-03       1.35233E+00       4.37721E-02       4.35634E-03
       3.31131E-02       3.46737E-02       3.38934E-02       1.56060E-03       2.10298E-03       1.34755E+00       4.56731E-02       6.45932E-03
       3.46737E-02       3.63078E-02       3.54908E-02       1.63410E-03       2.19411E-03       1.34270E+00       4.76534E-02       8.65343E-03
       3.63078E-02       3.80189E-02       3.71633E-02       1.71110E-03       2.28876E-03       1.33760E+00       4.97097E-02       1.09422E-02
       3.80189E-02       3.98107E-02       3.89148E-02       1.79180E-03       2.38711E-03       1.33224E+00       5.18439E-02       1.33293E-02
       3.98107E-02       4.16869E-02       4.07488E-02       1.87620E-03       2.48924E-03       1.32675E+00       5.40633E-02       1.58185E-02
       4.16869E-02       4.36516E-02       4.26693E-02       1.96470E-03       2.59526E-03       1.32094E+00       5.63635E-02       1.84138E-02
       4.36516E-02       4.57088E-02       4.46802E-02       2.05720E-03       2.70525E-03       1.31502E+00       5.87552E-02       2.11190E-02
       4.57088E-02       4.78630E-02       4.67859E-02       2.15420E-03       2.81932E-03       1.30875E+00       6.12313E-02       2.39384E-02
       4.78630E-02       5.01187E-02       4.89908E-02       2.25570E-03       2.93759E-03       1.30230E+00       6.38007E-02       2.68760E-02
       5.01187E-02       5.24808E-02       5.12998E-02       2.36210E-03       3.06018E-03       1.29553E+00       6.64604E-02       2.99361E-02
       5.24808E-02       5.49541E-02       5.37174E-02       2.47330E-03       3.18712E-03       1.28861E+00       6.92209E-02       3.31233E-02
       5.49541E-02       5.75440E-02       5.62491E-02       2.58990E-03       3.31856E-03       1.28135E+00       7.20746E-02       3.64418E-02
       5.75440E-02       6.02560E-02       5.89000E-02       2.71200E-03       3.45463E-03       1.27383E+00       7.50286E-02       3.98964E-02
       6.02560E-02       6.30957E-02       6.16758E-02       2.83970E-03       3.59526E-03       1.26607E+00       7.80859E-02       4.34917E-02
       6.30957E-02       6.60693E-02       6.45825E-02       2.97360E-03       3.74065E-03       1.25796E+00       8.12419E-02       4.72324E-02
       6.60693E-02       6.91831E-02       6.76262E-02       3.11380E-03       3.89087E-03       1.24956E+00       8.45027E-02       5.11232E-02
       6.91831E-02       7.24436E-02       7.08134E-02       3.26050E-03       4.04600E-03       1.24092E+00       8.78734E-02       5.51692E-02
       7.24436E-02       7.58578E-02       7.41507E-02       3.41420E-03       4.20605E-03       1.23193E+00       9.13486E-02       5.93753E-02
       7.58578E-02       7.94328E-02       7.76453E-02       3.57500E-03       4.37112E-03       1.22269E+00       9.49362E-02       6.37464E-02
       7.94328E-02       8.31764E-02       8.13046E-02       3.74360E-03       4.54131E-03       1.21309E+00       9.86295E-02       6.82877E-02
       8.31764E-02       8.70964E-02       8.51364E-02       3.92000E-03       4.71654E-03       1.20320E+00       1.02436E-01       7.30043E-02
       8.70964E-02       9.12011E-02       8.91488E-02       4.10470E-03       4.89694E-03       1.19301E+00       1.06355E-01       7.79012E-02
       9.12011E-02       9.54993E-02       9.33502E-02       4.29820E-03       5.08258E-03       1.18249E+00       1.10386E-01       8.29838E-02
       9.54993E-02       1.00000E-01       9.77497E-02       4.50070E-03       5.27332E-03       1.17167E+00       1.14530E-01       8.82571E-02
       1.00000E-01       1.04713E-01       1.02357E-01       4.71300E-03       5.46944E-03       1.16050E+00       1.18785E-01       9.37265E-02
       1.04713E-01       1.09648E-01       1.07180E-01       4.93500E-03       5.67059E-03       1.14906E+00       1.23156E-01       9.93971E-02
       1.09648E-01       1.14815E-01       1.12231E-01       5.16700E-03       5.87724E-03       1.13746E+00       1.27659E-01       1.05274E-01
       1.14815E-01       1.20226E-01       1.17520E-01       5.41100E-03       6.08888E-03       1.12528E+00       1.32243E-01       1.11363E-01
       1.20226E-01       1.25892E-01       1.23059E-01       5.66600E-03       6.30608E-03       1.11297E+00       1.36961E-01       1.17669E-01
       1.25892E-01       1.31826E-01       1.28859E-01       5.93400E-03       6.52852E-03       1.10019E+00       1.41769E-01       1.24198E-01
       1.31826E-01       1.38038E-01       1.34932E-01       6.21200E-03       6.75606E-03       1.08758E+00       1.46750E-01       1.30954E-01
       1.38038E-01       1.44544E-01       1.41291E-01       6.50600E-03       6.98916E-03       1.07426E+00       1.51784E-01       1.37943E-01
       1.44544E-01       1.51356E-01       1.47950E-01       6.81200E-03       7.22740E-03       1.06098E+00       1.56972E-01       1.45170E-01
       1.51356E-01       1.58489E-01       1.54923E-01       7.13300E-03       7.47130E-03       1.04743E+00       1.62270E-01       1.52642E-01
       1.58489E-01       1.65959E-01       1.62224E-01       7.47000E-03       7.72063E-03       1.03355E+00       1.67667E-01       1.60362E-01
       1.65959E-01       1.73780E-01       1.69869E-01       7.82100E-03       7.97557E-03       1.01976E+00       1.73227E-01       1.68338E-01
       1.73780E-01       1.81970E-01       1.77875E-01       8.19000E-03       8.23631E-03       1.00565E+00       1.78881E-01       1.76574E-01
       1.81970E-01       1.90546E-01       1.86258E-01       8.57600E-03       8.50306E-03       9.91495E-01       1.84674E-01       1.85077E-01
       1.90546E-01       1.99526E-01       1.95036E-01       8.98000E-03       8.77602E-03       9.77285E-01       1.90606E-01       1.93853E-01
       1.99526E-01       2.08930E-01       2.04228E-01       9.40400E-03       9.05574E-03       9.62967E-01       1.96665E-01       2.02909E-01
       2.08930E-01       2.18776E-01       2.13853E-01       9.84600E-03       9.34245E-03       9.48858E-01       2.02916E-01       2.12252E-01
       2.18776E-01       2.29087E-01       2.23931E-01       1.03110E-02       9.63665E-03       9.34599E-01       2.09286E-01       2.21888E-01
       2.29087E-01       2.39883E-01       2.34485E-01       1.07960E-02       9.93915E-03       9.20633E-01       2.15875E-01       2.31827E-01
       2.39883E-01       2.51189E-01       2.45536E-01       1.13060E-02       1.02506E-02       9.06655E-01       2.22616E-01       2.42078E-01
       2.51189E-01       2.63027E-01       2.57108E-01       1.18380E-02       1.05722E-02       8.93069E-01       2.29615E-01       2.52650E-01
       2.63027E-01       2.75423E-01       2.69225E-01       1.23960E-02       1.09046E-02       8.79687E-01       2.36834E-01       2.63555E-01
       2.75423E-01       2.88403E-01       2.81913E-01       1.29800E-02       1.12492E-02       8.66660E-01       2.44323E-01       2.74804E-01
       2.88403E-01       3.01995E-01       2.95199E-01       1.35920E-02       1.16076E-02       8.54002E-01       2.52101E-01       2.86412E-01
       3.01995E-01       3.16228E-01       3.09112E-01       1.42330E-02       1.19814E-02       8.41804E-01       2.60211E-01       2.98393E-01
       3.16228E-01       3.31131E-01       3.23680E-01       1.49030E-02       1.23723E-02       8.30187E-01       2.68715E-01       3.10765E-01
       3.31131E-01       3.46737E-01       3.38934E-01       1.56060E-02       1.27826E-02       8.19084E-01       2.77616E-01       3.23548E-01
       3.46737E-01       3.63078E-01       3.54908E-01       1.63410E-02       1.32144E-02       8.08666E-01       2.87002E-01       3.36762E-01
       3.63078E-01       3.80189E-01       3.71633E-01       1.71110E-02       1.36705E-02       7.98928E-01       2.96908E-01       3.50433E-01
       3.80189E-01       3.98107E-01       3.89148E-01       1.79180E-02       1.41536E-02       7.89909E-01       3.07392E-01       3.64586E-01
       3.98107E-01       4.16869E-01       4.07488E-01       1.87620E-02       1.46668E-02       7.81727E-01       3.18544E-01       3.79253E-01
       4.16869E-01       4.36516E-01       4.26692E-01       1.96470E-02       1.52132E-02       7.74327E-01       3.30399E-01       3.94466E-01
       4.36516E-01       4.57088E-01       4.46802E-01       2.05720E-02       1.57969E-02       7.67881E-01       3.43091E-01       4.10263E-01
       4.57088E-01       4.78630E-01       4.67859E-01       2.15420E-02       1.64214E-02       7.62298E-01       3.56648E-01       4.26685E-01
       4.78630E-01       5.01187E-01       4.89909E-01       2.25570E-02       1.70917E-02       7.57710E-01       3.71209E-01       4.43776E-01
       5.01187E-01       5.24808E-01       5.12998E-01       2.36210E-02       1.78127E-02       7.54105E-01       3.86854E-01       4.61589E-01
       5.24808E-01       5.49541E-01       5.37174E-01       2.47330E-02       1.85905E-02       7.51646E-01       4.03765E-01       4.80179E-01
       5.49541E-01       5.75440E-01       5.62490E-01       2.58990E-02       1.94325E-02       7.50318E-01       4.22047E-01       4.99612E-01
       5.75440E-01       6.02560E-01       5.89000E-01       2.71200E-02       2.03484E-02       7.50309E-01       4.41932E-01       5.19960E-01
       6.02560E-01       6.30957E-01       6.16758E-01       2.83970E-02       2.13501E-02       7.51844E-01       4.63706E-01       5.41310E-01
       6.30957E-01       6.60693E-01       6.45825E-01       2.97360E-02       2.24545E-02       7.55130E-01       4.87682E-01       5.63765E-01
       6.60693E-01       6.91831E-01       6.76262E-01       3.11380E-02       2.36841E-02       7.60617E-01       5.14376E-01       5.87449E-01
       6.91831E-01       7.24436E-01       7.08133E-01       3.26050E-02       2.50696E-02       7.68889E-01       5.44476E-01       6.12519E-01
       7.24436E-01       7.58578E-01       7.41507E-01       3.41420E-02       2.66540E-02       7.80681E-01       5.78881E-01       6.39173E-01
       7.58578E-01       7.94328E-01       7.76453E-01       3.57500E-02       2.84962E-02       7.97095E-01       6.18907E-01       6.67669E-01
       7.94328E-01       8.31764E-01       8.13046E-01       3.74360E-02       3.06765E-02       8.19439E-01       6.66241E-01       6.98345E-01
       8.31764E-01       8.70964E-01       8.51364E-01       3.92000E-02       3.33039E-02       8.49589E-01       7.23309E-01       7.31649E-01
       8.70964E-01       9.12011E-01       8.91487E-01       4.10470E-02       3.65242E-02       8.89813E-01       7.93257E-01       7.68173E-01
       9.12011E-01       9.54993E-01       9.33502E-01       4.29820E-02       4.05292E-02       9.42935E-01       8.80232E-01       8.08703E-01
       9.54993E-01       1.00000E+00       9.77497E-01       4.50070E-02       4.55672E-02       1.01245E+00       9.89662E-01       8.54270E-01
       1.00000E+00       1.04713E+00       1.02357E+00       4.71300E-02       5.19529E-02       1.10233E+00       1.12831E+00       9.06223E-01
       1.04713E+00       1.09648E+00       1.07181E+00       4.93500E-02       6.00705E-02       1.21723E+00       1.30464E+00       9.66293E-01
       1.09648E+00       1.14815E+00       1.12231E+00       5.16700E-02       3.37068E-02       6.52348E-01       7.32140E-01       1.00000E+00

 Sum =                                                                         1.00000E+00
 Renormalization bin#   932 =                                                  9.19208E-03 barn        1.12000E+07        1.14000E+07        1.13000E+07
 Avg. Energy     bin#   932 =                                                  5.76303E-01 MeV         1.12000E+07        1.14000E+07
