"        MT=606 recoil spectrum "
" Initial neutron energy corresponds to the group:"
   1.96000E+01    1.98000E+01       0.00000E+00           775           883           109



          Low               High              Mid              Energy           Number             dn/de            E*dn/de          Cumulative
         Energy            Energy            Energy             Width          Fraction                               Sum   
         [MeV]             [MeV]             [MeV]              [MeV]

       1.51356E-02       1.58489E-02       1.54923E-02       7.13301E-04       0.00000E+00       0.00000E+00       0.00000E+00       0.00000E+00
       1.58489E-02       1.65959E-02       1.62224E-02       7.47000E-04       6.06411E-06       8.11795E-03       1.31693E-04       6.06411E-06
       1.65959E-02       1.73780E-02       1.69870E-02       7.82100E-04       4.64604E-04       5.94047E-01       1.00910E-02       4.70668E-04
       1.73780E-02       1.81970E-02       1.77875E-02       8.19000E-04       5.32908E-04       6.50682E-01       1.15740E-02       1.00358E-03
       1.81970E-02       1.90546E-02       1.86258E-02       8.57600E-04       5.57967E-04       6.50615E-01       1.21182E-02       1.56154E-03
       1.90546E-02       1.99526E-02       1.95036E-02       8.98000E-04       5.84162E-04       6.50514E-01       1.26874E-02       2.14571E-03
       1.99526E-02       2.08930E-02       2.04228E-02       9.40400E-04       6.11596E-04       6.50357E-01       1.32821E-02       2.75730E-03
       2.08930E-02       2.18776E-02       2.13853E-02       9.84600E-04       6.40333E-04       6.50349E-01       1.39079E-02       3.39763E-03
       2.18776E-02       2.29087E-02       2.23931E-02       1.03110E-03       6.70411E-04       6.50190E-01       1.45598E-02       4.06805E-03
       2.29087E-02       2.39883E-02       2.34485E-02       1.07960E-03       7.01874E-04       6.50123E-01       1.52444E-02       4.76992E-03
       2.39883E-02       2.51189E-02       2.45536E-02       1.13060E-03       7.34849E-04       6.49964E-01       1.59590E-02       5.50477E-03
       2.51189E-02       2.63027E-02       2.57108E-02       1.18380E-03       7.69285E-04       6.49844E-01       1.67080E-02       6.27405E-03
       2.63027E-02       2.75423E-02       2.69225E-02       1.23960E-03       8.05358E-04       6.49691E-01       1.74913E-02       7.07941E-03
       2.75423E-02       2.88403E-02       2.81913E-02       1.29800E-03       8.43071E-04       6.49516E-01       1.83107E-02       7.92248E-03
       2.88403E-02       3.01995E-02       2.95199E-02       1.35920E-03       8.82576E-04       6.49335E-01       1.91683E-02       8.80506E-03
       3.01995E-02       3.16228E-02       3.09112E-02       1.42330E-03       9.23910E-04       6.49132E-01       2.00654E-02       9.72897E-03
       3.16228E-02       3.31131E-02       3.23680E-02       1.49030E-03       9.67126E-04       6.48947E-01       2.10051E-02       1.06961E-02
       3.31131E-02       3.46737E-02       3.38934E-02       1.56060E-03       1.01234E-03       6.48689E-01       2.19863E-02       1.17084E-02
       3.46737E-02       3.63078E-02       3.54908E-02       1.63410E-03       1.05962E-03       6.48440E-01       2.30136E-02       1.27681E-02
       3.63078E-02       3.80189E-02       3.71633E-02       1.71110E-03       1.10907E-03       6.48163E-01       2.40879E-02       1.38771E-02
       3.80189E-02       3.98107E-02       3.89148E-02       1.79180E-03       1.16080E-03       6.47840E-01       2.52106E-02       1.50379E-02
       3.98107E-02       4.16869E-02       4.07488E-02       1.87620E-03       1.21490E-03       6.47531E-01       2.63861E-02       1.62528E-02
       4.16869E-02       4.36516E-02       4.26693E-02       1.96470E-03       1.27144E-03       6.47139E-01       2.76129E-02       1.75243E-02
       4.36516E-02       4.57088E-02       4.46802E-02       2.05720E-03       1.33055E-03       6.46776E-01       2.88981E-02       1.88548E-02
       4.57088E-02       4.78630E-02       4.67859E-02       2.15420E-03       1.39230E-03       6.46321E-01       3.02387E-02       2.02471E-02
       4.78630E-02       5.01187E-02       4.89908E-02       2.25570E-03       1.45690E-03       6.45874E-01       3.16419E-02       2.17040E-02
       5.01187E-02       5.24808E-02       5.12998E-02       2.36210E-03       1.52437E-03       6.45345E-01       3.31060E-02       2.32284E-02
       5.24808E-02       5.49541E-02       5.37174E-02       2.47330E-03       1.59484E-03       6.44823E-01       3.46383E-02       2.48232E-02
       5.49541E-02       5.75440E-02       5.62491E-02       2.58990E-03       1.66842E-03       6.44201E-01       3.62357E-02       2.64916E-02
       5.75440E-02       6.02560E-02       5.89000E-02       2.71200E-03       1.74530E-03       6.43549E-01       3.79050E-02       2.82369E-02
       6.02560E-02       6.30957E-02       6.16758E-02       2.83970E-03       1.82554E-03       6.42864E-01       3.96492E-02       3.00625E-02
       6.30957E-02       6.60693E-02       6.45825E-02       2.97360E-03       1.90927E-03       6.42075E-01       4.14668E-02       3.19717E-02
       6.60693E-02       6.91831E-02       6.76262E-02       3.11380E-03       1.99666E-03       6.41229E-01       4.33639E-02       3.39684E-02
       6.91831E-02       7.24436E-02       7.08134E-02       3.26050E-03       2.08779E-03       6.40328E-01       4.53438E-02       3.60562E-02
       7.24436E-02       7.58578E-02       7.41507E-02       3.41420E-03       2.18282E-03       6.39337E-01       4.74073E-02       3.82390E-02
       7.58578E-02       7.94328E-02       7.76453E-02       3.57500E-03       2.28188E-03       6.38288E-01       4.95600E-02       4.05209E-02
       7.94328E-02       8.31764E-02       8.13046E-02       3.74360E-03       2.38507E-03       6.37106E-01       5.17996E-02       4.29060E-02
       8.31764E-02       8.70964E-02       8.51364E-02       3.92000E-03       2.49255E-03       6.35855E-01       5.41344E-02       4.53985E-02
       8.70964E-02       9.12011E-02       8.91488E-02       4.10470E-03       2.60444E-03       6.34501E-01       5.65649E-02       4.80030E-02
       9.12011E-02       9.54993E-02       9.33502E-02       4.29820E-03       2.72088E-03       6.33028E-01       5.90932E-02       5.07238E-02
       9.54993E-02       1.00000E-01       9.77497E-02       4.50070E-03       2.84200E-03       6.31457E-01       6.17247E-02       5.35658E-02
       1.00000E-01       1.04713E-01       1.02357E-01       4.71300E-03       2.96785E-03       6.29716E-01       6.44556E-02       5.65337E-02
       1.04713E-01       1.09648E-01       1.07180E-01       4.93500E-03       3.09852E-03       6.27866E-01       6.72949E-02       5.96322E-02
       1.09648E-01       1.14815E-01       1.12231E-01       5.16700E-03       3.23432E-03       6.25957E-01       7.02521E-02       6.28665E-02
       1.14815E-01       1.20226E-01       1.17520E-01       5.41100E-03       3.37497E-03       6.23723E-01       7.33003E-02       6.62415E-02
       1.20226E-01       1.25892E-01       1.23059E-01       5.66600E-03       3.52100E-03       6.21426E-01       7.64720E-02       6.97625E-02
       1.25892E-01       1.31826E-01       1.28859E-01       5.93400E-03       3.67214E-03       6.18831E-01       7.97420E-02       7.34346E-02
       1.31826E-01       1.38038E-01       1.34932E-01       6.21200E-03       3.82849E-03       6.16305E-01       8.31593E-02       7.72631E-02
       1.38038E-01       1.44544E-01       1.41291E-01       6.50600E-03       3.99025E-03       6.13318E-01       8.66563E-02       8.12534E-02
       1.44544E-01       1.51356E-01       1.47950E-01       6.81200E-03       4.15720E-03       6.10276E-01       9.02904E-02       8.54106E-02
       1.51356E-01       1.58489E-01       1.54923E-01       7.13300E-03       4.32957E-03       6.06977E-01       9.40344E-02       8.97401E-02
       1.58489E-01       1.65959E-01       1.62224E-01       7.47000E-03       4.50713E-03       6.03365E-01       9.78802E-02       9.42473E-02
       1.65959E-01       1.73780E-01       1.69869E-01       7.82100E-03       4.68996E-03       5.99662E-01       1.01864E-01       9.89372E-02
       1.73780E-01       1.81970E-01       1.77875E-01       8.19000E-03       4.87792E-03       5.95595E-01       1.05941E-01       1.03815E-01
       1.81970E-01       1.90546E-01       1.86258E-01       8.57600E-03       5.07090E-03       5.91289E-01       1.10132E-01       1.08886E-01
       1.90546E-01       1.99526E-01       1.95036E-01       8.98000E-03       5.26875E-03       5.86721E-01       1.14432E-01       1.14155E-01
       1.99526E-01       2.08930E-01       2.04228E-01       9.40400E-03       5.47133E-03       5.81809E-01       1.18822E-01       1.19626E-01
       2.08930E-01       2.18776E-01       2.13853E-01       9.84600E-03       5.67845E-03       5.76727E-01       1.23335E-01       1.25305E-01
       2.18776E-01       2.29087E-01       2.23931E-01       1.03110E-02       5.88976E-03       5.71211E-01       1.27912E-01       1.31194E-01
       2.29087E-01       2.39883E-01       2.34485E-01       1.07960E-02       6.10506E-03       5.65493E-01       1.32600E-01       1.37299E-01
       2.39883E-01       2.51189E-01       2.45536E-01       1.13060E-02       6.32409E-03       5.59357E-01       1.37342E-01       1.43624E-01
       2.51189E-01       2.63027E-01       2.57108E-01       1.18380E-02       6.54650E-03       5.53007E-01       1.42183E-01       1.50170E-01
       2.63027E-01       2.75423E-01       2.69225E-01       1.23960E-02       6.77191E-03       5.46298E-01       1.47077E-01       1.56942E-01
       2.75423E-01       2.88403E-01       2.81913E-01       1.29800E-02       7.00000E-03       5.39291E-01       1.52033E-01       1.63942E-01
       2.88403E-01       3.01995E-01       2.95199E-01       1.35920E-02       7.23042E-03       5.31961E-01       1.57034E-01       1.71172E-01
       3.01995E-01       3.16228E-01       3.09112E-01       1.42330E-02       7.46280E-03       5.24331E-01       1.62077E-01       1.78635E-01
       3.16228E-01       3.31131E-01       3.23680E-01       1.49030E-02       7.69682E-03       5.16461E-01       1.67168E-01       1.86332E-01
       3.31131E-01       3.46737E-01       3.38934E-01       1.56060E-02       7.93229E-03       5.08285E-01       1.72275E-01       1.94264E-01
       3.46737E-01       3.63078E-01       3.54908E-01       1.63410E-02       8.16881E-03       4.99897E-01       1.77417E-01       2.02433E-01
       3.63078E-01       3.80189E-01       3.71633E-01       1.71110E-02       8.40637E-03       4.91285E-01       1.82578E-01       2.10839E-01
       3.80189E-01       3.98107E-01       3.89148E-01       1.79180E-02       8.64502E-03       4.82477E-01       1.87755E-01       2.19484E-01
       3.98107E-01       4.16869E-01       4.07488E-01       1.87620E-02       8.88484E-03       4.73555E-01       1.92968E-01       2.28369E-01
       4.16869E-01       4.36516E-01       4.26692E-01       1.96470E-02       9.12612E-03       4.64504E-01       1.98201E-01       2.37495E-01
       4.36516E-01       4.57088E-01       4.46802E-01       2.05720E-02       9.36953E-03       4.55450E-01       2.03496E-01       2.46865E-01
       4.57088E-01       4.78630E-01       4.67859E-01       2.15420E-02       9.61577E-03       4.46373E-01       2.08840E-01       2.56481E-01
       4.78630E-01       5.01187E-01       4.89909E-01       2.25570E-02       9.86594E-03       4.37378E-01       2.14275E-01       2.66347E-01
       5.01187E-01       5.24808E-01       5.12998E-01       2.36210E-02       1.01216E-02       4.28499E-01       2.19819E-01       2.76468E-01
       5.24808E-01       5.49541E-01       5.37174E-01       2.47330E-02       1.03844E-02       4.19860E-01       2.25538E-01       2.86853E-01
       5.49541E-01       5.75440E-01       5.62490E-01       2.58990E-02       1.06567E-02       4.11470E-01       2.31448E-01       2.97509E-01
       5.75440E-01       6.02560E-01       5.89000E-01       2.71200E-02       1.09410E-02       4.03429E-01       2.37619E-01       3.08450E-01
       6.02560E-01       6.30957E-01       6.16758E-01       2.83970E-02       1.12401E-02       3.95821E-01       2.44126E-01       3.19690E-01
       6.30957E-01       6.60693E-01       6.45825E-01       2.97360E-02       1.15578E-02       3.88679E-01       2.51019E-01       3.31248E-01
       6.60693E-01       6.91831E-01       6.76262E-01       3.11380E-02       1.18974E-02       3.82085E-01       2.58390E-01       3.43146E-01
       6.91831E-01       7.24436E-01       7.08133E-01       3.26050E-02       1.22628E-02       3.76101E-01       2.66330E-01       3.55408E-01
       7.24436E-01       7.58578E-01       7.41507E-01       3.41420E-02       1.26581E-02       3.70749E-01       2.74913E-01       3.68066E-01
       7.58578E-01       7.94328E-01       7.76453E-01       3.57500E-02       1.30874E-02       3.66082E-01       2.84246E-01       3.81154E-01
       7.94328E-01       8.31764E-01       8.13046E-01       3.74360E-02       1.35546E-02       3.62074E-01       2.94383E-01       3.94709E-01
       8.31764E-01       8.70964E-01       8.51364E-01       3.92000E-02       1.40630E-02       3.58749E-01       3.05426E-01       4.08771E-01
       8.70964E-01       9.12011E-01       8.91487E-01       4.10470E-02       1.46156E-02       3.56071E-01       3.17433E-01       4.23387E-01
       9.12011E-01       9.54993E-01       9.33502E-01       4.29820E-02       1.52151E-02       3.53987E-01       3.30447E-01       4.38602E-01
       9.54993E-01       1.00000E+00       9.77497E-01       4.50070E-02       1.58629E-02       3.52454E-01       3.44523E-01       4.54465E-01
       1.00000E+00       1.04713E+00       1.02357E+00       4.71300E-02       1.65608E-02       3.51386E-01       3.59666E-01       4.71026E-01
       1.04713E+00       1.09648E+00       1.07181E+00       4.93500E-02       1.73095E-02       3.50750E-01       3.75935E-01       4.88335E-01
       1.09648E+00       1.14815E+00       1.12231E+00       5.16700E-02       1.81129E-02       3.50549E-01       3.93426E-01       5.06448E-01
       1.14815E+00       1.20226E+00       1.17520E+00       5.41100E-02       1.89744E-02       3.50663E-01       4.12101E-01       5.25423E-01
       1.20226E+00       1.25892E+00       1.23059E+00       5.66600E-02       1.99057E-02       3.51318E-01       4.32329E-01       5.45328E-01
       1.25892E+00       1.31826E+00       1.28859E+00       5.93400E-02       2.09245E-02       3.52620E-01       4.54382E-01       5.66253E-01
       1.31826E+00       1.38038E+00       1.34932E+00       6.21200E-02       2.20614E-02       3.55141E-01       4.79199E-01       5.88314E-01
       1.38038E+00       1.44544E+00       1.41291E+00       6.50600E-02       2.33675E-02       3.59169E-01       5.07473E-01       6.11682E-01
       1.44544E+00       1.51356E+00       1.47950E+00       6.81200E-02       2.49158E-02       3.65763E-01       5.41147E-01       6.36597E-01
       1.51356E+00       1.58489E+00       1.54923E+00       7.13300E-02       2.68129E-02       3.75899E-01       5.82352E-01       6.63410E-01
       1.58489E+00       1.65959E+00       1.62224E+00       7.47000E-02       2.91983E-02       3.90874E-01       6.34092E-01       6.92609E-01
       1.65959E+00       1.73780E+00       1.69869E+00       7.82100E-02       3.22455E-02       4.12293E-01       7.00361E-01       7.24854E-01
       1.73780E+00       1.81970E+00       1.77875E+00       8.19000E-02       3.61462E-02       4.41346E-01       7.85044E-01       7.61000E-01
       1.81970E+00       1.90546E+00       1.86258E+00       8.57600E-02       4.10728E-02       4.78927E-01       8.92041E-01       8.02073E-01
       1.90546E+00       1.99526E+00       1.95036E+00       8.98000E-02       4.70962E-02       5.24457E-01       1.02288E+00       8.49169E-01
       1.99526E+00       2.08930E+00       2.04228E+00       9.40400E-02       5.40361E-02       5.74607E-01       1.17351E+00       9.03205E-01
       2.08930E+00       2.18776E+00       2.13853E+00       9.84600E-02       6.11838E-02       6.21408E-01       1.32890E+00       9.64389E-01
       2.18776E+00       2.29087E+00       2.23932E+00       1.03110E-01       3.56107E-02       3.45366E-01       7.73384E-01       1.00000E+00

 Sum =                                                                         1.00000E+00
 Renormalization bin#   974 =                                                  2.39516E-04 barn        1.96000E+07        1.98000E+07        1.97000E+07
 Avg. Energy     bin#   974 =                                                  1.13043E+00 MeV         1.96000E+07        1.98000E+07
