"        MT=601 recoil spectrum "
" Initial neutron energy corresponds to the group:"
   1.50000E+01    1.52000E+01       0.00000E+00           766           878           113



          Low               High              Mid              Energy           Number             dn/de            E*dn/de          Cumulative
         Energy            Energy            Energy             Width          Fraction                               Sum   
         [MeV]             [MeV]             [MeV]              [MeV]

       1.00000E-02       1.04713E-02       1.02357E-02       4.71300E-04       0.00000E+00       0.00000E+00       0.00000E+00       0.00000E+00
       1.04713E-02       1.09648E-02       1.07180E-02       4.93500E-04       1.09104E-04       2.21082E-01       2.36957E-03       1.09104E-04
       1.09648E-02       1.14815E-02       1.12232E-02       5.16700E-04       3.95833E-04       7.66078E-01       8.59781E-03       5.04936E-04
       1.14815E-02       1.20226E-02       1.17521E-02       5.41100E-04       4.14470E-04       7.65978E-01       9.00181E-03       9.19407E-04
       1.20226E-02       1.25892E-02       1.23059E-02       5.66601E-04       4.34057E-04       7.66071E-01       9.42720E-03       1.35346E-03
       1.25892E-02       1.31826E-02       1.28859E-02       5.93399E-04       4.54463E-04       7.65863E-01       9.86883E-03       1.80793E-03
       1.31826E-02       1.38038E-02       1.34932E-02       6.21200E-04       4.75899E-04       7.66096E-01       1.03371E-02       2.28382E-03
       1.38038E-02       1.44544E-02       1.41291E-02       6.50601E-04       4.98388E-04       7.66043E-01       1.08235E-02       2.78221E-03
       1.44544E-02       1.51356E-02       1.47950E-02       6.81199E-04       5.21843E-04       7.66065E-01       1.13339E-02       3.30406E-03
       1.51356E-02       1.58489E-02       1.54923E-02       7.13301E-04       5.46430E-04       7.66058E-01       1.18680E-02       3.85049E-03
       1.58489E-02       1.65959E-02       1.62224E-02       7.47000E-04       5.72186E-04       7.65979E-01       1.24260E-02       4.42267E-03
       1.65959E-02       1.73780E-02       1.69870E-02       7.82100E-04       5.99141E-04       7.66067E-01       1.30131E-02       5.02181E-03
       1.73780E-02       1.81970E-02       1.77875E-02       8.19000E-04       6.27398E-04       7.66054E-01       1.36262E-02       5.64921E-03
       1.81970E-02       1.90546E-02       1.86258E-02       8.57600E-04       6.56953E-04       7.66038E-01       1.42681E-02       6.30616E-03
       1.90546E-02       1.99526E-02       1.95036E-02       8.98000E-04       6.87878E-04       7.66012E-01       1.49400E-02       6.99404E-03
       1.99526E-02       2.08930E-02       2.04228E-02       9.40400E-04       7.20265E-04       7.65913E-01       1.56421E-02       7.71431E-03
       2.08930E-02       2.18776E-02       2.13853E-02       9.84600E-04       7.54189E-04       7.65985E-01       1.63808E-02       8.46850E-03
       2.18776E-02       2.29087E-02       2.23931E-02       1.03110E-03       7.89664E-04       7.65846E-01       1.71497E-02       9.25816E-03
       2.29087E-02       2.39883E-02       2.34485E-02       1.07960E-03       8.26788E-04       7.65827E-01       1.79575E-02       1.00849E-02
       2.39883E-02       2.51189E-02       2.45536E-02       1.13060E-03       8.65664E-04       7.65668E-01       1.87999E-02       1.09506E-02
       2.51189E-02       2.63027E-02       2.57108E-02       1.18380E-03       9.06387E-04       7.65659E-01       1.96857E-02       1.18570E-02
       2.63027E-02       2.75423E-02       2.69225E-02       1.23960E-03       9.49032E-04       7.65594E-01       2.06117E-02       1.28060E-02
       2.75423E-02       2.88403E-02       2.81913E-02       1.29800E-03       9.93574E-04       7.65465E-01       2.15795E-02       1.37996E-02
       2.88403E-02       3.01995E-02       2.95199E-02       1.35920E-03       1.04027E-03       7.65354E-01       2.25932E-02       1.48399E-02
       3.01995E-02       3.16228E-02       3.09112E-02       1.42330E-03       1.08906E-03       7.65166E-01       2.36521E-02       1.59289E-02
       3.16228E-02       3.31131E-02       3.23680E-02       1.49030E-03       1.14015E-03       7.65050E-01       2.47631E-02       1.70691E-02
       3.31131E-02       3.46737E-02       3.38934E-02       1.56060E-03       1.19360E-03       7.64832E-01       2.59228E-02       1.82627E-02
       3.46737E-02       3.63078E-02       3.54908E-02       1.63410E-03       1.24951E-03       7.64645E-01       2.71378E-02       1.95122E-02
       3.63078E-02       3.80189E-02       3.71633E-02       1.71110E-03       1.30799E-03       7.64414E-01       2.84082E-02       2.08202E-02
       3.80189E-02       3.98107E-02       3.89148E-02       1.79180E-03       1.36915E-03       7.64119E-01       2.97355E-02       2.21893E-02
       3.98107E-02       4.16869E-02       4.07488E-02       1.87620E-03       1.43313E-03       7.63848E-01       3.11259E-02       2.36225E-02
       4.16869E-02       4.36516E-02       4.26693E-02       1.96470E-03       1.50001E-03       7.63480E-01       3.25771E-02       2.51225E-02
       4.36516E-02       4.57088E-02       4.46802E-02       2.05720E-03       1.56994E-03       7.63145E-01       3.40975E-02       2.66924E-02
       4.57088E-02       4.78630E-02       4.67859E-02       2.15420E-03       1.64304E-03       7.62715E-01       3.56843E-02       2.83355E-02
       4.78630E-02       5.01187E-02       4.89908E-02       2.25570E-03       1.71942E-03       7.62256E-01       3.73436E-02       3.00549E-02
       5.01187E-02       5.24808E-02       5.12998E-02       2.36210E-03       1.79921E-03       7.61697E-01       3.90749E-02       3.18541E-02
       5.24808E-02       5.49541E-02       5.37174E-02       2.47330E-03       1.88261E-03       7.61171E-01       4.08882E-02       3.37367E-02
       5.49541E-02       5.75440E-02       5.62491E-02       2.58990E-03       1.96967E-03       7.60522E-01       4.27786E-02       3.57064E-02
       5.75440E-02       6.02560E-02       5.89000E-02       2.71200E-03       2.06056E-03       7.59793E-01       4.47518E-02       3.77669E-02
       6.02560E-02       6.30957E-02       6.16758E-02       2.83970E-03       2.15550E-03       7.59058E-01       4.68155E-02       3.99224E-02
       6.30957E-02       6.60693E-02       6.45825E-02       2.97360E-03       2.25456E-03       7.58193E-01       4.89660E-02       4.21770E-02
       6.60693E-02       6.91831E-02       6.76262E-02       3.11380E-03       2.35787E-03       7.57231E-01       5.12086E-02       4.45348E-02
       6.91831E-02       7.24436E-02       7.08134E-02       3.26050E-03       2.46567E-03       7.56225E-01       5.35508E-02       4.70005E-02
       7.24436E-02       7.58578E-02       7.41507E-02       3.41420E-03       2.57800E-03       7.55082E-01       5.59898E-02       4.95785E-02
       7.58578E-02       7.94328E-02       7.76453E-02       3.57500E-03       2.69507E-03       7.53867E-01       5.85342E-02       5.22736E-02
       7.94328E-02       8.31764E-02       8.13046E-02       3.74360E-03       2.81700E-03       7.52485E-01       6.11805E-02       5.50906E-02
       8.31764E-02       8.70964E-02       8.51364E-02       3.92000E-03       2.94401E-03       7.51024E-01       6.39395E-02       5.80346E-02
       8.70964E-02       9.12011E-02       8.91488E-02       4.10470E-03       3.07612E-03       7.49415E-01       6.68094E-02       6.11107E-02
       9.12011E-02       9.54993E-02       9.33502E-02       4.29820E-03       3.21354E-03       7.47648E-01       6.97931E-02       6.43243E-02
       9.54993E-02       1.00000E-01       9.77497E-02       4.50070E-03       3.35635E-03       7.45738E-01       7.28956E-02       6.76806E-02
       1.00000E-01       1.04713E-01       1.02357E-01       4.71300E-03       3.50478E-03       7.43641E-01       7.61165E-02       7.11854E-02
       1.04713E-01       1.09648E-01       1.07180E-01       4.93500E-03       3.65873E-03       7.41385E-01       7.94620E-02       7.48441E-02
       1.09648E-01       1.14815E-01       1.12231E-01       5.16700E-03       3.81868E-03       7.39053E-01       8.29450E-02       7.86628E-02
       1.14815E-01       1.20226E-01       1.17520E-01       5.41100E-03       3.98426E-03       7.36325E-01       8.65333E-02       8.26471E-02
       1.20226E-01       1.25892E-01       1.23059E-01       5.66600E-03       4.15592E-03       7.33484E-01       9.02619E-02       8.68030E-02
       1.25892E-01       1.31826E-01       1.28859E-01       5.93400E-03       4.33356E-03       7.30293E-01       9.41048E-02       9.11365E-02
       1.31826E-01       1.38038E-01       1.34932E-01       6.21200E-03       4.51711E-03       7.27159E-01       9.81170E-02       9.56536E-02
       1.38038E-01       1.44544E-01       1.41291E-01       6.50600E-03       4.70693E-03       7.23475E-01       1.02221E-01       1.00361E-01
       1.44544E-01       1.51356E-01       1.47950E-01       6.81200E-03       4.90262E-03       7.19703E-01       1.06480E-01       1.05263E-01
       1.51356E-01       1.58489E-01       1.54923E-01       7.13300E-03       5.10445E-03       7.15611E-01       1.10864E-01       1.10368E-01
       1.58489E-01       1.65959E-01       1.62224E-01       7.47000E-03       5.31233E-03       7.11155E-01       1.15366E-01       1.15680E-01
       1.65959E-01       1.73780E-01       1.69869E-01       7.82100E-03       5.52607E-03       7.06568E-01       1.20024E-01       1.21206E-01
       1.73780E-01       1.81970E-01       1.77875E-01       8.19000E-03       5.74566E-03       7.01546E-01       1.24787E-01       1.26952E-01
       1.81970E-01       1.90546E-01       1.86258E-01       8.57600E-03       5.97097E-03       6.96242E-01       1.29681E-01       1.32923E-01
       1.90546E-01       1.99526E-01       1.95036E-01       8.98000E-03       6.20183E-03       6.90627E-01       1.34697E-01       1.39124E-01
       1.99526E-01       2.08930E-01       2.04228E-01       9.40400E-03       6.43817E-03       6.84620E-01       1.39819E-01       1.45563E-01
       2.08930E-01       2.18776E-01       2.13853E-01       9.84600E-03       6.67973E-03       6.78420E-01       1.45082E-01       1.52242E-01
       2.18776E-01       2.29087E-01       2.23931E-01       1.03110E-02       6.92619E-03       6.71728E-01       1.50421E-01       1.59169E-01
       2.29087E-01       2.39883E-01       2.34485E-01       1.07960E-02       7.17753E-03       6.64833E-01       1.55893E-01       1.66346E-01
       2.39883E-01       2.51189E-01       2.45536E-01       1.13060E-02       7.43341E-03       6.57475E-01       1.61434E-01       1.73780E-01
       2.51189E-01       2.63027E-01       2.57108E-01       1.18380E-02       7.69372E-03       6.49917E-01       1.67099E-01       1.81473E-01
       2.63027E-01       2.75423E-01       2.69225E-01       1.23960E-02       7.95811E-03       6.41990E-01       1.72840E-01       1.89431E-01
       2.75423E-01       2.88403E-01       2.81913E-01       1.29800E-02       8.22654E-03       6.33786E-01       1.78673E-01       1.97658E-01
       2.88403E-01       3.01995E-01       2.95199E-01       1.35920E-02       8.49887E-03       6.25284E-01       1.84583E-01       2.06157E-01
       3.01995E-01       3.16228E-01       3.09112E-01       1.42330E-02       8.77510E-03       6.16532E-01       1.90577E-01       2.14932E-01
       3.16228E-01       3.31131E-01       3.23680E-01       1.49030E-02       9.05515E-03       6.07606E-01       1.96669E-01       2.23987E-01
       3.31131E-01       3.46737E-01       3.38934E-01       1.56060E-02       9.33938E-03       5.98448E-01       2.02834E-01       2.33326E-01
       3.46737E-01       3.63078E-01       3.54908E-01       1.63410E-02       9.62790E-03       5.89187E-01       2.09107E-01       2.42954E-01
       3.63078E-01       3.80189E-01       3.71633E-01       1.71110E-02       9.92130E-03       5.79820E-01       2.15481E-01       2.52876E-01
       3.80189E-01       3.98107E-01       3.89148E-01       1.79180E-02       1.02204E-02       5.70397E-01       2.21969E-01       2.63096E-01
       3.98107E-01       4.16869E-01       4.07488E-01       1.87620E-02       1.05259E-02       5.61021E-01       2.28609E-01       2.73622E-01
       4.16869E-01       4.36516E-01       4.26692E-01       1.96470E-02       1.08391E-02       5.51692E-01       2.35403E-01       2.84461E-01
       4.36516E-01       4.57088E-01       4.46802E-01       2.05720E-02       1.11616E-02       5.42562E-01       2.42418E-01       2.95623E-01
       4.57088E-01       4.78630E-01       4.67859E-01       2.15420E-02       1.14951E-02       5.33612E-01       2.49655E-01       3.07118E-01
       4.78630E-01       5.01187E-01       4.89909E-01       2.25570E-02       1.18417E-02       5.24967E-01       2.57186E-01       3.18959E-01
       5.01187E-01       5.24808E-01       5.12998E-01       2.36210E-02       1.22041E-02       5.16665E-01       2.65048E-01       3.31163E-01
       5.24808E-01       5.49541E-01       5.37174E-01       2.47330E-02       1.25849E-02       5.08830E-01       2.73330E-01       3.43748E-01
       5.49541E-01       5.75440E-01       5.62490E-01       2.58990E-02       1.29873E-02       5.01461E-01       2.82067E-01       3.56736E-01
       5.75440E-01       6.02560E-01       5.89000E-01       2.71200E-02       1.34150E-02       4.94653E-01       2.91350E-01       3.70151E-01
       6.02560E-01       6.30957E-01       6.16758E-01       2.83970E-02       1.38713E-02       4.88476E-01       3.01272E-01       3.84022E-01
       6.30957E-01       6.60693E-01       6.45825E-01       2.97360E-02       1.43603E-02       4.82927E-01       3.11886E-01       3.98382E-01
       6.60693E-01       6.91831E-01       6.76262E-01       3.11380E-02       1.48861E-02       4.78070E-01       3.23300E-01       4.13268E-01
       6.91831E-01       7.24436E-01       7.08133E-01       3.26050E-02       1.54530E-02       4.73945E-01       3.35617E-01       4.28721E-01
       7.24436E-01       7.58578E-01       7.41507E-01       3.41420E-02       1.60654E-02       4.70548E-01       3.48915E-01       4.44787E-01
       7.58578E-01       7.94328E-01       7.76453E-01       3.57500E-02       1.67285E-02       4.67929E-01       3.63325E-01       4.61515E-01
       7.94328E-01       8.31764E-01       8.13046E-01       3.74360E-02       1.74476E-02       4.66064E-01       3.78931E-01       4.78963E-01
       8.31764E-01       8.70964E-01       8.51364E-01       3.92000E-02       1.82296E-02       4.65040E-01       3.95918E-01       4.97192E-01
       8.70964E-01       9.12011E-01       8.91487E-01       4.10470E-02       1.90835E-02       4.64917E-01       4.14468E-01       5.16276E-01
       9.12011E-01       9.54993E-01       9.33502E-01       4.29820E-02       2.00216E-02       4.65813E-01       4.34838E-01       5.36297E-01
       9.54993E-01       1.00000E+00       9.77497E-01       4.50070E-02       2.10612E-02       4.67955E-01       4.57424E-01       5.57359E-01
       1.00000E+00       1.04713E+00       1.02357E+00       4.71300E-02       2.22276E-02       4.71624E-01       4.82738E-01       5.79586E-01
       1.04713E+00       1.09648E+00       1.07181E+00       4.93500E-02       2.35551E-02       4.77306E-01       5.11579E-01       6.03141E-01
       1.09648E+00       1.14815E+00       1.12231E+00       5.16700E-02       2.50946E-02       4.85671E-01       5.45076E-01       6.28236E-01
       1.14815E+00       1.20226E+00       1.17520E+00       5.41100E-02       2.69101E-02       4.97322E-01       5.84456E-01       6.55146E-01
       1.20226E+00       1.25892E+00       1.23059E+00       5.66600E-02       2.90889E-02       5.13394E-01       6.31778E-01       6.84235E-01
       1.25892E+00       1.31826E+00       1.28859E+00       5.93400E-02       3.17334E-02       5.34772E-01       6.89102E-01       7.15968E-01
       1.31826E+00       1.38038E+00       1.34932E+00       6.21200E-02       3.49564E-02       5.62724E-01       7.59294E-01       7.50925E-01
       1.38038E+00       1.44544E+00       1.41291E+00       6.50600E-02       3.88642E-02       5.97360E-01       8.44016E-01       7.89789E-01
       1.44544E+00       1.51356E+00       1.47950E+00       6.81200E-02       4.35057E-02       6.38663E-01       9.44902E-01       8.33295E-01
       1.51356E+00       1.58489E+00       1.54923E+00       7.13300E-02       4.88006E-02       6.84152E-01       1.05991E+00       8.82095E-01
       1.58489E+00       1.65959E+00       1.62224E+00       7.47000E-02       5.43857E-02       7.28055E-01       1.18108E+00       9.36481E-01
       1.65959E+00       1.73780E+00       1.69869E+00       7.82100E-02       5.82824E-02       7.45203E-01       1.26587E+00       9.94763E-01
       1.73780E+00       1.81970E+00       1.77875E+00       8.19000E-02       5.23683E-03       6.39418E-02       1.13736E-01       1.00000E+00

 Sum =                                                                         1.00000E+00
 Renormalization bin#   951 =                                                  4.03752E-03 barn        1.50000E+07        1.52000E+07        1.51000E+07
 Avg. Energy     bin#   951 =                                                  8.77144E-01 MeV         1.50000E+07        1.52000E+07
