"        MT=609 recoil spectrum "
" Initial neutron energy corresponds to the group:"
   1.50000E+01    1.52000E+01       0.00000E+00           788           875            88



          Low               High              Mid              Energy           Number             dn/de            E*dn/de          Cumulative
         Energy            Energy            Energy             Width          Fraction                               Sum   
         [MeV]             [MeV]             [MeV]              [MeV]

       2.75423E-02       2.88403E-02       2.81913E-02       1.29800E-03       0.00000E+00       0.00000E+00       0.00000E+00       0.00000E+00
       2.88403E-02       3.01995E-02       2.95199E-02       1.35920E-03       4.20542E-04       3.09404E-01       9.13358E-03       4.20542E-04
       3.01995E-02       3.16228E-02       3.09112E-02       1.42330E-03       7.86733E-04       5.52752E-01       1.70862E-02       1.20727E-03
       3.16228E-02       3.31131E-02       3.23680E-02       1.49030E-03       8.24431E-04       5.53198E-01       1.79059E-02       2.03171E-03
       3.31131E-02       3.46737E-02       3.38934E-02       1.56060E-03       8.64039E-04       5.53659E-01       1.87654E-02       2.89575E-03
       3.46737E-02       3.63078E-02       3.54908E-02       1.63410E-03       9.05538E-04       5.54150E-01       1.96672E-02       3.80128E-03
       3.63078E-02       3.80189E-02       3.71633E-02       1.71110E-03       9.49065E-04       5.54653E-01       2.06128E-02       4.75035E-03
       3.80189E-02       3.98107E-02       3.89148E-02       1.79180E-03       9.94760E-04       5.55173E-01       2.16045E-02       5.74511E-03
       3.98107E-02       4.16869E-02       4.07488E-02       1.87620E-03       1.04273E-03       5.55765E-01       2.26468E-02       6.78783E-03
       4.16869E-02       4.36516E-02       4.26693E-02       1.96470E-03       1.09299E-03       5.56313E-01       2.37374E-02       7.88082E-03
       4.36516E-02       4.57088E-02       4.46802E-02       2.05720E-03       1.14577E-03       5.56957E-01       2.48850E-02       9.02660E-03
       4.57088E-02       4.78630E-02       4.67859E-02       2.15420E-03       1.20121E-03       5.57612E-01       2.60884E-02       1.02278E-02
       4.78630E-02       5.01187E-02       4.89908E-02       2.25570E-03       1.25939E-03       5.58314E-01       2.73523E-02       1.14872E-02
       5.01187E-02       5.24808E-02       5.12998E-02       2.36210E-03       1.32044E-03       5.59011E-01       2.86771E-02       1.28076E-02
       5.24808E-02       5.49541E-02       5.37174E-02       2.47330E-03       1.38456E-03       5.59802E-01       3.00712E-02       1.41922E-02
       5.49541E-02       5.75440E-02       5.62491E-02       2.58990E-03       1.45188E-03       5.60593E-01       3.15329E-02       1.56441E-02
       5.75440E-02       6.02560E-02       5.89000E-02       2.71200E-03       1.52260E-03       5.61431E-01       3.30683E-02       1.71667E-02
       6.02560E-02       6.30957E-02       6.16758E-02       2.83970E-03       1.59686E-03       5.62333E-01       3.46823E-02       1.87635E-02
       6.30957E-02       6.60693E-02       6.45825E-02       2.97360E-03       1.67491E-03       5.63261E-01       3.63768E-02       2.04384E-02
       6.60693E-02       6.91831E-02       6.76262E-02       3.11380E-03       1.75692E-03       5.64235E-01       3.81571E-02       2.21954E-02
       6.91831E-02       7.24436E-02       7.08134E-02       3.26050E-03       1.84303E-03       5.65259E-01       4.00279E-02       2.40384E-02
       7.24436E-02       7.58578E-02       7.41507E-02       3.41420E-03       1.93362E-03       5.66348E-01       4.19951E-02       2.59720E-02
       7.58578E-02       7.94328E-02       7.76453E-02       3.57500E-03       2.02883E-03       5.67506E-01       4.40641E-02       2.80008E-02
       7.94328E-02       8.31764E-02       8.13046E-02       3.74360E-03       2.12891E-03       5.68680E-01       4.62363E-02       3.01298E-02
       8.31764E-02       8.70964E-02       8.51364E-02       3.92000E-03       2.23423E-03       5.69956E-01       4.85240E-02       3.23640E-02
       8.70964E-02       9.12011E-02       8.91488E-02       4.10470E-03       2.34494E-03       5.71282E-01       5.09291E-02       3.47089E-02
       9.12011E-02       9.54993E-02       9.33502E-02       4.29820E-03       2.46142E-03       5.72664E-01       5.34583E-02       3.71703E-02
       9.54993E-02       1.00000E-01       9.77497E-02       4.50070E-03       2.58396E-03       5.74123E-01       5.61203E-02       3.97543E-02
       1.00000E-01       1.04713E-01       1.02357E-01       4.71300E-03       2.71300E-03       5.75641E-01       5.89206E-02       4.24673E-02
       1.04713E-01       1.09648E-01       1.07180E-01       4.93500E-03       2.84875E-03       5.77255E-01       6.18705E-02       4.53161E-02
       1.09648E-01       1.14815E-01       1.12231E-01       5.16700E-03       2.99180E-03       5.79020E-01       6.49843E-02       4.83079E-02
       1.14815E-01       1.20226E-01       1.17520E-01       5.41100E-03       3.14229E-03       5.80722E-01       6.82468E-02       5.14501E-02
       1.20226E-01       1.25892E-01       1.23059E-01       5.66600E-03       3.30091E-03       5.82583E-01       7.16920E-02       5.47511E-02
       1.25892E-01       1.31826E-01       1.28859E-01       5.93400E-03       3.46805E-03       5.84437E-01       7.53099E-02       5.82191E-02
       1.31826E-01       1.38038E-01       1.34932E-01       6.21200E-03       3.64404E-03       5.86614E-01       7.91530E-02       6.18631E-02
       1.38038E-01       1.44544E-01       1.41291E-01       6.50600E-03       3.82964E-03       5.88632E-01       8.31683E-02       6.56928E-02
       1.44544E-01       1.51356E-01       1.47950E-01       6.81200E-03       4.02525E-03       5.90905E-01       8.74244E-02       6.97180E-02
       1.51356E-01       1.58489E-01       1.54923E-01       7.13300E-03       4.23149E-03       5.93227E-01       9.19042E-02       7.39495E-02
       1.58489E-01       1.65959E-01       1.62224E-01       7.47000E-03       4.44893E-03       5.95573E-01       9.66162E-02       7.83985E-02
       1.65959E-01       1.73780E-01       1.69869E-01       7.82100E-03       4.67832E-03       5.98174E-01       1.01612E-01       8.30768E-02
       1.73780E-01       1.81970E-01       1.77875E-01       8.19000E-03       4.92030E-03       6.00769E-01       1.06862E-01       8.79971E-02
       1.81970E-01       1.90546E-01       1.86258E-01       8.57600E-03       5.17557E-03       6.03495E-01       1.12406E-01       9.31726E-02
       1.90546E-01       1.99526E-01       1.95036E-01       8.98000E-03       5.44483E-03       6.06328E-01       1.18256E-01       9.86175E-02
       1.99526E-01       2.08930E-01       2.04228E-01       9.40400E-03       5.72905E-03       6.09214E-01       1.24419E-01       1.04347E-01
       2.08930E-01       2.18776E-01       2.13853E-01       9.84600E-03       6.02895E-03       6.12325E-01       1.30947E-01       1.10375E-01
       2.18776E-01       2.29087E-01       2.23931E-01       1.03110E-02       6.34540E-03       6.15401E-01       1.37808E-01       1.16721E-01
       2.29087E-01       2.39883E-01       2.34485E-01       1.07960E-02       6.67936E-03       6.18688E-01       1.45073E-01       1.23400E-01
       2.39883E-01       2.51189E-01       2.45536E-01       1.13060E-02       7.03173E-03       6.21947E-01       1.52710E-01       1.30432E-01
       2.51189E-01       2.63027E-01       2.57108E-01       1.18380E-02       7.40355E-03       6.25405E-01       1.60797E-01       1.37836E-01
       2.63027E-01       2.75423E-01       2.69225E-01       1.23960E-02       7.79581E-03       6.28897E-01       1.69315E-01       1.45631E-01
       2.75423E-01       2.88403E-01       2.81913E-01       1.29800E-02       8.20959E-03       6.32480E-01       1.78304E-01       1.53841E-01
       2.88403E-01       3.01995E-01       2.95199E-01       1.35920E-02       8.64588E-03       6.36101E-01       1.87776E-01       1.62487E-01
       3.01995E-01       3.16228E-01       3.09112E-01       1.42330E-02       9.10596E-03       6.39778E-01       1.97763E-01       1.71593E-01
       3.16228E-01       3.31131E-01       3.23680E-01       1.49030E-02       9.59070E-03       6.43542E-01       2.08301E-01       1.81183E-01
       3.31131E-01       3.46737E-01       3.38934E-01       1.56060E-02       1.01015E-02       6.47285E-01       2.19387E-01       1.91285E-01
       3.46737E-01       3.63078E-01       3.54908E-01       1.63410E-02       1.06393E-02       6.51080E-01       2.31073E-01       2.01924E-01
       3.63078E-01       3.80189E-01       3.71633E-01       1.71110E-02       1.12054E-02       6.54864E-01       2.43369E-01       2.13130E-01
       3.80189E-01       3.98107E-01       3.89148E-01       1.79180E-02       1.18008E-02       6.58601E-01       2.56293E-01       2.24930E-01
       3.98107E-01       4.16869E-01       4.07488E-01       1.87620E-02       1.24267E-02       6.62331E-01       2.69892E-01       2.37357E-01
       4.16869E-01       4.36516E-01       4.26692E-01       1.96470E-02       1.30840E-02       6.65956E-01       2.84158E-01       2.50441E-01
       4.36516E-01       4.57088E-01       4.46802E-01       2.05720E-02       1.37742E-02       6.69563E-01       2.99162E-01       2.64215E-01
       4.57088E-01       4.78630E-01       4.67859E-01       2.15420E-02       1.44980E-02       6.73009E-01       3.14873E-01       2.78713E-01
       4.78630E-01       5.01187E-01       4.89909E-01       2.25570E-02       1.52563E-02       6.76345E-01       3.31347E-01       2.93970E-01
       5.01187E-01       5.24808E-01       5.12998E-01       2.36210E-02       1.60504E-02       6.79498E-01       3.48581E-01       3.10020E-01
       5.24808E-01       5.49541E-01       5.37174E-01       2.47330E-02       1.68808E-02       6.82523E-01       3.66634E-01       3.26901E-01
       5.49541E-01       5.75440E-01       5.62490E-01       2.58990E-02       1.77485E-02       6.85297E-01       3.85473E-01       3.44649E-01
       5.75440E-01       6.02560E-01       5.89000E-01       2.71200E-02       1.86543E-02       6.87842E-01       4.05139E-01       3.63304E-01
       6.02560E-01       6.30957E-01       6.16758E-01       2.83970E-02       1.95985E-02       6.90162E-01       4.25663E-01       3.82902E-01
       6.30957E-01       6.60693E-01       6.45825E-01       2.97360E-02       2.05819E-02       6.92154E-01       4.47010E-01       4.03484E-01
       6.60693E-01       6.91831E-01       6.76262E-01       3.11380E-02       2.16046E-02       6.93835E-01       4.69214E-01       4.25089E-01
       6.91831E-01       7.24436E-01       7.08133E-01       3.26050E-02       2.26667E-02       6.95191E-01       4.92288E-01       4.47755E-01
       7.24436E-01       7.58578E-01       7.41507E-01       3.41420E-02       2.37679E-02       6.96150E-01       5.16200E-01       4.71523E-01
       7.58578E-01       7.94328E-01       7.76453E-01       3.57500E-02       2.49072E-02       6.96706E-01       5.40959E-01       4.96431E-01
       7.94328E-01       8.31764E-01       8.13046E-01       3.74360E-02       2.60835E-02       6.96750E-01       5.66490E-01       5.22514E-01
       8.31764E-01       8.70964E-01       8.51364E-01       3.92000E-02       2.72936E-02       6.96264E-01       5.92774E-01       5.49808E-01
       8.70964E-01       9.12011E-01       8.91487E-01       4.10470E-02       2.85335E-02       6.95143E-01       6.19711E-01       5.78341E-01
       9.12011E-01       9.54993E-01       9.33502E-01       4.29820E-02       2.97970E-02       6.93245E-01       6.47145E-01       6.08138E-01
       9.54993E-01       1.00000E+00       9.77497E-01       4.50070E-02       3.10747E-02       6.90442E-01       6.74904E-01       6.39213E-01
       1.00000E+00       1.04713E+00       1.02357E+00       4.71300E-02       3.23545E-02       6.86495E-01       7.02672E-01       6.71567E-01
       1.04713E+00       1.09648E+00       1.07181E+00       4.93500E-02       3.36176E-02       6.81207E-01       7.30121E-01       7.05185E-01
       1.09648E+00       1.14815E+00       1.12231E+00       5.16700E-02       3.48434E-02       6.74344E-01       7.56826E-01       7.40028E-01
       1.14815E+00       1.20226E+00       1.17520E+00       5.41100E-02       3.59999E-02       6.65309E-01       7.81874E-01       7.76028E-01
       1.20226E+00       1.25892E+00       1.23059E+00       5.66600E-02       3.70557E-02       6.54001E-01       8.04807E-01       8.13084E-01
       1.25892E+00       1.31826E+00       1.28859E+00       5.93400E-02       3.79713E-02       6.39894E-01       8.24561E-01       8.51055E-01
       1.31826E+00       1.38038E+00       1.34932E+00       6.21200E-02       3.87096E-02       6.23142E-01       8.40818E-01       8.89765E-01
       1.38038E+00       1.44544E+00       1.41291E+00       6.50600E-02       3.92501E-02       6.03292E-01       8.52397E-01       9.29015E-01
       1.44544E+00       1.51356E+00       1.47950E+00       6.81200E-02       3.96021E-02       5.81358E-01       8.60119E-01       9.68617E-01
       1.51356E+00       1.58489E+00       1.54923E+00       7.13300E-02       3.13828E-02       4.39966E-01       6.81607E-01       1.00000E+00

 Sum =                                                                         1.00000E+00
 Renormalization bin#   951 =                                                  4.24210E-03 barn        1.50000E+07        1.52000E+07        1.51000E+07
 Avg. Energy     bin#   951 =                                                  7.99739E-01 MeV         1.50000E+07        1.52000E+07
