"        MT=103 recoil spectrum "
" Initial neutron energy corresponds to the group:"
   1.18000E+01    1.20000E+01       0.00000E+00           772           872           101



          Low               High              Mid              Energy           Number             dn/de            E*dn/de          Cumulative
         Energy            Energy            Energy             Width          Fraction                               Sum   
         [MeV]             [MeV]             [MeV]              [MeV]

       1.31826E-02       1.38038E-02       1.34932E-02       6.21200E-04       0.00000E+00       0.00000E+00       0.00000E+00       0.00000E+00
       1.38038E-02       1.44544E-02       1.41291E-02       6.50601E-04       2.67529E-05       4.11202E-02       5.80992E-04       2.67529E-05
       1.44544E-02       1.51356E-02       1.47950E-02       6.81199E-04       6.15180E-05       9.03084E-02       1.33611E-03       8.82709E-05
       1.51356E-02       1.58489E-02       1.54923E-02       7.13301E-04       6.44349E-05       9.03334E-02       1.39947E-03       1.52706E-04
       1.58489E-02       1.65959E-02       1.62224E-02       7.47000E-04       6.74966E-05       9.03569E-02       1.46581E-03       2.20202E-04
       1.65959E-02       1.73780E-02       1.69870E-02       7.82100E-04       7.07039E-05       9.04026E-02       1.53567E-03       2.90906E-04
       1.73780E-02       1.81970E-02       1.77875E-02       8.19000E-04       7.40628E-05       9.04308E-02       1.60854E-03       3.64969E-04
       1.81970E-02       1.90546E-02       1.86258E-02       8.57600E-04       7.75817E-05       9.04638E-02       1.68496E-03       4.42551E-04
       1.90546E-02       1.99526E-02       1.95036E-02       8.98000E-04       8.12695E-05       9.05006E-02       1.76509E-03       5.23820E-04
       1.99526E-02       2.08930E-02       2.04228E-02       9.40400E-04       8.51330E-05       9.05284E-02       1.84884E-03       6.08953E-04
       2.08930E-02       2.18776E-02       2.13853E-02       9.84600E-04       8.91841E-05       9.05791E-02       1.93706E-03       6.98137E-04
       2.18776E-02       2.29087E-02       2.23931E-02       1.03110E-03       9.34269E-05       9.06090E-02       2.02902E-03       7.91564E-04
       2.29087E-02       2.39883E-02       2.34485E-02       1.07960E-03       1.27571E-04       1.18165E-01       2.77078E-03       9.19135E-04
       2.39883E-02       2.51189E-02       2.45536E-02       1.13060E-03       1.70312E-04       1.50638E-01       3.69871E-03       1.08945E-03
       2.51189E-02       2.63027E-02       2.57108E-02       1.18380E-03       1.78261E-04       1.50584E-01       3.87163E-03       1.26771E-03
       2.63027E-02       2.75423E-02       2.69225E-02       1.23960E-03       1.86662E-04       1.50582E-01       4.05404E-03       1.45437E-03
       2.75423E-02       2.88403E-02       2.81913E-02       1.29800E-03       2.31906E-04       1.78664E-01       5.03677E-03       1.68627E-03
       2.88403E-02       3.01995E-02       2.95199E-02       1.35920E-03       2.57101E-04       1.89156E-01       5.58387E-03       1.94338E-03
       3.01995E-02       3.16228E-02       3.09112E-02       1.42330E-03       3.11583E-04       2.18916E-01       6.76695E-03       2.25496E-03
       3.16228E-02       3.31131E-02       3.23680E-02       1.49030E-03       4.00281E-04       2.68591E-01       8.69373E-03       2.65524E-03
       3.31131E-02       3.46737E-02       3.38934E-02       1.56060E-03       4.19902E-04       2.69065E-01       9.11952E-03       3.07514E-03
       3.46737E-02       3.63078E-02       3.54908E-02       1.63410E-03       4.45739E-04       2.72773E-01       9.68092E-03       3.52088E-03
       3.63078E-02       3.80189E-02       3.71633E-02       1.71110E-03       4.86121E-04       2.84099E-01       1.05581E-02       4.00700E-03
       3.80189E-02       3.98107E-02       3.89148E-02       1.79180E-03       5.76238E-04       3.21597E-01       1.25149E-02       4.58324E-03
       3.98107E-02       4.16869E-02       4.07488E-02       1.87620E-03       7.23124E-04       3.85419E-01       1.57054E-02       5.30636E-03
       4.16869E-02       4.36516E-02       4.26693E-02       1.96470E-03       8.09381E-04       4.11961E-01       1.75781E-02       6.11574E-03
       4.36516E-02       4.57088E-02       4.46802E-02       2.05720E-03       9.29229E-04       4.51696E-01       2.01819E-02       7.04497E-03
       4.57088E-02       4.78630E-02       4.67859E-02       2.15420E-03       1.07393E-03       4.98527E-01       2.33240E-02       8.11890E-03
       4.78630E-02       5.01187E-02       4.89908E-02       2.25570E-03       1.20431E-03       5.33897E-01       2.61561E-02       9.32321E-03
       5.01187E-02       5.24808E-02       5.12998E-02       2.36210E-03       1.29401E-03       5.47822E-01       2.81031E-02       1.06172E-02
       5.24808E-02       5.49541E-02       5.37174E-02       2.47330E-03       1.42636E-03       5.76703E-01       3.09790E-02       1.20436E-02
       5.49541E-02       5.75440E-02       5.62491E-02       2.58990E-03       1.56089E-03       6.02682E-01       3.39003E-02       1.36045E-02
       5.75440E-02       6.02560E-02       5.89000E-02       2.71200E-03       1.67305E-03       6.16906E-01       3.63358E-02       1.52775E-02
       6.02560E-02       6.30957E-02       6.16758E-02       2.83970E-03       1.79422E-03       6.31835E-01       3.89689E-02       1.70717E-02
       6.30957E-02       6.60693E-02       6.45825E-02       2.97360E-03       1.92494E-03       6.47345E-01       4.18072E-02       1.89967E-02
       6.60693E-02       6.91831E-02       6.76262E-02       3.11380E-03       2.06617E-03       6.63551E-01       4.48735E-02       2.10628E-02
       6.91831E-02       7.24436E-02       7.08134E-02       3.26050E-03       2.21758E-03       6.80134E-01       4.81626E-02       2.32804E-02
       7.24436E-02       7.58578E-02       7.41507E-02       3.41420E-03       2.37614E-03       6.95959E-01       5.16058E-02       2.56566E-02
       7.58578E-02       7.94328E-02       7.76453E-02       3.57500E-03       2.54686E-03       7.12410E-01       5.53153E-02       2.82034E-02
       7.94328E-02       8.31764E-02       8.13046E-02       3.74360E-03       2.73112E-03       7.29543E-01       5.93152E-02       3.09345E-02
       8.31764E-02       8.70964E-02       8.51364E-02       3.92000E-03       2.92971E-03       7.47375E-01       6.36288E-02       3.38643E-02
       8.70964E-02       9.12011E-02       8.91488E-02       4.10470E-03       3.14284E-03       7.65667E-01       6.82582E-02       3.70071E-02
       9.12011E-02       9.54993E-02       9.33502E-02       4.29820E-03       3.36951E-03       7.83937E-01       7.31807E-02       4.03766E-02
       9.54993E-02       1.00000E-01       9.77497E-02       4.50070E-03       3.61293E-03       8.02748E-01       7.84683E-02       4.39895E-02
       1.00000E-01       1.04713E-01       1.02357E-01       4.71300E-03       3.85811E-03       8.18610E-01       8.37900E-02       4.78476E-02
       1.04713E-01       1.09648E-01       1.07180E-01       4.93500E-03       4.08323E-03       8.27403E-01       8.86814E-02       5.19309E-02
       1.09648E-01       1.14815E-01       1.12231E-01       5.16700E-03       4.31719E-03       8.35531E-01       9.37729E-02       5.62481E-02
       1.14815E-01       1.20226E-01       1.17520E-01       5.41100E-03       4.56588E-03       8.43814E-01       9.91655E-02       6.08139E-02
       1.20226E-01       1.25892E-01       1.23059E-01       5.66600E-03       4.83095E-03       8.52621E-01       1.04923E-01       6.56449E-02
       1.25892E-01       1.31826E-01       1.28859E-01       5.93400E-03       5.11341E-03       8.61714E-01       1.11040E-01       7.07583E-02
       1.31826E-01       1.38038E-01       1.34932E-01       6.21200E-03       5.41409E-03       8.71553E-01       1.17600E-01       7.61724E-02
       1.38038E-01       1.44544E-01       1.41291E-01       6.50600E-03       5.73404E-03       8.81347E-01       1.24526E-01       8.19064E-02
       1.44544E-01       1.51356E-01       1.47950E-01       6.81200E-03       6.07523E-03       8.91842E-01       1.31948E-01       8.79817E-02
       1.51356E-01       1.58489E-01       1.54923E-01       7.13300E-03       6.43966E-03       9.02798E-01       1.39864E-01       9.44213E-02
       1.58489E-01       1.65959E-01       1.62224E-01       7.47000E-03       6.82898E-03       9.14187E-01       1.48303E-01       1.01250E-01
       1.65959E-01       1.73780E-01       1.69869E-01       7.82100E-03       7.24473E-03       9.26318E-01       1.57353E-01       1.08495E-01
       1.73780E-01       1.81970E-01       1.77875E-01       8.19000E-03       7.68335E-03       9.38138E-01       1.66871E-01       1.16178E-01
       1.81970E-01       1.90546E-01       1.86258E-01       8.57600E-03       8.13786E-03       9.48911E-01       1.76742E-01       1.24316E-01
       1.90546E-01       1.99526E-01       1.95036E-01       8.98000E-03       8.62183E-03       9.60114E-01       1.87257E-01       1.32938E-01
       1.99526E-01       2.08930E-01       2.04228E-01       9.40400E-03       9.13883E-03       9.71802E-01       1.98469E-01       1.42077E-01
       2.08930E-01       2.18776E-01       2.13853E-01       9.84600E-03       9.69123E-03       9.84280E-01       2.10491E-01       1.51768E-01
       2.18776E-01       2.29087E-01       2.23931E-01       1.03110E-02       1.02817E-02       9.97162E-01       2.23296E-01       1.62050E-01
       2.29087E-01       2.39883E-01       2.34485E-01       1.07960E-02       1.09135E-02       1.01088E+00       2.37037E-01       1.72963E-01
       2.39883E-01       2.51189E-01       2.45536E-01       1.13060E-02       1.15866E-02       1.02482E+00       2.51630E-01       1.84550E-01
       2.51189E-01       2.63027E-01       2.57108E-01       1.18380E-02       1.22887E-02       1.03807E+00       2.66896E-01       1.96839E-01
       2.63027E-01       2.75423E-01       2.69225E-01       1.23960E-02       1.30344E-02       1.05150E+00       2.83091E-01       2.09873E-01
       2.75423E-01       2.88403E-01       2.81913E-01       1.29800E-02       1.38323E-02       1.06566E+00       3.00423E-01       2.23705E-01
       2.88403E-01       3.01995E-01       2.95199E-01       1.35920E-02       1.46862E-02       1.08051E+00       3.18964E-01       2.38392E-01
       3.01995E-01       3.16228E-01       3.09112E-01       1.42330E-02       1.56008E-02       1.09610E+00       3.38818E-01       2.53992E-01
       3.16228E-01       3.31131E-01       3.23680E-01       1.49030E-02       1.65714E-02       1.11195E+00       3.59915E-01       2.70564E-01
       3.31131E-01       3.46737E-01       3.38934E-01       1.56060E-02       1.76003E-02       1.12779E+00       3.82247E-01       2.88164E-01
       3.46737E-01       3.63078E-01       3.54908E-01       1.63410E-02       1.87023E-02       1.14450E+00       4.06192E-01       3.06866E-01
       3.63078E-01       3.80189E-01       3.71633E-01       1.71110E-02       1.98903E-02       1.16243E+00       4.31997E-01       3.26757E-01
       3.80189E-01       3.98107E-01       3.89148E-01       1.79180E-02       2.12812E-02       1.18770E+00       4.62191E-01       3.48038E-01
       3.98107E-01       4.16869E-01       4.07488E-01       1.87620E-02       2.27931E-02       1.21485E+00       4.95039E-01       3.70831E-01
       4.16869E-01       4.36516E-01       4.26692E-01       1.96470E-02       2.27741E-02       1.15916E+00       4.94606E-01       3.93605E-01
       4.36516E-01       4.57088E-01       4.46802E-01       2.05720E-02       2.33871E-02       1.13684E+00       5.07944E-01       4.16992E-01
       4.57088E-01       4.78630E-01       4.67859E-01       2.15420E-02       2.40322E-02       1.11560E+00       5.21942E-01       4.41024E-01
       4.78630E-01       5.01187E-01       4.89909E-01       2.25570E-02       2.46928E-02       1.09468E+00       5.36295E-01       4.65717E-01
       5.01187E-01       5.24808E-01       5.12998E-01       2.36210E-02       2.53429E-02       1.07289E+00       5.50392E-01       4.91060E-01
       5.24808E-01       5.49541E-01       5.37174E-01       2.47330E-02       2.59777E-02       1.05032E+00       5.64208E-01       5.17038E-01
       5.49541E-01       5.75440E-01       5.62490E-01       2.58990E-02       2.65931E-02       1.02680E+00       5.77565E-01       5.43631E-01
       5.75440E-01       6.02560E-01       5.89000E-01       2.71200E-02       2.71849E-02       1.00239E+00       5.90410E-01       5.70816E-01
       6.02560E-01       6.30957E-01       6.16758E-01       2.83970E-02       2.77949E-02       9.78799E-01       6.03682E-01       5.98611E-01
       6.30957E-01       6.60693E-01       6.45825E-01       2.97360E-02       2.84110E-02       9.55440E-01       6.17047E-01       6.27022E-01
       6.60693E-01       6.91831E-01       6.76262E-01       3.11380E-02       2.89979E-02       9.31270E-01       6.29783E-01       6.56020E-01
       6.91831E-01       7.24436E-01       7.08133E-01       3.26050E-02       2.95503E-02       9.06313E-01       6.41791E-01       6.85570E-01
       7.24436E-01       7.58578E-01       7.41507E-01       3.41420E-02       3.00666E-02       8.80635E-01       6.52997E-01       7.15637E-01
       7.58578E-01       7.94328E-01       7.76453E-01       3.57500E-02       3.06056E-02       8.56100E-01       6.64722E-01       7.46242E-01
       7.94328E-01       8.31764E-01       8.13046E-01       3.74360E-02       3.11325E-02       8.31619E-01       6.76145E-01       7.77375E-01
       8.31764E-01       8.70964E-01       8.51364E-01       3.92000E-02       3.16186E-02       8.06598E-01       6.86708E-01       8.08993E-01
       8.70964E-01       9.12011E-01       8.91487E-01       4.10470E-02       3.20115E-02       7.79875E-01       6.95249E-01       8.41005E-01
       9.12011E-01       9.54993E-01       9.33502E-01       4.29820E-02       3.14773E-02       7.32337E-01       6.83638E-01       8.72482E-01
       9.54993E-01       1.00000E+00       9.77497E-01       4.50070E-02       3.04147E-02       6.75777E-01       6.60569E-01       9.02897E-01
       1.00000E+00       1.04713E+00       1.02357E+00       4.71300E-02       2.91102E-02       6.17658E-01       6.32213E-01       9.32007E-01
       1.04713E+00       1.09648E+00       1.07181E+00       4.93500E-02       2.60713E-02       5.28295E-01       5.66229E-01       9.58079E-01
       1.09648E+00       1.14815E+00       1.12231E+00       5.16700E-02       1.72402E-02       3.33661E-01       3.74472E-01       9.75319E-01
       1.14815E+00       1.20226E+00       1.17520E+00       5.41100E-02       1.25418E-02       2.31784E-01       2.72393E-01       9.87861E-01
       1.20226E+00       1.25892E+00       1.23059E+00       5.66600E-02       7.29236E-03       1.28704E-01       1.58382E-01       9.95153E-01
       1.25892E+00       1.31826E+00       1.28859E+00       5.93400E-02       4.74412E-03       7.99481E-02       1.03020E-01       9.99897E-01
       1.31826E+00       1.38038E+00       1.34932E+00       6.21200E-02       1.03271E-04       1.66244E-03       2.24316E-03       1.00000E+00

 Sum =                                                                         1.00000E+00
 Renormalization bin#   935 =                                                  2.60420E-01 barn        1.18000E+07        1.20000E+07        1.19000E+07
 Avg. Energy     bin#   935 =                                                  5.61211E-01 MeV         1.18000E+07        1.20000E+07
