"        MT=604 recoil spectrum "
" Initial neutron energy corresponds to the group:"
   1.46000E+01    1.48000E+01       0.00000E+00           781           876            96



          Low               High              Mid              Energy           Number             dn/de            E*dn/de          Cumulative
         Energy            Energy            Energy             Width          Fraction                               Sum   
         [MeV]             [MeV]             [MeV]              [MeV]

       1.99526E-02       2.08930E-02       2.04228E-02       9.40400E-04       0.00000E+00       0.00000E+00       0.00000E+00       0.00000E+00
       2.08930E-02       2.18776E-02       2.13853E-02       9.84600E-04       6.99732E-04       7.10677E-01       1.51980E-02       6.99732E-04
       2.18776E-02       2.29087E-02       2.23931E-02       1.03110E-03       1.21541E-03       1.17875E+00       2.63960E-02       1.91514E-03
       2.29087E-02       2.39883E-02       2.34485E-02       1.07960E-03       1.26886E-03       1.17531E+00       2.75592E-02       3.18401E-03
       2.39883E-02       2.51189E-02       2.45536E-02       1.13060E-03       1.32454E-03       1.17154E+00       2.87654E-02       4.50855E-03
       2.51189E-02       2.63027E-02       2.57108E-02       1.18380E-03       1.38240E-03       1.16777E+00       3.00243E-02       5.89095E-03
       2.63027E-02       2.75423E-02       2.69225E-02       1.23960E-03       1.44262E-03       1.16377E+00       3.13317E-02       7.33357E-03
       2.75423E-02       2.88403E-02       2.81913E-02       1.29800E-03       1.50524E-03       1.15966E+00       3.26924E-02       8.83881E-03
       2.88403E-02       3.01995E-02       2.95199E-02       1.35920E-03       1.57028E-03       1.15530E+00       3.41042E-02       1.04091E-02
       3.01995E-02       3.16228E-02       3.09112E-02       1.42330E-03       1.63784E-03       1.15074E+00       3.55706E-02       1.20469E-02
       3.16228E-02       3.31131E-02       3.23680E-02       1.49030E-03       1.70806E-03       1.14611E+00       3.70974E-02       1.37550E-02
       3.31131E-02       3.46737E-02       3.38934E-02       1.56060E-03       1.78093E-03       1.14118E+00       3.86786E-02       1.55359E-02
       3.46737E-02       3.63078E-02       3.54908E-02       1.63410E-03       1.85655E-03       1.13613E+00       4.03220E-02       1.73925E-02
       3.63078E-02       3.80189E-02       3.71633E-02       1.71110E-03       1.93499E-03       1.13085E+00       4.20262E-02       1.93275E-02
       3.80189E-02       3.98107E-02       3.89148E-02       1.79180E-03       2.01634E-03       1.12532E+00       4.37915E-02       2.13438E-02
       3.98107E-02       4.16869E-02       4.07488E-02       1.87620E-03       2.10060E-03       1.11960E+00       4.56225E-02       2.34444E-02
       4.16869E-02       4.36516E-02       4.26693E-02       1.96470E-03       2.18794E-03       1.11362E+00       4.75174E-02       2.56323E-02
       4.36516E-02       4.57088E-02       4.46802E-02       2.05720E-03       2.27837E-03       1.10751E+00       4.94839E-02       2.79107E-02
       4.57088E-02       4.78630E-02       4.67859E-02       2.15420E-03       2.37191E-03       1.10106E+00       5.15143E-02       3.02826E-02
       4.78630E-02       5.01187E-02       4.89908E-02       2.25570E-03       2.46865E-03       1.09441E+00       5.36159E-02       3.27513E-02
       5.01187E-02       5.24808E-02       5.12998E-02       2.36210E-03       2.56868E-03       1.08746E+00       5.57862E-02       3.53200E-02
       5.24808E-02       5.49541E-02       5.37174E-02       2.47330E-03       2.67199E-03       1.08033E+00       5.80328E-02       3.79919E-02
       5.49541E-02       5.75440E-02       5.62491E-02       2.58990E-03       2.77866E-03       1.07288E+00       6.03486E-02       4.07706E-02
       5.75440E-02       6.02560E-02       5.89000E-02       2.71200E-03       2.88872E-03       1.06516E+00       6.27381E-02       4.36593E-02
       6.02560E-02       6.30957E-02       6.16758E-02       2.83970E-03       3.00222E-03       1.05723E+00       6.52057E-02       4.66615E-02
       6.30957E-02       6.60693E-02       6.45825E-02       2.97360E-03       3.11912E-03       1.04894E+00       6.77431E-02       4.97807E-02
       6.60693E-02       6.91831E-02       6.76262E-02       3.11380E-03       3.23951E-03       1.04037E+00       7.03563E-02       5.30202E-02
       6.91831E-02       7.24436E-02       7.08134E-02       3.26050E-03       3.36335E-03       1.03154E+00       7.30472E-02       5.63835E-02
       7.24436E-02       7.58578E-02       7.41507E-02       3.41420E-03       3.49075E-03       1.02242E+00       7.58134E-02       5.98743E-02
       7.58578E-02       7.94328E-02       7.76453E-02       3.57500E-03       3.62153E-03       1.01302E+00       7.86559E-02       6.34958E-02
       7.94328E-02       8.31764E-02       8.13046E-02       3.74360E-03       3.75578E-03       1.00325E+00       8.15692E-02       6.72516E-02
       8.31764E-02       8.70964E-02       8.51364E-02       3.92000E-03       3.89344E-03       9.93225E-01       8.45596E-02       7.11450E-02
       8.70964E-02       9.12011E-02       8.91488E-02       4.10470E-03       4.03449E-03       9.82895E-01       8.76239E-02       7.51795E-02
       9.12011E-02       9.54993E-02       9.33502E-02       4.29820E-03       4.17894E-03       9.72254E-01       9.07601E-02       7.93585E-02
       9.54993E-02       1.00000E-01       9.77497E-02       4.50070E-03       4.32663E-03       9.61323E-01       9.39689E-02       8.36851E-02
       1.00000E-01       1.04713E-01       1.02357E-01       4.71300E-03       4.47756E-03       9.50044E-01       9.72432E-02       8.81627E-02
       1.04713E-01       1.09648E-01       1.07180E-01       4.93500E-03       4.63155E-03       9.38510E-01       1.00590E-01       9.27942E-02
       1.09648E-01       1.14815E-01       1.12231E-01       5.16700E-03       4.78875E-03       9.26794E-01       1.04015E-01       9.75830E-02
       1.14815E-01       1.20226E-01       1.17520E-01       5.41100E-03       4.94863E-03       9.14549E-01       1.07478E-01       1.02532E-01
       1.20226E-01       1.25892E-01       1.23059E-01       5.66600E-03       5.11164E-03       9.02160E-01       1.11019E-01       1.07643E-01
       1.25892E-01       1.31826E-01       1.28859E-01       5.93400E-03       5.27737E-03       8.89345E-01       1.14600E-01       1.12921E-01
       1.31826E-01       1.38038E-01       1.34932E-01       6.21200E-03       5.44549E-03       8.76609E-01       1.18283E-01       1.18366E-01
       1.38038E-01       1.44544E-01       1.41291E-01       6.50600E-03       5.61637E-03       8.63261E-01       1.21971E-01       1.23982E-01
       1.44544E-01       1.51356E-01       1.47950E-01       6.81200E-03       5.78949E-03       8.49896E-01       1.25742E-01       1.29772E-01
       1.51356E-01       1.58489E-01       1.54923E-01       7.13300E-03       5.96500E-03       8.36253E-01       1.29554E-01       1.35737E-01
       1.58489E-01       1.65959E-01       1.62224E-01       7.47000E-03       6.14266E-03       8.22311E-01       1.33399E-01       1.41880E-01
       1.65959E-01       1.73780E-01       1.69869E-01       7.82100E-03       6.32242E-03       8.08390E-01       1.37321E-01       1.48202E-01
       1.73780E-01       1.81970E-01       1.77875E-01       8.19000E-03       6.50418E-03       7.94161E-01       1.41261E-01       1.54706E-01
       1.81970E-01       1.90546E-01       1.86258E-01       8.57600E-03       6.68800E-03       7.79851E-01       1.45253E-01       1.61394E-01
       1.90546E-01       1.99526E-01       1.95036E-01       8.98000E-03       6.87372E-03       7.65448E-01       1.49290E-01       1.68268E-01
       1.99526E-01       2.08930E-01       2.04228E-01       9.40400E-03       7.06157E-03       7.50911E-01       1.53357E-01       1.75330E-01
       2.08930E-01       2.18776E-01       2.13853E-01       9.84600E-03       7.25150E-03       7.36492E-01       1.57501E-01       1.82581E-01
       2.18776E-01       2.29087E-01       2.23931E-01       1.03110E-02       7.44360E-03       7.21908E-01       1.61658E-01       1.90025E-01
       2.29087E-01       2.39883E-01       2.34485E-01       1.07960E-02       7.63819E-03       7.07502E-01       1.65899E-01       1.97663E-01
       2.39883E-01       2.51189E-01       2.45536E-01       1.13060E-02       7.83554E-03       6.93043E-01       1.70167E-01       2.05498E-01
       2.51189E-01       2.63027E-01       2.57108E-01       1.18380E-02       8.03614E-03       6.78843E-01       1.74536E-01       2.13534E-01
       2.63027E-01       2.75423E-01       2.69225E-01       1.23960E-02       8.24028E-03       6.64753E-01       1.78968E-01       2.21775E-01
       2.75423E-01       2.88403E-01       2.81913E-01       1.29800E-02       8.44878E-03       6.50907E-01       1.83499E-01       2.30224E-01
       2.88403E-01       3.01995E-01       2.95199E-01       1.35920E-02       8.66228E-03       6.37307E-01       1.88132E-01       2.38886E-01
       3.01995E-01       3.16228E-01       3.09112E-01       1.42330E-02       8.88174E-03       6.24025E-01       1.92893E-01       2.47768E-01
       3.16228E-01       3.31131E-01       3.23680E-01       1.49030E-02       9.10814E-03       6.11161E-01       1.97820E-01       2.56876E-01
       3.31131E-01       3.46737E-01       3.38934E-01       1.56060E-02       9.34289E-03       5.98673E-01       2.02911E-01       2.66219E-01
       3.46737E-01       3.63078E-01       3.54908E-01       1.63410E-02       9.58718E-03       5.86695E-01       2.08222E-01       2.75806E-01
       3.63078E-01       3.80189E-01       3.71633E-01       1.71110E-02       9.84263E-03       5.75222E-01       2.13772E-01       2.85648E-01
       3.80189E-01       3.98107E-01       3.89148E-01       1.79180E-02       1.01112E-02       5.64302E-01       2.19597E-01       2.95760E-01
       3.98107E-01       4.16869E-01       4.07488E-01       1.87620E-02       1.03945E-02       5.54018E-01       2.25756E-01       3.06154E-01
       4.16869E-01       4.36516E-01       4.26692E-01       1.96470E-02       1.06949E-02       5.44353E-01       2.32271E-01       3.16849E-01
       4.36516E-01       4.57088E-01       4.46802E-01       2.05720E-02       1.10146E-02       5.35417E-01       2.39225E-01       3.27863E-01
       4.57088E-01       4.78630E-01       4.67859E-01       2.15420E-02       1.13560E-02       5.27155E-01       2.46634E-01       3.39219E-01
       4.78630E-01       5.01187E-01       4.89909E-01       2.25570E-02       1.17215E-02       5.19640E-01       2.54576E-01       3.50941E-01
       5.01187E-01       5.24808E-01       5.12998E-01       2.36210E-02       1.21140E-02       5.12847E-01       2.63089E-01       3.63055E-01
       5.24808E-01       5.49541E-01       5.37174E-01       2.47330E-02       1.25357E-02       5.06842E-01       2.72263E-01       3.75591E-01
       5.49541E-01       5.75440E-01       5.62490E-01       2.58990E-02       1.29896E-02       5.01547E-01       2.82116E-01       3.88580E-01
       5.75440E-01       6.02560E-01       5.89000E-01       2.71200E-02       1.34781E-02       4.96981E-01       2.92722E-01       4.02058E-01
       6.02560E-01       6.30957E-01       6.16758E-01       2.83970E-02       1.40037E-02       4.93142E-01       3.04149E-01       4.16062E-01
       6.30957E-01       6.60693E-01       6.45825E-01       2.97360E-02       1.45691E-02       4.89950E-01       3.16422E-01       4.30631E-01
       6.60693E-01       6.91831E-01       6.76262E-01       3.11380E-02       1.51768E-02       4.87403E-01       3.29612E-01       4.45808E-01
       6.91831E-01       7.24436E-01       7.08133E-01       3.26050E-02       1.58291E-02       4.85481E-01       3.43785E-01       4.61637E-01
       7.24436E-01       7.58578E-01       7.41507E-01       3.41420E-02       1.65293E-02       4.84134E-01       3.58988E-01       4.78166E-01
       7.58578E-01       7.94328E-01       7.76453E-01       3.57500E-02       1.72811E-02       4.83387E-01       3.75327E-01       4.95447E-01
       7.94328E-01       8.31764E-01       8.13046E-01       3.74360E-02       1.80898E-02       4.83218E-01       3.92879E-01       5.13537E-01
       8.31764E-01       8.70964E-01       8.51364E-01       3.92000E-02       1.89631E-02       4.83753E-01       4.11850E-01       5.32500E-01
       8.70964E-01       9.12011E-01       8.91487E-01       4.10470E-02       1.99132E-02       4.85131E-01       4.32489E-01       5.52414E-01
       9.12011E-01       9.54993E-01       9.33502E-01       4.29820E-02       2.09586E-02       4.87613E-01       4.55188E-01       5.73372E-01
       9.54993E-01       1.00000E+00       9.77497E-01       4.50070E-02       2.21279E-02       4.91655E-01       4.80591E-01       5.95500E-01
       1.00000E+00       1.04713E+00       1.02357E+00       4.71300E-02       2.34655E-02       4.97890E-01       5.09622E-01       6.18966E-01
       1.04713E+00       1.09648E+00       1.07181E+00       4.93500E-02       2.50372E-02       5.07339E-01       5.43769E-01       6.44003E-01
       1.09648E+00       1.14815E+00       1.12231E+00       5.16700E-02       2.69453E-02       5.21487E-01       5.85273E-01       6.70948E-01
       1.14815E+00       1.20226E+00       1.17520E+00       5.41100E-02       2.93362E-02       5.42159E-01       6.37148E-01       7.00284E-01
       1.20226E+00       1.25892E+00       1.23059E+00       5.66600E-02       3.24323E-02       5.72402E-01       7.04392E-01       7.32717E-01
       1.25892E+00       1.31826E+00       1.28859E+00       5.93400E-02       3.65535E-02       6.16001E-01       7.93773E-01       7.69270E-01
       1.31826E+00       1.38038E+00       1.34932E+00       6.21200E-02       4.21656E-02       6.78777E-01       9.15887E-01       8.11436E-01
       1.38038E+00       1.44544E+00       1.41291E+00       6.50600E-02       4.99464E-02       7.67697E-01       1.08469E+00       8.61382E-01
       1.44544E+00       1.51356E+00       1.47950E+00       6.81200E-02       6.08644E-02       8.93487E-01       1.32191E+00       9.22246E-01
       1.51356E+00       1.58489E+00       1.54923E+00       7.13300E-02       7.09065E-02       9.94063E-01       1.54003E+00       9.93153E-01
       1.58489E+00       1.65959E+00       1.62224E+00       7.47000E-02       6.84710E-03       9.16613E-02       1.48697E-01       1.00000E+00

 Sum =                                                                         1.00000E+00
 Renormalization bin#   949 =                                                  2.68200E-03 barn        1.46000E+07        1.48000E+07        1.47000E+07
 Avg. Energy     bin#   949 =                                                  8.03934E-01 MeV         1.46000E+07        1.48000E+07
