"        MT=601 recoil spectrum "
" Initial neutron energy corresponds to the group:"
   1.72000E+01    1.74000E+01       0.00000E+00           763           881           119



          Low               High              Mid              Energy           Number             dn/de            E*dn/de          Cumulative
         Energy            Energy            Energy             Width          Fraction                               Sum   
         [MeV]             [MeV]             [MeV]              [MeV]

       8.70964E-03       9.12011E-03       8.91487E-03       4.10471E-04       0.00000E+00       0.00000E+00       0.00000E+00       0.00000E+00
       9.12011E-03       9.54993E-03       9.33502E-03       4.29819E-04       1.70006E-04       3.95529E-01       3.69227E-03       1.70006E-04
       9.54993E-03       1.00000E-02       9.77496E-03       4.50070E-04       3.09466E-04       6.87596E-01       6.72122E-03       4.79472E-04
       1.00000E-02       1.04713E-02       1.02357E-02       4.71300E-04       3.24034E-04       6.87532E-01       7.03734E-03       8.03506E-04
       1.04713E-02       1.09648E-02       1.07180E-02       4.93500E-04       3.39345E-04       6.87630E-01       7.37005E-03       1.14285E-03
       1.09648E-02       1.14815E-02       1.12232E-02       5.16700E-04       3.55313E-04       6.87658E-01       7.71769E-03       1.49816E-03
       1.14815E-02       1.20226E-02       1.17521E-02       5.41100E-04       3.72073E-04       6.87624E-01       8.08099E-03       1.87024E-03
       1.20226E-02       1.25892E-02       1.23059E-02       5.66601E-04       3.89633E-04       6.87668E-01       8.46237E-03       2.25987E-03
       1.25892E-02       1.31826E-02       1.28859E-02       5.93399E-04       4.07960E-04       6.87497E-01       8.85902E-03       2.66783E-03
       1.31826E-02       1.38038E-02       1.34932E-02       6.21200E-04       4.27220E-04       6.87733E-01       9.27972E-03       3.09505E-03
       1.38038E-02       1.44544E-02       1.41291E-02       6.50601E-04       4.47339E-04       6.87579E-01       9.71487E-03       3.54239E-03
       1.44544E-02       1.51356E-02       1.47950E-02       6.81199E-04       4.68459E-04       6.87697E-01       1.01745E-02       4.01085E-03
       1.51356E-02       1.58489E-02       1.54923E-02       7.13301E-04       4.90527E-04       6.87686E-01       1.06538E-02       4.50138E-03
       1.58489E-02       1.65959E-02       1.62224E-02       7.47000E-04       5.13646E-04       6.87612E-01       1.11547E-02       5.01502E-03
       1.65959E-02       1.73780E-02       1.69870E-02       7.82100E-04       5.37866E-04       6.87720E-01       1.16823E-02       5.55289E-03
       1.73780E-02       1.81970E-02       1.77875E-02       8.19000E-04       5.63193E-04       6.87660E-01       1.22317E-02       6.11608E-03
       1.81970E-02       1.90546E-02       1.86258E-02       8.57600E-04       5.89713E-04       6.87632E-01       1.28077E-02       6.70579E-03
       1.90546E-02       1.99526E-02       1.95036E-02       8.98000E-04       6.17532E-04       6.87675E-01       1.34121E-02       7.32333E-03
       1.99526E-02       2.08930E-02       2.04228E-02       9.40400E-04       6.46619E-04       6.87600E-01       1.40427E-02       7.96995E-03
       2.08930E-02       2.18776E-02       2.13853E-02       9.84600E-04       6.77040E-04       6.87630E-01       1.47052E-02       8.64699E-03
       2.18776E-02       2.29087E-02       2.23931E-02       1.03110E-03       7.08929E-04       6.87547E-01       1.53963E-02       9.35592E-03
       2.29087E-02       2.39883E-02       2.34485E-02       1.07960E-03       7.42257E-04       6.87529E-01       1.61215E-02       1.00982E-02
       2.39883E-02       2.51189E-02       2.45536E-02       1.13060E-03       7.77225E-04       6.87445E-01       1.68792E-02       1.08754E-02
       2.51189E-02       2.63027E-02       2.57108E-02       1.18380E-03       8.13762E-04       6.87416E-01       1.76740E-02       1.16892E-02
       2.63027E-02       2.75423E-02       2.69225E-02       1.23960E-03       8.51997E-04       6.87315E-01       1.85042E-02       1.25412E-02
       2.75423E-02       2.88403E-02       2.81913E-02       1.29800E-03       8.92080E-04       6.87273E-01       1.93751E-02       1.34332E-02
       2.88403E-02       3.01995E-02       2.95199E-02       1.35920E-03       9.33965E-04       6.87144E-01       2.02844E-02       1.43672E-02
       3.01995E-02       3.16228E-02       3.09112E-02       1.42330E-03       9.77815E-04       6.87005E-01       2.12361E-02       1.53450E-02
       3.16228E-02       3.31131E-02       3.23680E-02       1.49030E-03       1.02370E-03       6.86908E-01       2.22338E-02       1.63687E-02
       3.31131E-02       3.46737E-02       3.38934E-02       1.56060E-03       1.07174E-03       6.86748E-01       2.32762E-02       1.74405E-02
       3.46737E-02       3.63078E-02       3.54908E-02       1.63410E-03       1.12198E-03       6.86603E-01       2.43680E-02       1.85624E-02
       3.63078E-02       3.80189E-02       3.71633E-02       1.71110E-03       1.17453E-03       6.86418E-01       2.55096E-02       1.97370E-02
       3.80189E-02       3.98107E-02       3.89148E-02       1.79180E-03       1.22948E-03       6.86168E-01       2.67021E-02       2.09664E-02
       3.98107E-02       4.16869E-02       4.07488E-02       1.87620E-03       1.28698E-03       6.85949E-01       2.79516E-02       2.22534E-02
       4.16869E-02       4.36516E-02       4.26693E-02       1.96470E-03       1.34708E-03       6.85640E-01       2.92558E-02       2.36005E-02
       4.36516E-02       4.57088E-02       4.46802E-02       2.05720E-03       1.40994E-03       6.85367E-01       3.06223E-02       2.50104E-02
       4.57088E-02       4.78630E-02       4.67859E-02       2.15420E-03       1.47560E-03       6.84988E-01       3.20478E-02       2.64860E-02
       4.78630E-02       5.01187E-02       4.89908E-02       2.25570E-03       1.54430E-03       6.84620E-01       3.35401E-02       2.80303E-02
       5.01187E-02       5.24808E-02       5.12998E-02       2.36210E-03       1.61606E-03       6.84163E-01       3.50974E-02       2.96464E-02
       5.24808E-02       5.49541E-02       5.37174E-02       2.47330E-03       1.69103E-03       6.83713E-01       3.67273E-02       3.13374E-02
       5.49541E-02       5.75440E-02       5.62491E-02       2.58990E-03       1.76940E-03       6.83192E-01       3.84289E-02       3.31068E-02
       5.75440E-02       6.02560E-02       5.89000E-02       2.71200E-03       1.85117E-03       6.82586E-01       4.02043E-02       3.49580E-02
       6.02560E-02       6.30957E-02       6.16758E-02       2.83970E-03       1.93660E-03       6.81972E-01       4.20612E-02       3.68946E-02
       6.30957E-02       6.60693E-02       6.45825E-02       2.97360E-03       2.02573E-03       6.81238E-01       4.39960E-02       3.89203E-02
       6.60693E-02       6.91831E-02       6.76262E-02       3.11380E-03       2.11875E-03       6.80437E-01       4.60154E-02       4.10391E-02
       6.91831E-02       7.24436E-02       7.08134E-02       3.26050E-03       2.21578E-03       6.79584E-01       4.81236E-02       4.32548E-02
       7.24436E-02       7.58578E-02       7.41507E-02       3.41420E-03       2.31697E-03       6.78629E-01       5.03208E-02       4.55718E-02
       7.58578E-02       7.94328E-02       7.76453E-02       3.57500E-03       2.42247E-03       6.77613E-01       5.26135E-02       4.79943E-02
       7.94328E-02       8.31764E-02       8.13046E-02       3.74360E-03       2.53235E-03       6.76447E-01       5.49983E-02       5.05266E-02
       8.31764E-02       8.70964E-02       8.51364E-02       3.92000E-03       2.64680E-03       6.75205E-01       5.74845E-02       5.31734E-02
       8.70964E-02       9.12011E-02       8.91488E-02       4.10470E-03       2.76591E-03       6.73839E-01       6.00719E-02       5.59393E-02
       9.12011E-02       9.54993E-02       9.33502E-02       4.29820E-03       2.88987E-03       6.72344E-01       6.27635E-02       5.88292E-02
       9.54993E-02       1.00000E-01       9.77497E-02       4.50070E-03       3.01877E-03       6.70733E-01       6.55639E-02       6.18480E-02
       1.00000E-01       1.04713E-01       1.02357E-01       4.71300E-03       3.15268E-03       6.68934E-01       6.84697E-02       6.50007E-02
       1.04713E-01       1.09648E-01       1.07180E-01       4.93500E-03       3.29169E-03       6.67010E-01       7.14905E-02       6.82924E-02
       1.09648E-01       1.14815E-01       1.12231E-01       5.16700E-03       3.43607E-03       6.65003E-01       7.46343E-02       7.17284E-02
       1.14815E-01       1.20226E-01       1.17520E-01       5.41100E-03       3.58564E-03       6.62658E-01       7.78759E-02       7.53141E-02
       1.20226E-01       1.25892E-01       1.23059E-01       5.66600E-03       3.74077E-03       6.60213E-01       8.12452E-02       7.90548E-02
       1.25892E-01       1.31826E-01       1.28859E-01       5.93400E-03       3.90134E-03       6.57455E-01       8.47190E-02       8.29562E-02
       1.31826E-01       1.38038E-01       1.34932E-01       6.21200E-03       4.06729E-03       6.54747E-01       8.83463E-02       8.70235E-02
       1.38038E-01       1.44544E-01       1.41291E-01       6.50600E-03       4.23888E-03       6.51534E-01       9.20558E-02       9.12623E-02
       1.44544E-01       1.51356E-01       1.47950E-01       6.81200E-03       4.41586E-03       6.48247E-01       9.59081E-02       9.56782E-02
       1.51356E-01       1.58489E-01       1.54923E-01       7.13300E-03       4.59845E-03       6.44673E-01       9.98743E-02       1.00277E-01
       1.58489E-01       1.65959E-01       1.62224E-01       7.47000E-03       4.78641E-03       6.40750E-01       1.03945E-01       1.05063E-01
       1.65959E-01       1.73780E-01       1.69869E-01       7.82100E-03       4.97975E-03       6.36716E-01       1.08159E-01       1.10043E-01
       1.73780E-01       1.81970E-01       1.77875E-01       8.19000E-03       5.17835E-03       6.32277E-01       1.12466E-01       1.15221E-01
       1.81970E-01       1.90546E-01       1.86258E-01       8.57600E-03       5.38201E-03       6.27566E-01       1.16889E-01       1.20603E-01
       1.90546E-01       1.99526E-01       1.95036E-01       8.98000E-03       5.59057E-03       6.22558E-01       1.21421E-01       1.26194E-01
       1.99526E-01       2.08930E-01       2.04228E-01       9.40400E-03       5.80398E-03       6.17182E-01       1.26046E-01       1.31998E-01
       2.08930E-01       2.18776E-01       2.13853E-01       9.84600E-03       6.02180E-03       6.11599E-01       1.30792E-01       1.38020E-01
       2.18776E-01       2.29087E-01       2.23931E-01       1.03110E-02       6.24385E-03       6.05553E-01       1.35602E-01       1.44263E-01
       2.29087E-01       2.39883E-01       2.34485E-01       1.07960E-02       6.46984E-03       5.99281E-01       1.40522E-01       1.50733E-01
       2.39883E-01       2.51189E-01       2.45536E-01       1.13060E-02       6.69948E-03       5.92560E-01       1.45495E-01       1.57433E-01
       2.51189E-01       2.63027E-01       2.57108E-01       1.18380E-02       6.93247E-03       5.85612E-01       1.50566E-01       1.64365E-01
       2.63027E-01       2.75423E-01       2.69225E-01       1.23960E-02       7.16838E-03       5.78282E-01       1.55688E-01       1.71534E-01
       2.75423E-01       2.88403E-01       2.81913E-01       1.29800E-02       7.40701E-03       5.70648E-01       1.60873E-01       1.78941E-01
       2.88403E-01       3.01995E-01       2.95199E-01       1.35920E-02       7.64791E-03       5.62677E-01       1.66102E-01       1.86588E-01
       3.01995E-01       3.16228E-01       3.09112E-01       1.42330E-02       7.89088E-03       5.54408E-01       1.71374E-01       1.94479E-01
       3.16228E-01       3.31131E-01       3.23680E-01       1.49030E-02       8.13574E-03       5.45913E-01       1.76701E-01       2.02615E-01
       3.31131E-01       3.46737E-01       3.38934E-01       1.56060E-02       8.38241E-03       5.37127E-01       1.82051E-01       2.10997E-01
       3.46737E-01       3.63078E-01       3.54908E-01       1.63410E-02       8.63070E-03       5.28162E-01       1.87449E-01       2.19628E-01
       3.63078E-01       3.80189E-01       3.71633E-01       1.71110E-02       8.88080E-03       5.19011E-01       1.92882E-01       2.28509E-01
       3.80189E-01       3.98107E-01       3.89148E-01       1.79180E-02       9.13298E-03       5.09710E-01       1.98353E-01       2.37642E-01
       3.98107E-01       4.16869E-01       4.07488E-01       1.87620E-02       9.38769E-03       5.00357E-01       2.03889E-01       2.47030E-01
       4.16869E-01       4.36516E-01       4.26692E-01       1.96470E-02       9.64570E-03       4.90950E-01       2.09485E-01       2.56675E-01
       4.36516E-01       4.57088E-01       4.46802E-01       2.05720E-02       9.90793E-03       4.81622E-01       2.15190E-01       2.66583E-01
       4.57088E-01       4.78630E-01       4.67859E-01       2.15420E-02       1.01757E-02       4.72364E-01       2.21000E-01       2.76759E-01
       4.78630E-01       5.01187E-01       4.89909E-01       2.25570E-02       1.04506E-02       4.63298E-01       2.26973E-01       2.87210E-01
       5.01187E-01       5.24808E-01       5.12998E-01       2.36210E-02       1.07347E-02       4.54458E-01       2.33136E-01       2.97944E-01
       5.24808E-01       5.49541E-01       5.37174E-01       2.47330E-02       1.10304E-02       4.45980E-01       2.39569E-01       3.08975E-01
       5.49541E-01       5.75440E-01       5.62490E-01       2.58990E-02       1.13406E-02       4.37876E-01       2.46301E-01       3.20315E-01
       5.75440E-01       6.02560E-01       5.89000E-01       2.71200E-02       1.16681E-02       4.30238E-01       2.53410E-01       3.31983E-01
       6.02560E-01       6.30957E-01       6.16758E-01       2.83970E-02       1.20165E-02       4.23161E-01       2.60988E-01       3.44000E-01
       6.30957E-01       6.60693E-01       6.45825E-01       2.97360E-02       1.23896E-02       4.16653E-01       2.69085E-01       3.56389E-01
       6.60693E-01       6.91831E-01       6.76262E-01       3.11380E-02       1.27911E-02       4.10789E-01       2.77801E-01       3.69181E-01
       6.91831E-01       7.24436E-01       7.08133E-01       3.26050E-02       1.32251E-02       4.05616E-01       2.87230E-01       3.82406E-01
       7.24436E-01       7.58578E-01       7.41507E-01       3.41420E-02       1.36952E-02       4.01125E-01       2.97437E-01       3.96101E-01
       7.58578E-01       7.94328E-01       7.76453E-01       3.57500E-02       1.42053E-02       3.97351E-01       3.08524E-01       4.10306E-01
       7.94328E-01       8.31764E-01       8.13046E-01       3.74360E-02       1.47585E-02       3.94234E-01       3.20530E-01       4.25065E-01
       8.31764E-01       8.70964E-01       8.51364E-01       3.92000E-02       1.53577E-02       3.91779E-01       3.33546E-01       4.40422E-01
       8.70964E-01       9.12011E-01       8.91487E-01       4.10470E-02       1.60055E-02       3.89931E-01       3.47618E-01       4.56428E-01
       9.12011E-01       9.54993E-01       9.33502E-01       4.29820E-02       1.67041E-02       3.88631E-01       3.62788E-01       4.73132E-01
       9.54993E-01       1.00000E+00       9.77497E-01       4.50070E-02       1.74565E-02       3.87861E-01       3.79133E-01       4.90589E-01
       1.00000E+00       1.04713E+00       1.02357E+00       4.71300E-02       1.82668E-02       3.87583E-01       3.96717E-01       5.08855E-01
       1.04713E+00       1.09648E+00       1.07181E+00       4.93500E-02       1.91413E-02       3.87868E-01       4.15718E-01       5.27997E-01
       1.09648E+00       1.14815E+00       1.12231E+00       5.16700E-02       2.00935E-02       3.88880E-01       4.36446E-01       5.48090E-01
       1.14815E+00       1.20226E+00       1.17520E+00       5.41100E-02       2.11418E-02       3.90720E-01       4.59176E-01       5.69232E-01
       1.20226E+00       1.25892E+00       1.23059E+00       5.66600E-02       2.23211E-02       3.93947E-01       4.84788E-01       5.91553E-01
       1.25892E+00       1.31826E+00       1.28859E+00       5.93400E-02       2.36804E-02       3.99062E-01       5.14228E-01       6.15233E-01
       1.31826E+00       1.38038E+00       1.34932E+00       6.21200E-02       2.52922E-02       4.07151E-01       5.49377E-01       6.40526E-01
       1.38038E+00       1.44544E+00       1.41291E+00       6.50600E-02       2.72594E-02       4.18988E-01       5.91993E-01       6.67785E-01
       1.44544E+00       1.51356E+00       1.47950E+00       6.81200E-02       2.97112E-02       4.36160E-01       6.45299E-01       6.97496E-01
       1.51356E+00       1.58489E+00       1.54923E+00       7.13300E-02       3.28061E-02       4.59920E-01       7.12519E-01       7.30302E-01
       1.58489E+00       1.65959E+00       1.62224E+00       7.47000E-02       3.67083E-02       4.91410E-01       7.97185E-01       7.67011E-01
       1.65959E+00       1.73780E+00       1.69869E+00       7.82100E-02       4.15480E-02       5.31237E-01       9.02409E-01       8.08559E-01
       1.73780E+00       1.81970E+00       1.77875E+00       8.19000E-02       4.73345E-02       5.77955E-01       1.02804E+00       8.55893E-01
       1.81970E+00       1.90546E+00       1.86258E+00       8.57600E-02       5.37962E-02       6.27288E-01       1.16837E+00       9.09689E-01
       1.90546E+00       1.99526E+00       1.95036E+00       8.98000E-02       6.00979E-02       6.69242E-01       1.30526E+00       9.69787E-01
       1.99526E+00       2.08930E+00       2.04228E+00       9.40400E-02       3.02125E-02       3.21272E-01       6.56128E-01       1.00000E+00

 Sum =                                                                         1.00000E+00
 Renormalization bin#   962 =                                                  1.54255E-03 barn        1.72000E+07        1.74000E+07        1.73000E+07
 Avg. Energy     bin#   962 =                                                  1.02489E+00 MeV         1.72000E+07        1.74000E+07
