"        MT=604 recoil spectrum "
" Initial neutron energy corresponds to the group:"
   1.94000E+01    1.96000E+01       0.00000E+00           774           883           110



          Low               High              Mid              Energy           Number             dn/de            E*dn/de          Cumulative
         Energy            Energy            Energy             Width          Fraction                               Sum   
         [MeV]             [MeV]             [MeV]              [MeV]

       1.44544E-02       1.51356E-02       1.47950E-02       6.81199E-04       0.00000E+00       0.00000E+00       0.00000E+00       0.00000E+00
       1.51356E-02       1.58489E-02       1.54923E-02       7.13301E-04       6.04809E-04       8.47901E-01       1.31359E-02       6.04809E-04
       1.58489E-02       1.65959E-02       1.62224E-02       7.47000E-04       7.45296E-04       9.97719E-01       1.61854E-02       1.35010E-03
       1.65959E-02       1.73780E-02       1.69870E-02       7.82100E-04       7.78657E-04       9.95598E-01       1.69122E-02       2.12876E-03
       1.73780E-02       1.81970E-02       1.77875E-02       8.19000E-04       8.13392E-04       9.93153E-01       1.76657E-02       2.94215E-03
       1.81970E-02       1.90546E-02       1.86258E-02       8.57600E-04       8.49533E-04       9.90594E-01       1.84506E-02       3.79169E-03
       1.90546E-02       1.99526E-02       1.95036E-02       8.98000E-04       8.87220E-04       9.87996E-01       1.92695E-02       4.67891E-03
       1.99526E-02       2.08930E-02       2.04228E-02       9.40400E-04       9.26430E-04       9.85145E-01       2.01194E-02       5.60534E-03
       2.08930E-02       2.18776E-02       2.13853E-02       9.84600E-04       9.67314E-04       9.82444E-01       2.10099E-02       6.57265E-03
       2.18776E-02       2.29087E-02       2.23931E-02       1.03110E-03       1.00982E-03       9.79367E-01       2.19311E-02       7.58248E-03
       2.29087E-02       2.39883E-02       2.34485E-02       1.07960E-03       1.05404E-03       9.76324E-01       2.28933E-02       8.63652E-03
       2.39883E-02       2.51189E-02       2.45536E-02       1.13060E-03       1.10008E-03       9.73005E-01       2.38908E-02       9.73660E-03
       2.51189E-02       2.63027E-02       2.57108E-02       1.18380E-03       1.14797E-03       9.69732E-01       2.49326E-02       1.08846E-02
       2.63027E-02       2.75423E-02       2.69225E-02       1.23960E-03       1.19766E-03       9.66162E-01       2.60115E-02       1.20822E-02
       2.75423E-02       2.88403E-02       2.81913E-02       1.29800E-03       1.24937E-03       9.62536E-01       2.71351E-02       1.33316E-02
       2.88403E-02       3.01995E-02       2.95199E-02       1.35920E-03       1.30301E-03       9.58663E-01       2.82996E-02       1.46346E-02
       3.01995E-02       3.16228E-02       3.09112E-02       1.42330E-03       1.35881E-03       9.54689E-01       2.95105E-02       1.59934E-02
       3.16228E-02       3.31131E-02       3.23680E-02       1.49030E-03       1.41665E-03       9.50577E-01       3.07682E-02       1.74101E-02
       3.31131E-02       3.46737E-02       3.38934E-02       1.56060E-03       1.47671E-03       9.46248E-01       3.20716E-02       1.88868E-02
       3.46737E-02       3.63078E-02       3.54908E-02       1.63410E-03       1.53898E-03       9.41789E-01       3.34248E-02       2.04258E-02
       3.63078E-02       3.80189E-02       3.71633E-02       1.71110E-03       1.60350E-03       9.37117E-01       3.48264E-02       2.20292E-02
       3.80189E-02       3.98107E-02       3.89148E-02       1.79180E-03       1.67040E-03       9.32245E-01       3.62781E-02       2.36996E-02
       3.98107E-02       4.16869E-02       4.07488E-02       1.87620E-03       1.73969E-03       9.27242E-01       3.77840E-02       2.54393E-02
       4.16869E-02       4.36516E-02       4.26693E-02       1.96470E-03       1.81141E-03       9.21977E-01       3.93401E-02       2.72507E-02
       4.36516E-02       4.57088E-02       4.46802E-02       2.05720E-03       1.88556E-03       9.16565E-01       4.09523E-02       2.91363E-02
       4.57088E-02       4.78630E-02       4.67859E-02       2.15420E-03       1.96228E-03       9.10910E-01       4.26177E-02       3.10986E-02
       4.78630E-02       5.01187E-02       4.89908E-02       2.25570E-03       2.04158E-03       9.05077E-01       4.43405E-02       3.31402E-02
       5.01187E-02       5.24808E-02       5.12998E-02       2.36210E-03       2.12340E-03       8.98946E-01       4.61157E-02       3.52636E-02
       5.24808E-02       5.49541E-02       5.37174E-02       2.47330E-03       2.20790E-03       8.92695E-01       4.79533E-02       3.74715E-02
       5.49541E-02       5.75440E-02       5.62491E-02       2.58990E-03       2.29503E-03       8.86146E-01       4.98449E-02       3.97665E-02
       5.75440E-02       6.02560E-02       5.89000E-02       2.71200E-03       2.38485E-03       8.79371E-01       5.17949E-02       4.21514E-02
       6.02560E-02       6.30957E-02       6.16758E-02       2.83970E-03       2.47738E-03       8.72409E-01       5.38066E-02       4.46287E-02
       6.30957E-02       6.60693E-02       6.45825E-02       2.97360E-03       2.57251E-03       8.65116E-01       5.58714E-02       4.72012E-02
       6.60693E-02       6.91831E-02       6.76262E-02       3.11380E-03       2.67041E-03       8.57604E-01       5.79965E-02       4.98716E-02
       6.91831E-02       7.24436E-02       7.08134E-02       3.26050E-03       2.77103E-03       8.49880E-01       6.01829E-02       5.26427E-02
       7.24436E-02       7.58578E-02       7.41507E-02       3.41420E-03       2.87429E-03       8.41865E-01       6.24249E-02       5.55170E-02
       7.58578E-02       7.94328E-02       7.76453E-02       3.57500E-03       2.98020E-03       8.33622E-01       6.47268E-02       5.84972E-02
       7.94328E-02       8.31764E-02       8.13046E-02       3.74360E-03       3.08873E-03       8.25070E-01       6.70820E-02       6.15859E-02
       8.31764E-02       8.70964E-02       8.51364E-02       3.92000E-03       3.19989E-03       8.16299E-01       6.94967E-02       6.47858E-02
       8.70964E-02       9.12011E-02       8.91488E-02       4.10470E-03       3.31357E-03       8.07262E-01       7.19664E-02       6.80994E-02
       9.12011E-02       9.54993E-02       9.33502E-02       4.29820E-03       3.42973E-03       7.97947E-01       7.44885E-02       7.15291E-02
       9.54993E-02       1.00000E-01       9.77497E-02       4.50070E-03       3.54831E-03       7.88391E-01       7.70649E-02       7.50774E-02
       1.00000E-01       1.04713E-01       1.02357E-01       4.71300E-03       3.66925E-03       7.78537E-01       7.96883E-02       7.87467E-02
       1.04713E-01       1.09648E-01       1.07180E-01       4.93500E-03       3.79228E-03       7.68446E-01       8.23624E-02       8.25389E-02
       1.09648E-01       1.14815E-01       1.12231E-01       5.16700E-03       3.91762E-03       7.58200E-01       8.50939E-02       8.64566E-02
       1.14815E-01       1.20226E-01       1.17520E-01       5.41100E-03       4.04483E-03       7.47520E-01       8.78489E-02       9.05014E-02
       1.20226E-01       1.25892E-01       1.23059E-01       5.66600E-03       4.17414E-03       7.36700E-01       9.06576E-02       9.46755E-02
       1.25892E-01       1.31826E-01       1.28859E-01       5.93400E-03       4.30521E-03       7.25515E-01       9.34892E-02       9.89807E-02
       1.31826E-01       1.38038E-01       1.34932E-01       6.21200E-03       4.43782E-03       7.14395E-01       9.63948E-02       1.03419E-01
       1.38038E-01       1.44544E-01       1.41291E-01       6.50600E-03       4.57212E-03       7.02754E-01       9.92929E-02       1.07991E-01
       1.44544E-01       1.51356E-01       1.47950E-01       6.81200E-03       4.70769E-03       6.91088E-01       1.02246E-01       1.12698E-01
       1.51356E-01       1.58489E-01       1.54923E-01       7.13300E-03       4.84462E-03       6.79184E-01       1.05221E-01       1.17543E-01
       1.58489E-01       1.65959E-01       1.62224E-01       7.47000E-03       4.98268E-03       6.67025E-01       1.08208E-01       1.22526E-01
       1.65959E-01       1.73780E-01       1.69869E-01       7.82100E-03       5.12174E-03       6.54870E-01       1.11242E-01       1.27647E-01
       1.73780E-01       1.81970E-01       1.77875E-01       8.19000E-03       5.26175E-03       6.42460E-01       1.14278E-01       1.32909E-01
       1.81970E-01       1.90546E-01       1.86258E-01       8.57600E-03       5.40248E-03       6.29954E-01       1.17334E-01       1.38312E-01
       1.90546E-01       1.99526E-01       1.95036E-01       8.98000E-03       5.54395E-03       6.17366E-01       1.20409E-01       1.43856E-01
       1.99526E-01       2.08930E-01       2.04228E-01       9.40400E-03       5.68618E-03       6.04655E-01       1.23488E-01       1.49542E-01
       2.08930E-01       2.18776E-01       2.13853E-01       9.84600E-03       5.82909E-03       5.92026E-01       1.26607E-01       1.55371E-01
       2.18776E-01       2.29087E-01       2.23931E-01       1.03110E-02       5.97255E-03       5.79241E-01       1.29710E-01       1.61343E-01
       2.29087E-01       2.39883E-01       2.34485E-01       1.07960E-02       6.11678E-03       5.66578E-01       1.32854E-01       1.67460E-01
       2.39883E-01       2.51189E-01       2.45536E-01       1.13060E-02       6.26182E-03       5.53849E-01       1.35990E-01       1.73722E-01
       2.51189E-01       2.63027E-01       2.57108E-01       1.18380E-02       6.40800E-03       5.41307E-01       1.39174E-01       1.80130E-01
       2.63027E-01       2.75423E-01       2.69225E-01       1.23960E-02       6.55535E-03       5.28828E-01       1.42374E-01       1.86685E-01
       2.75423E-01       2.88403E-01       2.81913E-01       1.29800E-02       6.70430E-03       5.16510E-01       1.45611E-01       1.93390E-01
       2.88403E-01       3.01995E-01       2.95199E-01       1.35920E-02       6.85519E-03       5.04355E-01       1.48885E-01       2.00245E-01
       3.01995E-01       3.16228E-01       3.09112E-01       1.42330E-02       7.00858E-03       4.92417E-01       1.52212E-01       2.07253E-01
       3.16228E-01       3.31131E-01       3.23680E-01       1.49030E-02       7.16495E-03       4.80773E-01       1.55616E-01       2.14418E-01
       3.31131E-01       3.46737E-01       3.38934E-01       1.56060E-02       7.32501E-03       4.69371E-01       1.59086E-01       2.21743E-01
       3.46737E-01       3.63078E-01       3.54908E-01       1.63410E-02       7.48955E-03       4.58328E-01       1.62664E-01       2.29233E-01
       3.63078E-01       3.80189E-01       3.71633E-01       1.71110E-02       7.65944E-03       4.47632E-01       1.66355E-01       2.36892E-01
       3.80189E-01       3.98107E-01       3.89148E-01       1.79180E-02       7.83558E-03       4.37302E-01       1.70175E-01       2.44728E-01
       3.98107E-01       4.16869E-01       4.07488E-01       1.87620E-02       8.01912E-03       4.27413E-01       1.74166E-01       2.52747E-01
       4.16869E-01       4.36516E-01       4.26692E-01       1.96470E-02       8.21118E-03       4.17936E-01       1.78330E-01       2.60958E-01
       4.36516E-01       4.57088E-01       4.46802E-01       2.05720E-02       8.41308E-03       4.08958E-01       1.82723E-01       2.69371E-01
       4.57088E-01       4.78630E-01       4.67859E-01       2.15420E-02       8.62600E-03       4.00427E-01       1.87343E-01       2.77997E-01
       4.78630E-01       5.01187E-01       4.89909E-01       2.25570E-02       8.85134E-03       3.92399E-01       1.92240E-01       2.86849E-01
       5.01187E-01       5.24808E-01       5.12998E-01       2.36210E-02       9.09061E-03       3.84853E-01       1.97428E-01       2.95939E-01
       5.24808E-01       5.49541E-01       5.37174E-01       2.47330E-02       9.34501E-03       3.77836E-01       2.02964E-01       3.05284E-01
       5.49541E-01       5.75440E-01       5.62490E-01       2.58990E-02       9.61605E-03       3.71291E-01       2.08847E-01       3.14900E-01
       5.75440E-01       6.02560E-01       5.89000E-01       2.71200E-02       9.90523E-03       3.65237E-01       2.15125E-01       3.24806E-01
       6.02560E-01       6.30957E-01       6.16758E-01       2.83970E-02       1.02138E-02       3.59678E-01       2.21834E-01       3.35019E-01
       6.30957E-01       6.60693E-01       6.45825E-01       2.97360E-02       1.05431E-02       3.54556E-01       2.28981E-01       3.45562E-01
       6.60693E-01       6.91831E-01       6.76262E-01       3.11380E-02       1.08946E-02       3.49880E-01       2.36611E-01       3.56457E-01
       6.91831E-01       7.24436E-01       7.08133E-01       3.26050E-02       1.12693E-02       3.45632E-01       2.44754E-01       3.67726E-01
       7.24436E-01       7.58578E-01       7.41507E-01       3.41420E-02       1.16689E-02       3.41775E-01       2.53429E-01       3.79395E-01
       7.58578E-01       7.94328E-01       7.76453E-01       3.57500E-02       1.20946E-02       3.38311E-01       2.62683E-01       3.91490E-01
       7.94328E-01       8.31764E-01       8.13046E-01       3.74360E-02       1.25483E-02       3.35194E-01       2.72528E-01       4.04038E-01
       8.31764E-01       8.70964E-01       8.51364E-01       3.92000E-02       1.30316E-02       3.32440E-01       2.83027E-01       4.17070E-01
       8.70964E-01       9.12011E-01       8.91487E-01       4.10470E-02       1.35471E-02       3.30038E-01       2.94225E-01       4.30617E-01
       9.12011E-01       9.54993E-01       9.33502E-01       4.29820E-02       1.40976E-02       3.27988E-01       3.06178E-01       4.44714E-01
       9.54993E-01       1.00000E+00       9.77497E-01       4.50070E-02       1.46868E-02       3.26323E-01       3.18980E-01       4.59401E-01
       1.00000E+00       1.04713E+00       1.02357E+00       4.71300E-02       1.53196E-02       3.25051E-01       3.32711E-01       4.74721E-01
       1.04713E+00       1.09648E+00       1.07181E+00       4.93500E-02       1.60012E-02       3.24239E-01       3.47521E-01       4.90722E-01
       1.09648E+00       1.14815E+00       1.12231E+00       5.16700E-02       1.67399E-02       3.23977E-01       3.63604E-01       5.07462E-01
       1.14815E+00       1.20226E+00       1.17520E+00       5.41100E-02       1.75432E-02       3.24214E-01       3.81018E-01       5.25005E-01
       1.20226E+00       1.25892E+00       1.23059E+00       5.66600E-02       1.84237E-02       3.25162E-01       4.00141E-01       5.43429E-01
       1.25892E+00       1.31826E+00       1.28859E+00       5.93400E-02       1.93947E-02       3.26841E-01       4.21164E-01       5.62824E-01
       1.31826E+00       1.38038E+00       1.34932E+00       6.21200E-02       2.04748E-02       3.29600E-01       4.44736E-01       5.83298E-01
       1.38038E+00       1.44544E+00       1.41291E+00       6.50600E-02       2.16920E-02       3.33416E-01       4.71087E-01       6.04990E-01
       1.44544E+00       1.51356E+00       1.47950E+00       6.81200E-02       2.30866E-02       3.38910E-01       5.01418E-01       6.28077E-01
       1.51356E+00       1.58489E+00       1.54923E+00       7.13300E-02       2.47266E-02       3.46651E-01       5.37041E-01       6.52804E-01
       1.58489E+00       1.65959E+00       1.62224E+00       7.47000E-02       2.67254E-02       3.57770E-01       5.80389E-01       6.79529E-01
       1.65959E+00       1.73780E+00       1.69869E+00       7.82100E-02       2.92788E-02       3.74361E-01       6.35926E-01       7.08808E-01
       1.73780E+00       1.81970E+00       1.77875E+00       8.19000E-02       3.27266E-02       3.99592E-01       7.10774E-01       7.41534E-01
       1.81970E+00       1.90546E+00       1.86258E+00       8.57600E-02       3.76540E-02       4.39063E-01       8.17790E-01       7.79189E-01
       1.90546E+00       1.99526E+00       1.95036E+00       8.98000E-02       4.50581E-02       5.01761E-01       9.78614E-01       8.24247E-01
       1.99526E+00       2.08930E+00       2.04228E+00       9.40400E-02       5.66201E-02       6.02086E-01       1.22963E+00       8.80867E-01
       2.08930E+00       2.18776E+00       2.13853E+00       9.84600E-02       7.51321E-02       7.63073E-01       1.63185E+00       9.55999E-01
       2.18776E+00       2.29087E+00       2.23932E+00       1.03110E-01       4.40010E-02       4.26738E-01       9.55602E-01       1.00000E+00

 Sum =                                                                         1.00000E+00
 Renormalization bin#   973 =                                                  2.20554E-04 barn        1.94000E+07        1.96000E+07        1.95000E+07
 Avg. Energy     bin#   973 =                                                  1.12593E+00 MeV         1.94000E+07        1.96000E+07
