"        MT=603 recoil spectrum "
" Initial neutron energy corresponds to the group:"
   8.20000E+00    8.40000E+00       0.00000E+00           794           859            66



          Low               High              Mid              Energy           Number             dn/de            E*dn/de          Cumulative
         Energy            Energy            Energy             Width          Fraction                               Sum   
         [MeV]             [MeV]             [MeV]              [MeV]

       3.63078E-02       3.80189E-02       3.71633E-02       1.71110E-03       0.00000E+00       0.00000E+00       0.00000E+00       0.00000E+00
       3.80189E-02       3.98107E-02       3.89148E-02       1.79180E-03       5.91503E-04       3.30117E-01       1.28464E-02       5.91503E-04
       3.98107E-02       4.16869E-02       4.07488E-02       1.87620E-03       2.35592E-03       1.25569E+00       5.11677E-02       2.94742E-03
       4.16869E-02       4.36516E-02       4.26693E-02       1.96470E-03       2.52672E-03       1.28605E+00       5.48750E-02       5.47414E-03
       4.36516E-02       4.57088E-02       4.46802E-02       2.05720E-03       2.65172E-03       1.28899E+00       5.75925E-02       8.12585E-03
       4.57088E-02       4.78630E-02       4.67859E-02       2.15420E-03       2.78310E-03       1.29194E+00       6.04447E-02       1.09090E-02
       4.78630E-02       5.01187E-02       4.89908E-02       2.25570E-03       2.92124E-03       1.29505E+00       6.34456E-02       1.38302E-02
       5.01187E-02       5.24808E-02       5.12998E-02       2.36210E-03       3.06652E-03       1.29822E+00       6.65982E-02       1.68967E-02
       5.24808E-02       5.49541E-02       5.37174E-02       2.47330E-03       3.21926E-03       1.30161E+00       6.99189E-02       2.01160E-02
       5.49541E-02       5.75440E-02       5.62491E-02       2.58990E-03       3.37991E-03       1.30504E+00       7.34071E-02       2.34959E-02
       5.75440E-02       6.02560E-02       5.89000E-02       2.71200E-03       3.54892E-03       1.30860E+00       7.70764E-02       2.70448E-02
       6.02560E-02       6.30957E-02       6.16758E-02       2.83970E-03       3.72669E-03       1.31235E+00       8.09405E-02       3.07715E-02
       6.30957E-02       6.60693E-02       6.45825E-02       2.97360E-03       3.91373E-03       1.31616E+00       8.50008E-02       3.46852E-02
       6.60693E-02       6.91831E-02       6.76262E-02       3.11380E-03       4.11050E-03       1.32009E+00       8.92727E-02       3.87957E-02
       6.91831E-02       7.24436E-02       7.08134E-02       3.26050E-03       4.31757E-03       1.32420E+00       9.37714E-02       4.31133E-02
       7.24436E-02       7.58578E-02       7.41507E-02       3.41420E-03       4.53547E-03       1.32842E+00       9.85029E-02       4.76488E-02
       7.58578E-02       7.94328E-02       7.76453E-02       3.57500E-03       4.76483E-03       1.33282E+00       1.03487E-01       5.24136E-02
       7.94328E-02       8.31764E-02       8.13046E-02       3.74360E-03       5.00627E-03       1.33729E+00       1.08728E-01       5.74199E-02
       8.31764E-02       8.70964E-02       8.51364E-02       3.92000E-03       5.26038E-03       1.34193E+00       1.14247E-01       6.26802E-02
       8.70964E-02       9.12011E-02       8.91488E-02       4.10470E-03       5.52785E-03       1.34671E+00       1.20058E-01       6.82081E-02
       9.12011E-02       9.54993E-02       9.33502E-02       4.29820E-03       5.80949E-03       1.35161E+00       1.26173E-01       7.40176E-02
       9.54993E-02       1.00000E-01       9.77497E-02       4.50070E-03       6.10595E-03       1.35667E+00       1.32614E-01       8.01235E-02
       1.00000E-01       1.04713E-01       1.02357E-01       4.71300E-03       6.41820E-03       1.36181E+00       1.39390E-01       8.65417E-02
       1.04713E-01       1.09648E-01       1.07180E-01       4.93500E-03       6.74670E-03       1.36711E+00       1.46528E-01       9.32884E-02
       1.09648E-01       1.14815E-01       1.12231E-01       5.16700E-03       7.09288E-03       1.37273E+00       1.54063E-01       1.00381E-01
       1.14815E-01       1.20226E-01       1.17520E-01       5.41100E-03       7.45704E-03       1.37813E+00       1.61958E-01       1.07838E-01
       1.20226E-01       1.25892E-01       1.23059E-01       5.66600E-03       7.84071E-03       1.38382E+00       1.70291E-01       1.15679E-01
       1.25892E-01       1.31826E-01       1.28859E-01       5.93400E-03       8.24462E-03       1.38939E+00       1.79035E-01       1.23924E-01
       1.31826E-01       1.38038E-01       1.34932E-01       6.21200E-03       8.66955E-03       1.39561E+00       1.88313E-01       1.32593E-01
       1.38038E-01       1.44544E-01       1.41291E-01       6.50600E-03       9.11714E-03       1.40134E+00       1.97997E-01       1.41710E-01
       1.44544E-01       1.51356E-01       1.47950E-01       6.81200E-03       9.58794E-03       1.40751E+00       2.08241E-01       1.51298E-01
       1.51356E-01       1.58489E-01       1.54923E-01       7.13300E-03       1.00836E-02       1.41365E+00       2.19007E-01       1.61382E-01
       1.58489E-01       1.65959E-01       1.62224E-01       7.47000E-03       1.06050E-02       1.41968E+00       2.30307E-01       1.71987E-01
       1.65959E-01       1.73780E-01       1.69869E-01       7.82100E-03       1.11535E-02       1.42609E+00       2.42250E-01       1.83140E-01
       1.73780E-01       1.81970E-01       1.77875E-01       8.19000E-03       1.17303E-02       1.43227E+00       2.54765E-01       1.94871E-01
       1.81970E-01       1.90546E-01       1.86258E-01       8.57600E-03       1.23367E-02       1.43852E+00       2.67936E-01       2.07207E-01
       1.90546E-01       1.99526E-01       1.95036E-01       8.98000E-03       1.29740E-02       1.44477E+00       2.81782E-01       2.20181E-01
       1.99526E-01       2.08930E-01       2.04228E-01       9.40400E-03       1.36437E-02       1.45085E+00       2.96303E-01       2.33825E-01
       2.08930E-01       2.18776E-01       2.13853E-01       9.84600E-03       1.43470E-02       1.45714E+00       3.11613E-01       2.48172E-01
       2.18776E-01       2.29087E-01       2.23931E-01       1.03110E-02       1.50850E-02       1.46300E+00       3.27611E-01       2.63257E-01
       2.29087E-01       2.39883E-01       2.34485E-01       1.07960E-02       1.58592E-02       1.46899E+00       3.44456E-01       2.79116E-01
       2.39883E-01       2.51189E-01       2.45536E-01       1.13060E-02       1.66708E-02       1.47451E+00       3.62046E-01       2.95787E-01
       2.51189E-01       2.63027E-01       2.57108E-01       1.18380E-02       1.75213E-02       1.48009E+00       3.80542E-01       3.13308E-01
       2.63027E-01       2.75423E-01       2.69225E-01       1.23960E-02       1.84113E-02       1.48526E+00       3.99870E-01       3.31720E-01
       2.75423E-01       2.88403E-01       2.81913E-01       1.29800E-02       1.93421E-02       1.49015E+00       4.20091E-01       3.51062E-01
       2.88403E-01       3.01995E-01       2.95199E-01       1.35920E-02       2.03144E-02       1.49458E+00       4.41199E-01       3.71376E-01
       3.01995E-01       3.16228E-01       3.09112E-01       1.42330E-02       2.13290E-02       1.49856E+00       4.63222E-01       3.92705E-01
       3.16228E-01       3.31131E-01       3.23680E-01       1.49030E-02       2.23861E-02       1.50212E+00       4.86205E-01       4.15091E-01
       3.31131E-01       3.46737E-01       3.38934E-01       1.56060E-02       2.34861E-02       1.50494E+00       5.10076E-01       4.38577E-01
       3.46737E-01       3.63078E-01       3.54908E-01       1.63410E-02       2.46282E-02       1.50714E+00       5.34896E-01       4.63206E-01
       3.63078E-01       3.80189E-01       3.71633E-01       1.71110E-02       2.58118E-02       1.50849E+00       5.60606E-01       4.89017E-01
       3.80189E-01       3.98107E-01       3.89148E-01       1.79180E-02       2.70355E-02       1.50885E+00       5.87165E-01       5.16053E-01
       3.98107E-01       4.16869E-01       4.07488E-01       1.87620E-02       2.82969E-02       1.50820E+00       6.14575E-01       5.44350E-01
       4.16869E-01       4.36516E-01       4.26692E-01       1.96470E-02       2.95927E-02       1.50622E+00       6.42693E-01       5.73943E-01
       4.36516E-01       4.57088E-01       4.46802E-01       2.05720E-02       3.09187E-02       1.50295E+00       6.71521E-01       6.04861E-01
       4.57088E-01       4.78630E-01       4.67859E-01       2.15420E-02       3.22683E-02       1.49793E+00       7.00818E-01       6.37130E-01
       4.78630E-01       5.01187E-01       4.89909E-01       2.25570E-02       3.36340E-02       1.49107E+00       7.30486E-01       6.70763E-01
       5.01187E-01       5.24808E-01       5.12998E-01       2.36210E-02       3.50053E-02       1.48196E+00       7.60241E-01       7.05769E-01
       5.24808E-01       5.49541E-01       5.37174E-01       2.47330E-02       3.63685E-02       1.47045E+00       7.89886E-01       7.42137E-01
       5.49541E-01       5.75440E-01       5.62490E-01       2.58990E-02       3.77066E-02       1.45591E+00       8.18934E-01       7.79844E-01
       5.75440E-01       6.02560E-01       5.89000E-01       2.71200E-02       3.89974E-02       1.43796E+00       8.46957E-01       8.18841E-01
       6.02560E-01       6.30957E-01       6.16758E-01       2.83970E-02       4.02125E-02       1.41608E+00       8.73381E-01       8.59054E-01
       6.30957E-01       6.60693E-01       6.45825E-01       2.97360E-02       4.13159E-02       1.38942E+00       8.97325E-01       9.00370E-01
       6.60693E-01       6.91831E-01       6.76262E-01       3.11380E-02       4.22619E-02       1.35725E+00       9.17853E-01       9.42632E-01
       6.91831E-01       7.24436E-01       7.08133E-01       3.26050E-02       4.27580E-02       1.31139E+00       9.28641E-01       9.85390E-01
       7.24436E-01       7.58578E-01       7.41507E-01       3.41420E-02       1.46103E-02       4.27927E-01       3.17311E-01       1.00000E+00

 Sum =                                                                         1.00000E+00
 Renormalization bin#   917 =                                                  2.73151E-02 barn        8.20000E+06        8.40000E+06        8.30000E+06
 Avg. Energy     bin#   917 =                                                  3.87661E-01 MeV         8.20000E+06        8.40000E+06
