"        MT=600 recoil spectrum "
" Initial neutron energy corresponds to the group:"
   1.32000E+01    1.34000E+01       0.00000E+00           769           875           107



          Low               High              Mid              Energy           Number             dn/de            E*dn/de          Cumulative
         Energy            Energy            Energy             Width          Fraction                               Sum   
         [MeV]             [MeV]             [MeV]              [MeV]

       1.14815E-02       1.20226E-02       1.17521E-02       5.41100E-04       0.00000E+00       0.00000E+00       0.00000E+00       0.00000E+00
       1.20226E-02       1.25892E-02       1.23059E-02       5.66601E-04       1.79182E-04       3.16240E-01       3.89161E-03       1.79182E-04
       1.25892E-02       1.31826E-02       1.28859E-02       5.93399E-04       3.70427E-04       6.24246E-01       8.04397E-03       5.49609E-04
       1.31826E-02       1.38038E-02       1.34932E-02       6.21200E-04       3.88077E-04       6.24722E-01       8.42950E-03       9.37686E-04
       1.38038E-02       1.44544E-02       1.41291E-02       6.50601E-04       4.06652E-04       6.25041E-01       8.83127E-03       1.34434E-03
       1.44544E-02       1.51356E-02       1.47950E-02       6.81199E-04       4.26077E-04       6.25481E-01       9.25399E-03       1.77042E-03
       1.51356E-02       1.58489E-02       1.54923E-02       7.13301E-04       4.46452E-04       6.25896E-01       9.69654E-03       2.21687E-03
       1.58489E-02       1.65959E-02       1.62224E-02       7.47000E-04       4.67828E-04       6.26276E-01       1.01597E-02       2.68470E-03
       1.65959E-02       1.73780E-02       1.69870E-02       7.82100E-04       4.90252E-04       6.26841E-01       1.06481E-02       3.17495E-03
       1.73780E-02       1.81970E-02       1.77875E-02       8.19000E-04       5.13728E-04       6.27263E-01       1.11574E-02       3.68868E-03
       1.81970E-02       1.90546E-02       1.86258E-02       8.57600E-04       5.38402E-04       6.27802E-01       1.16933E-02       4.22708E-03
       1.90546E-02       1.99526E-02       1.95036E-02       8.98000E-04       5.64228E-04       6.28317E-01       1.22544E-02       4.79131E-03
       1.99526E-02       2.08930E-02       2.04228E-02       9.40400E-04       5.91354E-04       6.28832E-01       1.28425E-02       5.38266E-03
       2.08930E-02       2.18776E-02       2.13853E-02       9.84600E-04       6.19778E-04       6.29472E-01       1.34615E-02       6.00244E-03
       2.18776E-02       2.29087E-02       2.23931E-02       1.03110E-03       6.49603E-04       6.30010E-01       1.41079E-02       6.65204E-03
       2.29087E-02       2.39883E-02       2.34485E-02       1.07960E-03       6.80879E-04       6.30676E-01       1.47884E-02       7.33292E-03
       2.39883E-02       2.51189E-02       2.45536E-02       1.13060E-03       7.13728E-04       6.31283E-01       1.55003E-02       8.04665E-03
       2.51189E-02       2.63027E-02       2.57108E-02       1.18380E-03       7.48155E-04       6.31995E-01       1.62491E-02       8.79480E-03
       2.63027E-02       2.75423E-02       2.69225E-02       1.23960E-03       7.84279E-04       6.32686E-01       1.70335E-02       9.57908E-03
       2.75423E-02       2.88403E-02       2.81913E-02       1.29800E-03       8.22205E-04       6.33440E-01       1.78575E-02       1.04013E-02
       2.88403E-02       3.01995E-02       2.95199E-02       1.35920E-03       8.62005E-04       6.34200E-01       1.87215E-02       1.12633E-02
       3.01995E-02       3.16228E-02       3.09112E-02       1.42330E-03       9.03729E-04       6.34953E-01       1.96271E-02       1.21670E-02
       3.16228E-02       3.31131E-02       3.23680E-02       1.49030E-03       9.47580E-04       6.35831E-01       2.05806E-02       1.31146E-02
       3.31131E-02       3.46737E-02       3.38934E-02       1.56060E-03       9.93578E-04       6.36665E-01       2.15787E-02       1.41082E-02
       3.46737E-02       3.63078E-02       3.54908E-02       1.63410E-03       1.04181E-03       6.37541E-01       2.26268E-02       1.51500E-02
       3.63078E-02       3.80189E-02       3.71633E-02       1.71110E-03       1.09253E-03       6.38495E-01       2.37286E-02       1.62425E-02
       3.80189E-02       3.98107E-02       3.89148E-02       1.79180E-03       1.14576E-03       6.39446E-01       2.48839E-02       1.73883E-02
       3.98107E-02       4.16869E-02       4.07488E-02       1.87620E-03       1.20161E-03       6.40450E-01       2.60976E-02       1.85899E-02
       4.16869E-02       4.36516E-02       4.26693E-02       1.96470E-03       1.26026E-03       6.41449E-01       2.73702E-02       1.98501E-02
       4.36516E-02       4.57088E-02       4.46802E-02       2.05720E-03       1.32185E-03       6.42550E-01       2.87092E-02       2.11720E-02
       4.57088E-02       4.78630E-02       4.67859E-02       2.15420E-03       1.38655E-03       6.43652E-01       3.01138E-02       2.25585E-02
       4.78630E-02       5.01187E-02       4.89908E-02       2.25570E-03       1.45451E-03       6.44814E-01       3.15900E-02       2.40130E-02
       5.01187E-02       5.24808E-02       5.12998E-02       2.36210E-03       1.52589E-03       6.45986E-01       3.31389E-02       2.55389E-02
       5.24808E-02       5.49541E-02       5.37174E-02       2.47330E-03       1.60081E-03       6.47236E-01       3.47679E-02       2.71397E-02
       5.49541E-02       5.75440E-02       5.62491E-02       2.58990E-03       1.67959E-03       6.48515E-01       3.64783E-02       2.88193E-02
       5.75440E-02       6.02560E-02       5.89000E-02       2.71200E-03       1.76229E-03       6.49811E-01       3.82739E-02       3.05816E-02
       6.02560E-02       6.30957E-02       6.16758E-02       2.83970E-03       1.84914E-03       6.51174E-01       4.01617E-02       3.24308E-02
       6.30957E-02       6.60693E-02       6.45825E-02       2.97360E-03       1.94044E-03       6.52555E-01       4.21436E-02       3.43712E-02
       6.60693E-02       6.91831E-02       6.76262E-02       3.11380E-03       2.03636E-03       6.53977E-01       4.42260E-02       3.64076E-02
       6.91831E-02       7.24436E-02       7.08134E-02       3.26050E-03       2.13719E-03       6.55478E-01       4.64166E-02       3.85447E-02
       7.24436E-02       7.58578E-02       7.41507E-02       3.41420E-03       2.24306E-03       6.56980E-01       4.87155E-02       4.07878E-02
       7.58578E-02       7.94328E-02       7.76453E-02       3.57500E-03       2.35431E-03       6.58549E-01       5.11332E-02       4.31421E-02
       7.94328E-02       8.31764E-02       8.13046E-02       3.74360E-03       2.47123E-03       6.60122E-01       5.36710E-02       4.56133E-02
       8.31764E-02       8.70964E-02       8.51364E-02       3.92000E-03       2.59409E-03       6.61759E-01       5.63398E-02       4.82074E-02
       8.70964E-02       9.12011E-02       8.91488E-02       4.10470E-03       2.72317E-03       6.63426E-01       5.91436E-02       5.09306E-02
       9.12011E-02       9.54993E-02       9.33502E-02       4.29820E-03       2.85879E-03       6.65114E-01       6.20885E-02       5.37894E-02
       9.54993E-02       1.00000E-01       9.77497E-02       4.50070E-03       3.00129E-03       6.66850E-01       6.51843E-02       5.67907E-02
       1.00000E-01       1.04713E-01       1.02357E-01       4.71300E-03       3.15099E-03       6.68575E-01       6.84330E-02       5.99417E-02
       1.04713E-01       1.09648E-01       1.07180E-01       4.93500E-03       3.30817E-03       6.70349E-01       7.18483E-02       6.32498E-02
       1.09648E-01       1.14815E-01       1.12231E-01       5.16700E-03       3.47342E-03       6.72231E-01       7.54455E-02       6.67233E-02
       1.14815E-01       1.20226E-01       1.17520E-01       5.41100E-03       3.64677E-03       6.73954E-01       7.92034E-02       7.03700E-02
       1.20226E-01       1.25892E-01       1.23059E-01       5.66600E-03       3.82892E-03       6.75772E-01       8.31598E-02       7.41990E-02
       1.25892E-01       1.31826E-01       1.28859E-01       5.93400E-03       4.02014E-03       6.77476E-01       8.72989E-02       7.82191E-02
       1.31826E-01       1.38038E-01       1.34932E-01       6.21200E-03       4.22072E-03       6.79446E-01       9.16791E-02       8.24398E-02
       1.38038E-01       1.44544E-01       1.41291E-01       6.50600E-03       4.43133E-03       6.81114E-01       9.62352E-02       8.68711E-02
       1.44544E-01       1.51356E-01       1.47950E-01       6.81200E-03       4.65215E-03       6.82935E-01       1.01040E-01       9.15233E-02
       1.51356E-01       1.58489E-01       1.54923E-01       7.13300E-03       4.88380E-03       6.84677E-01       1.06072E-01       9.64071E-02
       1.58489E-01       1.65959E-01       1.62224E-01       7.47000E-03       5.12655E-03       6.86286E-01       1.11332E-01       1.01534E-01
       1.65959E-01       1.73780E-01       1.69869E-01       7.82100E-03       5.38091E-03       6.88008E-01       1.16872E-01       1.06915E-01
       1.73780E-01       1.81970E-01       1.77875E-01       8.19000E-03       5.64726E-03       6.89531E-01       1.22650E-01       1.12562E-01
       1.81970E-01       1.90546E-01       1.86258E-01       8.57600E-03       5.92609E-03       6.91008E-01       1.28706E-01       1.18488E-01
       1.90546E-01       1.99526E-01       1.95036E-01       8.98000E-03       6.21771E-03       6.92395E-01       1.35042E-01       1.24706E-01
       1.99526E-01       2.08930E-01       2.04228E-01       9.40400E-03       6.52266E-03       6.93605E-01       1.41653E-01       1.31228E-01
       2.08930E-01       2.18776E-01       2.13853E-01       9.84600E-03       6.84119E-03       6.94819E-01       1.48589E-01       1.38069E-01
       2.18776E-01       2.29087E-01       2.23931E-01       1.03110E-02       7.17362E-03       6.95725E-01       1.55795E-01       1.45243E-01
       2.29087E-01       2.39883E-01       2.34485E-01       1.07960E-02       7.52039E-03       6.96591E-01       1.63340E-01       1.52763E-01
       2.39883E-01       2.51189E-01       2.45536E-01       1.13060E-02       7.88177E-03       6.97131E-01       1.71171E-01       1.60645E-01
       2.51189E-01       2.63027E-01       2.57108E-01       1.18380E-02       8.25802E-03       6.97586E-01       1.79355E-01       1.68903E-01
       2.63027E-01       2.75423E-01       2.69225E-01       1.23960E-02       8.64930E-03       6.97749E-01       1.87852E-01       1.77553E-01
       2.75423E-01       2.88403E-01       2.81913E-01       1.29800E-02       9.05588E-03       6.97679E-01       1.96685E-01       1.86608E-01
       2.88403E-01       3.01995E-01       2.95199E-01       1.35920E-02       9.47778E-03       6.97306E-01       2.05844E-01       1.96086E-01
       3.01995E-01       3.16228E-01       3.09112E-01       1.42330E-02       9.91523E-03       6.96637E-01       2.15338E-01       2.06001E-01
       3.16228E-01       3.31131E-01       3.23680E-01       1.49030E-02       1.03681E-02       6.95707E-01       2.25186E-01       2.16370E-01
       3.31131E-01       3.46737E-01       3.38934E-01       1.56060E-02       1.08368E-02       6.94398E-01       2.35355E-01       2.27206E-01
       3.46737E-01       3.63078E-01       3.54908E-01       1.63410E-02       1.13209E-02       6.92792E-01       2.45877E-01       2.38527E-01
       3.63078E-01       3.80189E-01       3.71633E-01       1.71110E-02       1.18206E-02       6.90821E-01       2.56732E-01       2.50348E-01
       3.80189E-01       3.98107E-01       3.89148E-01       1.79180E-02       1.23362E-02       6.88482E-01       2.67921E-01       2.62684E-01
       3.98107E-01       4.16869E-01       4.07488E-01       1.87620E-02       1.28677E-02       6.85837E-01       2.79470E-01       2.75552E-01
       4.16869E-01       4.36516E-01       4.26692E-01       1.96470E-02       1.34152E-02       6.82811E-01       2.91350E-01       2.88967E-01
       4.36516E-01       4.57088E-01       4.46802E-01       2.05720E-02       1.39795E-02       6.79542E-01       3.03621E-01       3.02947E-01
       4.57088E-01       4.78630E-01       4.67859E-01       2.15420E-02       1.45611E-02       6.75941E-01       3.16245E-01       3.17508E-01
       4.78630E-01       5.01187E-01       4.89909E-01       2.25570E-02       1.51614E-02       6.72138E-01       3.29286E-01       3.32669E-01
       5.01187E-01       5.24808E-01       5.12998E-01       2.36210E-02       1.57819E-02       6.68132E-01       3.42750E-01       3.48451E-01
       5.24808E-01       5.49541E-01       5.37174E-01       2.47330E-02       1.64251E-02       6.64095E-01       3.56735E-01       3.64876E-01
       5.49541E-01       5.75440E-01       5.62490E-01       2.58990E-02       1.70938E-02       6.60017E-01       3.71253E-01       3.81970E-01
       5.75440E-01       6.02560E-01       5.89000E-01       2.71200E-02       1.77924E-02       6.56061E-01       3.86420E-01       3.99762E-01
       6.02560E-01       6.30957E-01       6.16758E-01       2.83970E-02       1.85258E-02       6.52387E-01       4.02365E-01       4.18288E-01
       6.30957E-01       6.60693E-01       6.45825E-01       2.97360E-02       1.93011E-02       6.49081E-01       4.19192E-01       4.37589E-01
       6.60693E-01       6.91831E-01       6.76262E-01       3.11380E-02       2.01258E-02       6.46343E-01       4.37097E-01       4.57715E-01
       6.91831E-01       7.24436E-01       7.08133E-01       3.26050E-02       2.10097E-02       6.44371E-01       4.56300E-01       4.78725E-01
       7.24436E-01       7.58578E-01       7.41507E-01       3.41420E-02       2.19640E-02       6.43312E-01       4.77020E-01       5.00689E-01
       7.58578E-01       7.94328E-01       7.76453E-01       3.57500E-02       2.30010E-02       6.43384E-01       4.99557E-01       5.23690E-01
       7.94328E-01       8.31764E-01       8.13046E-01       3.74360E-02       2.41345E-02       6.44686E-01       5.24159E-01       5.47824E-01
       8.31764E-01       8.70964E-01       8.51364E-01       3.92000E-02       2.53781E-02       6.47402E-01       5.51174E-01       5.73202E-01
       8.70964E-01       9.12011E-01       8.91487E-01       4.10470E-02       2.67451E-02       6.51572E-01       5.80868E-01       5.99947E-01
       9.12011E-01       9.54993E-01       9.33502E-01       4.29820E-02       2.82460E-02       6.57158E-01       6.13459E-01       6.28193E-01
       9.54993E-01       1.00000E+00       9.77497E-01       4.50070E-02       2.98861E-02       6.64032E-01       6.49089E-01       6.58079E-01
       1.00000E+00       1.04713E+00       1.02357E+00       4.71300E-02       3.16633E-02       6.71828E-01       6.87660E-01       6.89743E-01
       1.04713E+00       1.09648E+00       1.07181E+00       4.93500E-02       3.35605E-02       6.80050E-01       7.28881E-01       7.23303E-01
       1.09648E+00       1.14815E+00       1.12231E+00       5.16700E-02       3.55467E-02       6.87956E-01       7.72103E-01       7.58850E-01
       1.14815E+00       1.20226E+00       1.17520E+00       5.41100E-02       3.75597E-02       6.94135E-01       8.15751E-01       7.96409E-01
       1.20226E+00       1.25892E+00       1.23059E+00       5.66600E-02       3.95116E-02       6.97345E-01       8.58146E-01       8.35921E-01
       1.25892E+00       1.31826E+00       1.28859E+00       5.93400E-02       4.12700E-02       6.95484E-01       8.96193E-01       8.77191E-01
       1.31826E+00       1.38038E+00       1.34932E+00       6.21200E-02       4.26568E-02       6.86684E-01       9.26556E-01       9.19848E-01
       1.38038E+00       1.44544E+00       1.41291E+00       6.50600E-02       4.34513E-02       6.67865E-01       9.43633E-01       9.63299E-01
       1.44544E+00       1.51356E+00       1.47950E+00       6.81200E-02       3.62648E-02       5.32366E-01       7.87635E-01       9.99564E-01
       1.51356E+00       1.58489E+00       1.54923E+00       7.13300E-02       4.36168E-04       6.11479E-03       9.47318E-03       1.00000E+00

 Sum =                                                                         1.00000E+00
 Renormalization bin#   942 =                                                  1.02719E-02 barn        1.32000E+07        1.34000E+07        1.33000E+07
 Avg. Energy     bin#   942 =                                                  7.57759E-01 MeV         1.32000E+07        1.34000E+07
