"        MT=613 recoil spectrum "
" Initial neutron energy corresponds to the group:"
   1.26000E+01    1.28000E+01       0.00000E+00           799           869            71



          Low               High              Mid              Energy           Number             dn/de            E*dn/de          Cumulative
         Energy            Energy            Energy             Width          Fraction                               Sum   
         [MeV]             [MeV]             [MeV]              [MeV]

       4.57088E-02       4.78630E-02       4.67859E-02       2.15420E-03       0.00000E+00       0.00000E+00       0.00000E+00       0.00000E+00
       4.78630E-02       5.01187E-02       4.89908E-02       2.25570E-03       1.15290E-03       5.11106E-01       2.50395E-02       1.15290E-03
       5.01187E-02       5.24808E-02       5.12998E-02       2.36210E-03       1.75012E-03       7.40917E-01       3.80088E-02       2.90302E-03
       5.24808E-02       5.49541E-02       5.37174E-02       2.47330E-03       1.83745E-03       7.42916E-01       3.99075E-02       4.74048E-03
       5.49541E-02       5.75440E-02       5.62491E-02       2.58990E-03       1.92923E-03       7.44904E-01       4.19002E-02       6.66970E-03
       5.75440E-02       6.02560E-02       5.89000E-02       2.71200E-03       2.02585E-03       7.46994E-01       4.39979E-02       8.69555E-03
       6.02560E-02       6.30957E-02       6.16758E-02       2.83970E-03       2.12741E-03       7.49169E-01       4.62056E-02       1.08230E-02
       6.30957E-02       6.60693E-02       6.45825E-02       2.97360E-03       2.23430E-03       7.51379E-01       4.85259E-02       1.30573E-02
       6.60693E-02       6.91831E-02       6.76262E-02       3.11380E-03       2.34680E-03       7.53677E-01       5.09683E-02       1.54041E-02
       6.91831E-02       7.24436E-02       7.08134E-02       3.26050E-03       2.46506E-03       7.56038E-01       5.35376E-02       1.78691E-02
       7.24436E-02       7.58578E-02       7.41507E-02       3.41420E-03       2.58958E-03       7.58476E-01       5.62415E-02       2.04587E-02
       7.58578E-02       7.94328E-02       7.76453E-02       3.57500E-03       2.72057E-03       7.60997E-01       5.90879E-02       2.31793E-02
       7.94328E-02       8.31764E-02       8.13046E-02       3.74360E-03       2.85855E-03       7.63584E-01       6.20829E-02       2.60378E-02
       8.31764E-02       8.70964E-02       8.51364E-02       3.92000E-03       3.00368E-03       7.66246E-01       6.52354E-02       2.90415E-02
       8.70964E-02       9.12011E-02       8.91488E-02       4.10470E-03       3.15651E-03       7.68998E-01       6.85552E-02       3.21980E-02
       9.12011E-02       9.54993E-02       9.33502E-02       4.29820E-03       3.31744E-03       7.71821E-01       7.20497E-02       3.55155E-02
       9.54993E-02       1.00000E-01       9.77497E-02       4.50070E-03       3.48680E-03       7.74724E-01       7.57290E-02       3.90023E-02
       1.00000E-01       1.04713E-01       1.02357E-01       4.71300E-03       3.66532E-03       7.77704E-01       7.96031E-02       4.26676E-02
       1.04713E-01       1.09648E-01       1.07180E-01       4.93500E-03       3.85312E-03       7.80774E-01       8.36838E-02       4.65207E-02
       1.09648E-01       1.14815E-01       1.12231E-01       5.16700E-03       4.05120E-03       7.84053E-01       8.79954E-02       5.05719E-02
       1.14815E-01       1.20226E-01       1.17520E-01       5.41100E-03       4.25962E-03       7.87216E-01       9.25140E-02       5.48315E-02
       1.20226E-01       1.25892E-01       1.23059E-01       5.66600E-03       4.47940E-03       7.90575E-01       9.72873E-02       5.93109E-02
       1.25892E-01       1.31826E-01       1.28859E-01       5.93400E-03       4.71102E-03       7.93903E-01       1.02302E-01       6.40220E-02
       1.31826E-01       1.38038E-01       1.34932E-01       6.21200E-03       4.95503E-03       7.97654E-01       1.07629E-01       6.89770E-02
       1.38038E-01       1.44544E-01       1.41291E-01       6.50600E-03       5.21237E-03       8.01164E-01       1.13197E-01       7.41894E-02
       1.44544E-01       1.51356E-01       1.47950E-01       6.81200E-03       5.48362E-03       8.04995E-01       1.19099E-01       7.96730E-02
       1.51356E-01       1.58489E-01       1.54923E-01       7.13300E-03       5.76974E-03       8.08879E-01       1.25314E-01       8.54427E-02
       1.58489E-01       1.65959E-01       1.62224E-01       7.47000E-03       6.07159E-03       8.12797E-01       1.31855E-01       9.15143E-02
       1.65959E-01       1.73780E-01       1.69869E-01       7.82100E-03       6.39001E-03       8.17032E-01       1.38789E-01       9.79043E-02
       1.73780E-01       1.81970E-01       1.77875E-01       8.19000E-03       6.72609E-03       8.21256E-01       1.46081E-01       1.04630E-01
       1.81970E-01       1.90546E-01       1.86258E-01       8.57600E-03       7.08092E-03       8.25667E-01       1.53787E-01       1.11711E-01
       1.90546E-01       1.99526E-01       1.95036E-01       8.98000E-03       7.45552E-03       8.30236E-01       1.61926E-01       1.19167E-01
       1.99526E-01       2.08930E-01       2.04228E-01       9.40400E-03       7.85132E-03       8.34892E-01       1.70508E-01       1.27018E-01
       2.08930E-01       2.18776E-01       2.13853E-01       9.84600E-03       8.26951E-03       8.39886E-01       1.79612E-01       1.35288E-01
       2.18776E-01       2.29087E-01       2.23931E-01       1.03110E-02       8.71145E-03       8.44869E-01       1.89193E-01       1.43999E-01
       2.29087E-01       2.39883E-01       2.34485E-01       1.07960E-02       9.17871E-03       8.50196E-01       1.99358E-01       1.53178E-01
       2.39883E-01       2.51189E-01       2.45536E-01       1.13060E-02       9.67289E-03       8.55554E-01       2.10069E-01       1.62851E-01
       2.51189E-01       2.63027E-01       2.57108E-01       1.18380E-02       1.01958E-02       8.61277E-01       2.21441E-01       1.73047E-01
       2.63027E-01       2.75423E-01       2.69225E-01       1.23960E-02       1.07490E-02       8.67133E-01       2.33454E-01       1.83796E-01
       2.75423E-01       2.88403E-01       2.81913E-01       1.29800E-02       1.13344E-02       8.73219E-01       2.46172E-01       1.95130E-01
       2.88403E-01       3.01995E-01       2.95199E-01       1.35920E-02       1.19539E-02       8.79483E-01       2.59622E-01       2.07084E-01
       3.01995E-01       3.16228E-01       3.09112E-01       1.42330E-02       1.26097E-02       8.85948E-01       2.73857E-01       2.19694E-01
       3.16228E-01       3.31131E-01       3.23680E-01       1.49030E-02       1.33035E-02       8.92674E-01       2.88940E-01       2.32997E-01
       3.31131E-01       3.46737E-01       3.38934E-01       1.56060E-02       1.40376E-02       8.99503E-01       3.04872E-01       2.47035E-01
       3.46737E-01       3.63078E-01       3.54908E-01       1.63410E-02       1.48137E-02       9.06537E-01       3.21737E-01       2.61848E-01
       3.63078E-01       3.80189E-01       3.71633E-01       1.71110E-02       1.56336E-02       9.13659E-01       3.39546E-01       2.77482E-01
       3.80189E-01       3.98107E-01       3.89148E-01       1.79180E-02       1.64990E-02       9.20806E-01       3.58330E-01       2.93981E-01
       3.98107E-01       4.16869E-01       4.07488E-01       1.87620E-02       1.74109E-02       9.27990E-01       3.78145E-01       3.11392E-01
       4.16869E-01       4.36516E-01       4.26692E-01       1.96470E-02       1.83703E-02       9.35017E-01       3.98965E-01       3.29762E-01
       4.36516E-01       4.57088E-01       4.46802E-01       2.05720E-02       1.93774E-02       9.41933E-01       4.20857E-01       3.49140E-01
       4.57088E-01       4.78630E-01       4.67859E-01       2.15420E-02       2.04314E-02       9.48447E-01       4.43739E-01       3.69571E-01
       4.78630E-01       5.01187E-01       4.89909E-01       2.25570E-02       2.15311E-02       9.54518E-01       4.67626E-01       3.91102E-01
       5.01187E-01       5.24808E-01       5.12998E-01       2.36210E-02       2.26737E-02       9.59894E-01       4.92423E-01       4.13776E-01
       5.24808E-01       5.49541E-01       5.37174E-01       2.47330E-02       2.38552E-02       9.64507E-01       5.18109E-01       4.37631E-01
       5.49541E-01       5.75440E-01       5.62490E-01       2.58990E-02       2.50700E-02       9.67992E-01       5.44487E-01       4.62701E-01
       5.75440E-01       6.02560E-01       5.89000E-01       2.71200E-02       2.63114E-02       9.70185E-01       5.71439E-01       4.89012E-01
       6.02560E-01       6.30957E-01       6.16758E-01       2.83970E-02       2.75703E-02       9.70887E-01       5.98803E-01       5.16583E-01
       6.30957E-01       6.60693E-01       6.45825E-01       2.97360E-02       2.88363E-02       9.69742E-01       6.26284E-01       5.45419E-01
       6.60693E-01       6.91831E-01       6.76262E-01       3.11380E-02       3.00978E-02       9.66595E-01       6.53672E-01       5.75517E-01
       6.91831E-01       7.24436E-01       7.08133E-01       3.26050E-02       3.13416E-02       9.61250E-01       6.80694E-01       6.06858E-01
       7.24436E-01       7.58578E-01       7.41507E-01       3.41420E-02       3.25545E-02       9.53504E-01       7.07030E-01       6.39413E-01
       7.58578E-01       7.94328E-01       7.76453E-01       3.57500E-02       3.37241E-02       9.43330E-01       7.32452E-01       6.73137E-01
       7.94328E-01       8.31764E-01       8.13046E-01       3.74360E-02       3.48389E-02       9.30626E-01       7.56642E-01       7.07976E-01
       8.31764E-01       8.70964E-01       8.51364E-01       3.92000E-02       3.58900E-02       9.15562E-01       7.79477E-01       7.43866E-01
       8.70964E-01       9.12011E-01       8.91487E-01       4.10470E-02       3.68718E-02       8.98282E-01       8.00807E-01       7.80738E-01
       9.12011E-01       9.54993E-01       9.33502E-01       4.29820E-02       3.77804E-02       8.78982E-01       8.20532E-01       8.18518E-01
       9.54993E-01       1.00000E+00       9.77497E-01       4.50070E-02       3.86098E-02       8.57862E-01       8.38557E-01       8.57128E-01
       1.00000E+00       1.04713E+00       1.02357E+00       4.71300E-02       3.93440E-02       8.34797E-01       8.54469E-01       8.96472E-01
       1.04713E+00       1.09648E+00       1.07181E+00       4.93500E-02       3.99338E-02       8.09195E-01       8.67299E-01       9.36406E-01
       1.09648E+00       1.14815E+00       1.12231E+00       5.16700E-02       4.02691E-02       7.79352E-01       8.74678E-01       9.76675E-01
       1.14815E+00       1.20226E+00       1.17520E+00       5.41100E-02       2.33250E-02       4.31066E-01       5.06591E-01       1.00000E+00

 Sum =                                                                         1.00000E+00
 Renormalization bin#   939 =                                                  7.27893E-03 barn        1.26000E+07        1.28000E+07        1.27000E+07
 Avg. Energy     bin#   939 =                                                  6.14179E-01 MeV         1.26000E+07        1.28000E+07
