"        MT=103 recoil spectrum "
" Initial neutron energy corresponds to the group:"
   6.80000E+00    7.00000E+00       0.00000E+00           787           856            70



          Low               High              Mid              Energy           Number             dn/de            E*dn/de          Cumulative
         Energy            Energy            Energy             Width          Fraction                               Sum   
         [MeV]             [MeV]             [MeV]              [MeV]

       2.63027E-02       2.75423E-02       2.69225E-02       1.23960E-03       0.00000E+00       0.00000E+00       0.00000E+00       0.00000E+00
       2.75423E-02       2.88403E-02       2.81913E-02       1.29800E-03       6.18959E-05       4.76856E-02       1.34432E-03       6.18959E-05
       2.88403E-02       3.01995E-02       2.95199E-02       1.35920E-03       1.11839E-03       8.22827E-01       2.42898E-02       1.18028E-03
       3.01995E-02       3.16228E-02       3.09112E-02       1.42330E-03       1.88738E-03       1.32606E+00       4.09900E-02       3.06766E-03
       3.16228E-02       3.31131E-02       3.23680E-02       1.49030E-03       1.97752E-03       1.32693E+00       4.29500E-02       5.04519E-03
       3.31131E-02       3.46737E-02       3.38934E-02       1.56060E-03       2.07204E-03       1.32772E+00       4.50011E-02       7.11723E-03
       3.46737E-02       3.63078E-02       3.54908E-02       1.63410E-03       2.17109E-03       1.32862E+00       4.71536E-02       9.28833E-03
       3.63078E-02       3.80189E-02       3.71633E-02       1.71110E-03       2.27494E-03       1.32952E+00       4.94095E-02       1.15633E-02
       3.80189E-02       3.98107E-02       3.89148E-02       1.79180E-03       2.38382E-03       1.33041E+00       5.17725E-02       1.39471E-02
       3.98107E-02       4.16869E-02       4.07488E-02       1.87620E-03       2.49796E-03       1.33139E+00       5.42527E-02       1.64451E-02
       4.16869E-02       4.36516E-02       4.26693E-02       1.96470E-03       2.61763E-03       1.33233E+00       5.68494E-02       1.90627E-02
       4.36516E-02       4.57088E-02       4.46802E-02       2.05720E-03       2.74311E-03       1.33342E+00       5.95775E-02       2.18058E-02
       4.57088E-02       4.78630E-02       4.67859E-02       2.15420E-03       2.87467E-03       1.33445E+00       6.24333E-02       2.46805E-02
       4.78630E-02       5.01187E-02       4.89908E-02       2.25570E-03       3.01260E-03       1.33555E+00       6.54297E-02       2.76931E-02
       5.01187E-02       5.24808E-02       5.12998E-02       2.36210E-03       3.17690E-03       1.34495E+00       6.89954E-02       3.08700E-02
       5.24808E-02       5.49541E-02       5.37174E-02       2.47330E-03       3.62974E-03       1.46757E+00       7.88342E-02       3.44997E-02
       5.49541E-02       5.75440E-02       5.62491E-02       2.58990E-03       4.13489E-03       1.59654E+00       8.98041E-02       3.86346E-02
       5.75440E-02       6.02560E-02       5.89000E-02       2.71200E-03       4.35140E-03       1.60450E+00       9.45049E-02       4.29860E-02
       6.02560E-02       6.30957E-02       6.16758E-02       2.83970E-03       4.55873E-03       1.60536E+00       9.90117E-02       4.75447E-02
       6.30957E-02       6.60693E-02       6.45825E-02       2.97360E-03       4.78528E-03       1.60926E+00       1.03930E-01       5.23300E-02
       6.60693E-02       6.91831E-02       6.76262E-02       3.11380E-03       5.15462E-03       1.65541E+00       1.11949E-01       5.74846E-02
       6.91831E-02       7.24436E-02       7.08134E-02       3.26050E-03       5.50196E-03       1.68746E+00       1.19495E-01       6.29866E-02
       7.24436E-02       7.58578E-02       7.41507E-02       3.41420E-03       5.76412E-03       1.68828E+00       1.25187E-01       6.87507E-02
       7.58578E-02       7.94328E-02       7.76453E-02       3.57500E-03       6.15394E-03       1.72138E+00       1.33657E-01       7.49046E-02
       7.94328E-02       8.31764E-02       8.13046E-02       3.74360E-03       6.59748E-03       1.76233E+00       1.43286E-01       8.15021E-02
       8.31764E-02       8.70964E-02       8.51364E-02       3.92000E-03       6.92503E-03       1.76659E+00       1.50401E-01       8.84271E-02
       8.70964E-02       9.12011E-02       8.91488E-02       4.10470E-03       7.25239E-03       1.76685E+00       1.57512E-01       9.56795E-02
       9.12011E-02       9.54993E-02       9.33502E-02       4.29820E-03       7.59526E-03       1.76708E+00       1.64957E-01       1.03275E-01
       9.54993E-02       1.00000E-01       9.77497E-02       4.50070E-03       7.95431E-03       1.76735E+00       1.72758E-01       1.11229E-01
       1.00000E-01       1.04713E-01       1.02357E-01       4.71300E-03       8.33047E-03       1.76755E+00       1.80920E-01       1.19560E-01
       1.04713E-01       1.09648E-01       1.07180E-01       4.93500E-03       8.72851E-03       1.76870E+00       1.89570E-01       1.28288E-01
       1.09648E-01       1.14815E-01       1.12231E-01       5.16700E-03       9.14950E-03       1.77076E+00       1.98735E-01       1.37438E-01
       1.14815E-01       1.20226E-01       1.17520E-01       5.41100E-03       9.58745E-03       1.77184E+00       2.08228E-01       1.47025E-01
       1.20226E-01       1.25892E-01       1.23059E-01       5.66600E-03       1.00427E-02       1.77245E+00       2.18116E-01       1.57068E-01
       1.25892E-01       1.31826E-01       1.28859E-01       5.93400E-03       1.05182E-02       1.77253E+00       2.28407E-01       1.67586E-01
       1.31826E-01       1.38038E-01       1.34932E-01       6.21200E-03       1.10155E-02       1.77325E+00       2.39269E-01       1.78601E-01
       1.38038E-01       1.44544E-01       1.41291E-01       6.50600E-03       1.15369E-02       1.77327E+00       2.50547E-01       1.90138E-01
       1.44544E-01       1.51356E-01       1.47950E-01       6.81200E-03       1.20829E-02       1.77376E+00       2.62428E-01       2.02221E-01
       1.51356E-01       1.58489E-01       1.54923E-01       7.13300E-03       1.26550E-02       1.77415E+00       2.74856E-01       2.14876E-01
       1.58489E-01       1.65959E-01       1.62224E-01       7.47000E-03       1.32543E-02       1.77433E+00       2.87839E-01       2.28130E-01
       1.65959E-01       1.73780E-01       1.69869E-01       7.82100E-03       1.38817E-02       1.77492E+00       3.01505E-01       2.42012E-01
       1.73780E-01       1.81970E-01       1.77875E-01       8.19000E-03       1.45386E-02       1.77516E+00       3.15756E-01       2.56551E-01
       1.81970E-01       1.90546E-01       1.86258E-01       8.57600E-03       1.52265E-02       1.77548E+00       3.30697E-01       2.71777E-01
       1.90546E-01       1.99526E-01       1.95036E-01       8.98000E-03       1.59469E-02       1.77582E+00       3.46349E-01       2.87724E-01
       1.99526E-01       2.08930E-01       2.04228E-01       9.40400E-03       1.67017E-02       1.77602E+00       3.62714E-01       3.04426E-01
       2.08930E-01       2.18776E-01       2.13853E-01       9.84600E-03       1.74923E-02       1.77659E+00       3.79929E-01       3.21918E-01
       2.18776E-01       2.29087E-01       2.23931E-01       1.03110E-02       1.83204E-02       1.77678E+00       3.97876E-01       3.40238E-01
       2.29087E-01       2.39883E-01       2.34485E-01       1.07960E-02       1.91880E-02       1.77733E+00       4.16757E-01       3.59426E-01
       2.39883E-01       2.51189E-01       2.45536E-01       1.13060E-02       2.00971E-02       1.77756E+00       4.36456E-01       3.79524E-01
       2.51189E-01       2.63027E-01       2.57108E-01       1.18380E-02       2.10499E-02       1.77817E+00       4.57181E-01       4.00573E-01
       2.63027E-01       2.75423E-01       2.69225E-01       1.23960E-02       2.20483E-02       1.77867E+00       4.78861E-01       4.22622E-01
       2.75423E-01       2.88403E-01       2.81913E-01       1.29800E-02       2.30946E-02       1.77925E+00       5.01593E-01       4.45716E-01
       2.88403E-01       3.01995E-01       2.95199E-01       1.35920E-02       2.41912E-02       1.77981E+00       5.25399E-01       4.69908E-01
       3.01995E-01       3.16228E-01       3.09112E-01       1.42330E-02       2.53407E-02       1.78042E+00       5.50347E-01       4.95248E-01
       3.16228E-01       3.31131E-01       3.23680E-01       1.49030E-02       2.65454E-02       1.78121E+00       5.76542E-01       5.21794E-01
       3.31131E-01       3.46737E-01       3.38934E-01       1.56060E-02       2.78089E-02       1.78194E+00       6.03959E-01       5.49603E-01
       3.46737E-01       3.63078E-01       3.54908E-01       1.63410E-02       2.91349E-02       1.78293E+00       6.32775E-01       5.78738E-01
       3.63078E-01       3.80189E-01       3.71633E-01       1.71110E-02       3.05253E-02       1.78396E+00       6.62978E-01       6.09263E-01
       3.80189E-01       3.98107E-01       3.89148E-01       1.79180E-02       3.19698E-02       1.78423E+00       6.94328E-01       6.41233E-01
       3.98107E-01       4.16869E-01       4.07488E-01       1.87620E-02       3.34721E-02       1.78404E+00       7.26973E-01       6.74705E-01
       4.16869E-01       4.36516E-01       4.26692E-01       1.96470E-02       3.50652E-02       1.78476E+00       7.61543E-01       7.09770E-01
       4.36516E-01       4.57088E-01       4.46802E-01       2.05720E-02       3.67098E-02       1.78445E+00       7.97297E-01       7.46480E-01
       4.57088E-01       4.78630E-01       4.67859E-01       2.15420E-02       3.76752E-02       1.74892E+00       8.18248E-01       7.84155E-01
       4.78630E-01       5.01187E-01       4.89909E-01       2.25570E-02       3.80444E-02       1.68659E+00       8.26274E-01       8.22199E-01
       5.01187E-01       5.24808E-01       5.12998E-01       2.36210E-02       3.84848E-02       1.62926E+00       8.35808E-01       8.60684E-01
       5.24808E-01       5.49541E-01       5.37174E-01       2.47330E-02       3.63618E-02       1.47017E+00       7.89739E-01       8.97046E-01
       5.49541E-01       5.75440E-01       5.62490E-01       2.58990E-02       3.50989E-02       1.35522E+00       7.62299E-01       9.32145E-01
       5.75440E-01       6.02560E-01       5.89000E-01       2.71200E-02       3.64562E-02       1.34426E+00       7.91767E-01       9.68601E-01
       6.02560E-01       6.30957E-01       6.16758E-01       2.83970E-02       2.91249E-02       1.02563E+00       6.32568E-01       9.97726E-01
       6.30957E-01       6.60693E-01       6.45825E-01       2.97360E-02       2.27416E-03       7.64782E-02       4.93916E-02       1.00000E+00

 Sum =                                                                         1.00000E+00
 Renormalization bin#   910 =                                                  1.82101E-01 barn        6.80000E+06        7.00000E+06        6.90000E+06
 Avg. Energy     bin#   910 =                                                  3.20733E-01 MeV         6.80000E+06        7.00000E+06
