"        MT=611 recoil spectrum "
" Initial neutron energy corresponds to the group:"
   1.28000E+01    1.30000E+01       0.00000E+00           795           870            76



          Low               High              Mid              Energy           Number             dn/de            E*dn/de          Cumulative
         Energy            Energy            Energy             Width          Fraction                               Sum   
         [MeV]             [MeV]             [MeV]              [MeV]

       3.80189E-02       3.98107E-02       3.89148E-02       1.79180E-03       0.00000E+00       0.00000E+00       0.00000E+00       0.00000E+00
       3.98107E-02       4.16869E-02       4.07488E-02       1.87620E-03       6.21844E-04       3.31438E-01       1.35057E-02       6.21844E-04
       4.16869E-02       4.36516E-02       4.26693E-02       1.96470E-03       1.48267E-03       7.54656E-01       3.22006E-02       2.10452E-03
       4.36516E-02       4.57088E-02       4.46802E-02       2.05720E-03       1.55232E-03       7.54577E-01       3.37147E-02       3.65683E-03
       4.57088E-02       4.78630E-02       4.67859E-02       2.15420E-03       1.62523E-03       7.54449E-01       3.52976E-02       5.28207E-03
       4.78630E-02       5.01187E-02       4.89908E-02       2.25570E-03       1.70160E-03       7.54356E-01       3.69565E-02       6.98367E-03
       5.01187E-02       5.24808E-02       5.12998E-02       2.36210E-03       1.78162E-03       7.54251E-01       3.86929E-02       8.76528E-03
       5.24808E-02       5.49541E-02       5.37174E-02       2.47330E-03       1.86546E-03       7.54239E-01       4.05158E-02       1.06307E-02
       5.49541E-02       5.75440E-02       5.62491E-02       2.58990E-03       1.95330E-03       7.54201E-01       4.24231E-02       1.25840E-02
       5.75440E-02       6.02560E-02       5.89000E-02       2.71200E-03       2.04535E-03       7.54185E-01       4.44215E-02       1.46294E-02
       6.02560E-02       6.30957E-02       6.16758E-02       2.83970E-03       2.14184E-03       7.54248E-01       4.65189E-02       1.67712E-02
       6.30957E-02       6.60693E-02       6.45825E-02       2.97360E-03       2.24299E-03       7.54301E-01       4.87146E-02       1.90142E-02
       6.60693E-02       6.91831E-02       6.76262E-02       3.11380E-03       2.34903E-03       7.54393E-01       5.10167E-02       2.13633E-02
       6.91831E-02       7.24436E-02       7.08134E-02       3.26050E-03       2.46022E-03       7.54554E-01       5.34325E-02       2.38235E-02
       7.24436E-02       7.58578E-02       7.41507E-02       3.41420E-03       2.57683E-03       7.54740E-01       5.59645E-02       2.64003E-02
       7.58578E-02       7.94328E-02       7.76453E-02       3.57500E-03       2.69923E-03       7.55028E-01       5.86244E-02       2.90995E-02
       7.94328E-02       8.31764E-02       8.13046E-02       3.74360E-03       2.82760E-03       7.55316E-01       6.14106E-02       3.19271E-02
       8.31764E-02       8.70964E-02       8.51364E-02       3.92000E-03       2.96233E-03       7.55696E-01       6.43372E-02       3.48895E-02
       8.70964E-02       9.12011E-02       8.91488E-02       4.10470E-03       3.10378E-03       7.56153E-01       6.74101E-02       3.79932E-02
       9.12011E-02       9.54993E-02       9.33502E-02       4.29820E-03       3.25232E-03       7.56672E-01       7.06355E-02       4.12456E-02
       9.54993E-02       1.00000E-01       9.77497E-02       4.50070E-03       3.40836E-03       7.57295E-01       7.40253E-02       4.46539E-02
       1.00000E-01       1.04713E-01       1.02357E-01       4.71300E-03       3.57235E-03       7.57979E-01       7.75841E-02       4.82263E-02
       1.04713E-01       1.09648E-01       1.07180E-01       4.93500E-03       3.74460E-03       7.58783E-01       8.13268E-02       5.19709E-02
       1.09648E-01       1.14815E-01       1.12231E-01       5.16700E-03       3.92588E-03       7.59799E-01       8.52733E-02       5.58968E-02
       1.14815E-01       1.20226E-01       1.17520E-01       5.41100E-03       4.11643E-03       7.60752E-01       8.94040E-02       6.00132E-02
       1.20226E-01       1.25892E-01       1.23059E-01       5.66600E-03       4.31711E-03       7.61932E-01       9.37626E-02       6.43303E-02
       1.25892E-01       1.31826E-01       1.28859E-01       5.93400E-03       4.52830E-03       7.63111E-01       9.83337E-02       6.88586E-02
       1.31826E-01       1.38038E-01       1.34932E-01       6.21200E-03       4.75058E-03       7.64742E-01       1.03188E-01       7.36092E-02
       1.38038E-01       1.44544E-01       1.41291E-01       6.50600E-03       4.98500E-03       7.66215E-01       1.08259E-01       7.85942E-02
       1.44544E-01       1.51356E-01       1.47950E-01       6.81200E-03       5.23194E-03       7.68047E-01       1.13633E-01       8.38261E-02
       1.51356E-01       1.58489E-01       1.54923E-01       7.13300E-03       5.49244E-03       7.70004E-01       1.19291E-01       8.93185E-02
       1.58489E-01       1.65959E-01       1.62224E-01       7.47000E-03       5.76727E-03       7.72057E-01       1.25246E-01       9.50858E-02
       1.65959E-01       1.73780E-01       1.69869E-01       7.82100E-03       6.05730E-03       7.74492E-01       1.31563E-01       1.01143E-01
       1.73780E-01       1.81970E-01       1.77875E-01       8.19000E-03       6.36356E-03       7.76992E-01       1.38207E-01       1.07507E-01
       1.81970E-01       1.90546E-01       1.86258E-01       8.57600E-03       6.68716E-03       7.79752E-01       1.45235E-01       1.14194E-01
       1.90546E-01       1.99526E-01       1.95036E-01       8.98000E-03       7.02906E-03       7.82746E-01       1.52664E-01       1.21223E-01
       1.99526E-01       2.08930E-01       2.04228E-01       9.40400E-03       7.39065E-03       7.85904E-01       1.60504E-01       1.28614E-01
       2.08930E-01       2.18776E-01       2.13853E-01       9.84600E-03       7.77306E-03       7.89464E-01       1.68829E-01       1.36387E-01
       2.18776E-01       2.29087E-01       2.23931E-01       1.03110E-02       8.17752E-03       7.93087E-01       1.77597E-01       1.44564E-01
       2.29087E-01       2.39883E-01       2.34485E-01       1.07960E-02       8.60561E-03       7.97111E-01       1.86911E-01       1.53170E-01
       2.39883E-01       2.51189E-01       2.45536E-01       1.13060E-02       9.05871E-03       8.01230E-01       1.96731E-01       1.62228E-01
       2.51189E-01       2.63027E-01       2.57108E-01       1.18380E-02       9.53848E-03       8.05751E-01       2.07165E-01       1.71767E-01
       2.63027E-01       2.75423E-01       2.69225E-01       1.23960E-02       1.00463E-02       8.10448E-01       2.18193E-01       1.81813E-01
       2.75423E-01       2.88403E-01       2.81913E-01       1.29800E-02       1.05839E-02       8.15403E-01       2.29873E-01       1.92397E-01
       2.88403E-01       3.01995E-01       2.95199E-01       1.35920E-02       1.11531E-02       8.20560E-01       2.42229E-01       2.03550E-01
       3.01995E-01       3.16228E-01       3.09112E-01       1.42330E-02       1.17553E-02       8.25921E-01       2.55302E-01       2.15306E-01
       3.16228E-01       3.31131E-01       3.23680E-01       1.49030E-02       1.23925E-02       8.31544E-01       2.69154E-01       2.27698E-01
       3.31131E-01       3.46737E-01       3.38934E-01       1.56060E-02       1.30663E-02       8.37263E-01       2.83777E-01       2.40764E-01
       3.46737E-01       3.63078E-01       3.54908E-01       1.63410E-02       1.37781E-02       8.43161E-01       2.99244E-01       2.54542E-01
       3.63078E-01       3.80189E-01       3.71633E-01       1.71110E-02       1.45297E-02       8.49143E-01       3.15570E-01       2.69072E-01
       3.80189E-01       3.98107E-01       3.89148E-01       1.79180E-02       1.53224E-02       8.55140E-01       3.32776E-01       2.84395E-01
       3.98107E-01       4.16869E-01       4.07488E-01       1.87620E-02       1.61573E-02       8.61169E-01       3.50916E-01       3.00552E-01
       4.16869E-01       4.36516E-01       4.26692E-01       1.96470E-02       1.70354E-02       8.67074E-01       3.69974E-01       3.17587E-01
       4.36516E-01       4.57088E-01       4.46802E-01       2.05720E-02       1.79574E-02       8.72905E-01       3.90016E-01       3.35545E-01
       4.57088E-01       4.78630E-01       4.67859E-01       2.15420E-02       1.89232E-02       8.78435E-01       4.10984E-01       3.54468E-01
       4.78630E-01       5.01187E-01       4.89909E-01       2.25570E-02       1.99327E-02       8.83657E-01       4.32911E-01       3.74400E-01
       5.01187E-01       5.24808E-01       5.12998E-01       2.36210E-02       2.09849E-02       8.88400E-01       4.55747E-01       3.95385E-01
       5.24808E-01       5.49541E-01       5.37174E-01       2.47330E-02       2.20776E-02       8.92639E-01       4.79503E-01       4.17463E-01
       5.49541E-01       5.75440E-01       5.62490E-01       2.58990E-02       2.32087E-02       8.96124E-01       5.04061E-01       4.40672E-01
       5.75440E-01       6.02560E-01       5.89000E-01       2.71200E-02       2.43744E-02       8.98759E-01       5.29369E-01       4.65046E-01
       6.02560E-01       6.30957E-01       6.16758E-01       2.83970E-02       2.55694E-02       9.00425E-01       5.55345E-01       4.90615E-01
       6.30957E-01       6.60693E-01       6.45825E-01       2.97360E-02       2.67877E-02       9.00851E-01       5.81792E-01       5.17403E-01
       6.60693E-01       6.91831E-01       6.76262E-01       3.11380E-02       2.80217E-02       8.99919E-01       6.08581E-01       5.45425E-01
       6.91831E-01       7.24436E-01       7.08133E-01       3.26050E-02       2.92613E-02       8.97447E-01       6.35512E-01       5.74686E-01
       7.24436E-01       7.58578E-01       7.41507E-01       3.41420E-02       3.04961E-02       8.93212E-01       6.62323E-01       6.05182E-01
       7.58578E-01       7.94328E-01       7.76453E-01       3.57500E-02       3.17136E-02       8.87093E-01       6.88786E-01       6.36896E-01
       7.94328E-01       8.31764E-01       8.13046E-01       3.74360E-02       3.29007E-02       8.78851E-01       7.14546E-01       6.69796E-01
       8.31764E-01       8.70964E-01       8.51364E-01       3.92000E-02       3.40432E-02       8.68449E-01       7.39366E-01       7.03840E-01
       8.70964E-01       9.12011E-01       8.91487E-01       4.10470E-02       3.51295E-02       8.55835E-01       7.62966E-01       7.38969E-01
       9.12011E-01       9.54993E-01       9.33502E-01       4.29820E-02       3.61510E-02       8.41072E-01       7.85143E-01       7.75120E-01
       9.54993E-01       1.00000E+00       9.77497E-01       4.50070E-02       3.71079E-02       8.24492E-01       8.05938E-01       8.12228E-01
       1.00000E+00       1.04713E+00       1.02357E+00       4.71300E-02       3.80157E-02       8.06613E-01       8.25621E-01       8.50244E-01
       1.04713E+00       1.09648E+00       1.07181E+00       4.93500E-02       3.89138E-02       7.88528E-01       8.45148E-01       8.89157E-01
       1.09648E+00       1.14815E+00       1.12231E+00       5.16700E-02       3.98895E-02       7.72005E-01       8.66433E-01       9.29047E-01
       1.14815E+00       1.20226E+00       1.17520E+00       5.41100E-02       4.10916E-02       7.59409E-01       8.92461E-01       9.70139E-01
       1.20226E+00       1.25892E+00       1.23059E+00       5.66600E-02       2.98616E-02       5.27031E-01       6.48559E-01       1.00000E+00

 Sum =                                                                         1.00000E+00
 Renormalization bin#   940 =                                                  4.80078E-03 barn        1.28000E+07        1.30000E+07        1.29000E+07
 Avg. Energy     bin#   940 =                                                  6.41645E-01 MeV         1.28000E+07        1.30000E+07
