"        MT=605 recoil spectrum "
" Initial neutron energy corresponds to the group:"
   1.74000E+01    1.76000E+01       0.00000E+00           778           880           103



          Low               High              Mid              Energy           Number             dn/de            E*dn/de          Cumulative
         Energy            Energy            Energy             Width          Fraction                               Sum   
         [MeV]             [MeV]             [MeV]              [MeV]

       1.73780E-02       1.81970E-02       1.77875E-02       8.19000E-04       0.00000E+00       0.00000E+00       0.00000E+00       0.00000E+00
       1.81970E-02       1.90546E-02       1.86258E-02       8.57600E-04       2.41625E-05       2.81745E-02       5.24773E-04       2.41625E-05
       1.90546E-02       1.99526E-02       1.95036E-02       8.98000E-04       8.97351E-04       9.99277E-01       1.94895E-02       9.21513E-04
       1.99526E-02       2.08930E-02       2.04228E-02       9.40400E-04       1.00459E-03       1.06825E+00       2.18167E-02       1.92610E-03
       2.08930E-02       2.18776E-02       2.13853E-02       9.84600E-04       1.04887E-03       1.06528E+00       2.27813E-02       2.97497E-03
       2.18776E-02       2.29087E-02       2.23931E-02       1.03110E-03       1.09503E-03       1.06200E+00       2.37816E-02       4.07000E-03
       2.29087E-02       2.39883E-02       2.34485E-02       1.07960E-03       1.14298E-03       1.05871E+00       2.48251E-02       5.21298E-03
       2.39883E-02       2.51189E-02       2.45536E-02       1.13060E-03       1.19294E-03       1.05514E+00       2.59074E-02       6.40592E-03
       2.51189E-02       2.63027E-02       2.57108E-02       1.18380E-03       1.24487E-03       1.05159E+00       2.70372E-02       7.65079E-03
       2.63027E-02       2.75423E-02       2.69225E-02       1.23960E-03       1.29878E-03       1.04774E+00       2.82078E-02       8.94957E-03
       2.75423E-02       2.88403E-02       2.81913E-02       1.29800E-03       1.35488E-03       1.04382E+00       2.94267E-02       1.03045E-02
       2.88403E-02       3.01995E-02       2.95199E-02       1.35920E-03       1.41317E-03       1.03971E+00       3.06920E-02       1.17176E-02
       3.01995E-02       3.16228E-02       3.09112E-02       1.42330E-03       1.47367E-03       1.03539E+00       3.20050E-02       1.31913E-02
       3.16228E-02       3.31131E-02       3.23680E-02       1.49030E-03       1.53649E-03       1.03099E+00       3.33712E-02       1.47278E-02
       3.31131E-02       3.46737E-02       3.38934E-02       1.56060E-03       1.60168E-03       1.02633E+00       3.47857E-02       1.63295E-02
       3.46737E-02       3.63078E-02       3.54908E-02       1.63410E-03       1.66922E-03       1.02149E+00       3.62534E-02       1.79987E-02
       3.63078E-02       3.80189E-02       3.71633E-02       1.71110E-03       1.73931E-03       1.01649E+00       3.77760E-02       1.97380E-02
       3.80189E-02       3.98107E-02       3.89148E-02       1.79180E-03       1.81192E-03       1.01123E+00       3.93517E-02       2.15499E-02
       3.98107E-02       4.16869E-02       4.07488E-02       1.87620E-03       1.88712E-03       1.00582E+00       4.09859E-02       2.34370E-02
       4.16869E-02       4.36516E-02       4.26693E-02       1.96470E-03       1.96501E-03       1.00016E+00       4.26759E-02       2.54020E-02
       4.36516E-02       4.57088E-02       4.46802E-02       2.05720E-03       2.04559E-03       9.94358E-01       4.44281E-02       2.74476E-02
       4.57088E-02       4.78630E-02       4.67859E-02       2.15420E-03       2.12892E-03       9.88266E-01       4.62369E-02       2.95765E-02
       4.78630E-02       5.01187E-02       4.89908E-02       2.25570E-03       2.21503E-03       9.81970E-01       4.81075E-02       3.17916E-02
       5.01187E-02       5.24808E-02       5.12998E-02       2.36210E-03       2.30397E-03       9.75390E-01       5.00372E-02       3.40955E-02
       5.24808E-02       5.49541E-02       5.37174E-02       2.47330E-03       2.39577E-03       9.68652E-01       5.20335E-02       3.64913E-02
       5.49541E-02       5.75440E-02       5.62491E-02       2.58990E-03       2.49045E-03       9.61603E-01       5.40893E-02       3.89818E-02
       5.75440E-02       6.02560E-02       5.89000E-02       2.71200E-03       2.58817E-03       9.54338E-01       5.62105E-02       4.15699E-02
       6.02560E-02       6.30957E-02       6.16758E-02       2.83970E-03       2.68868E-03       9.46819E-01       5.83959E-02       4.42586E-02
       6.30957E-02       6.60693E-02       6.45825E-02       2.97360E-03       2.79226E-03       9.39018E-01       6.06441E-02       4.70509E-02
       6.60693E-02       6.91831E-02       6.76262E-02       3.11380E-03       2.89878E-03       9.30945E-01       6.29562E-02       4.99497E-02
       6.91831E-02       7.24436E-02       7.08134E-02       3.26050E-03       3.00822E-03       9.22625E-01       6.53342E-02       5.29579E-02
       7.24436E-02       7.58578E-02       7.41507E-02       3.41420E-03       3.12066E-03       9.14024E-01       6.77755E-02       5.60785E-02
       7.58578E-02       7.94328E-02       7.76453E-02       3.57500E-03       3.23600E-03       9.05174E-01       7.02825E-02       5.93145E-02
       7.94328E-02       8.31764E-02       8.13046E-02       3.74360E-03       3.35423E-03       8.95990E-01       7.28481E-02       6.26688E-02
       8.31764E-02       8.70964E-02       8.51364E-02       3.92000E-03       3.47535E-03       8.86568E-01       7.54792E-02       6.61441E-02
       8.70964E-02       9.12011E-02       8.91488E-02       4.10470E-03       3.59932E-03       8.76876E-01       7.81724E-02       6.97434E-02
       9.12011E-02       9.54993E-02       9.33502E-02       4.29820E-03       3.72602E-03       8.66880E-01       8.09234E-02       7.34694E-02
       9.54993E-02       1.00000E-01       9.77497E-02       4.50070E-03       3.85541E-03       8.56623E-01       8.37346E-02       7.73248E-02
       1.00000E-01       1.04713E-01       1.02357E-01       4.71300E-03       3.98744E-03       8.46052E-01       8.65989E-02       8.13123E-02
       1.04713E-01       1.09648E-01       1.07180E-01       4.93500E-03       4.12194E-03       8.35246E-01       8.95221E-02       8.54342E-02
       1.09648E-01       1.14815E-01       1.12231E-01       5.16700E-03       4.25898E-03       8.24265E-01       9.25085E-02       8.96932E-02
       1.14815E-01       1.20226E-01       1.17520E-01       5.41100E-03       4.39821E-03       8.12827E-01       9.55239E-02       9.40914E-02
       1.20226E-01       1.25892E-01       1.23059E-01       5.66600E-03       4.53980E-03       8.01235E-01       9.85992E-02       9.86312E-02
       1.25892E-01       1.31826E-01       1.28859E-01       5.93400E-03       4.68350E-03       7.89265E-01       1.01704E-01       1.03315E-01
       1.31826E-01       1.38038E-01       1.34932E-01       6.21200E-03       4.82904E-03       7.77373E-01       1.04892E-01       1.08144E-01
       1.38038E-01       1.44544E-01       1.41291E-01       6.50600E-03       4.97659E-03       7.64924E-01       1.08077E-01       1.13120E-01
       1.44544E-01       1.51356E-01       1.47950E-01       6.81200E-03       5.12574E-03       7.52458E-01       1.11326E-01       1.18246E-01
       1.51356E-01       1.58489E-01       1.54923E-01       7.13300E-03       5.27655E-03       7.39738E-01       1.14602E-01       1.23523E-01
       1.58489E-01       1.65959E-01       1.62224E-01       7.47000E-03       5.42885E-03       7.26753E-01       1.17897E-01       1.28951E-01
       1.65959E-01       1.73780E-01       1.69869E-01       7.82100E-03       5.58247E-03       7.13780E-01       1.21249E-01       1.34534E-01
       1.73780E-01       1.81970E-01       1.77875E-01       8.19000E-03       5.73740E-03       7.00537E-01       1.24608E-01       1.40271E-01
       1.81970E-01       1.90546E-01       1.86258E-01       8.57600E-03       5.89356E-03       6.87216E-01       1.27999E-01       1.46165E-01
       1.90546E-01       1.99526E-01       1.95036E-01       8.98000E-03       6.05078E-03       6.73806E-01       1.31416E-01       1.52216E-01
       1.99526E-01       2.08930E-01       2.04228E-01       9.40400E-03       6.20919E-03       6.60271E-01       1.34846E-01       1.58425E-01
       2.08930E-01       2.18776E-01       2.13853E-01       9.84600E-03       6.36872E-03       6.46833E-01       1.38327E-01       1.64794E-01
       2.18776E-01       2.29087E-01       2.23931E-01       1.03110E-02       6.52936E-03       6.33242E-01       1.41803E-01       1.71323E-01
       2.29087E-01       2.39883E-01       2.34485E-01       1.07960E-02       6.69133E-03       6.19798E-01       1.45333E-01       1.78014E-01
       2.39883E-01       2.51189E-01       2.45536E-01       1.13060E-02       6.85475E-03       6.06293E-01       1.48867E-01       1.84869E-01
       2.51189E-01       2.63027E-01       2.57108E-01       1.18380E-02       7.01993E-03       5.93000E-01       1.52465E-01       1.91889E-01
       2.63027E-01       2.75423E-01       2.69225E-01       1.23960E-02       7.18709E-03       5.79791E-01       1.56094E-01       1.99076E-01
       2.75423E-01       2.88403E-01       2.81913E-01       1.29800E-02       7.35659E-03       5.66763E-01       1.59778E-01       2.06433E-01
       2.88403E-01       3.01995E-01       2.95199E-01       1.35920E-02       7.52898E-03       5.53927E-01       1.63519E-01       2.13962E-01
       3.01995E-01       3.16228E-01       3.09112E-01       1.42330E-02       7.70488E-03       5.41339E-01       1.67334E-01       2.21666E-01
       3.16228E-01       3.31131E-01       3.23680E-01       1.49030E-02       7.88489E-03       5.29081E-01       1.71253E-01       2.29551E-01
       3.31131E-01       3.46737E-01       3.38934E-01       1.56060E-02       8.06995E-03       5.17106E-01       1.75265E-01       2.37621E-01
       3.46737E-01       3.63078E-01       3.54908E-01       1.63410E-02       8.26080E-03       5.05526E-01       1.79415E-01       2.45882E-01
       3.63078E-01       3.80189E-01       3.71633E-01       1.71110E-02       8.45869E-03       4.94342E-01       1.83714E-01       2.54341E-01
       3.80189E-01       3.98107E-01       3.89148E-01       1.79180E-02       8.66470E-03       4.83575E-01       1.88182E-01       2.63005E-01
       3.98107E-01       4.16869E-01       4.07488E-01       1.87620E-02       8.88010E-03       4.73302E-01       1.92865E-01       2.71886E-01
       4.16869E-01       4.36516E-01       4.26692E-01       1.96470E-02       9.10626E-03       4.63494E-01       1.97769E-01       2.80992E-01
       4.36516E-01       4.57088E-01       4.46802E-01       2.05720E-02       9.34488E-03       4.54252E-01       2.02961E-01       2.90337E-01
       4.57088E-01       4.78630E-01       4.67859E-01       2.15420E-02       9.59735E-03       4.45518E-01       2.08440E-01       2.99934E-01
       4.78630E-01       5.01187E-01       4.89909E-01       2.25570E-02       9.86556E-03       4.37361E-01       2.14267E-01       3.09800E-01
       5.01187E-01       5.24808E-01       5.12998E-01       2.36210E-02       1.01512E-02       4.29754E-01       2.20463E-01       3.19951E-01
       5.24808E-01       5.49541E-01       5.37174E-01       2.47330E-02       1.04561E-02       4.22761E-01       2.27096E-01       3.30407E-01
       5.49541E-01       5.75440E-01       5.62490E-01       2.58990E-02       1.07822E-02       4.16318E-01       2.34175E-01       3.41189E-01
       5.75440E-01       6.02560E-01       5.89000E-01       2.71200E-02       1.11316E-02       4.10455E-01       2.41758E-01       3.52321E-01
       6.02560E-01       6.30957E-01       6.16758E-01       2.83970E-02       1.15059E-02       4.05179E-01       2.49897E-01       3.63827E-01
       6.30957E-01       6.60693E-01       6.45825E-01       2.97360E-02       1.19072E-02       4.00430E-01       2.58608E-01       3.75734E-01
       6.60693E-01       6.91831E-01       6.76262E-01       3.11380E-02       1.23377E-02       3.96226E-01       2.67953E-01       3.88071E-01
       6.91831E-01       7.24436E-01       7.08133E-01       3.26050E-02       1.27992E-02       3.92552E-01       2.77979E-01       4.00871E-01
       7.24436E-01       7.58578E-01       7.41507E-01       3.41420E-02       1.32939E-02       3.89371E-01       2.88722E-01       4.14165E-01
       7.58578E-01       7.94328E-01       7.76453E-01       3.57500E-02       1.38242E-02       3.86691E-01       3.00247E-01       4.27989E-01
       7.94328E-01       8.31764E-01       8.13046E-01       3.74360E-02       1.43924E-02       3.84454E-01       3.12579E-01       4.42381E-01
       8.31764E-01       8.70964E-01       8.51364E-01       3.92000E-02       1.50015E-02       3.82692E-01       3.25810E-01       4.57383E-01
       8.70964E-01       9.12011E-01       8.91487E-01       4.10470E-02       1.56549E-02       3.81390E-01       3.40004E-01       4.73038E-01
       9.12011E-01       9.54993E-01       9.33502E-01       4.29820E-02       1.63568E-02       3.80549E-01       3.55243E-01       4.89394E-01
       9.54993E-01       1.00000E+00       9.77497E-01       4.50070E-02       1.71127E-02       3.80223E-01       3.71667E-01       5.06507E-01
       1.00000E+00       1.04713E+00       1.02357E+00       4.71300E-02       1.79301E-02       3.80439E-01       3.89404E-01       5.24437E-01
       1.04713E+00       1.09648E+00       1.07181E+00       4.93500E-02       1.88184E-02       3.81325E-01       4.08706E-01       5.43256E-01
       1.09648E+00       1.14815E+00       1.12231E+00       5.16700E-02       1.97937E-02       3.83079E-01       4.29935E-01       5.63049E-01
       1.14815E+00       1.20226E+00       1.17520E+00       5.41100E-02       2.08752E-02       3.85792E-01       4.53385E-01       5.83924E-01
       1.20226E+00       1.25892E+00       1.23059E+00       5.66600E-02       2.20970E-02       3.89993E-01       4.79922E-01       6.06021E-01
       1.25892E+00       1.31826E+00       1.28859E+00       5.93400E-02       2.35078E-02       3.96154E-01       5.10480E-01       6.29529E-01
       1.31826E+00       1.38038E+00       1.34932E+00       6.21200E-02       2.51844E-02       4.05415E-01       5.47035E-01       6.54714E-01
       1.38038E+00       1.44544E+00       1.41291E+00       6.50600E-02       2.72521E-02       4.18877E-01       5.91835E-01       6.81966E-01
       1.44544E+00       1.51356E+00       1.47950E+00       6.81200E-02       2.99066E-02       4.39028E-01       6.49542E-01       7.11872E-01
       1.51356E+00       1.58489E+00       1.54923E+00       7.13300E-02       3.34661E-02       4.69173E-01       7.26854E-01       7.45338E-01
       1.58489E+00       1.65959E+00       1.62224E+00       7.47000E-02       3.84385E-02       5.14572E-01       8.34760E-01       7.83777E-01
       1.65959E+00       1.73780E+00       1.69869E+00       7.82100E-02       4.56385E-02       5.83538E-01       9.91253E-01       8.29416E-01
       1.73780E+00       1.81970E+00       1.77875E+00       8.19000E-02       5.63656E-02       6.88224E-01       1.22418E+00       8.85781E-01
       1.81970E+00       1.90546E+00       1.86258E+00       8.57600E-02       7.26824E-02       8.47509E-01       1.57855E+00       9.58463E-01
       1.90546E+00       1.99526E+00       1.95036E+00       8.98000E-02       4.15365E-02       4.62544E-01       9.02128E-01       1.00000E+00

 Sum =                                                                         1.00000E+00
 Renormalization bin#   963 =                                                  1.36494E-03 barn        1.74000E+07        1.76000E+07        1.75000E+07
 Avg. Energy     bin#   963 =                                                  9.83570E-01 MeV         1.74000E+07        1.76000E+07
