"        MT=611 recoil spectrum "
" Initial neutron energy corresponds to the group:"
   1.32000E+01    1.34000E+01       0.00000E+00           794           871            78



          Low               High              Mid              Energy           Number             dn/de            E*dn/de          Cumulative
         Energy            Energy            Energy             Width          Fraction                               Sum   
         [MeV]             [MeV]             [MeV]              [MeV]

       3.63078E-02       3.80189E-02       3.71633E-02       1.71110E-03       0.00000E+00       0.00000E+00       0.00000E+00       0.00000E+00
       3.80189E-02       3.98107E-02       3.89148E-02       1.79180E-03       4.73760E-04       2.64404E-01       1.02892E-02       4.73760E-04
       3.98107E-02       4.16869E-02       4.07488E-02       1.87620E-03       1.33174E-03       7.09809E-01       2.89238E-02       1.80550E-03
       4.16869E-02       4.36516E-02       4.26693E-02       1.96470E-03       1.39441E-03       7.09733E-01       3.02838E-02       3.19992E-03
       4.36516E-02       4.57088E-02       4.46802E-02       2.05720E-03       1.46006E-03       7.09731E-01       3.17109E-02       4.65997E-03
       4.57088E-02       4.78630E-02       4.67859E-02       2.15420E-03       1.52886E-03       7.09710E-01       3.32044E-02       6.18883E-03
       4.78630E-02       5.01187E-02       4.89908E-02       2.25570E-03       1.60090E-03       7.09714E-01       3.47695E-02       7.78973E-03
       5.01187E-02       5.24808E-02       5.12998E-02       2.36210E-03       1.67645E-03       7.09727E-01       3.64088E-02       9.46618E-03
       5.24808E-02       5.49541E-02       5.37174E-02       2.47330E-03       1.75562E-03       7.09827E-01       3.81301E-02       1.12218E-02
       5.49541E-02       5.75440E-02       5.62491E-02       2.58990E-03       1.83854E-03       7.09888E-01       3.99305E-02       1.30603E-02
       5.75440E-02       6.02560E-02       5.89000E-02       2.71200E-03       1.92546E-03       7.09977E-01       4.18176E-02       1.49858E-02
       6.02560E-02       6.30957E-02       6.16758E-02       2.83970E-03       2.01660E-03       7.10146E-01       4.37989E-02       1.70024E-02
       6.30957E-02       6.60693E-02       6.45825E-02       2.97360E-03       2.11217E-03       7.10309E-01       4.58735E-02       1.91146E-02
       6.60693E-02       6.91831E-02       6.76262E-02       3.11380E-03       2.21236E-03       7.10499E-01       4.80484E-02       2.13269E-02
       6.91831E-02       7.24436E-02       7.08134E-02       3.26050E-03       2.31749E-03       7.10778E-01       5.03326E-02       2.36444E-02
       7.24436E-02       7.58578E-02       7.41507E-02       3.41420E-03       2.42775E-03       7.11076E-01       5.27268E-02       2.60722E-02
       7.58578E-02       7.94328E-02       7.76453E-02       3.57500E-03       2.54347E-03       7.11460E-01       5.52415E-02       2.86156E-02
       7.94328E-02       8.31764E-02       8.13046E-02       3.74360E-03       2.66495E-03       7.11868E-01       5.78781E-02       3.12806E-02
       8.31764E-02       8.70964E-02       8.51364E-02       3.92000E-03       2.79243E-03       7.12354E-01       6.06473E-02       3.40730E-02
       8.70964E-02       9.12011E-02       8.91488E-02       4.10470E-03       2.92633E-03       7.12921E-01       6.35560E-02       3.69993E-02
       9.12011E-02       9.54993E-02       9.33502E-02       4.29820E-03       3.06696E-03       7.13545E-01       6.66096E-02       4.00663E-02
       9.54993E-02       1.00000E-01       9.77497E-02       4.50070E-03       3.21472E-03       7.14271E-01       6.98198E-02       4.32810E-02
       1.00000E-01       1.04713E-01       1.02357E-01       4.71300E-03       3.37009E-03       7.15064E-01       7.31914E-02       4.66511E-02
       1.04713E-01       1.09648E-01       1.07180E-01       4.93500E-03       3.53331E-03       7.15969E-01       7.67379E-02       5.01844E-02
       1.09648E-01       1.14815E-01       1.12231E-01       5.16700E-03       3.70522E-03       7.17093E-01       8.04804E-02       5.38896E-02
       1.14815E-01       1.20226E-01       1.17520E-01       5.41100E-03       3.88585E-03       7.18138E-01       8.43960E-02       5.77755E-02
       1.20226E-01       1.25892E-01       1.23059E-01       5.66600E-03       4.07616E-03       7.19407E-01       8.85295E-02       6.18517E-02
       1.25892E-01       1.31826E-01       1.28859E-01       5.93400E-03       4.27653E-03       7.20682E-01       9.28664E-02       6.61282E-02
       1.31826E-01       1.38038E-01       1.34932E-01       6.21200E-03       4.48748E-03       7.22389E-01       9.74733E-02       7.06157E-02
       1.38038E-01       1.44544E-01       1.41291E-01       6.50600E-03       4.70999E-03       7.23946E-01       1.02287E-01       7.53257E-02
       1.44544E-01       1.51356E-01       1.47950E-01       6.81200E-03       4.94447E-03       7.25848E-01       1.07389E-01       8.02701E-02
       1.51356E-01       1.58489E-01       1.54923E-01       7.13300E-03       5.19190E-03       7.27871E-01       1.12764E-01       8.54620E-02
       1.58489E-01       1.65959E-01       1.62224E-01       7.47000E-03       5.45302E-03       7.29989E-01       1.18422E-01       9.09150E-02
       1.65959E-01       1.73780E-01       1.69869E-01       7.82100E-03       5.72864E-03       7.32469E-01       1.24424E-01       9.66437E-02
       1.73780E-01       1.81970E-01       1.77875E-01       8.19000E-03       6.01986E-03       7.35026E-01       1.30743E-01       1.02664E-01
       1.81970E-01       1.90546E-01       1.86258E-01       8.57600E-03       6.32762E-03       7.37829E-01       1.37427E-01       1.08991E-01
       1.90546E-01       1.99526E-01       1.95036E-01       8.98000E-03       6.65291E-03       7.40858E-01       1.44494E-01       1.15644E-01
       1.99526E-01       2.08930E-01       2.04228E-01       9.40400E-03       6.99706E-03       7.44051E-01       1.51956E-01       1.22641E-01
       2.08930E-01       2.18776E-01       2.13853E-01       9.84600E-03       7.36119E-03       7.47632E-01       1.59883E-01       1.30002E-01
       2.18776E-01       2.29087E-01       2.23931E-01       1.03110E-02       7.74650E-03       7.51285E-01       1.68236E-01       1.37749E-01
       2.29087E-01       2.39883E-01       2.34485E-01       1.07960E-02       8.15447E-03       7.55323E-01       1.77112E-01       1.45903E-01
       2.39883E-01       2.51189E-01       2.45536E-01       1.13060E-02       8.58653E-03       7.59467E-01       1.86476E-01       1.54490E-01
       2.51189E-01       2.63027E-01       2.57108E-01       1.18380E-02       9.04421E-03       7.63998E-01       1.96430E-01       1.63534E-01
       2.63027E-01       2.75423E-01       2.69225E-01       1.23960E-02       9.52898E-03       7.68714E-01       2.06957E-01       1.73063E-01
       2.75423E-01       2.88403E-01       2.81913E-01       1.29800E-02       1.00425E-02       7.73692E-01       2.18114E-01       1.83106E-01
       2.88403E-01       3.01995E-01       2.95199E-01       1.35920E-02       1.05865E-02       7.78878E-01       2.29924E-01       1.93692E-01
       3.01995E-01       3.16228E-01       3.09112E-01       1.42330E-02       1.11626E-02       7.84279E-01       2.42430E-01       2.04855E-01
       3.16228E-01       3.31131E-01       3.23680E-01       1.49030E-02       1.17726E-02       7.89951E-01       2.55691E-01       2.16627E-01
       3.31131E-01       3.46737E-01       3.38934E-01       1.56060E-02       1.24184E-02       7.95742E-01       2.69704E-01       2.29046E-01
       3.46737E-01       3.63078E-01       3.54908E-01       1.63410E-02       1.31012E-02       8.01740E-01       2.84544E-01       2.42147E-01
       3.63078E-01       3.80189E-01       3.71633E-01       1.71110E-02       1.38230E-02       8.07841E-01       3.00221E-01       2.55970E-01
       3.80189E-01       3.98107E-01       3.89148E-01       1.79180E-02       1.45852E-02       8.13999E-01       3.16766E-01       2.70555E-01
       3.98107E-01       4.16869E-01       4.07488E-01       1.87620E-02       1.53892E-02       8.20230E-01       3.34234E-01       2.85944E-01
       4.16869E-01       4.36516E-01       4.26692E-01       1.96470E-02       1.62360E-02       8.26385E-01       3.52612E-01       3.02180E-01
       4.36516E-01       4.57088E-01       4.46802E-01       2.05720E-02       1.71266E-02       8.32520E-01       3.71971E-01       3.19307E-01
       4.57088E-01       4.78630E-01       4.67859E-01       2.15420E-02       1.80613E-02       8.38424E-01       3.92264E-01       3.37368E-01
       4.78630E-01       5.01187E-01       4.89909E-01       2.25570E-02       1.90402E-02       8.44094E-01       4.13529E-01       3.56408E-01
       5.01187E-01       5.24808E-01       5.12998E-01       2.36210E-02       2.00629E-02       8.49368E-01       4.35724E-01       3.76471E-01
       5.24808E-01       5.49541E-01       5.37174E-01       2.47330E-02       2.11279E-02       8.54237E-01       4.58874E-01       3.97599E-01
       5.49541E-01       5.75440E-01       5.62490E-01       2.58990E-02       2.22331E-02       8.58454E-01       4.82872E-01       4.19832E-01
       5.75440E-01       6.02560E-01       5.89000E-01       2.71200E-02       2.33756E-02       8.61932E-01       5.07678E-01       4.43208E-01
       6.02560E-01       6.30957E-01       6.16758E-01       2.83970E-02       2.45509E-02       8.64561E-01       5.33225E-01       4.67759E-01
       6.30957E-01       6.60693E-01       6.45825E-01       2.97360E-02       2.57539E-02       8.66085E-01       5.59339E-01       4.93513E-01
       6.60693E-01       6.91831E-01       6.76262E-01       3.11380E-02       2.69774E-02       8.66383E-01       5.85902E-01       5.20490E-01
       6.91831E-01       7.24436E-01       7.08133E-01       3.26050E-02       2.82124E-02       8.65278E-01       6.12732E-01       5.48702E-01
       7.24436E-01       7.58578E-01       7.41507E-01       3.41420E-02       2.94489E-02       8.62541E-01       6.39580E-01       5.78151E-01
       7.58578E-01       7.94328E-01       7.76453E-01       3.57500E-02       3.06748E-02       8.58037E-01       6.66225E-01       6.08826E-01
       7.94328E-01       8.31764E-01       8.13046E-01       3.74360E-02       3.18762E-02       8.51486E-01       6.92297E-01       6.40702E-01
       8.31764E-01       8.70964E-01       8.51364E-01       3.92000E-02       3.30382E-02       8.42812E-01       7.17540E-01       6.73741E-01
       8.70964E-01       9.12011E-01       8.91487E-01       4.10470E-02       3.41461E-02       8.31878E-01       7.41609E-01       7.07887E-01
       9.12011E-01       9.54993E-01       9.33502E-01       4.29820E-02       3.51856E-02       8.18613E-01       7.64177E-01       7.43072E-01
       9.54993E-01       1.00000E+00       9.77497E-01       4.50070E-02       3.61474E-02       8.03150E-01       7.85076E-01       7.79220E-01
       1.00000E+00       1.04713E+00       1.02357E+00       4.71300E-02       3.70303E-02       7.85705E-01       8.04220E-01       8.16250E-01
       1.04713E+00       1.09648E+00       1.07181E+00       4.93500E-02       3.78472E-02       7.66914E-01       8.21982E-01       8.54097E-01
       1.09648E+00       1.14815E+00       1.12231E+00       5.16700E-02       3.86429E-02       7.47879E-01       8.39355E-01       8.92740E-01
       1.14815E+00       1.20226E+00       1.17520E+00       5.41100E-02       3.95001E-02       7.29997E-01       8.57896E-01       9.32240E-01
       1.20226E+00       1.25892E+00       1.23059E+00       5.66600E-02       4.05813E-02       7.16225E-01       8.81379E-01       9.72822E-01
       1.25892E+00       1.31826E+00       1.28859E+00       5.93400E-02       2.71783E-02       4.58010E-01       5.90188E-01       1.00000E+00

 Sum =                                                                         1.00000E+00
 Renormalization bin#   942 =                                                  4.56459E-03 barn        1.32000E+07        1.34000E+07        1.33000E+07
 Avg. Energy     bin#   942 =                                                  6.68490E-01 MeV         1.32000E+07        1.34000E+07
