"        MT=611 recoil spectrum "
" Initial neutron energy corresponds to the group:"
   6.60000E+00    6.80000E+00       0.00000E+00           826           839            14



          Low               High              Mid              Energy           Number             dn/de            E*dn/de          Cumulative
         Energy            Energy            Energy             Width          Fraction                               Sum   
         [MeV]             [MeV]             [MeV]              [MeV]

       1.58489E-01       1.65959E-01       1.62224E-01       7.47000E-03       0.00000E+00       0.00000E+00       0.00000E+00       0.00000E+00
       1.65959E-01       1.73780E-01       1.69869E-01       7.82100E-03       3.82354E-03       4.88881E-01       8.30460E-02       3.82354E-03
       1.73780E-01       1.81970E-01       1.77875E-01       8.19000E-03       3.44023E-02       4.20052E+00       7.47167E-01       3.82258E-02
       1.81970E-01       1.90546E-01       1.86258E-01       8.57600E-03       6.27674E-02       7.31896E+00       1.36321E+00       1.00993E-01
       1.90546E-01       1.99526E-01       1.95036E-01       8.98000E-03       8.33095E-02       9.27722E+00       1.80939E+00       1.84303E-01
       1.99526E-01       2.08930E-01       2.04228E-01       9.40400E-03       9.70736E-02       1.03226E+01       2.10816E+00       2.81376E-01
       2.08930E-01       2.18776E-01       2.13853E-01       9.84600E-03       1.05658E-01       1.07311E+01       2.29487E+00       3.87034E-01
       2.18776E-01       2.29087E-01       2.23931E-01       1.03110E-02       1.11299E-01       1.07942E+01       2.41716E+00       4.98333E-01
       2.29087E-01       2.39883E-01       2.34485E-01       1.07960E-02       1.15942E-01       1.07394E+01       2.51822E+00       6.14276E-01
       2.39883E-01       2.51189E-01       2.45536E-01       1.13060E-02       1.17056E-01       1.03534E+01       2.54213E+00       7.31331E-01
       2.51189E-01       2.63027E-01       2.57108E-01       1.18380E-02       1.10787E-01       9.35855E+00       2.40616E+00       8.42118E-01
       2.63027E-01       2.75423E-01       2.69225E-01       1.23960E-02       9.24374E-02       7.45703E+00       2.00762E+00       9.34555E-01
       2.75423E-01       2.88403E-01       2.81913E-01       1.29800E-02       5.71547E-02       4.40329E+00       1.24134E+00       9.91710E-01
       2.88403E-01       3.01995E-01       2.95199E-01       1.35920E-02       8.29027E-03       6.09937E-01       1.80053E-01       1.00000E+00

 Sum =                                                                         1.00000E+00
 Renormalization bin#   909 =                                                  9.15120E-07 barn        6.60000E+06        6.80000E+06        6.70000E+06
 Avg. Energy     bin#   909 =                                                  2.29910E-01 MeV         6.60000E+06        6.80000E+06
