"        MT=609 recoil spectrum "
" Initial neutron energy corresponds to the group:"
   1.28000E+01    1.30000E+01       0.00000E+00           792           871            80



          Low               High              Mid              Energy           Number             dn/de            E*dn/de          Cumulative
         Energy            Energy            Energy             Width          Fraction                               Sum   
         [MeV]             [MeV]             [MeV]              [MeV]

       3.31131E-02       3.46737E-02       3.38934E-02       1.56060E-03       0.00000E+00       0.00000E+00       0.00000E+00       0.00000E+00
       3.46737E-02       3.63078E-02       3.54908E-02       1.63410E-03       6.58811E-05       4.03164E-02       1.43086E-03       6.58811E-05
       3.63078E-02       3.80189E-02       3.71633E-02       1.71110E-03       1.11546E-03       6.51897E-01       2.42267E-02       1.18134E-03
       3.80189E-02       3.98107E-02       3.89148E-02       1.79180E-03       1.24429E-03       6.94436E-01       2.70239E-02       2.42563E-03
       3.98107E-02       4.16869E-02       4.07488E-02       1.87620E-03       1.30455E-03       6.95318E-01       2.83334E-02       3.73019E-03
       4.16869E-02       4.36516E-02       4.26693E-02       1.96470E-03       1.36782E-03       6.96195E-01       2.97061E-02       5.09800E-03
       4.36516E-02       4.57088E-02       4.46802E-02       2.05720E-03       1.43426E-03       6.97190E-01       3.11506E-02       6.53226E-03
       4.57088E-02       4.78630E-02       4.67859E-02       2.15420E-03       1.50400E-03       6.98170E-01       3.26645E-02       8.03626E-03
       4.78630E-02       5.01187E-02       4.89908E-02       2.25570E-03       1.57722E-03       6.99215E-01       3.42551E-02       9.61348E-03
       5.01187E-02       5.24808E-02       5.12998E-02       2.36210E-03       1.65416E-03       7.00294E-01       3.59249E-02       1.12676E-02
       5.24808E-02       5.49541E-02       5.37174E-02       2.47330E-03       1.73496E-03       7.01474E-01       3.76814E-02       1.30026E-02
       5.49541E-02       5.75440E-02       5.62491E-02       2.58990E-03       1.81985E-03       7.02672E-01       3.95247E-02       1.48224E-02
       5.75440E-02       6.02560E-02       5.89000E-02       2.71200E-03       1.90905E-03       7.03926E-01       4.14612E-02       1.67315E-02
       6.02560E-02       6.30957E-02       6.16758E-02       2.83970E-03       2.00269E-03       7.05249E-01       4.34968E-02       1.87342E-02
       6.30957E-02       6.60693E-02       6.45825E-02       2.97360E-03       2.10122E-03       7.06627E-01       4.56357E-02       2.08354E-02
       6.60693E-02       6.91831E-02       6.76262E-02       3.11380E-03       2.20477E-03       7.08063E-01       4.78836E-02       2.30402E-02
       6.91831E-02       7.24436E-02       7.08134E-02       3.26050E-03       2.31362E-03       7.09592E-01       5.02486E-02       2.53538E-02
       7.24436E-02       7.58578E-02       7.41507E-02       3.41420E-03       2.42805E-03       7.11163E-01       5.27332E-02       2.77819E-02
       7.58578E-02       7.94328E-02       7.76453E-02       3.57500E-03       2.54840E-03       7.12840E-01       5.53487E-02       3.03303E-02
       7.94328E-02       8.31764E-02       8.13046E-02       3.74360E-03       2.67498E-03       7.14548E-01       5.80960E-02       3.30052E-02
       8.31764E-02       8.70964E-02       8.51364E-02       3.92000E-03       2.80814E-03       7.16362E-01       6.09885E-02       3.58134E-02
       8.70964E-02       9.12011E-02       8.91488E-02       4.10470E-03       2.94828E-03       7.18268E-01       6.40327E-02       3.87617E-02
       9.12011E-02       9.54993E-02       9.33502E-02       4.29820E-03       3.09575E-03       7.20245E-01       6.72350E-02       4.18574E-02
       9.54993E-02       1.00000E-01       9.77497E-02       4.50070E-03       3.25102E-03       7.22335E-01       7.06080E-02       4.51084E-02
       1.00000E-01       1.04713E-01       1.02357E-01       4.71300E-03       3.41448E-03       7.24482E-01       7.41554E-02       4.85229E-02
       1.04713E-01       1.09648E-01       1.07180E-01       4.93500E-03       3.58653E-03       7.26754E-01       7.78938E-02       5.21094E-02
       1.09648E-01       1.14815E-01       1.12231E-01       5.16700E-03       3.76792E-03       7.29228E-01       8.18423E-02       5.58774E-02
       1.14815E-01       1.20226E-01       1.17520E-01       5.41100E-03       3.95877E-03       7.31615E-01       8.59797E-02       5.98361E-02
       1.20226E-01       1.25892E-01       1.23059E-01       5.66600E-03       4.16006E-03       7.34215E-01       9.03517E-02       6.39962E-02
       1.25892E-01       1.31826E-01       1.28859E-01       5.93400E-03       4.37217E-03       7.36799E-01       9.49432E-02       6.83683E-02
       1.31826E-01       1.38038E-01       1.34932E-01       6.21200E-03       4.59564E-03       7.39800E-01       9.98226E-02       7.29640E-02
       1.38038E-01       1.44544E-01       1.41291E-01       6.50600E-03       4.83142E-03       7.42610E-01       1.04924E-01       7.77954E-02
       1.44544E-01       1.51356E-01       1.47950E-01       6.81200E-03       5.07993E-03       7.45732E-01       1.10331E-01       8.28753E-02
       1.51356E-01       1.58489E-01       1.54923E-01       7.13300E-03       5.34214E-03       7.48933E-01       1.16027E-01       8.82175E-02
       1.58489E-01       1.65959E-01       1.62224E-01       7.47000E-03       5.61877E-03       7.52178E-01       1.22021E-01       9.38362E-02
       1.65959E-01       1.73780E-01       1.69869E-01       7.82100E-03       5.91058E-03       7.55731E-01       1.28376E-01       9.97468E-02
       1.73780E-01       1.81970E-01       1.77875E-01       8.19000E-03       6.21853E-03       7.59284E-01       1.35058E-01       1.05965E-01
       1.81970E-01       1.90546E-01       1.86258E-01       8.57600E-03       6.54367E-03       7.63021E-01       1.42119E-01       1.12509E-01
       1.90546E-01       1.99526E-01       1.95036E-01       8.98000E-03       6.88682E-03       7.66906E-01       1.49574E-01       1.19396E-01
       1.99526E-01       2.08930E-01       2.04228E-01       9.40400E-03       7.24924E-03       7.70867E-01       1.57433E-01       1.26645E-01
       2.08930E-01       2.18776E-01       2.13853E-01       9.84600E-03       7.63183E-03       7.75120E-01       1.65762E-01       1.34277E-01
       2.18776E-01       2.29087E-01       2.23931E-01       1.03110E-02       8.03584E-03       7.79347E-01       1.74520E-01       1.42313E-01
       2.29087E-01       2.39883E-01       2.34485E-01       1.07960E-02       8.46247E-03       7.83853E-01       1.83802E-01       1.50775E-01
       2.39883E-01       2.51189E-01       2.45536E-01       1.13060E-02       8.91303E-03       7.88345E-01       1.93567E-01       1.59688E-01
       2.51189E-01       2.63027E-01       2.57108E-01       1.18380E-02       9.38892E-03       7.93117E-01       2.03917E-01       1.69077E-01
       2.63027E-01       2.75423E-01       2.69225E-01       1.23960E-02       9.89134E-03       7.97946E-01       2.14827E-01       1.78969E-01
       2.75423E-01       2.88403E-01       2.81913E-01       1.29800E-02       1.04218E-02       8.02915E-01       2.26352E-01       1.89390E-01
       2.88403E-01       3.01995E-01       2.95199E-01       1.35920E-02       1.09817E-02       8.07952E-01       2.38507E-01       2.00372E-01
       3.01995E-01       3.16228E-01       3.09112E-01       1.42330E-02       1.15726E-02       8.13083E-01       2.51333E-01       2.11945E-01
       3.16228E-01       3.31131E-01       3.23680E-01       1.49030E-02       1.21959E-02       8.18351E-01       2.64884E-01       2.24141E-01
       3.31131E-01       3.46737E-01       3.38934E-01       1.56060E-02       1.28533E-02       8.23612E-01       2.79150E-01       2.36994E-01
       3.46737E-01       3.63078E-01       3.54908E-01       1.63410E-02       1.35458E-02       8.28948E-01       2.94200E-01       2.50540E-01
       3.63078E-01       3.80189E-01       3.71633E-01       1.71110E-02       1.42754E-02       8.34279E-01       3.10046E-01       2.64815E-01
       3.80189E-01       3.98107E-01       3.89148E-01       1.79180E-02       1.50432E-02       8.39558E-01       3.26712E-01       2.79858E-01
       3.98107E-01       4.16869E-01       4.07488E-01       1.87620E-02       1.58502E-02       8.44802E-01       3.44247E-01       2.95708E-01
       4.16869E-01       4.36516E-01       4.26692E-01       1.96470E-02       1.66976E-02       8.49882E-01       3.62638E-01       3.12406E-01
       4.36516E-01       4.57088E-01       4.46802E-01       2.05720E-02       1.75865E-02       8.54876E-01       3.81960E-01       3.29993E-01
       4.57088E-01       4.78630E-01       4.67859E-01       2.15420E-02       1.85172E-02       8.59586E-01       4.02165E-01       3.48510E-01
       4.78630E-01       5.01187E-01       4.89909E-01       2.25570E-02       1.94899E-02       8.64027E-01       4.23294E-01       3.68000E-01
       5.01187E-01       5.24808E-01       5.12998E-01       2.36210E-02       2.05046E-02       8.68066E-01       4.45316E-01       3.88504E-01
       5.24808E-01       5.49541E-01       5.37174E-01       2.47330E-02       2.15602E-02       8.71719E-01       4.68265E-01       4.10064E-01
       5.49541E-01       5.75440E-01       5.62490E-01       2.58990E-02       2.26555E-02       8.74764E-01       4.92046E-01       4.32720E-01
       5.75440E-01       6.02560E-01       5.89000E-01       2.71200E-02       2.37884E-02       8.77155E-01       5.16644E-01       4.56508E-01
       6.02560E-01       6.30957E-01       6.16758E-01       2.83970E-02       2.49556E-02       8.78809E-01       5.42013E-01       4.81464E-01
       6.30957E-01       6.60693E-01       6.45825E-01       2.97360E-02       2.61530E-02       8.79508E-01       5.68008E-01       5.07617E-01
       6.60693E-01       6.91831E-01       6.76262E-01       3.11380E-02       2.73753E-02       8.79160E-01       5.94542E-01       5.34992E-01
       6.91831E-01       7.24436E-01       7.08133E-01       3.26050E-02       2.86153E-02       8.77634E-01       6.21482E-01       5.63607E-01
       7.24436E-01       7.58578E-01       7.41507E-01       3.41420E-02       2.98648E-02       8.74723E-01       6.48613E-01       5.93472E-01
       7.58578E-01       7.94328E-01       7.76453E-01       3.57500E-02       3.11139E-02       8.70319E-01       6.75762E-01       6.24586E-01
       7.94328E-01       8.31764E-01       8.13046E-01       3.74360E-02       3.23507E-02       8.64160E-01       7.02601E-01       6.56937E-01
       8.31764E-01       8.70964E-01       8.51364E-01       3.92000E-02       3.35612E-02       8.56153E-01       7.28898E-01       6.90498E-01
       8.70964E-01       9.12011E-01       8.91487E-01       4.10470E-02       3.47301E-02       8.46105E-01       7.54292E-01       7.25228E-01
       9.12011E-01       9.54993E-01       9.33502E-01       4.29820E-02       3.58400E-02       8.33838E-01       7.78389E-01       7.61068E-01
       9.54993E-01       1.00000E+00       9.77497E-01       4.50070E-02       3.68725E-02       8.19261E-01       8.00825E-01       7.97941E-01
       1.00000E+00       1.04713E+00       1.02357E+00       4.71300E-02       3.78092E-02       8.02233E-01       8.21138E-01       8.35750E-01
       1.04713E+00       1.09648E+00       1.07181E+00       4.93500E-02       3.86301E-02       7.82778E-01       8.38985E-01       8.74380E-01
       1.09648E+00       1.14815E+00       1.12231E+00       5.16700E-02       3.93222E-02       7.61026E-01       8.54111E-01       9.13702E-01
       1.14815E+00       1.20226E+00       1.17520E+00       5.41100E-02       3.98705E-02       7.36841E-01       8.65939E-01       9.53573E-01
       1.20226E+00       1.25892E+00       1.23059E+00       5.66600E-02       3.94167E-02       6.95672E-01       8.56086E-01       9.92989E-01
       1.25892E+00       1.31826E+00       1.28859E+00       5.93400E-02       7.01060E-03       1.18143E-01       1.52238E-01       1.00000E+00

 Sum =                                                                         1.00000E+00
 Renormalization bin#   940 =                                                  7.43638E-03 barn        1.28000E+07        1.30000E+07        1.29000E+07
 Avg. Energy     bin#   940 =                                                  6.52275E-01 MeV         1.28000E+07        1.30000E+07
