"        MT=609 recoil spectrum "
" Initial neutron energy corresponds to the group:"
   6.60000E+00    6.80000E+00       0.00000E+00           820           843            24



          Low               High              Mid              Energy           Number             dn/de            E*dn/de          Cumulative
         Energy            Energy            Energy             Width          Fraction                               Sum   
         [MeV]             [MeV]             [MeV]              [MeV]

       1.20226E-01       1.25892E-01       1.23059E-01       5.66600E-03       0.00000E+00       0.00000E+00       0.00000E+00       0.00000E+00
       1.25892E-01       1.31826E-01       1.28859E-01       5.93400E-03       4.90644E-03       8.26836E-01       1.06545E-01       4.90644E-03
       1.31826E-01       1.38038E-01       1.34932E-01       6.21200E-03       1.68235E-02       2.70822E+00       3.65425E-01       2.17299E-02
       1.38038E-01       1.44544E-01       1.41291E-01       6.50600E-03       2.72829E-02       4.19349E+00       5.92503E-01       4.90128E-02
       1.44544E-01       1.51356E-01       1.47950E-01       6.81200E-03       3.26557E-02       4.79385E+00       7.09250E-01       8.16685E-02
       1.51356E-01       1.58489E-01       1.54923E-01       7.13300E-03       3.43266E-02       4.81236E+00       7.45543E-01       1.15995E-01
       1.58489E-01       1.65959E-01       1.62224E-01       7.47000E-03       3.60765E-02       4.82952E+00       7.83464E-01       1.52072E-01
       1.65959E-01       1.73780E-01       1.69869E-01       7.82100E-03       3.79077E-02       4.84691E+00       8.23343E-01       1.89979E-01
       1.73780E-01       1.81970E-01       1.77875E-01       8.19000E-03       3.98221E-02       4.86228E+00       8.64878E-01       2.29801E-01
       1.81970E-01       1.90546E-01       1.86258E-01       8.57600E-03       4.18210E-02       4.87652E+00       9.08290E-01       2.71622E-01
       1.90546E-01       1.99526E-01       1.95036E-01       8.98000E-03       4.39045E-02       4.88914E+00       9.53559E-01       3.15527E-01
       1.99526E-01       2.08930E-01       2.04228E-01       9.40400E-03       4.60739E-02       4.89939E+00       1.00059E+00       3.61601E-01
       2.08930E-01       2.18776E-01       2.13853E-01       9.84600E-03       4.83273E-02       4.90832E+00       1.04966E+00       4.09928E-01
       2.18776E-01       2.29087E-01       2.23931E-01       1.03110E-02       5.06628E-02       4.91347E+00       1.10028E+00       4.60591E-01
       2.29087E-01       2.39883E-01       2.34485E-01       1.07960E-02       5.30778E-02       4.91644E+00       1.15283E+00       5.13669E-01
       2.39883E-01       2.51189E-01       2.45536E-01       1.13060E-02       5.55677E-02       4.91489E+00       1.20678E+00       5.69236E-01
       2.51189E-01       2.63027E-01       2.57108E-01       1.18380E-02       5.81266E-02       4.91017E+00       1.26244E+00       6.27363E-01
       2.63027E-01       2.75423E-01       2.69225E-01       1.23960E-02       6.07445E-02       4.90033E+00       1.31929E+00       6.88107E-01
       2.75423E-01       2.88403E-01       2.81913E-01       1.29800E-02       6.34112E-02       4.88530E+00       1.37723E+00       7.51519E-01
       2.88403E-01       3.01995E-01       2.95199E-01       1.35920E-02       6.61120E-02       4.86404E+00       1.43586E+00       8.17631E-01
       3.01995E-01       3.16228E-01       3.09112E-01       1.42330E-02       6.87691E-02       4.83166E+00       1.49352E+00       8.86400E-01
       3.16228E-01       3.31131E-01       3.23680E-01       1.49030E-02       6.15791E-02       4.13199E+00       1.33744E+00       9.47979E-01
       3.31131E-01       3.46737E-01       3.38934E-01       1.56060E-02       4.04636E-02       2.59282E+00       8.78796E-01       9.88442E-01
       3.46737E-01       3.63078E-01       3.54908E-01       1.63410E-02       1.15575E-02       7.07270E-01       2.51015E-01       1.00000E+00

 Sum =                                                                         1.00000E+00
 Renormalization bin#   909 =                                                  1.16002E-05 barn        6.60000E+06        6.80000E+06        6.70000E+06
 Avg. Energy     bin#   909 =                                                  2.37510E-01 MeV         6.60000E+06        6.80000E+06
