"        MT=608 recoil spectrum "
" Initial neutron energy corresponds to the group:"
   1.66000E+01    1.68000E+01       0.00000E+00           784           878            95



          Low               High              Mid              Energy           Number             dn/de            E*dn/de          Cumulative
         Energy            Energy            Energy             Width          Fraction                               Sum   
         [MeV]             [MeV]             [MeV]              [MeV]

       2.29087E-02       2.39883E-02       2.34485E-02       1.07960E-03       0.00000E+00       0.00000E+00       0.00000E+00       0.00000E+00
       2.39883E-02       2.51189E-02       2.45536E-02       1.13060E-03       1.39478E-05       1.23366E-02       3.02909E-04       1.39478E-05
       2.51189E-02       2.63027E-02       2.57108E-02       1.18380E-03       1.14673E-03       9.68690E-01       2.49058E-02       1.16068E-03
       2.63027E-02       2.75423E-02       2.69225E-02       1.23960E-03       1.36979E-03       1.10503E+00       2.97501E-02       2.53048E-03
       2.75423E-02       2.88403E-02       2.81913E-02       1.29800E-03       1.42907E-03       1.10098E+00       3.10380E-02       3.95954E-03
       2.88403E-02       3.01995E-02       2.95199E-02       1.35920E-03       1.49062E-03       1.09669E+00       3.23742E-02       5.45017E-03
       3.01995E-02       3.16228E-02       3.09112E-02       1.42330E-03       1.55460E-03       1.09225E+00       3.37627E-02       7.00477E-03
       3.16228E-02       3.31131E-02       3.23680E-02       1.49030E-03       1.62098E-03       1.08769E+00       3.52063E-02       8.62575E-03
       3.31131E-02       3.46737E-02       3.38934E-02       1.56060E-03       1.68992E-03       1.08287E+00       3.67021E-02       1.03157E-02
       3.46737E-02       3.63078E-02       3.54908E-02       1.63410E-03       1.76144E-03       1.07793E+00       3.82564E-02       1.20771E-02
       3.63078E-02       3.80189E-02       3.71633E-02       1.71110E-03       1.83561E-03       1.07277E+00       3.98675E-02       1.39127E-02
       3.80189E-02       3.98107E-02       3.89148E-02       1.79180E-03       1.91243E-03       1.06732E+00       4.15347E-02       1.58252E-02
       3.98107E-02       4.16869E-02       4.07488E-02       1.87620E-03       1.99206E-03       1.06175E+00       4.32651E-02       1.78172E-02
       4.16869E-02       4.36516E-02       4.26693E-02       1.96470E-03       2.07452E-03       1.05589E+00       4.50542E-02       1.98917E-02
       4.36516E-02       4.57088E-02       4.46802E-02       2.05720E-03       2.15985E-03       1.04990E+00       4.69097E-02       2.20516E-02
       4.57088E-02       4.78630E-02       4.67859E-02       2.15420E-03       2.24815E-03       1.04361E+00       4.88264E-02       2.42997E-02
       4.78630E-02       5.01187E-02       4.89908E-02       2.25570E-03       2.33937E-03       1.03709E+00       5.08080E-02       2.66391E-02
       5.01187E-02       5.24808E-02       5.12998E-02       2.36210E-03       2.43370E-03       1.03031E+00       5.28546E-02       2.90728E-02
       5.24808E-02       5.49541E-02       5.37174E-02       2.47330E-03       2.53107E-03       1.02336E+00       5.49721E-02       3.16039E-02
       5.49541E-02       5.75440E-02       5.62491E-02       2.58990E-03       2.63155E-03       1.01608E+00       5.71536E-02       3.42354E-02
       5.75440E-02       6.02560E-02       5.89000E-02       2.71200E-03       2.73516E-03       1.00854E+00       5.94031E-02       3.69706E-02
       6.02560E-02       6.30957E-02       6.16758E-02       2.83970E-03       2.84195E-03       1.00079E+00       6.17248E-02       3.98125E-02
       6.30957E-02       6.60693E-02       6.45825E-02       2.97360E-03       2.95190E-03       9.92705E-01       6.41114E-02       4.27644E-02
       6.60693E-02       6.91831E-02       6.76262E-02       3.11380E-03       3.06508E-03       9.84350E-01       6.65679E-02       4.58295E-02
       6.91831E-02       7.24436E-02       7.08134E-02       3.26050E-03       3.18143E-03       9.75748E-01       6.90960E-02       4.90109E-02
       7.24436E-02       7.58578E-02       7.41507E-02       3.41420E-03       3.30099E-03       9.66844E-01       7.16921E-02       5.23119E-02
       7.58578E-02       7.94328E-02       7.76453E-02       3.57500E-03       3.42372E-03       9.57683E-01       7.43596E-02       5.57357E-02
       7.94328E-02       8.31764E-02       8.13046E-02       3.74360E-03       3.54962E-03       9.48184E-01       7.70917E-02       5.92853E-02
       8.31764E-02       8.70964E-02       8.51364E-02       3.92000E-03       3.67860E-03       9.38419E-01       7.98936E-02       6.29639E-02
       8.70964E-02       9.12011E-02       8.91488E-02       4.10470E-03       3.81068E-03       9.28369E-01       8.27629E-02       6.67746E-02
       9.12011E-02       9.54993E-02       9.33502E-02       4.29820E-03       3.94577E-03       9.18006E-01       8.56961E-02       7.07203E-02
       9.54993E-02       1.00000E-01       9.77497E-02       4.50070E-03       4.08378E-03       9.07366E-01       8.86947E-02       7.48041E-02
       1.00000E-01       1.04713E-01       1.02357E-01       4.71300E-03       4.22480E-03       8.96415E-01       9.17539E-02       7.90289E-02
       1.04713E-01       1.09648E-01       1.07180E-01       4.93500E-03       4.36843E-03       8.85193E-01       9.48755E-02       8.33973E-02
       1.09648E-01       1.14815E-01       1.12231E-01       5.16700E-03       4.51494E-03       8.73802E-01       9.80682E-02       8.79123E-02
       1.14815E-01       1.20226E-01       1.17520E-01       5.41100E-03       4.66384E-03       8.61918E-01       1.01293E-01       9.25761E-02
       1.20226E-01       1.25892E-01       1.23059E-01       5.66600E-03       4.81544E-03       8.49884E-01       1.04586E-01       9.73916E-02
       1.25892E-01       1.31826E-01       1.28859E-01       5.93400E-03       4.96937E-03       8.37440E-01       1.07912E-01       1.02361E-01
       1.31826E-01       1.38038E-01       1.34932E-01       6.21200E-03       5.12537E-03       8.25075E-01       1.11329E-01       1.07486E-01
       1.38038E-01       1.44544E-01       1.41291E-01       6.50600E-03       5.28371E-03       8.12129E-01       1.14746E-01       1.12770E-01
       1.44544E-01       1.51356E-01       1.47950E-01       6.81200E-03       5.44388E-03       7.99160E-01       1.18236E-01       1.18214E-01
       1.51356E-01       1.58489E-01       1.54923E-01       7.13300E-03       5.60600E-03       7.85924E-01       1.21757E-01       1.23820E-01
       1.58489E-01       1.65959E-01       1.62224E-01       7.47000E-03       5.76983E-03       7.72400E-01       1.25302E-01       1.29590E-01
       1.65959E-01       1.73780E-01       1.69869E-01       7.82100E-03       5.93526E-03       7.58887E-01       1.28912E-01       1.35525E-01
       1.73780E-01       1.81970E-01       1.77875E-01       8.19000E-03       6.10224E-03       7.45084E-01       1.32532E-01       1.41627E-01
       1.81970E-01       1.90546E-01       1.86258E-01       8.57600E-03       6.27069E-03       7.31191E-01       1.36190E-01       1.47898E-01
       1.90546E-01       1.99526E-01       1.95036E-01       8.98000E-03       6.44051E-03       7.17206E-01       1.39881E-01       1.54338E-01
       1.99526E-01       2.08930E-01       2.04228E-01       9.40400E-03       6.61176E-03       7.03079E-01       1.43588E-01       1.60950E-01
       2.08930E-01       2.18776E-01       2.13853E-01       9.84600E-03       6.78443E-03       6.89054E-01       1.47356E-01       1.67735E-01
       2.18776E-01       2.29087E-01       2.23931E-01       1.03110E-02       6.95853E-03       6.74865E-01       1.51123E-01       1.74693E-01
       2.29087E-01       2.39883E-01       2.34485E-01       1.07960E-02       7.13424E-03       6.60822E-01       1.54953E-01       1.81827E-01
       2.39883E-01       2.51189E-01       2.45536E-01       1.13060E-02       7.31175E-03       6.46714E-01       1.58792E-01       1.89139E-01
       2.51189E-01       2.63027E-01       2.57108E-01       1.18380E-02       7.49142E-03       6.32829E-01       1.62705E-01       1.96631E-01
       2.63027E-01       2.75423E-01       2.69225E-01       1.23960E-02       7.67346E-03       6.19027E-01       1.66658E-01       2.04304E-01
       2.75423E-01       2.88403E-01       2.81913E-01       1.29800E-02       7.85835E-03       6.05420E-01       1.70676E-01       2.12162E-01
       2.88403E-01       3.01995E-01       2.95199E-01       1.35920E-02       8.04670E-03       5.92018E-01       1.74763E-01       2.20209E-01
       3.01995E-01       3.16228E-01       3.09112E-01       1.42330E-02       8.23909E-03       5.78873E-01       1.78936E-01       2.28448E-01
       3.16228E-01       3.31131E-01       3.23680E-01       1.49030E-02       8.43638E-03       5.66086E-01       1.83230E-01       2.36885E-01
       3.31131E-01       3.46737E-01       3.38934E-01       1.56060E-02       8.63962E-03       5.53609E-01       1.87637E-01       2.45524E-01
       3.46737E-01       3.63078E-01       3.54908E-01       1.63410E-02       8.84968E-03       5.41563E-01       1.92205E-01       2.54374E-01
       3.63078E-01       3.80189E-01       3.71633E-01       1.71110E-02       9.06786E-03       5.29943E-01       1.96945E-01       2.63442E-01
       3.80189E-01       3.98107E-01       3.89148E-01       1.79180E-02       9.29552E-03       5.18781E-01       2.01883E-01       2.72737E-01
       3.98107E-01       4.16869E-01       4.07488E-01       1.87620E-02       9.53416E-03       5.08164E-01       2.07071E-01       2.82271E-01
       4.16869E-01       4.36516E-01       4.26692E-01       1.96470E-02       9.78545E-03       4.98063E-01       2.12520E-01       2.92057E-01
       4.36516E-01       4.57088E-01       4.46802E-01       2.05720E-02       1.00513E-02       4.88592E-01       2.18304E-01       3.02108E-01
       4.57088E-01       4.78630E-01       4.67859E-01       2.15420E-02       1.03334E-02       4.79687E-01       2.24426E-01       3.12441E-01
       4.78630E-01       5.01187E-01       4.89909E-01       2.25570E-02       1.06341E-02       4.71430E-01       2.30958E-01       3.23076E-01
       5.01187E-01       5.24808E-01       5.12998E-01       2.36210E-02       1.09553E-02       4.63797E-01       2.37927E-01       3.34031E-01
       5.24808E-01       5.49541E-01       5.37174E-01       2.47330E-02       1.12994E-02       4.56855E-01       2.45411E-01       3.45330E-01
       5.49541E-01       5.75440E-01       5.62490E-01       2.58990E-02       1.16686E-02       4.50543E-01       2.53426E-01       3.56999E-01
       5.75440E-01       6.02560E-01       5.89000E-01       2.71200E-02       1.20653E-02       4.44885E-01       2.62037E-01       3.69064E-01
       6.02560E-01       6.30957E-01       6.16758E-01       2.83970E-02       1.24917E-02       4.39896E-01       2.71309E-01       3.81556E-01
       6.30957E-01       6.60693E-01       6.45825E-01       2.97360E-02       1.29503E-02       4.35511E-01       2.81264E-01       3.94506E-01
       6.60693E-01       6.91831E-01       6.76262E-01       3.11380E-02       1.34435E-02       4.31739E-01       2.91969E-01       4.07950E-01
       6.91831E-01       7.24436E-01       7.08133E-01       3.26050E-02       1.39734E-02       4.28567E-01       3.03482E-01       4.21923E-01
       7.24436E-01       7.58578E-01       7.41507E-01       3.41420E-02       1.45427E-02       4.25948E-01       3.15843E-01       4.36466E-01
       7.58578E-01       7.94328E-01       7.76453E-01       3.57500E-02       1.51538E-02       4.23882E-01       3.29125E-01       4.51620E-01
       7.94328E-01       8.31764E-01       8.13046E-01       3.74360E-02       1.58098E-02       4.22314E-01       3.43361E-01       4.67429E-01
       8.31764E-01       8.70964E-01       8.51364E-01       3.92000E-02       1.65139E-02       4.21273E-01       3.58657E-01       4.83943E-01
       8.70964E-01       9.12011E-01       8.91487E-01       4.10470E-02       1.72709E-02       4.20760E-01       3.75102E-01       5.01214E-01
       9.12011E-01       9.54993E-01       9.33502E-01       4.29820E-02       1.80871E-02       4.20806E-01       3.92824E-01       5.19301E-01
       9.54993E-01       1.00000E+00       9.77497E-01       4.50070E-02       1.89715E-02       4.21523E-01       4.12037E-01       5.38273E-01
       1.00000E+00       1.04713E+00       1.02357E+00       4.71300E-02       1.99378E-02       4.23038E-01       4.33007E-01       5.58211E-01
       1.04713E+00       1.09648E+00       1.07181E+00       4.93500E-02       2.10057E-02       4.25647E-01       4.56210E-01       5.79216E-01
       1.09648E+00       1.14815E+00       1.12231E+00       5.16700E-02       2.22082E-02       4.29808E-01       4.82380E-01       6.01424E-01
       1.14815E+00       1.20226E+00       1.17520E+00       5.41100E-02       2.35914E-02       4.35990E-01       5.12377E-01       6.25016E-01
       1.20226E+00       1.25892E+00       1.23059E+00       5.66600E-02       2.52316E-02       4.45317E-01       5.48002E-01       6.50247E-01
       1.25892E+00       1.31826E+00       1.28859E+00       5.93400E-02       2.72423E-02       4.59088E-01       5.91576E-01       6.77490E-01
       1.31826E+00       1.38038E+00       1.34932E+00       6.21200E-02       2.97985E-02       4.79693E-01       6.47260E-01       7.07288E-01
       1.38038E+00       1.44544E+00       1.41291E+00       6.50600E-02       3.31732E-02       5.09886E-01       7.20423E-01       7.40461E-01
       1.44544E+00       1.51356E+00       1.47950E+00       6.81200E-02       3.77806E-02       5.54618E-01       8.20558E-01       7.78242E-01
       1.51356E+00       1.58489E+00       1.54923E+00       7.13300E-02       4.42616E-02       6.20518E-01       9.61323E-01       8.22504E-01
       1.58489E+00       1.65959E+00       1.62224E+00       7.47000E-02       5.35944E-02       7.17461E-01       1.16389E+00       8.76098E-01
       1.65959E+00       1.73780E+00       1.69869E+00       7.82100E-02       6.72751E-02       8.60186E-01       1.46119E+00       9.43373E-01
       1.73780E+00       1.81970E+00       1.77875E+00       8.19000E-02       5.66268E-02       6.91414E-01       1.22985E+00       1.00000E+00

 Sum =                                                                         1.00000E+00
 Renormalization bin#   959 =                                                  1.61288E-03 barn        1.66000E+07        1.68000E+07        1.67000E+07
 Avg. Energy     bin#   959 =                                                  9.09604E-01 MeV         1.66000E+07        1.68000E+07
