"        MT=613 recoil spectrum "
" Initial neutron energy corresponds to the group:"
   1.46000E+01    1.48000E+01       0.00000E+00           794           874            81



          Low               High              Mid              Energy           Number             dn/de            E*dn/de          Cumulative
         Energy            Energy            Energy             Width          Fraction                               Sum   
         [MeV]             [MeV]             [MeV]              [MeV]

       3.63078E-02       3.80189E-02       3.71633E-02       1.71110E-03       0.00000E+00       0.00000E+00       0.00000E+00       0.00000E+00
       3.80189E-02       3.98107E-02       3.89148E-02       1.79180E-03       2.19105E-04       1.22282E-01       4.75857E-03       2.19105E-04
       3.98107E-02       4.16869E-02       4.07488E-02       1.87620E-03       1.08355E-03       5.77522E-01       2.35333E-02       1.30265E-03
       4.16869E-02       4.36516E-02       4.26693E-02       1.96470E-03       1.13659E-03       5.78507E-01       2.46845E-02       2.43925E-03
       4.36516E-02       4.57088E-02       4.46802E-02       2.05720E-03       1.19234E-03       5.79595E-01       2.58964E-02       3.63159E-03
       4.57088E-02       4.78630E-02       4.67859E-02       2.15420E-03       1.25092E-03       5.80687E-01       2.71680E-02       4.88250E-03
       4.78630E-02       5.01187E-02       4.89908E-02       2.25570E-03       1.31243E-03       5.81827E-01       2.85042E-02       6.19493E-03
       5.01187E-02       5.24808E-02       5.12998E-02       2.36210E-03       1.37701E-03       5.82962E-01       2.99058E-02       7.57195E-03
       5.24808E-02       5.49541E-02       5.37174E-02       2.47330E-03       1.44494E-03       5.84214E-01       3.13825E-02       9.01688E-03
       5.49541E-02       5.75440E-02       5.62491E-02       2.58990E-03       1.51626E-03       5.85452E-01       3.29311E-02       1.05331E-02
       5.75440E-02       6.02560E-02       5.89000E-02       2.71200E-03       1.59127E-03       5.86751E-01       3.45596E-02       1.21244E-02
       6.02560E-02       6.30957E-02       6.16758E-02       2.83970E-03       1.67001E-03       5.88092E-01       3.62711E-02       1.37944E-02
       6.30957E-02       6.60693E-02       6.45825E-02       2.97360E-03       1.75284E-03       5.89468E-01       3.80693E-02       1.55473E-02
       6.60693E-02       6.91831E-02       6.76262E-02       3.11380E-03       1.83989E-03       5.90881E-01       3.99591E-02       1.73871E-02
       6.91831E-02       7.24436E-02       7.08134E-02       3.26050E-03       1.93141E-03       5.92366E-01       4.19474E-02       1.93186E-02
       7.24436E-02       7.58578E-02       7.41507E-02       3.41420E-03       2.02758E-03       5.93869E-01       4.40358E-02       2.13461E-02
       7.58578E-02       7.94328E-02       7.76453E-02       3.57500E-03       2.12872E-03       5.95446E-01       4.62335E-02       2.34749E-02
       7.94328E-02       8.31764E-02       8.13046E-02       3.74360E-03       2.23511E-03       5.97049E-01       4.85428E-02       2.57100E-02
       8.31764E-02       8.70964E-02       8.51364E-02       3.92000E-03       2.34692E-03       5.98703E-01       5.09714E-02       2.80569E-02
       8.70964E-02       9.12011E-02       8.91488E-02       4.10470E-03       2.46456E-03       6.00424E-01       5.35270E-02       3.05215E-02
       9.12011E-02       9.54993E-02       9.33502E-02       4.29820E-03       2.58825E-03       6.02171E-01       5.62128E-02       3.31097E-02
       9.54993E-02       1.00000E-01       9.77497E-02       4.50070E-03       2.71839E-03       6.03993E-01       5.90401E-02       3.58281E-02
       1.00000E-01       1.04713E-01       1.02357E-01       4.71300E-03       2.85538E-03       6.05852E-01       6.20129E-02       3.86835E-02
       1.04713E-01       1.09648E-01       1.07180E-01       4.93500E-03       2.99939E-03       6.07779E-01       6.51421E-02       4.16829E-02
       1.09648E-01       1.14815E-01       1.12231E-01       5.16700E-03       3.15110E-03       6.09850E-01       6.84444E-02       4.48340E-02
       1.14815E-01       1.20226E-01       1.17520E-01       5.41100E-03       3.31060E-03       6.11828E-01       7.19024E-02       4.81446E-02
       1.20226E-01       1.25892E-01       1.23059E-01       5.66600E-03       3.47867E-03       6.13955E-01       7.55528E-02       5.16232E-02
       1.25892E-01       1.31826E-01       1.28859E-01       5.93400E-03       3.65558E-03       6.16039E-01       7.93822E-02       5.52788E-02
       1.31826E-01       1.38038E-01       1.34932E-01       6.21200E-03       3.84175E-03       6.18440E-01       8.34473E-02       5.91206E-02
       1.38038E-01       1.44544E-01       1.41291E-01       6.50600E-03       4.03806E-03       6.20667E-01       8.76947E-02       6.31586E-02
       1.44544E-01       1.51356E-01       1.47950E-01       6.81200E-03       4.24467E-03       6.23117E-01       9.21902E-02       6.74033E-02
       1.51356E-01       1.58489E-01       1.54923E-01       7.13300E-03       4.46255E-03       6.25620E-01       9.69226E-02       7.18658E-02
       1.58489E-01       1.65959E-01       1.62224E-01       7.47000E-03       4.69221E-03       6.28140E-01       1.01899E-01       7.65580E-02
       1.65959E-01       1.73780E-01       1.69869E-01       7.82100E-03       4.93432E-03       6.30906E-01       1.07172E-01       8.14924E-02
       1.73780E-01       1.81970E-01       1.77875E-01       8.19000E-03       5.18971E-03       6.33664E-01       1.12713E-01       8.66821E-02
       1.81970E-01       1.90546E-01       1.86258E-01       8.57600E-03       5.45926E-03       6.36574E-01       1.18567E-01       9.21413E-02
       1.90546E-01       1.99526E-01       1.95036E-01       8.98000E-03       5.74381E-03       6.39622E-01       1.24749E-01       9.78851E-02
       1.99526E-01       2.08930E-01       2.04228E-01       9.40400E-03       6.04438E-03       6.42745E-01       1.31267E-01       1.03930E-01
       2.08930E-01       2.18776E-01       2.13853E-01       9.84600E-03       6.36202E-03       6.46153E-01       1.38182E-01       1.10292E-01
       2.18776E-01       2.29087E-01       2.23931E-01       1.03110E-02       6.69781E-03       6.49579E-01       1.45461E-01       1.16989E-01
       2.29087E-01       2.39883E-01       2.34485E-01       1.07960E-02       7.05304E-03       6.53301E-01       1.53189E-01       1.24042E-01
       2.39883E-01       2.51189E-01       2.45536E-01       1.13060E-02       7.42905E-03       6.57089E-01       1.61339E-01       1.31471E-01
       2.51189E-01       2.63027E-01       2.57108E-01       1.18380E-02       7.82739E-03       6.61209E-01       1.70002E-01       1.39299E-01
       2.63027E-01       2.75423E-01       2.69225E-01       1.23960E-02       8.24945E-03       6.65493E-01       1.79167E-01       1.47548E-01
       2.75423E-01       2.88403E-01       2.81913E-01       1.29800E-02       8.69713E-03       6.70040E-01       1.88893E-01       1.56245E-01
       2.88403E-01       3.01995E-01       2.95199E-01       1.35920E-02       9.17210E-03       6.74816E-01       1.99205E-01       1.65418E-01
       3.01995E-01       3.16228E-01       3.09112E-01       1.42330E-02       9.67647E-03       6.79862E-01       2.10153E-01       1.75094E-01
       3.16228E-01       3.31131E-01       3.23680E-01       1.49030E-02       1.02122E-02       6.85246E-01       2.21800E-01       1.85306E-01
       3.31131E-01       3.46737E-01       3.38934E-01       1.56060E-02       1.07817E-02       6.90872E-01       2.34160E-01       1.96088E-01
       3.46737E-01       3.63078E-01       3.54908E-01       1.63410E-02       1.13871E-02       6.96843E-01       2.47315E-01       2.07475E-01
       3.63078E-01       3.80189E-01       3.71633E-01       1.71110E-02       1.20309E-02       7.03107E-01       2.61298E-01       2.19506E-01
       3.80189E-01       3.98107E-01       3.89148E-01       1.79180E-02       1.27155E-02       7.09647E-01       2.76158E-01       2.32221E-01
       3.98107E-01       4.16869E-01       4.07488E-01       1.87620E-02       1.34432E-02       7.16510E-01       2.91969E-01       2.45665E-01
       4.16869E-01       4.36516E-01       4.26692E-01       1.96470E-02       1.42164E-02       7.23594E-01       3.08752E-01       2.59881E-01
       4.36516E-01       4.57088E-01       4.46802E-01       2.05720E-02       1.50374E-02       7.30966E-01       3.26597E-01       2.74918E-01
       4.57088E-01       4.78630E-01       4.67859E-01       2.15420E-02       1.59079E-02       7.38459E-01       3.45495E-01       2.90826E-01
       4.78630E-01       5.01187E-01       4.89909E-01       2.25570E-02       1.68292E-02       7.46076E-01       3.65509E-01       3.07656E-01
       5.01187E-01       5.24808E-01       5.12998E-01       2.36210E-02       1.78024E-02       7.53668E-01       3.86630E-01       3.25458E-01
       5.24808E-01       5.49541E-01       5.37174E-01       2.47330E-02       1.88271E-02       7.61215E-01       4.08905E-01       3.44285E-01
       5.49541E-01       5.75440E-01       5.62490E-01       2.58990E-02       1.99024E-02       7.68462E-01       4.32252E-01       3.64187E-01
       5.75440E-01       6.02560E-01       5.89000E-01       2.71200E-02       2.10260E-02       7.75294E-01       4.56648E-01       3.85213E-01
       6.02560E-01       6.30957E-01       6.16758E-01       2.83970E-02       2.21935E-02       7.81544E-01       4.82024E-01       4.07407E-01
       6.30957E-01       6.60693E-01       6.45825E-01       2.97360E-02       2.33994E-02       7.86903E-01       5.08202E-01       4.30806E-01
       6.60693E-01       6.91831E-01       6.76262E-01       3.11380E-02       2.46355E-02       7.91173E-01       5.35040E-01       4.55442E-01
       6.91831E-01       7.24436E-01       7.08133E-01       3.26050E-02       2.58917E-02       7.94101E-01       5.62329E-01       4.81333E-01
       7.24436E-01       7.58578E-01       7.41507E-01       3.41420E-02       2.71553E-02       7.95364E-01       5.89768E-01       5.08489E-01
       7.58578E-01       7.94328E-01       7.76453E-01       3.57500E-02       2.84119E-02       7.94738E-01       6.17077E-01       5.36901E-01
       7.94328E-01       8.31764E-01       8.13046E-01       3.74360E-02       2.96444E-02       7.91869E-01       6.43826E-01       5.66545E-01
       8.31764E-01       8.70964E-01       8.51364E-01       3.92000E-02       3.08355E-02       7.86620E-01       6.69700E-01       5.97381E-01
       8.70964E-01       9.12011E-01       8.91487E-01       4.10470E-02       3.19676E-02       7.78804E-01       6.94294E-01       6.29348E-01
       9.12011E-01       9.54993E-01       9.33502E-01       4.29820E-02       3.30250E-02       7.68345E-01       7.17252E-01       6.62373E-01
       9.54993E-01       1.00000E+00       9.77497E-01       4.50070E-02       3.39952E-02       7.55332E-01       7.38335E-01       6.96368E-01
       1.00000E+00       1.04713E+00       1.02357E+00       4.71300E-02       3.48732E-02       7.39937E-01       7.57374E-01       7.31242E-01
       1.04713E+00       1.09648E+00       1.07181E+00       4.93500E-02       3.56594E-02       7.22582E-01       7.74467E-01       7.66901E-01
       1.09648E+00       1.14815E+00       1.12231E+00       5.16700E-02       3.63692E-02       7.03875E-01       7.89969E-01       8.03270E-01
       1.14815E+00       1.20226E+00       1.17520E+00       5.41100E-02       3.70176E-02       6.84118E-01       8.03979E-01       8.40288E-01
       1.20226E+00       1.25892E+00       1.23059E+00       5.66600E-02       3.76281E-02       6.64103E-01       8.17238E-01       8.77916E-01
       1.25892E+00       1.31826E+00       1.28859E+00       5.93400E-02       3.81980E-02       6.43714E-01       8.29483E-01       9.16114E-01
       1.31826E+00       1.38038E+00       1.34932E+00       6.21200E-02       3.86690E-02       6.22489E-01       8.39937E-01       9.54783E-01
       1.38038E+00       1.44544E+00       1.41291E+00       6.50600E-02       3.82937E-02       5.88590E-01       8.31625E-01       9.93077E-01
       1.44544E+00       1.51356E+00       1.47950E+00       6.81200E-02       6.92338E-03       1.01635E-01       1.50369E-01       1.00000E+00

 Sum =                                                                         1.00000E+00
 Renormalization bin#   949 =                                                  4.36905E-03 barn        1.46000E+07        1.48000E+07        1.47000E+07
 Avg. Energy     bin#   949 =                                                  7.48173E-01 MeV         1.46000E+07        1.48000E+07
