"        MT=610 recoil spectrum "
" Initial neutron energy corresponds to the group:"
   1.24000E+01    1.26000E+01       0.00000E+00           795           870            76



          Low               High              Mid              Energy           Number             dn/de            E*dn/de          Cumulative
         Energy            Energy            Energy             Width          Fraction                               Sum   
         [MeV]             [MeV]             [MeV]              [MeV]

       3.80189E-02       3.98107E-02       3.89148E-02       1.79180E-03       0.00000E+00       0.00000E+00       0.00000E+00       0.00000E+00
       3.98107E-02       4.16869E-02       4.07488E-02       1.87620E-03       4.92071E-04       2.62270E-01       1.06872E-02       4.92071E-04
       4.16869E-02       4.36516E-02       4.26693E-02       1.96470E-03       2.02555E-03       1.03097E+00       4.39908E-02       2.51763E-03
       4.36516E-02       4.57088E-02       4.46802E-02       2.05720E-03       2.11927E-03       1.03017E+00       4.60283E-02       4.63689E-03
       4.57088E-02       4.78630E-02       4.67859E-02       2.15420E-03       2.21721E-03       1.02925E+00       4.81543E-02       6.85410E-03
       4.78630E-02       5.01187E-02       4.89908E-02       2.25570E-03       2.31947E-03       1.02827E+00       5.03758E-02       9.17357E-03
       5.01187E-02       5.24808E-02       5.12998E-02       2.36210E-03       2.42635E-03       1.02720E+00       5.26951E-02       1.15999E-02
       5.24808E-02       5.49541E-02       5.37174E-02       2.47330E-03       2.53791E-03       1.02612E+00       5.51206E-02       1.41378E-02
       5.49541E-02       5.75440E-02       5.62491E-02       2.58990E-03       2.65435E-03       1.02489E+00       5.76489E-02       1.67922E-02
       5.75440E-02       6.02560E-02       5.89000E-02       2.71200E-03       2.77596E-03       1.02358E+00       6.02891E-02       1.95681E-02
       6.02560E-02       6.30957E-02       6.16758E-02       2.83970E-03       2.90282E-03       1.02223E+00       6.30467E-02       2.24710E-02
       6.30957E-02       6.60693E-02       6.45825E-02       2.97360E-03       3.03521E-03       1.02072E+00       6.59206E-02       2.55062E-02
       6.60693E-02       6.91831E-02       6.76262E-02       3.11380E-03       3.17328E-03       1.01910E+00       6.89179E-02       2.86794E-02
       6.91831E-02       7.24436E-02       7.08134E-02       3.26050E-03       3.31726E-03       1.01741E+00       7.20460E-02       3.19967E-02
       7.24436E-02       7.58578E-02       7.41507E-02       3.41420E-03       3.46734E-03       1.01556E+00       7.53048E-02       3.54640E-02
       7.58578E-02       7.94328E-02       7.76453E-02       3.57500E-03       3.62372E-03       1.01363E+00       7.87035E-02       3.90878E-02
       7.94328E-02       8.31764E-02       8.13046E-02       3.74360E-03       3.78666E-03       1.01150E+00       8.22397E-02       4.28744E-02
       8.31764E-02       8.70964E-02       8.51364E-02       3.92000E-03       3.95632E-03       1.00927E+00       8.59253E-02       4.68307E-02
       8.70964E-02       9.12011E-02       8.91488E-02       4.10470E-03       4.13291E-03       1.00687E+00       8.97613E-02       5.09636E-02
       9.12011E-02       9.54993E-02       9.33502E-02       4.29820E-03       4.31669E-03       1.00430E+00       9.37520E-02       5.52803E-02
       9.54993E-02       1.00000E-01       9.77497E-02       4.50070E-03       4.50784E-03       1.00159E+00       9.79047E-02       5.97882E-02
       1.00000E-01       1.04713E-01       1.02357E-01       4.71300E-03       4.70656E-03       9.98634E-01       1.02217E-01       6.44947E-02
       1.04713E-01       1.09648E-01       1.07180E-01       4.93500E-03       4.91295E-03       9.95532E-01       1.06702E-01       6.94077E-02
       1.09648E-01       1.14815E-01       1.12231E-01       5.16700E-03       5.12754E-03       9.92363E-01       1.11374E-01       7.45352E-02
       1.14815E-01       1.20226E-01       1.17520E-01       5.41100E-03       5.34999E-03       9.88725E-01       1.16195E-01       7.98852E-02
       1.20226E-01       1.25892E-01       1.23059E-01       5.66600E-03       5.58106E-03       9.85008E-01       1.21214E-01       8.54663E-02
       1.25892E-01       1.31826E-01       1.28859E-01       5.93400E-03       5.82060E-03       9.80890E-01       1.26397E-01       9.12869E-02
       1.31826E-01       1.38038E-01       1.34932E-01       6.21200E-03       6.06868E-03       9.76929E-01       1.31819E-01       9.73556E-02
       1.38038E-01       1.44544E-01       1.41291E-01       6.50600E-03       6.32584E-03       9.72308E-01       1.37378E-01       1.03681E-01
       1.44544E-01       1.51356E-01       1.47950E-01       6.81200E-03       6.59183E-03       9.67679E-01       1.43168E-01       1.10273E-01
       1.51356E-01       1.58489E-01       1.54923E-01       7.13300E-03       6.86716E-03       9.62731E-01       1.49149E-01       1.17140E-01
       1.58489E-01       1.65959E-01       1.62224E-01       7.47000E-03       7.15176E-03       9.57397E-01       1.55313E-01       1.24292E-01
       1.65959E-01       1.73780E-01       1.69869E-01       7.82100E-03       7.44577E-03       9.52023E-01       1.61720E-01       1.31738E-01
       1.73780E-01       1.81970E-01       1.77875E-01       8.19000E-03       7.74939E-03       9.46202E-01       1.68306E-01       1.39487E-01
       1.81970E-01       1.90546E-01       1.86258E-01       8.57600E-03       8.06277E-03       9.40155E-01       1.75111E-01       1.47550E-01
       1.90546E-01       1.99526E-01       1.95036E-01       8.98000E-03       8.38592E-03       9.33845E-01       1.82133E-01       1.55936E-01
       1.99526E-01       2.08930E-01       2.04228E-01       9.40400E-03       8.71926E-03       9.27187E-01       1.89357E-01       1.64655E-01
       2.08930E-01       2.18776E-01       2.13853E-01       9.84600E-03       9.06271E-03       9.20445E-01       1.96840E-01       1.73718E-01
       2.18776E-01       2.29087E-01       2.23931E-01       1.03110E-02       9.41644E-03       9.13243E-01       2.04504E-01       1.83134E-01
       2.29087E-01       2.39883E-01       2.34485E-01       1.07960E-02       9.78080E-03       9.05965E-01       2.12435E-01       1.92915E-01
       2.39883E-01       2.51189E-01       2.45536E-01       1.13060E-02       1.01561E-02       8.98290E-01       2.20562E-01       2.03071E-01
       2.51189E-01       2.63027E-01       2.57108E-01       1.18380E-02       1.05426E-02       8.90572E-01       2.28973E-01       2.13614E-01
       2.63027E-01       2.75423E-01       2.69225E-01       1.23960E-02       1.09406E-02       8.82592E-01       2.37616E-01       2.24555E-01
       2.75423E-01       2.88403E-01       2.81913E-01       1.29800E-02       1.13508E-02       8.74483E-01       2.46528E-01       2.35905E-01
       2.88403E-01       3.01995E-01       2.95199E-01       1.35920E-02       1.17736E-02       8.66217E-01       2.55706E-01       2.47679E-01
       3.01995E-01       3.16228E-01       3.09112E-01       1.42330E-02       1.22100E-02       8.57868E-01       2.65177E-01       2.59889E-01
       3.16228E-01       3.31131E-01       3.23680E-01       1.49030E-02       1.26608E-02       8.49545E-01       2.74980E-01       2.72550E-01
       3.31131E-01       3.46737E-01       3.38934E-01       1.56060E-02       1.31273E-02       8.41173E-01       2.85102E-01       2.85677E-01
       3.46737E-01       3.63078E-01       3.54908E-01       1.63410E-02       1.36105E-02       8.32907E-01       2.95605E-01       2.99288E-01
       3.63078E-01       3.80189E-01       3.71633E-01       1.71110E-02       1.41125E-02       8.24762E-01       3.06509E-01       3.13400E-01
       3.80189E-01       3.98107E-01       3.89148E-01       1.79180E-02       1.46352E-02       8.16788E-01       3.17851E-01       3.28035E-01
       3.98107E-01       4.16869E-01       4.07488E-01       1.87620E-02       1.51807E-02       8.09119E-01       3.29706E-01       3.43216E-01
       4.16869E-01       4.36516E-01       4.26692E-01       1.96470E-02       1.57520E-02       8.01753E-01       3.42102E-01       3.58968E-01
       4.36516E-01       4.57088E-01       4.46802E-01       2.05720E-02       1.63525E-02       7.94890E-01       3.55158E-01       3.75321E-01
       4.57088E-01       4.78630E-01       4.67859E-01       2.15420E-02       1.69857E-02       7.88494E-01       3.68904E-01       3.92306E-01
       4.78630E-01       5.01187E-01       4.89909E-01       2.25570E-02       1.76566E-02       7.82754E-01       3.83478E-01       4.09963E-01
       5.01187E-01       5.24808E-01       5.12998E-01       2.36210E-02       1.83704E-02       7.77716E-01       3.98966E-01       4.28333E-01
       5.24808E-01       5.49541E-01       5.37174E-01       2.47330E-02       1.91330E-02       7.73584E-01       4.15549E-01       4.47466E-01
       5.49541E-01       5.75440E-01       5.62490E-01       2.58990E-02       1.99524E-02       7.70394E-01       4.33339E-01       4.67419E-01
       5.75440E-01       6.02560E-01       5.89000E-01       2.71200E-02       2.08371E-02       7.68328E-01       4.52545E-01       4.88256E-01
       6.02560E-01       6.30957E-01       6.16758E-01       2.83970E-02       2.17975E-02       7.67599E-01       4.73423E-01       5.10053E-01
       6.30957E-01       6.60693E-01       6.45825E-01       2.97360E-02       2.28463E-02       7.68303E-01       4.96189E-01       5.32900E-01
       6.60693E-01       6.91831E-01       6.76262E-01       3.11380E-02       2.39989E-02       7.70726E-01       5.21213E-01       5.56898E-01
       6.91831E-01       7.24436E-01       7.08133E-01       3.26050E-02       2.52731E-02       7.75130E-01       5.48896E-01       5.82172E-01
       7.24436E-01       7.58578E-01       7.41507E-01       3.41420E-02       2.66917E-02       7.81784E-01       5.79698E-01       6.08863E-01
       7.58578E-01       7.94328E-01       7.76453E-01       3.57500E-02       2.82810E-02       7.91077E-01       6.14234E-01       6.37144E-01
       7.94328E-01       8.31764E-01       8.13046E-01       3.74360E-02       3.00732E-02       8.03322E-01       6.53138E-01       6.67217E-01
       8.31764E-01       8.70964E-01       8.51364E-01       3.92000E-02       3.21049E-02       8.19003E-01       6.97269E-01       6.99322E-01
       8.70964E-01       9.12011E-01       8.91487E-01       4.10470E-02       3.44173E-02       8.38486E-01       7.47500E-01       7.33740E-01
       9.12011E-01       9.54993E-01       9.33502E-01       4.29820E-02       3.70535E-02       8.62070E-01       8.04744E-01       7.70793E-01
       9.54993E-01       1.00000E+00       9.77497E-01       4.50070E-02       4.00515E-02       8.89894E-01       8.69868E-01       8.10845E-01
       1.00000E+00       1.04713E+00       1.02357E+00       4.71300E-02       4.34341E-02       9.21582E-01       9.43299E-01       8.54279E-01
       1.04713E+00       1.09648E+00       1.07181E+00       4.93500E-02       4.71847E-02       9.56123E-01       1.02478E+00       9.01464E-01
       1.09648E+00       1.14815E+00       1.12231E+00       5.16700E-02       5.12181E-02       9.91255E-01       1.11250E+00       9.52682E-01
       1.14815E+00       1.20226E+00       1.17520E+00       5.41100E-02       4.61276E-02       8.52478E-01       1.00184E+00       9.98809E-01
       1.20226E+00       1.25892E+00       1.23059E+00       5.66600E-02       1.19090E-03       2.10183E-02       2.58649E-02       1.00000E+00

 Sum =                                                                         1.00000E+00
 Renormalization bin#   938 =                                                  7.76928E-03 barn        1.24000E+07        1.26000E+07        1.25000E+07
 Avg. Energy     bin#   938 =                                                  6.18070E-01 MeV         1.24000E+07        1.26000E+07
