"        MT=602 recoil spectrum "
" Initial neutron energy corresponds to the group:"
   5.80000E+00    6.00000E+00       0.00000E+00           807           846            40



          Low               High              Mid              Energy           Number             dn/de            E*dn/de          Cumulative
         Energy            Energy            Energy             Width          Fraction                               Sum   
         [MeV]             [MeV]             [MeV]              [MeV]

       6.60693E-02       6.91831E-02       6.76262E-02       3.11380E-03       0.00000E+00       0.00000E+00       0.00000E+00       0.00000E+00
       6.91831E-02       7.24436E-02       7.08134E-02       3.26050E-03       8.96466E-04       2.74947E-01       1.94700E-02       8.96466E-04
       7.24436E-02       7.58578E-02       7.41507E-02       3.41420E-03       8.31548E-03       2.43556E+00       1.80598E-01       9.21194E-03
       7.58578E-02       7.94328E-02       7.76453E-02       3.57500E-03       1.38944E-02       3.88654E+00       3.01772E-01       2.31063E-02
       7.94328E-02       8.31764E-02       8.13046E-02       3.74360E-03       1.49398E-02       3.99075E+00       3.24466E-01       3.80461E-02
       8.31764E-02       8.70964E-02       8.51364E-02       3.92000E-03       1.53990E-02       3.92832E+00       3.34443E-01       5.34451E-02
       8.70964E-02       9.12011E-02       8.91488E-02       4.10470E-03       1.58635E-02       3.86472E+00       3.44535E-01       6.93086E-02
       9.12011E-02       9.54993E-02       9.33502E-02       4.29820E-03       1.63330E-02       3.79998E+00       3.54728E-01       8.56417E-02
       9.54993E-02       1.00000E-01       9.77497E-02       4.50070E-03       1.68073E-02       3.73438E+00       3.65035E-01       1.02449E-01
       1.00000E-01       1.04713E-01       1.02357E-01       4.71300E-03       1.72866E-02       3.66787E+00       3.75430E-01       1.19736E-01
       1.04713E-01       1.09648E-01       1.07180E-01       4.93500E-03       1.77703E-02       3.60086E+00       3.85942E-01       1.37506E-01
       1.09648E-01       1.14815E-01       1.12231E-01       5.16700E-03       1.82601E-02       3.53398E+00       3.96624E-01       1.55766E-01
       1.14815E-01       1.20226E-01       1.17520E-01       5.41100E-03       1.87550E-02       3.46609E+00       4.07336E-01       1.74521E-01
       1.20226E-01       1.25892E-01       1.23059E-01       5.66600E-03       1.92578E-02       3.39883E+00       4.18257E-01       1.93779E-01
       1.25892E-01       1.31826E-01       1.28859E-01       5.93400E-03       1.97693E-02       3.33152E+00       4.29297E-01       2.13548E-01
       1.31826E-01       1.38038E-01       1.34932E-01       6.21200E-03       2.02910E-02       3.26642E+00       4.40744E-01       2.33839E-01
       1.38038E-01       1.44544E-01       1.41291E-01       6.50600E-03       2.08273E-02       3.20124E+00       4.52306E-01       2.54666E-01
       1.44544E-01       1.51356E-01       1.47950E-01       6.81200E-03       2.13807E-02       3.13868E+00       4.64367E-01       2.76047E-01
       1.51356E-01       1.58489E-01       1.54923E-01       7.13300E-03       2.19573E-02       3.07827E+00       4.76893E-01       2.98004E-01
       1.58489E-01       1.65959E-01       1.62224E-01       7.47000E-03       2.25628E-02       3.02046E+00       4.89991E-01       3.20567E-01
       1.65959E-01       1.73780E-01       1.69869E-01       7.82100E-03       2.32054E-02       2.96707E+00       5.04014E-01       3.43772E-01
       1.73780E-01       1.81970E-01       1.77875E-01       8.19000E-03       2.38951E-02       2.91759E+00       5.18967E-01       3.67668E-01
       1.81970E-01       1.90546E-01       1.86258E-01       8.57600E-03       2.46443E-02       2.87363E+00       5.35237E-01       3.92312E-01
       1.90546E-01       1.99526E-01       1.95036E-01       8.98000E-03       2.54677E-02       2.83605E+00       5.53132E-01       4.17780E-01
       1.99526E-01       2.08930E-01       2.04228E-01       9.40400E-03       2.63847E-02       2.80569E+00       5.73001E-01       4.44164E-01
       2.08930E-01       2.18776E-01       2.13853E-01       9.84600E-03       2.74172E-02       2.78460E+00       5.95495E-01       4.71581E-01
       2.18776E-01       2.29087E-01       2.23931E-01       1.03110E-02       2.85922E-02       2.77298E+00       6.20958E-01       5.00174E-01
       2.29087E-01       2.39883E-01       2.34485E-01       1.07960E-02       2.99428E-02       2.77351E+00       6.50347E-01       5.30116E-01
       2.39883E-01       2.51189E-01       2.45536E-01       1.13060E-02       3.15084E-02       2.78687E+00       6.84277E-01       5.61625E-01
       2.51189E-01       2.63027E-01       2.57108E-01       1.18380E-02       3.33362E-02       2.81603E+00       7.24025E-01       5.94961E-01
       2.63027E-01       2.75423E-01       2.69225E-01       1.23960E-02       3.54819E-02       2.86237E+00       7.70620E-01       6.30443E-01
       2.75423E-01       2.88403E-01       2.81913E-01       1.29800E-02       3.80126E-02       2.92855E+00       8.25597E-01       6.68456E-01
       2.88403E-01       3.01995E-01       2.95199E-01       1.35920E-02       4.10076E-02       3.01704E+00       8.90627E-01       7.09463E-01
       3.01995E-01       3.16228E-01       3.09112E-01       1.42330E-02       4.45613E-02       3.13084E+00       9.67779E-01       7.54024E-01
       3.16228E-01       3.31131E-01       3.23680E-01       1.49030E-02       4.87842E-02       3.27345E+00       1.05955E+00       8.02809E-01
       3.31131E-01       3.46737E-01       3.38934E-01       1.56060E-02       5.38088E-02       3.44796E+00       1.16863E+00       8.56618E-01
       3.46737E-01       3.63078E-01       3.54908E-01       1.63410E-02       5.97882E-02       3.65879E+00       1.29853E+00       9.16406E-01
       3.63078E-01       3.80189E-01       3.71633E-01       1.71110E-02       5.68394E-02       3.32180E+00       1.23449E+00       9.73245E-01
       3.80189E-01       3.98107E-01       3.89148E-01       1.79180E-02       2.67326E-02       1.49194E+00       5.80586E-01       9.99978E-01
       3.98107E-01       4.16869E-01       4.07488E-01       1.87620E-02       2.21210E-05       1.17903E-03       4.80442E-04       1.00000E+00

 Sum =                                                                         1.00000E+00
 Renormalization bin#   905 =                                                  2.04318E-04 barn        5.80000E+06        6.00000E+06        5.90000E+06
 Avg. Energy     bin#   905 =                                                  2.29281E-01 MeV         5.80000E+06        6.00000E+06
