"        MT=649 recoil spectrum "
" Initial neutron energy corresponds to the group:"
   1.50000E+01    1.52000E+01       0.00000E+00           783           875            93



          Low               High              Mid              Energy           Number             dn/de            E*dn/de          Cumulative
         Energy            Energy            Energy             Width          Fraction                               Sum   
         [MeV]             [MeV]             [MeV]              [MeV]

       2.18776E-02       2.29087E-02       2.23931E-02       1.03110E-03       0.00000E+00       0.00000E+00       0.00000E+00       0.00000E+00
       2.29087E-02       2.39883E-02       2.34485E-02       1.07960E-03       1.14767E-06       1.06305E-03       2.49269E-05       1.14767E-06
       2.39883E-02       2.51189E-02       2.45536E-02       1.13060E-03       4.62500E-06       4.09075E-03       1.00443E-04       5.77267E-06
       2.51189E-02       2.63027E-02       2.57108E-02       1.18380E-03       8.56338E-06       7.23382E-03       1.85987E-04       1.43361E-05
       2.63027E-02       2.75423E-02       2.69225E-02       1.23960E-03       1.29216E-05       1.04240E-02       2.80640E-04       2.72577E-05
       2.75423E-02       2.88403E-02       2.81913E-02       1.29800E-03       1.77990E-05       1.37127E-02       3.86578E-04       4.50567E-05
       2.88403E-02       3.01995E-02       2.95199E-02       1.35920E-03       2.32236E-05       1.70863E-02       5.04385E-04       6.82804E-05
       3.01995E-02       3.16228E-02       3.09112E-02       1.42330E-03       2.90949E-05       2.04418E-02       6.31880E-04       9.73752E-05
       3.16228E-02       3.31131E-02       3.23680E-02       1.49030E-03       3.56894E-05       2.39478E-02       7.75142E-04       1.33065E-04
       3.31131E-02       3.46737E-02       3.38934E-02       1.56060E-03       4.62764E-05       2.96530E-02       1.00504E-03       1.79341E-04
       3.46737E-02       3.63078E-02       3.54908E-02       1.63410E-03       6.26695E-05       3.83510E-02       1.36111E-03       2.42011E-04
       3.63078E-02       3.80189E-02       3.71633E-02       1.71110E-03       8.06092E-05       4.71096E-02       1.75075E-03       3.22620E-04
       3.80189E-02       3.98107E-02       3.89148E-02       1.79180E-03       1.00638E-04       5.61657E-02       2.18568E-03       4.23257E-04
       3.98107E-02       4.16869E-02       4.07488E-02       1.87620E-03       1.22783E-04       6.54423E-02       2.66670E-03       5.46040E-04
       4.16869E-02       4.36516E-02       4.26693E-02       1.96470E-03       1.47076E-04       7.48592E-02       3.19419E-03       6.93116E-04
       4.36516E-02       4.57088E-02       4.46802E-02       2.05720E-03       1.74023E-04       8.45924E-02       3.77960E-03       8.67140E-04
       4.57088E-02       4.78630E-02       4.67859E-02       2.15420E-03       2.03449E-04       9.44428E-02       4.41859E-03       1.07059E-03
       4.78630E-02       5.01187E-02       4.89908E-02       2.25570E-03       2.35361E-04       1.04341E-01       5.11174E-03       1.30595E-03
       5.01187E-02       5.24808E-02       5.12998E-02       2.36210E-03       2.70621E-04       1.14568E-01       5.87731E-03       1.57657E-03
       5.24808E-02       5.49541E-02       5.37174E-02       2.47330E-03       3.09872E-04       1.25287E-01       6.73009E-03       1.88644E-03
       5.49541E-02       5.75440E-02       5.62491E-02       2.58990E-03       3.53528E-04       1.36502E-01       7.67814E-03       2.23997E-03
       5.75440E-02       6.02560E-02       5.89000E-02       2.71200E-03       4.01086E-04       1.47893E-01       8.71091E-03       2.64106E-03
       6.02560E-02       6.30957E-02       6.16758E-02       2.83970E-03       4.52294E-04       1.59275E-01       9.82344E-03       3.09335E-03
       6.30957E-02       6.60693E-02       6.45825E-02       2.97360E-03       5.14784E-04       1.73118E-01       1.11804E-02       3.60813E-03
       6.60693E-02       6.91831E-02       6.76262E-02       3.11380E-03       6.10316E-04       1.96003E-01       1.32550E-02       4.21845E-03
       6.91831E-02       7.24436E-02       7.08134E-02       3.26050E-03       7.19934E-04       2.20805E-01       1.56359E-02       4.93838E-03
       7.24436E-02       7.58578E-02       7.41507E-02       3.41420E-03       8.40258E-04       2.46107E-01       1.82490E-02       5.77864E-03
       7.58578E-02       7.94328E-02       7.76453E-02       3.57500E-03       9.73164E-04       2.72214E-01       2.11361E-02       6.75181E-03
       7.94328E-02       8.31764E-02       8.13046E-02       3.74360E-03       1.12183E-03       2.99666E-01       2.43642E-02       7.87364E-03
       8.31764E-02       8.70964E-02       8.51364E-02       3.92000E-03       1.29131E-03       3.29416E-01       2.80453E-02       9.16495E-03
       8.70964E-02       9.12011E-02       8.91488E-02       4.10470E-03       1.47742E-03       3.59934E-01       3.20877E-02       1.06424E-02
       9.12011E-02       9.54993E-02       9.33502E-02       4.29820E-03       1.68415E-03       3.91828E-01       3.65772E-02       1.23265E-02
       9.54993E-02       1.00000E-01       9.77497E-02       4.50070E-03       1.91123E-03       4.24651E-01       4.15095E-02       1.42378E-02
       1.00000E-01       1.04713E-01       1.02357E-01       4.71300E-03       2.15754E-03       4.57786E-01       4.68574E-02       1.63953E-02
       1.04713E-01       1.09648E-01       1.07180E-01       4.93500E-03       2.42826E-03       4.92048E-01       5.27380E-02       1.88236E-02
       1.09648E-01       1.14815E-01       1.12231E-01       5.16700E-03       2.72259E-03       5.26919E-01       5.91369E-02       2.15461E-02
       1.14815E-01       1.20226E-01       1.17520E-01       5.41100E-03       3.04766E-03       5.63235E-01       6.61916E-02       2.45938E-02
       1.20226E-01       1.25892E-01       1.23059E-01       5.66600E-03       3.40172E-03       6.00373E-01       7.38813E-02       2.79955E-02
       1.25892E-01       1.31826E-01       1.28859E-01       5.93400E-03       3.78382E-03       6.37651E-01       8.21671E-02       3.17793E-02
       1.31826E-01       1.38038E-01       1.34932E-01       6.21200E-03       4.19905E-03       6.75959E-01       9.12084E-02       3.59784E-02
       1.38038E-01       1.44544E-01       1.41291E-01       6.50600E-03       4.65422E-03       7.15373E-01       1.01076E-01       4.06326E-02
       1.44544E-01       1.51356E-01       1.47950E-01       6.81200E-03       5.12898E-03       7.52933E-01       1.11396E-01       4.57616E-02
       1.51356E-01       1.58489E-01       1.54923E-01       7.13300E-03       5.55842E-03       7.79254E-01       1.20724E-01       5.13200E-02
       1.58489E-01       1.65959E-01       1.62224E-01       7.47000E-03       5.96698E-03       7.98792E-01       1.29583E-01       5.72870E-02
       1.65959E-01       1.73780E-01       1.69869E-01       7.82100E-03       6.35976E-03       8.13165E-01       1.38132E-01       6.36468E-02
       1.73780E-01       1.81970E-01       1.77875E-01       8.19000E-03       6.70593E-03       8.18795E-01       1.45643E-01       7.03527E-02
       1.81970E-01       1.90546E-01       1.86258E-01       8.57600E-03       7.05954E-03       8.23174E-01       1.53323E-01       7.74122E-02
       1.90546E-01       1.99526E-01       1.95036E-01       8.98000E-03       7.42996E-03       8.27390E-01       1.61371E-01       8.48422E-02
       1.99526E-01       2.08930E-01       2.04228E-01       9.40400E-03       7.82160E-03       8.31731E-01       1.69863E-01       9.26638E-02
       2.08930E-01       2.18776E-01       2.13853E-01       9.84600E-03       8.23565E-03       8.36446E-01       1.78877E-01       1.00899E-01
       2.18776E-01       2.29087E-01       2.23931E-01       1.03110E-02       8.66809E-03       8.40664E-01       1.88251E-01       1.09568E-01
       2.29087E-01       2.39883E-01       2.34485E-01       1.07960E-02       9.11980E-03       8.44739E-01       1.98079E-01       1.18687E-01
       2.39883E-01       2.51189E-01       2.45536E-01       1.13060E-02       9.59697E-03       8.48839E-01       2.08421E-01       1.28284E-01
       2.51189E-01       2.63027E-01       2.57108E-01       1.18380E-02       1.01013E-02       8.53297E-01       2.19389E-01       1.38386E-01
       2.63027E-01       2.75423E-01       2.69225E-01       1.23960E-02       1.06344E-02       8.57888E-01       2.30965E-01       1.49020E-01
       2.75423E-01       2.88403E-01       2.81913E-01       1.29800E-02       1.11980E-02       8.62714E-01       2.43210E-01       1.60218E-01
       2.88403E-01       3.01995E-01       2.95199E-01       1.35920E-02       1.17943E-02       8.67735E-01       2.56155E-01       1.72012E-01
       3.01995E-01       3.16228E-01       3.09112E-01       1.42330E-02       1.24252E-02       8.72986E-01       2.69850E-01       1.84438E-01
       3.16228E-01       3.31131E-01       3.23680E-01       1.49030E-02       1.30931E-02       8.78554E-01       2.84370E-01       1.97531E-01
       3.31131E-01       3.46737E-01       3.38934E-01       1.56060E-02       1.38006E-02       8.84315E-01       2.99724E-01       2.11331E-01
       3.46737E-01       3.63078E-01       3.54908E-01       1.63410E-02       1.45500E-02       8.90395E-01       3.16008E-01       2.25881E-01
       3.63078E-01       3.80189E-01       3.71633E-01       1.71110E-02       1.53442E-02       8.96746E-01       3.33261E-01       2.41225E-01
       3.80189E-01       3.98107E-01       3.89148E-01       1.79180E-02       1.61865E-02       9.03364E-01       3.51542E-01       2.57412E-01
       3.98107E-01       4.16869E-01       4.07488E-01       1.87620E-02       1.70793E-02       9.10311E-01       3.70941E-01       2.74491E-01
       4.16869E-01       4.36516E-01       4.26692E-01       1.96470E-02       1.79931E-02       9.15820E-01       3.90773E-01       2.92484E-01
       4.36516E-01       4.57088E-01       4.46802E-01       2.05720E-02       1.89393E-02       9.20634E-01       4.11341E-01       3.11424E-01
       4.57088E-01       4.78630E-01       4.67859E-01       2.15420E-02       1.99394E-02       9.25606E-01       4.33053E-01       3.31363E-01
       4.78630E-01       5.01187E-01       4.89909E-01       2.25570E-02       2.09970E-02       9.30841E-01       4.56027E-01       3.52360E-01
       5.01187E-01       5.24808E-01       5.12998E-01       2.36210E-02       2.20718E-02       9.34414E-01       4.79352E-01       3.74432E-01
       5.24808E-01       5.49541E-01       5.37174E-01       2.47330E-02       2.29701E-02       9.28722E-01       4.98886E-01       3.97402E-01
       5.49541E-01       5.75440E-01       5.62490E-01       2.58990E-02       2.38611E-02       9.21315E-01       5.18231E-01       4.21263E-01
       5.75440E-01       6.02560E-01       5.89000E-01       2.71200E-02       2.47759E-02       9.13567E-01       5.38091E-01       4.46039E-01
       6.02560E-01       6.30957E-01       6.16758E-01       2.83970E-02       2.57226E-02       9.05822E-01       5.58674E-01       4.71762E-01
       6.30957E-01       6.60693E-01       6.45825E-01       2.97360E-02       2.67167E-02       8.98464E-01       5.80251E-01       4.98478E-01
       6.60693E-01       6.91831E-01       6.76262E-01       3.11380E-02       2.77380E-02       8.90809E-01       6.02420E-01       5.26216E-01
       6.91831E-01       7.24436E-01       7.08133E-01       3.26050E-02       2.87843E-02       8.82818E-01       6.25153E-01       5.55001E-01
       7.24436E-01       7.58578E-01       7.41507E-01       3.41420E-02       2.98547E-02       8.74428E-01       6.48395E-01       5.84855E-01
       7.58578E-01       7.94328E-01       7.76453E-01       3.57500E-02       3.09480E-02       8.65678E-01       6.72158E-01       6.15803E-01
       7.94328E-01       8.31764E-01       8.13046E-01       3.74360E-02       3.20739E-02       8.56765E-01       6.96589E-01       6.47877E-01
       8.31764E-01       8.70964E-01       8.51364E-01       3.92000E-02       3.32536E-02       8.48306E-01       7.22217E-01       6.81131E-01
       8.70964E-01       9.12011E-01       8.91487E-01       4.10470E-02       3.44592E-02       8.39505E-01       7.48409E-01       7.15590E-01
       9.12011E-01       9.54993E-01       9.33502E-01       4.29820E-02       3.56869E-02       8.30275E-01       7.75063E-01       7.51277E-01
       9.54993E-01       1.00000E+00       9.77497E-01       4.50070E-02       3.69340E-02       8.20628E-01       8.02161E-01       7.88211E-01
       1.00000E+00       1.04713E+00       1.02357E+00       4.71300E-02       3.81984E-02       8.10490E-01       8.29589E-01       8.26409E-01
       1.04713E+00       1.09648E+00       1.07181E+00       4.93500E-02       3.79731E-02       7.69464E-01       8.24715E-01       8.64382E-01
       1.09648E+00       1.14815E+00       1.12231E+00       5.16700E-02       3.42778E-02       6.63398E-01       7.44542E-01       8.98660E-01
       1.14815E+00       1.20226E+00       1.17520E+00       5.41100E-02       2.96984E-02       5.48853E-01       6.45015E-01       9.28358E-01
       1.20226E+00       1.25892E+00       1.23059E+00       5.66600E-02       2.45226E-02       4.32803E-01       5.32603E-01       9.52881E-01
       1.25892E+00       1.31826E+00       1.28859E+00       5.93400E-02       1.86679E-02       3.14592E-01       4.05381E-01       9.71549E-01
       1.31826E+00       1.38038E+00       1.34932E+00       6.21200E-02       1.26975E-02       2.04403E-01       2.75805E-01       9.84247E-01
       1.38038E+00       1.44544E+00       1.41291E+00       6.50600E-02       9.37656E-03       1.44122E-01       2.03631E-01       9.93623E-01
       1.44544E+00       1.51356E+00       1.47950E+00       6.81200E-02       5.98253E-03       8.78234E-02       1.29935E-01       9.99606E-01
       1.51356E+00       1.58489E+00       1.54923E+00       7.13300E-02       3.94425E-04       5.52958E-03       8.56656E-03       1.00000E+00

 Sum =                                                                         1.00000E+00
 Renormalization bin#   951 =                                                  1.90917E-01 barn        1.50000E+07        1.52000E+07        1.51000E+07
 Avg. Energy     bin#   951 =                                                  6.78402E-01 MeV         1.50000E+07        1.52000E+07
