"        MT=606 recoil spectrum "
" Initial neutron energy corresponds to the group:"
   6.80000E+00    7.00000E+00       0.00000E+00           808           850            43



          Low               High              Mid              Energy           Number             dn/de            E*dn/de          Cumulative
         Energy            Energy            Energy             Width          Fraction                               Sum   
         [MeV]             [MeV]             [MeV]              [MeV]

       6.91831E-02       7.24436E-02       7.08134E-02       3.26050E-03       0.00000E+00       0.00000E+00       0.00000E+00       0.00000E+00
       7.24436E-02       7.58578E-02       7.41507E-02       3.41420E-03       2.00018E-05       5.85841E-03       4.34405E-04       2.00018E-05
       7.58578E-02       7.94328E-02       7.76453E-02       3.57500E-03       3.89087E-03       1.08836E+00       8.45058E-02       3.91088E-03
       7.94328E-02       8.31764E-02       8.13046E-02       3.74360E-03       9.30725E-03       2.48618E+00       2.02138E-01       1.32181E-02
       8.31764E-02       8.70964E-02       8.51364E-02       3.92000E-03       1.03110E-02       2.63035E+00       2.23938E-01       2.35291E-02
       8.70964E-02       9.12011E-02       8.91488E-02       4.10470E-03       1.07807E-02       2.62643E+00       2.34143E-01       3.43098E-02
       9.12011E-02       9.54993E-02       9.33502E-02       4.29820E-03       1.12715E-02       2.62237E+00       2.44799E-01       4.55813E-02
       9.54993E-02       1.00000E-01       9.77497E-02       4.50070E-03       1.17841E-02       2.61828E+00       2.55936E-01       5.73654E-02
       1.00000E-01       1.04713E-01       1.02357E-01       4.71300E-03       1.23197E-02       2.61399E+00       2.67559E-01       6.96851E-02
       1.04713E-01       1.09648E-01       1.07180E-01       4.93500E-03       1.28789E-02       2.60971E+00       2.79710E-01       8.25640E-02
       1.09648E-01       1.14815E-01       1.12231E-01       5.16700E-03       1.34637E-02       2.60570E+00       2.92442E-01       9.60277E-02
       1.14815E-01       1.20226E-01       1.17520E-01       5.41100E-03       1.40739E-02       2.60098E+00       3.05668E-01       1.10102E-01
       1.20226E-01       1.25892E-01       1.23059E-01       5.66600E-03       1.47121E-02       2.59656E+00       3.19530E-01       1.24814E-01
       1.25892E-01       1.31826E-01       1.28859E-01       5.93400E-03       1.53789E-02       2.59166E+00       3.33959E-01       1.40193E-01
       1.31826E-01       1.38038E-01       1.34932E-01       6.21200E-03       1.60753E-02       2.58778E+00       3.49174E-01       1.56268E-01
       1.38038E-01       1.44544E-01       1.41291E-01       6.50600E-03       1.68037E-02       2.58279E+00       3.64926E-01       1.73072E-01
       1.44544E-01       1.51356E-01       1.47950E-01       6.81200E-03       1.75646E-02       2.57848E+00       3.81486E-01       1.90636E-01
       1.51356E-01       1.58489E-01       1.54923E-01       7.13300E-03       1.83606E-02       2.57404E+00       3.98777E-01       2.08997E-01
       1.58489E-01       1.65959E-01       1.62224E-01       7.47000E-03       1.91931E-02       2.56936E+00       4.16811E-01       2.28190E-01
       1.65959E-01       1.73780E-01       1.69869E-01       7.82100E-03       2.00638E-02       2.56538E+00       4.35779E-01       2.48254E-01
       1.73780E-01       1.81970E-01       1.77875E-01       8.19000E-03       2.09751E-02       2.56107E+00       4.55549E-01       2.69229E-01
       1.81970E-01       1.90546E-01       1.86258E-01       8.57600E-03       2.19292E-02       2.55705E+00       4.76271E-01       2.91158E-01
       1.90546E-01       1.99526E-01       1.95036E-01       8.98000E-03       2.29283E-02       2.55327E+00       4.97979E-01       3.14086E-01
       1.99526E-01       2.08930E-01       2.04228E-01       9.40400E-03       2.39758E-02       2.54953E+00       5.20685E-01       3.38062E-01
       2.08930E-01       2.18776E-01       2.13853E-01       9.84600E-03       2.50739E-02       2.54661E+00       5.44600E-01       3.63136E-01
       2.18776E-01       2.29087E-01       2.23931E-01       1.03110E-02       2.62260E-02       2.54349E+00       5.69568E-01       3.89362E-01
       2.29087E-01       2.39883E-01       2.34485E-01       1.07960E-02       2.74357E-02       2.54129E+00       5.95894E-01       4.16798E-01
       2.39883E-01       2.51189E-01       2.45536E-01       1.13060E-02       2.87072E-02       2.53911E+00       6.23444E-01       4.45505E-01
       2.51189E-01       2.63027E-01       2.57108E-01       1.18380E-02       3.00450E-02       2.53801E+00       6.52544E-01       4.75550E-01
       2.63027E-01       2.75423E-01       2.69225E-01       1.23960E-02       3.14535E-02       2.53739E+00       6.83130E-01       5.07003E-01
       2.75423E-01       2.88403E-01       2.81913E-01       1.29800E-02       3.29385E-02       2.53764E+00       7.15393E-01       5.39942E-01
       2.88403E-01       3.01995E-01       2.95199E-01       1.35920E-02       3.45061E-02       2.53871E+00       7.49424E-01       5.74448E-01
       3.01995E-01       3.16228E-01       3.09112E-01       1.42330E-02       3.61636E-02       2.54083E+00       7.85400E-01       6.10612E-01
       3.16228E-01       3.31131E-01       3.23680E-01       1.49030E-02       3.79182E-02       2.54434E+00       8.23549E-01       6.48530E-01
       3.31131E-01       3.46737E-01       3.38934E-01       1.56060E-02       3.97801E-02       2.54903E+00       8.63952E-01       6.88310E-01
       3.46737E-01       3.63078E-01       3.54908E-01       1.63410E-02       4.17574E-02       2.55537E+00       9.06922E-01       7.30067E-01
       3.63078E-01       3.80189E-01       3.71633E-01       1.71110E-02       4.38633E-02       2.56346E+00       9.52666E-01       7.73931E-01
       3.80189E-01       3.98107E-01       3.89148E-01       1.79180E-02       4.61101E-02       2.57340E+00       1.00143E+00       8.20041E-01
       3.98107E-01       4.16869E-01       4.07488E-01       1.87620E-02       4.85127E-02       2.58569E+00       1.05364E+00       8.68554E-01
       4.16869E-01       4.36516E-01       4.26692E-01       1.96470E-02       5.10881E-02       2.60030E+00       1.10953E+00       9.19642E-01
       4.36516E-01       4.57088E-01       4.46802E-01       2.05720E-02       5.21231E-02       2.53369E+00       1.13206E+00       9.71765E-01
       4.57088E-01       4.78630E-01       4.67859E-01       2.15420E-02       2.74022E-02       1.27204E+00       5.95134E-01       9.99167E-01
       4.78630E-01       5.01187E-01       4.89909E-01       2.25570E-02       8.32931E-04       3.69256E-02       1.80902E-02       1.00000E+00

 Sum =                                                                         1.00000E+00
 Renormalization bin#   910 =                                                  2.94597E-03 barn        6.80000E+06        7.00000E+06        6.90000E+06
 Avg. Energy     bin#   910 =                                                  2.72860E-01 MeV         6.80000E+06        7.00000E+06
