"        MT= 91 recoil spectrum "
" Initial neutron energy corresponds to the group:"
   9.20000E+00    9.40000E+00       0.00000E+00           805           845            41



          Low               High              Mid              Energy           Number             dn/de            E*dn/de          Cumulative
         Energy            Energy            Energy             Width          Fraction                               Sum   
         [MeV]             [MeV]             [MeV]              [MeV]

       6.02560E-02       6.30957E-02       6.16758E-02       2.83970E-03       0.00000E+00       0.00000E+00       0.00000E+00       0.00000E+00
       6.30957E-02       6.60693E-02       6.45825E-02       2.97360E-03       3.91212E-05       1.31562E-02       8.49658E-04       3.91212E-05
       6.60693E-02       6.91831E-02       6.76262E-02       3.11380E-03       1.54643E-04       4.96636E-02       3.35856E-03       1.93764E-04
       6.91831E-02       7.24436E-02       7.08134E-02       3.26050E-03       4.74186E-04       1.45434E-01       1.02986E-02       6.67950E-04
       7.24436E-02       7.58578E-02       7.41507E-02       3.41420E-03       8.92899E-04       2.61526E-01       1.93923E-02       1.56085E-03
       7.58578E-02       7.94328E-02       7.76453E-02       3.57500E-03       1.70394E-03       4.76626E-01       3.70078E-02       3.26479E-03
       7.94328E-02       8.31764E-02       8.13046E-02       3.74360E-03       1.92101E-03       5.13146E-01       4.17211E-02       5.18580E-03
       8.31764E-02       8.70964E-02       8.51364E-02       3.92000E-03       2.01154E-03       5.13149E-01       4.36877E-02       7.19735E-03
       8.70964E-02       9.12011E-02       8.91488E-02       4.10470E-03       2.10634E-03       5.13154E-01       4.57470E-02       9.30369E-03
       9.12011E-02       9.54993E-02       9.33502E-02       4.29820E-03       2.20562E-03       5.13149E-01       4.79026E-02       1.15093E-02
       9.54993E-02       1.00000E-01       9.77497E-02       4.50070E-03       2.30956E-03       5.13156E-01       5.01608E-02       1.38189E-02
       1.00000E-01       1.04713E-01       1.02357E-01       4.71300E-03       2.41843E-03       5.13141E-01       5.25233E-02       1.62373E-02
       1.04713E-01       1.09648E-01       1.07180E-01       4.93500E-03       2.53235E-03       5.13141E-01       5.49987E-02       1.87696E-02
       1.09648E-01       1.14815E-01       1.12231E-01       5.16700E-03       2.65176E-03       5.13211E-01       5.75984E-02       2.14214E-02
       1.14815E-01       1.20226E-01       1.17520E-01       5.41100E-03       2.77666E-03       5.13152E-01       6.03058E-02       2.41981E-02
       1.20226E-01       1.25892E-01       1.23059E-01       5.66600E-03       2.90757E-03       5.13160E-01       6.31490E-02       2.71056E-02
       1.25892E-01       1.31826E-01       1.28859E-01       5.93400E-03       3.16757E-03       5.33800E-01       6.87850E-02       3.02732E-02
       1.31826E-01       1.38038E-01       1.34932E-01       6.21200E-03       3.79307E-03       6.10603E-01       8.23899E-02       3.40663E-02
       1.38038E-01       1.44544E-01       1.41291E-01       6.50600E-03       5.09710E-03       7.83445E-01       1.10694E-01       3.91634E-02
       1.44544E-01       1.51356E-01       1.47950E-01       6.81200E-03       6.83697E-03       1.00367E+00       1.48492E-01       4.60004E-02
       1.51356E-01       1.58489E-01       1.54923E-01       7.13300E-03       1.02571E-02       1.43798E+00       2.22775E-01       5.62574E-02
       1.58489E-01       1.65959E-01       1.62224E-01       7.47000E-03       1.13486E-02       1.51923E+00       2.46455E-01       6.76061E-02
       1.65959E-01       1.73780E-01       1.69869E-01       7.82100E-03       1.18835E-02       1.51943E+00       2.58105E-01       7.94895E-02
       1.73780E-01       1.81970E-01       1.77875E-01       8.19000E-03       1.24435E-02       1.51935E+00       2.70255E-01       9.19330E-02
       1.81970E-01       1.90546E-01       1.86258E-01       8.57600E-03       1.30303E-02       1.51939E+00       2.82998E-01       1.04963E-01
       1.90546E-01       1.99526E-01       1.95036E-01       8.98000E-03       1.36501E-02       1.52006E+00       2.96466E-01       1.18613E-01
       1.99526E-01       2.08930E-01       2.04228E-01       9.40400E-03       1.43088E-02       1.52156E+00       3.10746E-01       1.32922E-01
       2.08930E-01       2.18776E-01       2.13853E-01       9.84600E-03       1.94609E-02       1.97653E+00       4.22687E-01       1.52383E-01
       2.18776E-01       2.29087E-01       2.23931E-01       1.03110E-02       3.20072E-02       3.10418E+00       6.95124E-01       1.84390E-01
       2.29087E-01       2.39883E-01       2.34485E-01       1.07960E-02       4.51731E-02       4.18425E+00       9.81143E-01       2.29564E-01
       2.39883E-01       2.51189E-01       2.45536E-01       1.13060E-02       6.13762E-02       5.42864E+00       1.33293E+00       2.90940E-01
       2.51189E-01       2.63027E-01       2.57108E-01       1.18380E-02       8.50412E-02       7.18375E+00       1.84700E+00       3.75981E-01
       2.63027E-01       2.75423E-01       2.69225E-01       1.23960E-02       9.18980E-02       7.41352E+00       1.99591E+00       4.67879E-01
       2.75423E-01       2.88403E-01       2.81913E-01       1.29800E-02       9.39900E-02       7.24114E+00       2.04137E+00       5.61869E-01
       2.88403E-01       3.01995E-01       2.95199E-01       1.35920E-02       9.52952E-02       7.01112E+00       2.06968E+00       6.57164E-01
       3.01995E-01       3.16228E-01       3.09112E-01       1.42330E-02       9.28330E-02       6.52238E+00       2.01614E+00       7.49997E-01
       3.16228E-01       3.31131E-01       3.23680E-01       1.49030E-02       8.51810E-02       5.71569E+00       1.85005E+00       8.35178E-01
       3.31131E-01       3.46737E-01       3.38934E-01       1.56060E-02       7.40699E-02       4.74625E+00       1.60866E+00       9.09248E-01
       3.46737E-01       3.63078E-01       3.54908E-01       1.63410E-02       5.32789E-02       3.26044E+00       1.15716E+00       9.62527E-01
       3.63078E-01       3.80189E-01       3.71633E-01       1.71110E-02       3.34532E-02       1.95507E+00       7.26569E-01       9.95980E-01
       3.80189E-01       3.98107E-01       3.89148E-01       1.79180E-02       4.01989E-03       2.24349E-01       8.73050E-02       1.00000E+00

 Sum =                                                                         1.00000E+00
 Renormalization bin#   922 =                                                  3.04165E-04 barn        9.20000E+06        9.40000E+06        9.30000E+06
 Avg. Energy     bin#   922 =                                                  2.73521E-01 MeV         9.20000E+06        9.40000E+06
