"        MT=601 recoil spectrum "
" Initial neutron energy corresponds to the group:"
   5.20000E+00    5.40000E+00       0.00000E+00           797           846            50



          Low               High              Mid              Energy           Number             dn/de            E*dn/de          Cumulative
         Energy            Energy            Energy             Width          Fraction                               Sum   
         [MeV]             [MeV]             [MeV]              [MeV]

       4.16869E-02       4.36516E-02       4.26693E-02       1.96470E-03       0.00000E+00       0.00000E+00       0.00000E+00       0.00000E+00
       4.36516E-02       4.57088E-02       4.46802E-02       2.05720E-03       3.04103E-04       1.47824E-01       6.60479E-03       3.04103E-04
       4.57088E-02       4.78630E-02       4.67859E-02       2.15420E-03       3.30013E-03       1.53195E+00       7.16738E-02       3.60423E-03
       4.78630E-02       5.01187E-02       4.89908E-02       2.25570E-03       6.42961E-03       2.85039E+00       1.39643E-01       1.00338E-02
       5.01187E-02       5.24808E-02       5.12998E-02       2.36210E-03       6.92184E-03       2.93037E+00       1.50327E-01       1.69557E-02
       5.24808E-02       5.49541E-02       5.37174E-02       2.47330E-03       7.24228E-03       2.92818E+00       1.57295E-01       2.41980E-02
       5.49541E-02       5.75440E-02       5.62491E-02       2.58990E-03       7.57738E-03       2.92575E+00       1.64570E-01       3.17753E-02
       5.75440E-02       6.02560E-02       5.89000E-02       2.71200E-03       7.92783E-03       2.92324E+00       1.72179E-01       3.97032E-02
       6.02560E-02       6.30957E-02       6.16758E-02       2.83970E-03       8.29420E-03       2.92080E+00       1.80143E-01       4.79974E-02
       6.30957E-02       6.60693E-02       6.45825E-02       2.97360E-03       8.67733E-03       2.91812E+00       1.88460E-01       5.66747E-02
       6.60693E-02       6.91831E-02       6.76262E-02       3.11380E-03       9.07794E-03       2.91539E+00       1.97157E-01       6.57527E-02
       6.91831E-02       7.24436E-02       7.08134E-02       3.26050E-03       9.49675E-03       2.91267E+00       2.06256E-01       7.52494E-02
       7.24436E-02       7.58578E-02       7.41507E-02       3.41420E-03       9.93468E-03       2.90982E+00       2.15765E-01       8.51841E-02
       7.58578E-02       7.94328E-02       7.76453E-02       3.57500E-03       1.03925E-02       2.90700E+00       2.25715E-01       9.55766E-02
       7.94328E-02       8.31764E-02       8.13046E-02       3.74360E-03       1.08713E-02       2.90397E+00       2.36106E-01       1.06448E-01
       8.31764E-02       8.70964E-02       8.51364E-02       3.92000E-03       1.13719E-02       2.90098E+00       2.46979E-01       1.17820E-01
       8.70964E-02       9.12011E-02       8.91488E-02       4.10470E-03       1.18952E-02       2.89795E+00       2.58349E-01       1.29715E-01
       9.12011E-02       9.54993E-02       9.33502E-02       4.29820E-03       1.24425E-02       2.89482E+00       2.70232E-01       1.42158E-01
       9.54993E-02       1.00000E-01       9.77497E-02       4.50070E-03       1.30148E-02       2.89172E+00       2.82665E-01       1.55172E-01
       1.00000E-01       1.04713E-01       1.02357E-01       4.71300E-03       1.36133E-02       2.88846E+00       2.95652E-01       1.68786E-01
       1.04713E-01       1.09648E-01       1.07180E-01       4.93500E-03       1.42388E-02       2.88527E+00       3.09245E-01       1.83024E-01
       1.09648E-01       1.14815E-01       1.12231E-01       5.16700E-03       1.48937E-02       2.88246E+00       3.23503E-01       1.97918E-01
       1.14815E-01       1.20226E-01       1.17520E-01       5.41100E-03       1.55780E-02       2.87895E+00       3.38336E-01       2.13496E-01
       1.20226E-01       1.25892E-01       1.23059E-01       5.66600E-03       1.62944E-02       2.87582E+00       3.53896E-01       2.29791E-01
       1.25892E-01       1.31826E-01       1.28859E-01       5.93400E-03       1.70439E-02       2.87225E+00       3.70115E-01       2.46834E-01
       1.31826E-01       1.38038E-01       1.34932E-01       6.21200E-03       1.78278E-02       2.86990E+00       3.87242E-01       2.64662E-01
       1.38038E-01       1.44544E-01       1.41291E-01       6.50600E-03       1.86487E-02       2.86639E+00       4.04995E-01       2.83311E-01
       1.44544E-01       1.51356E-01       1.47950E-01       6.81200E-03       1.95078E-02       2.86374E+00       4.23691E-01       3.02819E-01
       1.51356E-01       1.58489E-01       1.54923E-01       7.13300E-03       2.04077E-02       2.86102E+00       4.43237E-01       3.23227E-01
       1.58489E-01       1.65959E-01       1.62224E-01       7.47000E-03       2.13502E-02       2.85813E+00       4.63658E-01       3.44577E-01
       1.65959E-01       1.73780E-01       1.69869E-01       7.82100E-03       2.23379E-02       2.85614E+00       4.85171E-01       3.66915E-01
       1.73780E-01       1.81970E-01       1.77875E-01       8.19000E-03       2.33733E-02       2.85388E+00       5.07633E-01       3.90288E-01
       1.81970E-01       1.90546E-01       1.86258E-01       8.57600E-03       2.44591E-02       2.85205E+00       5.31216E-01       4.14747E-01
       1.90546E-01       1.99526E-01       1.95036E-01       8.98000E-03       2.55983E-02       2.85059E+00       5.55967E-01       4.40345E-01
       1.99526E-01       2.08930E-01       2.04228E-01       9.40400E-03       2.67948E-02       2.84930E+00       5.81906E-01       4.67140E-01
       2.08930E-01       2.18776E-01       2.13853E-01       9.84600E-03       2.80517E-02       2.84904E+00       6.09276E-01       4.95192E-01
       2.18776E-01       2.29087E-01       2.23931E-01       1.03110E-02       2.93727E-02       2.84867E+00       6.37908E-01       5.24564E-01
       2.29087E-01       2.39883E-01       2.34485E-01       1.07960E-02       3.07629E-02       2.84947E+00       6.68158E-01       5.55327E-01
       2.39883E-01       2.51189E-01       2.45536E-01       1.13060E-02       3.22267E-02       2.85041E+00       6.99878E-01       5.87554E-01
       2.51189E-01       2.63027E-01       2.57108E-01       1.18380E-02       3.37703E-02       2.85270E+00       7.33452E-01       6.21324E-01
       2.63027E-01       2.75423E-01       2.69225E-01       1.23960E-02       3.53989E-02       2.85567E+00       7.68817E-01       6.56723E-01
       2.75423E-01       2.88403E-01       2.81913E-01       1.29800E-02       3.71194E-02       2.85974E+00       8.06197E-01       6.93843E-01
       2.88403E-01       3.01995E-01       2.95199E-01       1.35920E-02       3.89395E-02       2.86488E+00       8.45710E-01       7.32782E-01
       3.01995E-01       3.16228E-01       3.09112E-01       1.42330E-02       4.08677E-02       2.87133E+00       8.87562E-01       7.73650E-01
       3.16228E-01       3.31131E-01       3.23680E-01       1.49030E-02       4.29133E-02       2.87951E+00       9.32037E-01       8.16563E-01
       3.31131E-01       3.46737E-01       3.38934E-01       1.56060E-02       4.50877E-02       2.88912E+00       9.79222E-01       8.61651E-01
       3.46737E-01       3.63078E-01       3.54908E-01       1.63410E-02       4.74019E-02       2.90079E+00       1.02951E+00       9.09053E-01
       3.63078E-01       3.80189E-01       3.71633E-01       1.71110E-02       4.97862E-02       2.90960E+00       1.08131E+00       9.58839E-01
       3.80189E-01       3.98107E-01       3.89148E-01       1.79180E-02       3.41650E-02       1.90674E+00       7.42004E-01       9.93004E-01
       3.98107E-01       4.16869E-01       4.07488E-01       1.87620E-02       6.99612E-03       3.72888E-01       1.51947E-01       1.00000E+00

 Sum =                                                                         1.00000E+00
 Renormalization bin#   902 =                                                  7.70239E-03 barn        5.20000E+06        5.40000E+06        5.30000E+06
 Avg. Energy     bin#   902 =                                                  2.20667E-01 MeV         5.20000E+06        5.40000E+06
