"        MT=103 recoil spectrum "
" Initial neutron energy corresponds to the group:"
   9.00000E+00    9.20000E+00       0.00000E+00           779           864            86



          Low               High              Mid              Energy           Number             dn/de            E*dn/de          Cumulative
         Energy            Energy            Energy             Width          Fraction                               Sum   
         [MeV]             [MeV]             [MeV]              [MeV]

       1.81970E-02       1.90546E-02       1.86258E-02       8.57600E-04       0.00000E+00       0.00000E+00       0.00000E+00       0.00000E+00
       1.90546E-02       1.99526E-02       1.95036E-02       8.98000E-04       6.47175E-05       7.20684E-02       1.40559E-03       6.47175E-05
       1.99526E-02       2.08930E-02       2.04228E-02       9.40400E-04       3.14139E-04       3.34048E-01       6.82221E-03       3.78857E-04
       2.08930E-02       2.18776E-02       2.13853E-02       9.84600E-04       3.47828E-04       3.53268E-01       7.55475E-03       7.26685E-04
       2.18776E-02       2.29087E-02       2.23931E-02       1.03110E-03       3.64373E-04       3.53383E-01       7.91336E-03       1.09106E-03
       2.29087E-02       2.39883E-02       2.34485E-02       1.07960E-03       3.81700E-04       3.53557E-01       8.29037E-03       1.47276E-03
       2.39883E-02       2.51189E-02       2.45536E-02       1.13060E-03       3.99873E-04       3.53682E-01       8.68416E-03       1.87263E-03
       2.51189E-02       2.63027E-02       2.57108E-02       1.18380E-03       4.18911E-04       3.53870E-01       9.09828E-03       2.29154E-03
       2.63027E-02       2.75423E-02       2.69225E-02       1.23960E-03       4.38859E-04       3.54032E-01       9.53144E-03       2.73040E-03
       2.75423E-02       2.88403E-02       2.81913E-02       1.29800E-03       4.59768E-04       3.54212E-01       9.98571E-03       3.19017E-03
       2.88403E-02       3.01995E-02       2.95199E-02       1.35920E-03       4.81678E-04       3.54384E-01       1.04614E-02       3.67185E-03
       3.01995E-02       3.16228E-02       3.09112E-02       1.42330E-03       5.04643E-04       3.54558E-01       1.09598E-02       4.17649E-03
       3.16228E-02       3.31131E-02       3.23680E-02       1.49030E-03       5.29529E-04       3.55317E-01       1.15009E-02       4.70602E-03
       3.31131E-02       3.46737E-02       3.38934E-02       1.56060E-03       6.87131E-04       4.40300E-01       1.49233E-02       5.39315E-03
       3.46737E-02       3.63078E-02       3.54908E-02       1.63410E-03       9.01480E-04       5.51667E-01       1.95791E-02       6.29463E-03
       3.63078E-02       3.80189E-02       3.71633E-02       1.71110E-03       9.44844E-04       5.52186E-01       2.05211E-02       7.23947E-03
       3.80189E-02       3.98107E-02       3.89148E-02       1.79180E-03       9.89290E-04       5.52121E-01       2.14857E-02       8.22876E-03
       3.98107E-02       4.16869E-02       4.07488E-02       1.87620E-03       1.12178E-03       5.97898E-01       2.43636E-02       9.35054E-03
       4.16869E-02       4.36516E-02       4.26693E-02       1.96470E-03       1.31396E-03       6.68785E-01       2.85366E-02       1.06645E-02
       4.36516E-02       4.57088E-02       4.46802E-02       2.05720E-03       1.38608E-03       6.73772E-01       3.01043E-02       1.20506E-02
       4.57088E-02       4.78630E-02       4.67859E-02       2.15420E-03       1.82215E-03       8.45862E-01       3.95744E-02       1.38727E-02
       4.78630E-02       5.01187E-02       4.89908E-02       2.25570E-03       2.02994E-03       8.99914E-01       4.40876E-02       1.59027E-02
       5.01187E-02       5.24808E-02       5.12998E-02       2.36210E-03       2.12315E-03       8.98841E-01       4.61103E-02       1.80258E-02
       5.24808E-02       5.49541E-02       5.37174E-02       2.47330E-03       2.22054E-03       8.97803E-01       4.82277E-02       2.02464E-02
       5.49541E-02       5.75440E-02       5.62491E-02       2.58990E-03       2.32464E-03       8.97579E-01       5.04880E-02       2.25710E-02
       5.75440E-02       6.02560E-02       5.89000E-02       2.71200E-03       2.56463E-03       9.45660E-01       5.56994E-02       2.51356E-02
       6.02560E-02       6.30957E-02       6.16758E-02       2.83970E-03       2.99238E-03       1.05377E+00       6.49920E-02       2.81280E-02
       6.30957E-02       6.60693E-02       6.45825E-02       2.97360E-03       3.29571E-03       1.10832E+00       7.15784E-02       3.14237E-02
       6.60693E-02       6.91831E-02       6.76262E-02       3.11380E-03       3.49855E-03       1.12356E+00       7.59821E-02       3.49223E-02
       6.91831E-02       7.24436E-02       7.08134E-02       3.26050E-03       3.85976E-03       1.18379E+00       8.38284E-02       3.87820E-02
       7.24436E-02       7.58578E-02       7.41507E-02       3.41420E-03       4.19113E-03       1.22756E+00       9.10245E-02       4.29732E-02
       7.58578E-02       7.94328E-02       7.76453E-02       3.57500E-03       4.47834E-03       1.25268E+00       9.72648E-02       4.74515E-02
       7.94328E-02       8.31764E-02       8.13046E-02       3.74360E-03       4.69416E-03       1.25391E+00       1.01949E-01       5.21457E-02
       8.31764E-02       8.70964E-02       8.51364E-02       3.92000E-03       4.94554E-03       1.26162E+00       1.07409E-01       5.70912E-02
       8.70964E-02       9.12011E-02       8.91488E-02       4.10470E-03       5.26461E-03       1.28258E+00       1.14340E-01       6.23558E-02
       9.12011E-02       9.54993E-02       9.33502E-02       4.29820E-03       5.52651E-03       1.28578E+00       1.20027E-01       6.78823E-02
       9.54993E-02       1.00000E-01       9.77497E-02       4.50070E-03       5.79468E-03       1.28751E+00       1.25853E-01       7.36770E-02
       1.00000E-01       1.04713E-01       1.02357E-01       4.71300E-03       6.07550E-03       1.28909E+00       1.31947E-01       7.97525E-02
       1.04713E-01       1.09648E-01       1.07180E-01       4.93500E-03       6.36962E-03       1.29070E+00       1.38338E-01       8.61221E-02
       1.09648E-01       1.14815E-01       1.12231E-01       5.16700E-03       6.67865E-03       1.29256E+00       1.45066E-01       9.28008E-02
       1.14815E-01       1.20226E-01       1.17520E-01       5.41100E-03       7.00288E-03       1.29419E+00       1.52094E-01       9.98036E-02
       1.20226E-01       1.25892E-01       1.23059E-01       5.66600E-03       7.34312E-03       1.29600E+00       1.59484E-01       1.07147E-01
       1.25892E-01       1.31826E-01       1.28859E-01       5.93400E-03       7.69942E-03       1.29751E+00       1.67196E-01       1.14846E-01
       1.31826E-01       1.38038E-01       1.34932E-01       6.21200E-03       8.07324E-03       1.29962E+00       1.75360E-01       1.22919E-01
       1.38038E-01       1.44544E-01       1.41291E-01       6.50600E-03       8.46613E-03       1.30128E+00       1.83859E-01       1.31386E-01
       1.44544E-01       1.51356E-01       1.47950E-01       6.81200E-03       8.87708E-03       1.30315E+00       1.92802E-01       1.40263E-01
       1.51356E-01       1.58489E-01       1.54923E-01       7.13300E-03       9.30806E-03       1.30493E+00       2.02163E-01       1.49571E-01
       1.58489E-01       1.65959E-01       1.62224E-01       7.47000E-03       9.76074E-03       1.30666E+00       2.11971E-01       1.59331E-01
       1.65959E-01       1.73780E-01       1.69869E-01       7.82100E-03       1.02364E-02       1.30884E+00       2.22331E-01       1.69568E-01
       1.73780E-01       1.81970E-01       1.77875E-01       8.19000E-03       1.07364E-02       1.31092E+00       2.33180E-01       1.80304E-01
       1.81970E-01       1.90546E-01       1.86258E-01       8.57600E-03       1.12618E-02       1.31317E+00       2.44589E-01       1.91566E-01
       1.90546E-01       1.99526E-01       1.95036E-01       8.98000E-03       1.18110E-02       1.31525E+00       2.56522E-01       2.03377E-01
       1.99526E-01       2.08930E-01       2.04228E-01       9.40400E-03       1.23876E-02       1.31727E+00       2.69024E-01       2.15765E-01
       2.08930E-01       2.18776E-01       2.13853E-01       9.84600E-03       1.29940E-02       1.31973E+00       2.82227E-01       2.28759E-01
       2.18776E-01       2.29087E-01       2.23931E-01       1.03110E-02       1.36318E-02       1.32207E+00       2.96052E-01       2.42390E-01
       2.29087E-01       2.39883E-01       2.34485E-01       1.07960E-02       1.43014E-02       1.32469E+00       3.10621E-01       2.56692E-01
       2.39883E-01       2.51189E-01       2.45536E-01       1.13060E-02       1.50030E-02       1.32700E+00       3.25825E-01       2.71695E-01
       2.51189E-01       2.63027E-01       2.57108E-01       1.18380E-02       1.57416E-02       1.32976E+00       3.41891E-01       2.87437E-01
       2.63027E-01       2.75423E-01       2.69225E-01       1.23960E-02       1.65195E-02       1.33265E+00       3.58782E-01       3.03956E-01
       2.75423E-01       2.88403E-01       2.81913E-01       1.29800E-02       1.73427E-02       1.33611E+00       3.76667E-01       3.21299E-01
       2.88403E-01       3.01995E-01       2.95199E-01       1.35920E-02       1.82306E-02       1.34127E+00       3.95942E-01       3.39529E-01
       3.01995E-01       3.16228E-01       3.09112E-01       1.42330E-02       1.91882E-02       1.34815E+00       4.16728E-01       3.58718E-01
       3.16228E-01       3.31131E-01       3.23680E-01       1.49030E-02       1.98651E-02       1.33296E+00       4.31453E-01       3.78583E-01
       3.31131E-01       3.46737E-01       3.38934E-01       1.56060E-02       2.06827E-02       1.32530E+00       4.49191E-01       3.99265E-01
       3.46737E-01       3.63078E-01       3.54908E-01       1.63410E-02       2.15343E-02       1.31781E+00       4.67700E-01       4.20800E-01
       3.63078E-01       3.80189E-01       3.71633E-01       1.71110E-02       2.24191E-02       1.31022E+00       4.86920E-01       4.43219E-01
       3.80189E-01       3.98107E-01       3.89148E-01       1.79180E-02       2.33389E-02       1.30254E+00       5.06880E-01       4.66558E-01
       3.98107E-01       4.16869E-01       4.07488E-01       1.87620E-02       2.42982E-02       1.29507E+00       5.27727E-01       4.90856E-01
       4.16869E-01       4.36516E-01       4.26692E-01       1.96470E-02       2.53094E-02       1.28821E+00       5.49667E-01       5.16165E-01
       4.36516E-01       4.57088E-01       4.46802E-01       2.05720E-02       2.63664E-02       1.28167E+00       5.72651E-01       5.42532E-01
       4.57088E-01       4.78630E-01       4.67859E-01       2.15420E-02       2.74707E-02       1.27522E+00       5.96622E-01       5.70002E-01
       4.78630E-01       5.01187E-01       4.89909E-01       2.25570E-02       2.86271E-02       1.26910E+00       6.21744E-01       5.98629E-01
       5.01187E-01       5.24808E-01       5.12998E-01       2.36210E-02       2.98496E-02       1.26369E+00       6.48270E-01       6.28479E-01
       5.24808E-01       5.49541E-01       5.37174E-01       2.47330E-02       3.11370E-02       1.25893E+00       6.76263E-01       6.59616E-01
       5.49541E-01       5.75440E-01       5.62490E-01       2.58990E-02       3.24921E-02       1.25457E+00       7.05683E-01       6.92108E-01
       5.75440E-01       6.02560E-01       5.89000E-01       2.71200E-02       3.39264E-02       1.25097E+00       7.36822E-01       7.26035E-01
       6.02560E-01       6.30957E-01       6.16758E-01       2.83970E-02       3.54529E-02       1.24847E+00       7.70006E-01       7.61487E-01
       6.30957E-01       6.60693E-01       6.45825E-01       2.97360E-02       3.69424E-02       1.24235E+00       8.02338E-01       7.98430E-01
       6.60693E-01       6.91831E-01       6.76262E-01       3.11380E-02       3.79354E-02       1.21830E+00       8.23889E-01       8.36365E-01
       6.91831E-01       7.24436E-01       7.08133E-01       3.26050E-02       3.69184E-02       1.13229E+00       8.01814E-01       8.73284E-01
       7.24436E-01       7.58578E-01       7.41507E-01       3.41420E-02       3.30915E-02       9.69231E-01       7.18692E-01       9.06375E-01
       7.58578E-01       7.94328E-01       7.76453E-01       3.57500E-02       3.08879E-02       8.63997E-01       6.70853E-01       9.37263E-01
       7.94328E-01       8.31764E-01       8.13046E-01       3.74360E-02       2.39618E-02       6.40074E-01       5.20409E-01       9.61225E-01
       8.31764E-01       8.70964E-01       8.51364E-01       3.92000E-02       1.74268E-02       4.44562E-01       3.78484E-01       9.78652E-01
       8.70964E-01       9.12011E-01       8.91487E-01       4.10470E-02       1.46881E-02       3.57837E-01       3.19007E-01       9.93340E-01
       9.12011E-01       9.54993E-01       9.33502E-01       4.29820E-02       6.66023E-03       1.54954E-01       1.44650E-01       1.00000E+00

 Sum =                                                                         1.00000E+00
 Renormalization bin#   921 =                                                  2.29535E-01 barn        9.00000E+06        9.20000E+06        9.10000E+06
 Avg. Energy     bin#   921 =                                                  4.32400E-01 MeV         9.00000E+06        9.20000E+06
