"        MT=613 recoil spectrum "
" Initial neutron energy corresponds to the group:"
   1.40000E+01    1.42000E+01       0.00000E+00           795           873            79



          Low               High              Mid              Energy           Number             dn/de            E*dn/de          Cumulative
         Energy            Energy            Energy             Width          Fraction                               Sum   
         [MeV]             [MeV]             [MeV]              [MeV]

       3.80189E-02       3.98107E-02       3.89148E-02       1.79180E-03       0.00000E+00       0.00000E+00       0.00000E+00       0.00000E+00
       3.98107E-02       4.16869E-02       4.07488E-02       1.87620E-03       4.37437E-05       2.33150E-02       9.50060E-04       4.37437E-05
       4.16869E-02       4.36516E-02       4.26693E-02       1.96470E-03       1.11997E-03       5.70043E-01       2.43233E-02       1.16371E-03
       4.36516E-02       4.57088E-02       4.46802E-02       2.05720E-03       1.27429E-03       6.19430E-01       2.76762E-02       2.43800E-03
       4.57088E-02       4.78630E-02       4.67859E-02       2.15420E-03       1.33703E-03       6.20663E-01       2.90383E-02       3.77503E-03
       4.78630E-02       5.01187E-02       4.89908E-02       2.25570E-03       1.40296E-03       6.21960E-01       3.04704E-02       5.17799E-03
       5.01187E-02       5.24808E-02       5.12998E-02       2.36210E-03       1.47228E-03       6.23292E-01       3.19747E-02       6.65026E-03
       5.24808E-02       5.49541E-02       5.37174E-02       2.47330E-03       1.54507E-03       6.24700E-01       3.35573E-02       8.19534E-03
       5.49541E-02       5.75440E-02       5.62491E-02       2.58990E-03       1.62159E-03       6.26120E-01       3.52187E-02       9.81692E-03
       5.75440E-02       6.02560E-02       5.89000E-02       2.71200E-03       1.70204E-03       6.27595E-01       3.69654E-02       1.15190E-02
       6.02560E-02       6.30957E-02       6.16758E-02       2.83970E-03       1.78656E-03       6.29136E-01       3.88025E-02       1.33055E-02
       6.30957E-02       6.60693E-02       6.45825E-02       2.97360E-03       1.87549E-03       6.30713E-01       4.07330E-02       1.51810E-02
       6.60693E-02       6.91831E-02       6.76262E-02       3.11380E-03       1.96889E-03       6.32310E-01       4.27607E-02       1.71499E-02
       6.91831E-02       7.24436E-02       7.08134E-02       3.26050E-03       2.06718E-03       6.34007E-01       4.48961E-02       1.92171E-02
       7.24436E-02       7.58578E-02       7.41507E-02       3.41420E-03       2.17052E-03       6.35735E-01       4.71402E-02       2.13876E-02
       7.58578E-02       7.94328E-02       7.76453E-02       3.57500E-03       2.27915E-03       6.37526E-01       4.95009E-02       2.36668E-02
       7.94328E-02       8.31764E-02       8.13046E-02       3.74360E-03       2.39343E-03       6.39339E-01       5.19812E-02       2.60602E-02
       8.31764E-02       8.70964E-02       8.51364E-02       3.92000E-03       2.51361E-03       6.41228E-01       5.45919E-02       2.85738E-02
       8.70964E-02       9.12011E-02       8.91488E-02       4.10470E-03       2.64005E-03       6.43177E-01       5.73384E-02       3.12138E-02
       9.12011E-02       9.54993E-02       9.33502E-02       4.29820E-03       2.77312E-03       6.45181E-01       6.02278E-02       3.39870E-02
       9.54993E-02       1.00000E-01       9.77497E-02       4.50070E-03       2.91309E-03       6.47253E-01       6.32688E-02       3.69001E-02
       1.00000E-01       1.04713E-01       1.02357E-01       4.71300E-03       3.06037E-03       6.49346E-01       6.64647E-02       3.99604E-02
       1.04713E-01       1.09648E-01       1.07180E-01       4.93500E-03       3.21529E-03       6.51528E-01       6.98311E-02       4.31757E-02
       1.09648E-01       1.14815E-01       1.12231E-01       5.16700E-03       3.37855E-03       6.53870E-01       7.33848E-02       4.65543E-02
       1.14815E-01       1.20226E-01       1.17520E-01       5.41100E-03       3.55022E-03       6.56111E-01       7.71065E-02       5.01045E-02
       1.20226E-01       1.25892E-01       1.23059E-01       5.66600E-03       3.73109E-03       6.58505E-01       8.10350E-02       5.38356E-02
       1.25892E-01       1.31826E-01       1.28859E-01       5.93400E-03       3.92160E-03       6.60870E-01       8.51591E-02       5.77572E-02
       1.31826E-01       1.38038E-01       1.34932E-01       6.21200E-03       4.12212E-03       6.63574E-01       8.95373E-02       6.18793E-02
       1.38038E-01       1.44544E-01       1.41291E-01       6.50600E-03       4.33351E-03       6.66079E-01       9.41110E-02       6.62128E-02
       1.44544E-01       1.51356E-01       1.47950E-01       6.81200E-03       4.55613E-03       6.68839E-01       9.89547E-02       7.07689E-02
       1.51356E-01       1.58489E-01       1.54923E-01       7.13300E-03       4.79088E-03       6.71649E-01       1.04054E-01       7.55598E-02
       1.58489E-01       1.65959E-01       1.62224E-01       7.47000E-03       5.03837E-03       6.74480E-01       1.09417E-01       8.05982E-02
       1.65959E-01       1.73780E-01       1.69869E-01       7.82100E-03       5.29935E-03       6.77579E-01       1.15100E-01       8.58975E-02
       1.73780E-01       1.81970E-01       1.77875E-01       8.19000E-03       5.57468E-03       6.80669E-01       1.21074E-01       9.14722E-02
       1.81970E-01       1.90546E-01       1.86258E-01       8.57600E-03       5.86528E-03       6.83918E-01       1.27385E-01       9.73375E-02
       1.90546E-01       1.99526E-01       1.95036E-01       8.98000E-03       6.17208E-03       6.87314E-01       1.34051E-01       1.03510E-01
       1.99526E-01       2.08930E-01       2.04228E-01       9.40400E-03       6.49625E-03       6.90796E-01       1.41080E-01       1.10006E-01
       2.08930E-01       2.18776E-01       2.13853E-01       9.84600E-03       6.83883E-03       6.94579E-01       1.48538E-01       1.16845E-01
       2.18776E-01       2.29087E-01       2.23931E-01       1.03110E-02       7.20094E-03       6.98374E-01       1.56388E-01       1.24046E-01
       2.29087E-01       2.39883E-01       2.34485E-01       1.07960E-02       7.58409E-03       7.02491E-01       1.64723E-01       1.31630E-01
       2.39883E-01       2.51189E-01       2.45536E-01       1.13060E-02       7.98969E-03       7.06677E-01       1.73515E-01       1.39619E-01
       2.51189E-01       2.63027E-01       2.57108E-01       1.18380E-02       8.41928E-03       7.11208E-01       1.82857E-01       1.48039E-01
       2.63027E-01       2.75423E-01       2.69225E-01       1.23960E-02       8.87441E-03       7.15909E-01       1.92741E-01       1.56913E-01
       2.75423E-01       2.88403E-01       2.81913E-01       1.29800E-02       9.35705E-03       7.20882E-01       2.03226E-01       1.66270E-01
       2.88403E-01       3.01995E-01       2.95199E-01       1.35920E-02       9.86896E-03       7.26086E-01       2.14340E-01       1.76139E-01
       3.01995E-01       3.16228E-01       3.09112E-01       1.42330E-02       1.04123E-02       7.31559E-01       2.26133E-01       1.86551E-01
       3.16228E-01       3.31131E-01       3.23680E-01       1.49030E-02       1.09891E-02       7.37377E-01       2.38674E-01       1.97540E-01
       3.31131E-01       3.46737E-01       3.38934E-01       1.56060E-02       1.16018E-02       7.43422E-01       2.51971E-01       2.09142E-01
       3.46737E-01       3.63078E-01       3.54908E-01       1.63410E-02       1.22524E-02       7.49798E-01       2.66109E-01       2.21395E-01
       3.63078E-01       3.80189E-01       3.71633E-01       1.71110E-02       1.29435E-02       7.56444E-01       2.81120E-01       2.34338E-01
       3.80189E-01       3.98107E-01       3.89148E-01       1.79180E-02       1.36774E-02       7.63330E-01       2.97048E-01       2.48016E-01
       3.98107E-01       4.16869E-01       4.07488E-01       1.87620E-02       1.44561E-02       7.70498E-01       3.13969E-01       2.62472E-01
       4.16869E-01       4.36516E-01       4.26692E-01       1.96470E-02       1.52818E-02       7.77817E-01       3.31889E-01       2.77754E-01
       4.36516E-01       4.57088E-01       4.46802E-01       2.05720E-02       1.61563E-02       7.85352E-01       3.50897E-01       2.93910E-01
       4.57088E-01       4.78630E-01       4.67859E-01       2.15420E-02       1.70806E-02       7.92898E-01       3.70964E-01       3.10990E-01
       4.78630E-01       5.01187E-01       4.89909E-01       2.25570E-02       1.80558E-02       8.00450E-01       3.92147E-01       3.29046E-01
       5.01187E-01       5.24808E-01       5.12998E-01       2.36210E-02       1.90816E-02       8.07825E-01       4.14412E-01       3.48128E-01
       5.24808E-01       5.49541E-01       5.37174E-01       2.47330E-02       2.01568E-02       8.14974E-01       4.37783E-01       3.68285E-01
       5.49541E-01       5.75440E-01       5.62490E-01       2.58990E-02       2.12791E-02       8.21617E-01       4.62152E-01       3.89564E-01
       5.75440E-01       6.02560E-01       5.89000E-01       2.71200E-02       2.24445E-02       8.27601E-01       4.87457E-01       4.12008E-01
       6.02560E-01       6.30957E-01       6.16758E-01       2.83970E-02       2.36475E-02       8.32747E-01       5.13604E-01       4.35656E-01
       6.30957E-01       6.60693E-01       6.45825E-01       2.97360E-02       2.48804E-02       8.36711E-01       5.40369E-01       4.60536E-01
       6.60693E-01       6.91831E-01       6.76262E-01       3.11380E-02       2.61332E-02       8.39271E-01       5.67567E-01       4.86669E-01
       6.91831E-01       7.24436E-01       7.08133E-01       3.26050E-02       2.73940E-02       8.40178E-01       5.94958E-01       5.14063E-01
       7.24436E-01       7.58578E-01       7.41507E-01       3.41420E-02       2.86491E-02       8.39115E-01       6.22210E-01       5.42712E-01
       7.58578E-01       7.94328E-01       7.76453E-01       3.57500E-02       2.98825E-02       8.35875E-01       6.49018E-01       5.72595E-01
       7.94328E-01       8.31764E-01       8.13046E-01       3.74360E-02       3.10781E-02       8.30167E-01       6.74964E-01       6.03673E-01
       8.31764E-01       8.70964E-01       8.51364E-01       3.92000E-02       3.22198E-02       8.21933E-01       6.99764E-01       6.35893E-01
       8.70964E-01       9.12011E-01       8.91487E-01       4.10470E-02       3.32926E-02       8.11085E-01       7.23072E-01       6.69185E-01
       9.12011E-01       9.54993E-01       9.33502E-01       4.29820E-02       3.42865E-02       7.97694E-01       7.44649E-01       7.03472E-01
       9.54993E-01       1.00000E+00       9.77497E-01       4.50070E-02       3.51959E-02       7.82009E-01       7.64411E-01       7.38668E-01
       1.00000E+00       1.04713E+00       1.02357E+00       4.71300E-02       3.60238E-02       7.64350E-01       7.82362E-01       7.74692E-01
       1.04713E+00       1.09648E+00       1.07181E+00       4.93500E-02       3.67790E-02       7.45269E-01       7.98783E-01       8.11471E-01
       1.09648E+00       1.14815E+00       1.12231E+00       5.16700E-02       3.74787E-02       7.25348E-01       8.14069E-01       8.48949E-01
       1.14815E+00       1.20226E+00       1.17520E+00       5.41100E-02       3.81290E-02       7.04657E-01       8.28116E-01       8.87078E-01
       1.20226E+00       1.25892E+00       1.23059E+00       5.66600E-02       3.87162E-02       6.83307E-01       8.40871E-01       9.25795E-01
       1.25892E+00       1.31826E+00       1.28859E+00       5.93400E-02       3.91511E-02       6.59776E-01       8.50180E-01       9.64946E-01
       1.31826E+00       1.38038E+00       1.34932E+00       6.21200E-02       3.44215E-02       5.54114E-01       7.47676E-01       9.99367E-01
       1.38038E+00       1.44544E+00       1.41291E+00       6.50600E-02       6.32913E-04       9.72814E-03       1.37450E-02       1.00000E+00

 Sum =                                                                         1.00000E+00
 Renormalization bin#   946 =                                                  5.27937E-03 barn        1.40000E+07        1.42000E+07        1.41000E+07
 Avg. Energy     bin#   946 =                                                  7.07899E-01 MeV         1.40000E+07        1.42000E+07
