"        MT=600 recoil spectrum "
" Initial neutron energy corresponds to the group:"
   1.90000E+01    1.92000E+01       0.00000E+00           760           884           125



          Low               High              Mid              Energy           Number             dn/de            E*dn/de          Cumulative
         Energy            Energy            Energy             Width          Fraction                               Sum   
         [MeV]             [MeV]             [MeV]              [MeV]

       7.58578E-03       7.94328E-03       7.76453E-03       3.57500E-04       0.00000E+00       0.00000E+00       0.00000E+00       0.00000E+00
       7.94328E-03       8.31764E-03       8.13046E-03       3.74360E-04       4.63739E-05       1.23875E-01       1.00716E-03       4.63739E-05
       8.31764E-03       8.70964E-03       8.51364E-03       3.92000E-04       1.74833E-04       4.46002E-01       3.79710E-03       2.21207E-04
       8.70964E-03       9.12011E-03       8.91487E-03       4.10471E-04       1.83201E-04       4.46319E-01       3.97888E-03       4.04408E-04
       9.12011E-03       9.54993E-03       9.33502E-03       4.29819E-04       1.91901E-04       4.46469E-01       4.16780E-03       5.96309E-04
       9.54993E-03       1.00000E-02       9.77496E-03       4.50070E-04       2.01027E-04       4.46656E-01       4.36605E-03       7.97335E-04
       1.00000E-02       1.04713E-02       1.02357E-02       4.71300E-04       2.10620E-04       4.46891E-01       4.57422E-03       1.00796E-03
       1.04713E-02       1.09648E-02       1.07180E-02       4.93500E-04       2.20688E-04       4.47190E-01       4.79300E-03       1.22864E-03
       1.09648E-02       1.14815E-02       1.12232E-02       5.16700E-04       2.31214E-04       4.47481E-01       5.02215E-03       1.45986E-03
       1.14815E-02       1.20226E-02       1.17521E-02       5.41100E-04       2.42239E-04       4.47680E-01       5.26115E-03       1.70210E-03
       1.20226E-02       1.25892E-02       1.23059E-02       5.66601E-04       2.53808E-04       4.47949E-01       5.51241E-03       1.95590E-03
       1.25892E-02       1.31826E-02       1.28859E-02       5.93399E-04       2.65933E-04       4.48152E-01       5.77484E-03       2.22184E-03
       1.31826E-02       1.38038E-02       1.34932E-02       6.21200E-04       2.78602E-04       4.48490E-01       6.05156E-03       2.50044E-03
       1.38038E-02       1.44544E-02       1.41291E-02       6.50601E-04       2.91970E-04       4.48770E-01       6.34072E-03       2.79241E-03
       1.44544E-02       1.51356E-02       1.47950E-02       6.81199E-04       3.05946E-04       4.49128E-01       6.64485E-03       3.09836E-03
       1.51356E-02       1.58489E-02       1.54923E-02       7.13301E-04       3.20614E-04       4.49480E-01       6.96346E-03       3.41897E-03
       1.58489E-02       1.65959E-02       1.62224E-02       7.47000E-04       3.35940E-04       4.49719E-01       7.29552E-03       3.75491E-03
       1.65959E-02       1.73780E-02       1.69870E-02       7.82100E-04       3.52101E-04       4.50200E-01       7.64753E-03       4.10701E-03
       1.73780E-02       1.81970E-02       1.77875E-02       8.19000E-04       3.68996E-04       4.50544E-01       8.01406E-03       4.47601E-03
       1.81970E-02       1.90546E-02       1.86258E-02       8.57600E-04       3.86721E-04       4.50934E-01       8.39901E-03       4.86273E-03
       1.90546E-02       1.99526E-02       1.95036E-02       8.98000E-04       4.05315E-04       4.51353E-01       8.80301E-03       5.26804E-03
       1.99526E-02       2.08930E-02       2.04228E-02       9.40400E-04       4.24783E-04       4.51705E-01       9.22507E-03       5.69283E-03
       2.08930E-02       2.18776E-02       2.13853E-02       9.84600E-04       4.45234E-04       4.52198E-01       9.67040E-03       6.13806E-03
       2.18776E-02       2.29087E-02       2.23931E-02       1.03110E-03       4.66696E-04       4.52620E-01       1.01356E-02       6.60476E-03
       2.29087E-02       2.39883E-02       2.34485E-02       1.07960E-03       4.89190E-04       4.53121E-01       1.06250E-02       7.09395E-03
       2.39883E-02       2.51189E-02       2.45536E-02       1.13060E-03       5.12809E-04       4.53573E-01       1.11368E-02       7.60676E-03
       2.51189E-02       2.63027E-02       2.57108E-02       1.18380E-03       5.37603E-04       4.54133E-01       1.16761E-02       8.14436E-03
       2.63027E-02       2.75423E-02       2.69225E-02       1.23960E-03       5.63555E-04       4.54626E-01       1.22397E-02       8.70791E-03
       2.75423E-02       2.88403E-02       2.81913E-02       1.29800E-03       5.90843E-04       4.55195E-01       1.28325E-02       9.29876E-03
       2.88403E-02       3.01995E-02       2.95199E-02       1.35920E-03       6.19462E-04       4.55755E-01       1.34539E-02       9.91822E-03
       3.01995E-02       3.16228E-02       3.09112E-02       1.42330E-03       6.49526E-04       4.56352E-01       1.41064E-02       1.05677E-02
       3.16228E-02       3.31131E-02       3.23680E-02       1.49030E-03       6.81018E-04       4.56967E-01       1.47911E-02       1.12488E-02
       3.31131E-02       3.46737E-02       3.38934E-02       1.56060E-03       7.14135E-04       4.57604E-01       1.55097E-02       1.19629E-02
       3.46737E-02       3.63078E-02       3.54908E-02       1.63410E-03       7.48874E-04       4.58278E-01       1.62646E-02       1.27118E-02
       3.63078E-02       3.80189E-02       3.71633E-02       1.71110E-03       7.85336E-04       4.58966E-01       1.70567E-02       1.34971E-02
       3.80189E-02       3.98107E-02       3.89148E-02       1.79180E-03       8.23599E-04       4.59649E-01       1.78871E-02       1.43207E-02
       3.98107E-02       4.16869E-02       4.07488E-02       1.87620E-03       8.63768E-04       4.60382E-01       1.87600E-02       1.51845E-02
       4.16869E-02       4.36516E-02       4.26693E-02       1.96470E-03       9.05956E-04       4.61116E-01       1.96755E-02       1.60904E-02
       4.36516E-02       4.57088E-02       4.46802E-02       2.05720E-03       9.50267E-04       4.61923E-01       2.06388E-02       1.70407E-02
       4.57088E-02       4.78630E-02       4.67859E-02       2.15420E-03       9.96783E-04       4.62716E-01       2.16486E-02       1.80375E-02
       4.78630E-02       5.01187E-02       4.89908E-02       2.25570E-03       1.04564E-03       4.63554E-01       2.27099E-02       1.90831E-02
       5.01187E-02       5.24808E-02       5.12998E-02       2.36210E-03       1.09693E-03       4.64386E-01       2.38229E-02       2.01801E-02
       5.24808E-02       5.49541E-02       5.37174E-02       2.47330E-03       1.15076E-03       4.65275E-01       2.49934E-02       2.13308E-02
       5.49541E-02       5.75440E-02       5.62491E-02       2.58990E-03       1.20734E-03       4.66174E-01       2.62219E-02       2.25382E-02
       5.75440E-02       6.02560E-02       5.89000E-02       2.71200E-03       1.26675E-03       4.67091E-01       2.75117E-02       2.38049E-02
       6.02560E-02       6.30957E-02       6.16758E-02       2.83970E-03       1.32907E-03       4.68031E-01       2.88662E-02       2.51340E-02
       6.30957E-02       6.60693E-02       6.45825E-02       2.97360E-03       1.39457E-03       4.68985E-01       3.02882E-02       2.65286E-02
       6.60693E-02       6.91831E-02       6.76262E-02       3.11380E-03       1.46338E-03       4.69964E-01       3.17819E-02       2.79919E-02
       6.91831E-02       7.24436E-02       7.08134E-02       3.26050E-03       1.53561E-03       4.70975E-01       3.33513E-02       2.95275E-02
       7.24436E-02       7.58578E-02       7.41507E-02       3.41420E-03       1.61149E-03       4.71996E-01       3.49988E-02       3.11390E-02
       7.58578E-02       7.94328E-02       7.76453E-02       3.57500E-03       1.69116E-03       4.73052E-01       3.67303E-02       3.28302E-02
       7.94328E-02       8.31764E-02       8.13046E-02       3.74360E-03       1.77482E-03       4.74094E-01       3.85460E-02       3.46050E-02
       8.31764E-02       8.70964E-02       8.51364E-02       3.92000E-03       1.86266E-03       4.75169E-01       4.04542E-02       3.64677E-02
       8.70964E-02       9.12011E-02       8.91488E-02       4.10470E-03       1.95489E-03       4.76256E-01       4.24576E-02       3.84226E-02
       9.12011E-02       9.54993E-02       9.33502E-02       4.29820E-03       2.05168E-03       4.77336E-01       4.45594E-02       4.04742E-02
       9.54993E-02       1.00000E-01       9.77497E-02       4.50070E-03       2.15331E-03       4.78438E-01       4.67672E-02       4.26276E-02
       1.00000E-01       1.04713E-01       1.02357E-01       4.71300E-03       2.25995E-03       4.79515E-01       4.90814E-02       4.48875E-02
       1.04713E-01       1.09648E-01       1.07180E-01       4.93500E-03       2.37182E-03       4.80612E-01       5.15122E-02       4.72593E-02
       1.09648E-01       1.14815E-01       1.12231E-01       5.16700E-03       2.48926E-03       4.81761E-01       5.40688E-02       4.97486E-02
       1.14815E-01       1.20226E-01       1.17520E-01       5.41100E-03       2.61232E-03       4.82780E-01       5.67366E-02       5.23609E-02
       1.20226E-01       1.25892E-01       1.23059E-01       5.66600E-03       2.74154E-03       4.83858E-01       5.95431E-02       5.51024E-02
       1.25892E-01       1.31826E-01       1.28859E-01       5.93400E-03       2.87694E-03       4.84824E-01       6.24739E-02       5.79794E-02
       1.31826E-01       1.38038E-01       1.34932E-01       6.21200E-03       3.01876E-03       4.85956E-01       6.55710E-02       6.09981E-02
       1.38038E-01       1.44544E-01       1.41291E-01       6.50600E-03       3.16747E-03       4.86853E-01       6.87880E-02       6.41656E-02
       1.44544E-01       1.51356E-01       1.47950E-01       6.81200E-03       3.32306E-03       4.87825E-01       7.21737E-02       6.74887E-02
       1.51356E-01       1.58489E-01       1.54923E-01       7.13300E-03       3.48602E-03       4.88717E-01       7.57133E-02       7.09747E-02
       1.58489E-01       1.65959E-01       1.62224E-01       7.47000E-03       3.65652E-03       4.89494E-01       7.94077E-02       7.46312E-02
       1.65959E-01       1.73780E-01       1.69869E-01       7.82100E-03       3.83480E-03       4.90320E-01       8.32905E-02       7.84660E-02
       1.73780E-01       1.81970E-01       1.77875E-01       8.19000E-03       4.02119E-03       4.90988E-01       8.73345E-02       8.24872E-02
       1.81970E-01       1.90546E-01       1.86258E-01       8.57600E-03       4.21583E-03       4.91585E-01       9.15616E-02       8.67030E-02
       1.90546E-01       1.99526E-01       1.95036E-01       8.98000E-03       4.41905E-03       4.92099E-01       9.59770E-02       9.11221E-02
       1.99526E-01       2.08930E-01       2.04228E-01       9.40400E-03       4.63109E-03       4.92459E-01       1.00574E-01       9.57532E-02
       2.08930E-01       2.18776E-01       2.13853E-01       9.84600E-03       4.85207E-03       4.92796E-01       1.05386E-01       1.00605E-01
       2.18776E-01       2.29087E-01       2.23931E-01       1.03110E-02       5.08215E-03       4.92886E-01       1.10373E-01       1.05687E-01
       2.29087E-01       2.39883E-01       2.34485E-01       1.07960E-02       5.32156E-03       4.92920E-01       1.15582E-01       1.11009E-01
       2.39883E-01       2.51189E-01       2.45536E-01       1.13060E-02       5.57053E-03       4.92705E-01       1.20977E-01       1.16580E-01
       2.51189E-01       2.63027E-01       2.57108E-01       1.18380E-02       5.82902E-03       4.92399E-01       1.26600E-01       1.22409E-01
       2.63027E-01       2.75423E-01       2.69225E-01       1.23960E-02       6.09724E-03       4.91872E-01       1.32424E-01       1.28506E-01
       2.75423E-01       2.88403E-01       2.81913E-01       1.29800E-02       6.37504E-03       4.91144E-01       1.38460E-01       1.34881E-01
       2.88403E-01       3.01995E-01       2.95199E-01       1.35920E-02       6.66258E-03       4.90184E-01       1.44702E-01       1.41543E-01
       3.01995E-01       3.16228E-01       3.09112E-01       1.42330E-02       6.95979E-03       4.88990E-01       1.51152E-01       1.48503E-01
       3.16228E-01       3.31131E-01       3.23680E-01       1.49030E-02       7.26654E-03       4.87589E-01       1.57823E-01       1.55770E-01
       3.31131E-01       3.46737E-01       3.38934E-01       1.56060E-02       7.58280E-03       4.85890E-01       1.64685E-01       1.63353E-01
       3.46737E-01       3.63078E-01       3.54908E-01       1.63410E-02       7.90823E-03       4.83950E-01       1.71758E-01       1.71261E-01
       3.63078E-01       3.80189E-01       3.71633E-01       1.71110E-02       8.24267E-03       4.81718E-01       1.79022E-01       1.79503E-01
       3.80189E-01       3.98107E-01       3.89148E-01       1.79180E-02       8.58591E-03       4.79178E-01       1.86471E-01       1.88089E-01
       3.98107E-01       4.16869E-01       4.07488E-01       1.87620E-02       8.93759E-03       4.76367E-01       1.94114E-01       1.97027E-01
       4.16869E-01       4.36516E-01       4.26692E-01       1.96470E-02       9.29734E-03       4.73220E-01       2.01919E-01       2.06324E-01
       4.36516E-01       4.57088E-01       4.46802E-01       2.05720E-02       9.66487E-03       4.69807E-01       2.09911E-01       2.15989E-01
       4.57088E-01       4.78630E-01       4.67859E-01       2.15420E-02       1.00398E-02       4.66056E-01       2.18049E-01       2.26029E-01
       4.78630E-01       5.01187E-01       4.89909E-01       2.25570E-02       1.04218E-02       4.62021E-01       2.26348E-01       2.36451E-01
       5.01187E-01       5.24808E-01       5.12998E-01       2.36210E-02       1.08106E-02       4.57669E-01       2.34783E-01       2.47261E-01
       5.24808E-01       5.49541E-01       5.37174E-01       2.47330E-02       1.12059E-02       4.53074E-01       2.43380E-01       2.58467E-01
       5.49541E-01       5.75440E-01       5.62490E-01       2.58990E-02       1.16077E-02       4.48190E-01       2.52102E-01       2.70075E-01
       5.75440E-01       6.02560E-01       5.89000E-01       2.71200E-02       1.20161E-02       4.43071E-01       2.60969E-01       2.82091E-01
       6.02560E-01       6.30957E-01       6.16758E-01       2.83970E-02       1.24312E-02       4.37766E-01       2.69996E-01       2.94522E-01
       6.30957E-01       6.60693E-01       6.45825E-01       2.97360E-02       1.28539E-02       4.32269E-01       2.79170E-01       3.07376E-01
       6.60693E-01       6.91831E-01       6.76262E-01       3.11380E-02       1.32851E-02       4.26654E-01       2.88530E-01       3.20661E-01
       6.91831E-01       7.24436E-01       7.08133E-01       3.26050E-02       1.37261E-02       4.20982E-01       2.98112E-01       3.34387E-01
       7.24436E-01       7.58578E-01       7.41507E-01       3.41420E-02       1.41791E-02       4.15298E-01       3.07947E-01       3.48567E-01
       7.58578E-01       7.94328E-01       7.76453E-01       3.57500E-02       1.46467E-02       4.09698E-01       3.18111E-01       3.63213E-01
       7.94328E-01       8.31764E-01       8.13046E-01       3.74360E-02       1.51328E-02       4.04231E-01       3.28658E-01       3.78346E-01
       8.31764E-01       8.70964E-01       8.51364E-01       3.92000E-02       1.56415E-02       3.99019E-01       3.39710E-01       3.93988E-01
       8.70964E-01       9.12011E-01       8.91487E-01       4.10470E-02       1.61791E-02       3.94160E-01       3.51388E-01       4.10167E-01
       9.12011E-01       9.54993E-01       9.33502E-01       4.29820E-02       1.67526E-02       3.89758E-01       3.63840E-01       4.26919E-01
       9.54993E-01       1.00000E+00       9.77497E-01       4.50070E-02       1.73709E-02       3.85960E-01       3.77274E-01       4.44290E-01
       1.00000E+00       1.04713E+00       1.02357E+00       4.71300E-02       1.80449E-02       3.82876E-01       3.91898E-01       4.62335E-01
       1.04713E+00       1.09648E+00       1.07181E+00       4.93500E-02       1.87868E-02       3.80685E-01       4.08020E-01       4.81122E-01
       1.09648E+00       1.14815E+00       1.12231E+00       5.16700E-02       1.96134E-02       3.79590E-01       4.26020E-01       5.00735E-01
       1.14815E+00       1.20226E+00       1.17520E+00       5.41100E-02       2.05410E-02       3.79615E-01       4.46125E-01       5.21276E-01
       1.20226E+00       1.25892E+00       1.23059E+00       5.66600E-02       2.15922E-02       3.81084E-01       4.68958E-01       5.42868E-01
       1.25892E+00       1.31826E+00       1.28859E+00       5.93400E-02       2.27902E-02       3.84061E-01       4.94897E-01       5.65659E-01
       1.31826E+00       1.38038E+00       1.34932E+00       6.21200E-02       2.41611E-02       3.88942E-01       5.24807E-01       5.89820E-01
       1.38038E+00       1.44544E+00       1.41291E+00       6.50600E-02       2.57355E-02       3.95566E-01       5.58899E-01       6.15555E-01
       1.44544E+00       1.51356E+00       1.47950E+00       6.81200E-02       2.75415E-02       4.04309E-01       5.98175E-01       6.43097E-01
       1.51356E+00       1.58489E+00       1.54923E+00       7.13300E-02       2.96080E-02       4.15084E-01       6.43059E-01       6.72705E-01
       1.58489E+00       1.65959E+00       1.62224E+00       7.47000E-02       3.19543E-02       4.27768E-01       6.93943E-01       7.04659E-01
       1.65959E+00       1.73780E+00       1.69869E+00       7.82100E-02       3.45842E-02       4.42196E-01       7.51157E-01       7.39243E-01
       1.73780E+00       1.81970E+00       1.77875E+00       8.19000E-02       3.74700E-02       4.57509E-01       8.13794E-01       7.76713E-01
       1.81970E+00       1.90546E+00       1.86258E+00       8.57600E-02       4.05276E-02       4.72569E-01       8.80198E-01       8.17241E-01
       1.90546E+00       1.99526E+00       1.95036E+00       8.98000E-02       4.35758E-02       4.85254E-01       9.46420E-01       8.60817E-01
       1.99526E+00       2.08930E+00       2.04228E+00       9.40400E-02       4.62752E-02       4.92080E-01       1.00496E+00       9.07092E-01
       2.08930E+00       2.18776E+00       2.13853E+00       9.84600E-02       4.80247E-02       4.87758E-01       1.04309E+00       9.55116E-01
       2.18776E+00       2.29087E+00       2.23932E+00       1.03110E-01       4.43201E-02       4.29833E-01       9.62532E-01       9.99437E-01
       2.29087E+00       2.39883E+00       2.34485E+00       1.07960E-01       5.63493E-04       5.21946E-03       1.22389E-02       1.00000E+00

 Sum =                                                                         1.00000E+00
 Renormalization bin#   971 =                                                  1.93159E-03 barn        1.90000E+07        1.92000E+07        1.91000E+07
 Avg. Energy     bin#   971 =                                                  1.14642E+00 MeV         1.90000E+07        1.92000E+07
