"        MT=612 recoil spectrum "
" Initial neutron energy corresponds to the group:"
   1.92000E+01    1.94000E+01       0.00000E+00           784           882            99



          Low               High              Mid              Energy           Number             dn/de            E*dn/de          Cumulative
         Energy            Energy            Energy             Width          Fraction                               Sum   
         [MeV]             [MeV]             [MeV]              [MeV]

       2.29087E-02       2.39883E-02       2.34485E-02       1.07960E-03       0.00000E+00       0.00000E+00       0.00000E+00       0.00000E+00
       2.39883E-02       2.51189E-02       2.45536E-02       1.13060E-03       1.15705E-04       1.02340E-01       2.51281E-03       1.15705E-04
       2.51189E-02       2.63027E-02       2.57108E-02       1.18380E-03       4.95565E-04       4.18623E-01       1.07631E-02       6.11271E-04
       2.63027E-02       2.75423E-02       2.69225E-02       1.23960E-03       5.19155E-04       4.18808E-01       1.12754E-02       1.13043E-03
       2.75423E-02       2.88403E-02       2.81913E-02       1.29800E-03       5.43806E-04       4.18957E-01       1.18109E-02       1.67423E-03
       2.88403E-02       3.01995E-02       2.95199E-02       1.35920E-03       5.69733E-04       4.19168E-01       1.23738E-02       2.24396E-03
       3.01995E-02       3.16228E-02       3.09112E-02       1.42330E-03       5.96835E-04       4.19331E-01       1.29620E-02       2.84080E-03
       3.16228E-02       3.31131E-02       3.23680E-02       1.49030E-03       6.25261E-04       4.19553E-01       1.35801E-02       3.46606E-03
       3.31131E-02       3.46737E-02       3.38934E-02       1.56060E-03       6.55062E-04       4.19751E-01       1.42268E-02       4.12112E-03
       3.46737E-02       3.63078E-02       3.54908E-02       1.63410E-03       6.86304E-04       4.19989E-01       1.49057E-02       4.80743E-03
       3.63078E-02       3.80189E-02       3.71633E-02       1.71110E-03       7.19050E-04       4.20228E-01       1.56171E-02       5.52648E-03
       3.80189E-02       3.98107E-02       3.89148E-02       1.79180E-03       7.53409E-04       4.20476E-01       1.63627E-02       6.27989E-03
       3.98107E-02       4.16869E-02       4.07488E-02       1.87620E-03       7.89424E-04       4.20757E-01       1.71453E-02       7.06931E-03
       4.16869E-02       4.36516E-02       4.26693E-02       1.96470E-03       8.27222E-04       4.21042E-01       1.79655E-02       7.89653E-03
       4.36516E-02       4.57088E-02       4.46802E-02       2.05720E-03       8.66824E-04       4.21361E-01       1.88265E-02       8.76336E-03
       4.57088E-02       4.78630E-02       4.67859E-02       2.15420E-03       9.08393E-04       4.21685E-01       1.97289E-02       9.67175E-03
       4.78630E-02       5.01187E-02       4.89908E-02       2.25570E-03       9.51968E-04       4.22028E-01       2.06755E-02       1.06237E-02
       5.01187E-02       5.24808E-02       5.12998E-02       2.36210E-03       9.97732E-04       4.22392E-01       2.16686E-02       1.16214E-02
       5.24808E-02       5.49541E-02       5.37174E-02       2.47330E-03       1.04570E-03       4.22795E-01       2.27115E-02       1.26671E-02
       5.49541E-02       5.75440E-02       5.62491E-02       2.58990E-03       1.09604E-03       4.23198E-01       2.38045E-02       1.37632E-02
       5.75440E-02       6.02560E-02       5.89000E-02       2.71200E-03       1.14891E-03       4.23641E-01       2.49524E-02       1.49121E-02
       6.02560E-02       6.30957E-02       6.16758E-02       2.83970E-03       1.20441E-03       4.24133E-01       2.61587E-02       1.61165E-02
       6.30957E-02       6.60693E-02       6.45825E-02       2.97360E-03       1.26263E-03       4.24615E-01       2.74227E-02       1.73791E-02
       6.60693E-02       6.91831E-02       6.76262E-02       3.11380E-03       1.32379E-03       4.25136E-01       2.87503E-02       1.87029E-02
       6.91831E-02       7.24436E-02       7.08134E-02       3.26050E-03       1.38799E-03       4.25700E-01       3.01452E-02       2.00909E-02
       7.24436E-02       7.58578E-02       7.41507E-02       3.41420E-03       1.45549E-03       4.26304E-01       3.16108E-02       2.15464E-02
       7.58578E-02       7.94328E-02       7.76453E-02       3.57500E-03       1.52630E-03       4.26938E-01       3.31497E-02       2.30727E-02
       7.94328E-02       8.31764E-02       8.13046E-02       3.74360E-03       1.60077E-03       4.27602E-01       3.47660E-02       2.46735E-02
       8.31764E-02       8.70964E-02       8.51364E-02       3.92000E-03       1.67903E-03       4.28325E-01       3.64661E-02       2.63525E-02
       8.70964E-02       9.12011E-02       8.91488E-02       4.10470E-03       1.76128E-03       4.29088E-01       3.82526E-02       2.81138E-02
       9.12011E-02       9.54993E-02       9.33502E-02       4.29820E-03       1.84771E-03       4.29880E-01       4.01294E-02       2.99615E-02
       9.54993E-02       1.00000E-01       9.77497E-02       4.50070E-03       1.93862E-03       4.30737E-01       4.21043E-02       3.19001E-02
       1.00000E-01       1.04713E-01       1.02357E-01       4.71300E-03       2.03426E-03       4.31627E-01       4.41799E-02       3.39344E-02
       1.04713E-01       1.09648E-01       1.07180E-01       4.93500E-03       2.13478E-03       4.32579E-01       4.63640E-02       3.60692E-02
       1.09648E-01       1.14815E-01       1.12231E-01       5.16700E-03       2.24064E-03       4.33645E-01       4.86686E-02       3.83098E-02
       1.14815E-01       1.20226E-01       1.17520E-01       5.41100E-03       2.35199E-03       4.34668E-01       5.10824E-02       4.06618E-02
       1.20226E-01       1.25892E-01       1.23059E-01       5.66600E-03       2.46932E-03       4.35814E-01       5.36308E-02       4.31311E-02
       1.25892E-01       1.31826E-01       1.28859E-01       5.93400E-03       2.59277E-03       4.36935E-01       5.63030E-02       4.57239E-02
       1.31826E-01       1.38038E-01       1.34932E-01       6.21200E-03       2.72274E-03       4.38303E-01       5.91412E-02       4.84466E-02
       1.38038E-01       1.44544E-01       1.41291E-01       6.50600E-03       2.85972E-03       4.39552E-01       6.21047E-02       5.13064E-02
       1.44544E-01       1.51356E-01       1.47950E-01       6.81200E-03       3.00401E-03       4.40987E-01       6.52441E-02       5.43104E-02
       1.51356E-01       1.58489E-01       1.54923E-01       7.13300E-03       3.15611E-03       4.42466E-01       6.85479E-02       5.74665E-02
       1.58489E-01       1.65959E-01       1.62224E-01       7.47000E-03       3.31639E-03       4.43962E-01       7.20212E-02       6.07829E-02
       1.65959E-01       1.73780E-01       1.69869E-01       7.82100E-03       3.48537E-03       4.45642E-01       7.57010E-02       6.42682E-02
       1.73780E-01       1.81970E-01       1.77875E-01       8.19000E-03       3.66348E-03       4.47311E-01       7.95655E-02       6.79317E-02
       1.81970E-01       1.90546E-01       1.86258E-01       8.57600E-03       3.85139E-03       4.49089E-01       8.36464E-02       7.17831E-02
       1.90546E-01       1.99526E-01       1.95036E-01       8.98000E-03       4.04948E-03       4.50944E-01       8.79503E-02       7.58326E-02
       1.99526E-01       2.08930E-01       2.04228E-01       9.40400E-03       4.25843E-03       4.52831E-01       9.24808E-02       8.00910E-02
       2.08930E-01       2.18776E-01       2.13853E-01       9.84600E-03       4.47887E-03       4.54892E-01       9.72801E-02       8.45699E-02
       2.18776E-01       2.29087E-01       2.23931E-01       1.03110E-02       4.71126E-03       4.56916E-01       1.02318E-01       8.92811E-02
       2.29087E-01       2.39883E-01       2.34485E-01       1.07960E-02       4.95643E-03       4.59099E-01       1.07652E-01       9.42376E-02
       2.39883E-01       2.51189E-01       2.45536E-01       1.13060E-02       5.21493E-03       4.61254E-01       1.13254E-01       9.94525E-02
       2.51189E-01       2.63027E-01       2.57108E-01       1.18380E-02       5.48755E-03       4.63553E-01       1.19183E-01       1.04940E-01
       2.63027E-01       2.75423E-01       2.69225E-01       1.23960E-02       5.77489E-03       4.65867E-01       1.25423E-01       1.10715E-01
       2.75423E-01       2.88403E-01       2.81913E-01       1.29800E-02       6.07762E-03       4.68230E-01       1.32000E-01       1.16793E-01
       2.88403E-01       3.01995E-01       2.95199E-01       1.35920E-02       6.39657E-03       4.70613E-01       1.38925E-01       1.23189E-01
       3.01995E-01       3.16228E-01       3.09112E-01       1.42330E-02       6.73241E-03       4.73014E-01       1.46214E-01       1.29922E-01
       3.16228E-01       3.31131E-01       3.23680E-01       1.49030E-02       7.08565E-03       4.75451E-01       1.53894E-01       1.37007E-01
       3.31131E-01       3.46737E-01       3.38934E-01       1.56060E-02       7.45728E-03       4.77847E-01       1.61959E-01       1.44464E-01
       3.46737E-01       3.63078E-01       3.54908E-01       1.63410E-02       7.84771E-03       4.80247E-01       1.70443E-01       1.52312E-01
       3.63078E-01       3.80189E-01       3.71633E-01       1.71110E-02       8.25756E-03       4.82588E-01       1.79346E-01       1.60570E-01
       3.80189E-01       3.98107E-01       3.89148E-01       1.79180E-02       8.68747E-03       4.84846E-01       1.88677E-01       1.69257E-01
       3.98107E-01       4.16869E-01       4.07488E-01       1.87620E-02       9.13782E-03       4.87039E-01       1.98462E-01       1.78395E-01
       4.16869E-01       4.36516E-01       4.26692E-01       1.96470E-02       9.60911E-03       4.89088E-01       2.08690E-01       1.88004E-01
       4.36516E-01       4.57088E-01       4.46802E-01       2.05720E-02       1.01017E-02       4.91043E-01       2.19399E-01       1.98106E-01
       4.57088E-01       4.78630E-01       4.67859E-01       2.15420E-02       1.06158E-02       4.92796E-01       2.30559E-01       2.08722E-01
       4.78630E-01       5.01187E-01       4.89909E-01       2.25570E-02       1.11516E-02       4.94374E-01       2.42198E-01       2.19873E-01
       5.01187E-01       5.24808E-01       5.12998E-01       2.36210E-02       1.17093E-02       4.95714E-01       2.54300E-01       2.31583E-01
       5.24808E-01       5.49541E-01       5.37174E-01       2.47330E-02       1.22886E-02       4.96850E-01       2.66895E-01       2.43871E-01
       5.49541E-01       5.75440E-01       5.62490E-01       2.58990E-02       1.28898E-02       4.97696E-01       2.79949E-01       2.56761E-01
       5.75440E-01       6.02560E-01       5.89000E-01       2.71200E-02       1.35130E-02       4.98267E-01       2.93479E-01       2.70274E-01
       6.02560E-01       6.30957E-01       6.16758E-01       2.83970E-02       1.41579E-02       4.98570E-01       3.07497E-01       2.84432E-01
       6.30957E-01       6.60693E-01       6.45825E-01       2.97360E-02       1.48249E-02       4.98550E-01       3.21976E-01       2.99257E-01
       6.60693E-01       6.91831E-01       6.76262E-01       3.11380E-02       1.55143E-02       4.98242E-01       3.36942E-01       3.14771E-01
       6.91831E-01       7.24436E-01       7.08133E-01       3.26050E-02       1.62266E-02       4.97673E-01       3.52419E-01       3.30998E-01
       7.24436E-01       7.58578E-01       7.41507E-01       3.41420E-02       1.69632E-02       4.96844E-01       3.68413E-01       3.47961E-01
       7.58578E-01       7.94328E-01       7.76453E-01       3.57500E-02       1.77258E-02       4.95827E-01       3.84987E-01       3.65687E-01
       7.94328E-01       8.31764E-01       8.13046E-01       3.74360E-02       1.85171E-02       4.94633E-01       4.02160E-01       3.84204E-01
       8.31764E-01       8.70964E-01       8.51364E-01       3.92000E-02       1.93404E-02       4.93378E-01       4.20044E-01       4.03544E-01
       8.70964E-01       9.12011E-01       8.91487E-01       4.10470E-02       2.02004E-02       4.92127E-01       4.38725E-01       4.23744E-01
       9.12011E-01       9.54993E-01       9.33502E-01       4.29820E-02       2.11030E-02       4.90973E-01       4.58324E-01       4.44848E-01
       9.54993E-01       1.00000E+00       9.77497E-01       4.50070E-02       2.20553E-02       4.90042E-01       4.79014E-01       4.66903E-01
       1.00000E+00       1.04713E+00       1.02357E+00       4.71300E-02       2.30659E-02       4.89411E-01       5.00944E-01       4.89969E-01
       1.04713E+00       1.09648E+00       1.07181E+00       4.93500E-02       2.41428E-02       4.89215E-01       5.24343E-01       5.14112E-01
       1.09648E+00       1.14815E+00       1.12231E+00       5.16700E-02       2.52969E-02       4.89585E-01       5.49469E-01       5.39408E-01
       1.14815E+00       1.20226E+00       1.17520E+00       5.41100E-02       2.65341E-02       4.90373E-01       5.76289E-01       5.65942E-01
       1.20226E+00       1.25892E+00       1.23059E+00       5.66600E-02       2.78625E-02       4.91749E-01       6.05142E-01       5.93805E-01
       1.25892E+00       1.31826E+00       1.28859E+00       5.93400E-02       2.92817E-02       4.93456E-01       6.35862E-01       6.23087E-01
       1.31826E+00       1.38038E+00       1.34932E+00       6.21200E-02       3.07838E-02       4.95553E-01       6.68660E-01       6.53870E-01
       1.38038E+00       1.44544E+00       1.41291E+00       6.50600E-02       3.23525E-02       4.97272E-01       7.02601E-01       6.86223E-01
       1.44544E+00       1.51356E+00       1.47950E+00       6.81200E-02       3.39521E-02       4.98416E-01       7.37406E-01       7.20175E-01
       1.51356E+00       1.58489E+00       1.54923E+00       7.13300E-02       3.55318E-02       4.98132E-01       7.71719E-01       7.55707E-01
       1.58489E+00       1.65959E+00       1.62224E+00       7.47000E-02       3.70172E-02       4.95545E-01       8.03893E-01       7.92724E-01
       1.65959E+00       1.73780E+00       1.69869E+00       7.82100E-02       3.83174E-02       4.89930E-01       8.32242E-01       8.31042E-01
       1.73780E+00       1.81970E+00       1.77875E+00       8.19000E-02       3.93351E-02       4.80282E-01       8.54302E-01       8.70377E-01
       1.81970E+00       1.90546E+00       1.86258E+00       8.57600E-02       3.99948E-02       4.66357E-01       8.68627E-01       9.10371E-01
       1.90546E+00       1.99526E+00       1.95036E+00       8.98000E-02       4.02994E-02       4.48768E-01       8.75260E-01       9.50671E-01
       1.99526E+00       2.08930E+00       2.04228E+00       9.40400E-02       4.04384E-02       4.30013E-01       8.78207E-01       9.91109E-01
       2.08930E+00       2.18776E+00       2.13853E+00       9.84600E-02       8.89090E-03       9.02997E-02       1.93109E-01       1.00000E+00

 Sum =                                                                         1.00000E+00
 Renormalization bin#   972 =                                                  1.57545E-03 barn        1.92000E+07        1.94000E+07        1.93000E+07
 Avg. Energy     bin#   972 =                                                  1.06803E+00 MeV         1.92000E+07        1.94000E+07
