"        MT=604 recoil spectrum "
" Initial neutron energy corresponds to the group:"
   1.34000E+01    1.36000E+01       0.00000E+00           783           873            91



          Low               High              Mid              Energy           Number             dn/de            E*dn/de          Cumulative
         Energy            Energy            Energy             Width          Fraction                               Sum   
         [MeV]             [MeV]             [MeV]              [MeV]

       2.18776E-02       2.29087E-02       2.23931E-02       1.03110E-03       0.00000E+00       0.00000E+00       0.00000E+00       0.00000E+00
       2.29087E-02       2.39883E-02       2.34485E-02       1.07960E-03       3.92508E-04       3.63568E-01       8.52512E-03       3.92508E-04
       2.39883E-02       2.51189E-02       2.45536E-02       1.13060E-03       1.39738E-03       1.23596E+00       3.03473E-02       1.78989E-03
       2.51189E-02       2.63027E-02       2.57108E-02       1.18380E-03       1.45869E-03       1.23221E+00       3.16812E-02       3.24858E-03
       2.63027E-02       2.75423E-02       2.69225E-02       1.23960E-03       1.52246E-03       1.22818E+00       3.30658E-02       4.77104E-03
       2.75423E-02       2.88403E-02       2.81913E-02       1.29800E-03       1.58877E-03       1.22401E+00       3.45065E-02       6.35980E-03
       2.88403E-02       3.01995E-02       2.95199E-02       1.35920E-03       1.65770E-03       1.21962E+00       3.60030E-02       8.01751E-03
       3.01995E-02       3.16228E-02       3.09112E-02       1.42330E-03       1.72934E-03       1.21502E+00       3.75578E-02       9.74685E-03
       3.16228E-02       3.31131E-02       3.23680E-02       1.49030E-03       1.80382E-03       1.21038E+00       3.91774E-02       1.15507E-02
       3.31131E-02       3.46737E-02       3.38934E-02       1.56060E-03       1.88115E-03       1.20540E+00       4.08552E-02       1.34318E-02
       3.46737E-02       3.63078E-02       3.54908E-02       1.63410E-03       1.96142E-03       1.20031E+00       4.25997E-02       1.53932E-02
       3.63078E-02       3.80189E-02       3.71633E-02       1.71110E-03       2.04470E-03       1.19496E+00       4.44089E-02       1.74379E-02
       3.80189E-02       3.98107E-02       3.89148E-02       1.79180E-03       2.13113E-03       1.18938E+00       4.62844E-02       1.95691E-02
       3.98107E-02       4.16869E-02       4.07488E-02       1.87620E-03       2.22067E-03       1.18360E+00       4.82304E-02       2.17897E-02
       4.16869E-02       4.36516E-02       4.26693E-02       1.96470E-03       2.31355E-03       1.17756E+00       5.02455E-02       2.41033E-02
       4.36516E-02       4.57088E-02       4.46802E-02       2.05720E-03       2.40978E-03       1.17139E+00       5.23379E-02       2.65131E-02
       4.57088E-02       4.78630E-02       4.67859E-02       2.15420E-03       2.50932E-03       1.16485E+00       5.44986E-02       2.90224E-02
       4.78630E-02       5.01187E-02       4.89908E-02       2.25570E-03       2.61239E-03       1.15813E+00       5.67377E-02       3.16348E-02
       5.01187E-02       5.24808E-02       5.12998E-02       2.36210E-03       2.71901E-03       1.15110E+00       5.90510E-02       3.43538E-02
       5.24808E-02       5.49541E-02       5.37174E-02       2.47330E-03       2.82914E-03       1.14387E+00       6.14459E-02       3.71829E-02
       5.49541E-02       5.75440E-02       5.62491E-02       2.58990E-03       2.94296E-03       1.13632E+00       6.39171E-02       4.01259E-02
       5.75440E-02       6.02560E-02       5.89000E-02       2.71200E-03       3.06047E-03       1.12849E+00       6.64682E-02       4.31864E-02
       6.02560E-02       6.30957E-02       6.16758E-02       2.83970E-03       3.18174E-03       1.12045E+00       6.91046E-02       4.63681E-02
       6.30957E-02       6.60693E-02       6.45825E-02       2.97360E-03       3.30678E-03       1.11205E+00       7.18188E-02       4.96749E-02
       6.60693E-02       6.91831E-02       6.76262E-02       3.11380E-03       3.43561E-03       1.10335E+00       7.46152E-02       5.31105E-02
       6.91831E-02       7.24436E-02       7.08134E-02       3.26050E-03       3.56821E-03       1.09438E+00       7.74964E-02       5.66787E-02
       7.24436E-02       7.58578E-02       7.41507E-02       3.41420E-03       3.70473E-03       1.08510E+00       8.04606E-02       6.03835E-02
       7.58578E-02       7.94328E-02       7.76453E-02       3.57500E-03       3.84503E-03       1.07553E+00       8.35100E-02       6.42285E-02
       7.94328E-02       8.31764E-02       8.13046E-02       3.74360E-03       3.98924E-03       1.06561E+00       8.66393E-02       6.82177E-02
       8.31764E-02       8.70964E-02       8.51364E-02       3.92000E-03       4.13718E-03       1.05540E+00       8.98532E-02       7.23549E-02
       8.70964E-02       9.12011E-02       8.91488E-02       4.10470E-03       4.28895E-03       1.04489E+00       9.31503E-02       7.66438E-02
       9.12011E-02       9.54993E-02       9.33502E-02       4.29820E-03       4.44447E-03       1.03403E+00       9.65271E-02       8.10883E-02
       9.54993E-02       1.00000E-01       9.77497E-02       4.50070E-03       4.60369E-03       1.02288E+00       9.99864E-02       8.56920E-02
       1.00000E-01       1.04713E-01       1.02357E-01       4.71300E-03       4.76666E-03       1.01139E+00       1.03522E-01       9.04587E-02
       1.04713E-01       1.09648E-01       1.07180E-01       4.93500E-03       4.93303E-03       9.99600E-01       1.07138E-01       9.53917E-02
       1.09648E-01       1.14815E-01       1.12231E-01       5.16700E-03       5.10313E-03       9.87638E-01       1.10844E-01       1.00495E-01
       1.14815E-01       1.20226E-01       1.17520E-01       5.41100E-03       5.27642E-03       9.75129E-01       1.14598E-01       1.05771E-01
       1.20226E-01       1.25892E-01       1.23059E-01       5.66600E-03       5.45329E-03       9.62459E-01       1.18439E-01       1.11225E-01
       1.25892E-01       1.31826E-01       1.28859E-01       5.93400E-03       5.63340E-03       9.49344E-01       1.22331E-01       1.16858E-01
       1.31826E-01       1.38038E-01       1.34932E-01       6.21200E-03       5.81646E-03       9.36327E-01       1.26340E-01       1.22674E-01
       1.38038E-01       1.44544E-01       1.41291E-01       6.50600E-03       6.00283E-03       9.22660E-01       1.30364E-01       1.28677E-01
       1.44544E-01       1.51356E-01       1.47950E-01       6.81200E-03       6.19198E-03       9.08981E-01       1.34484E-01       1.34869E-01
       1.51356E-01       1.58489E-01       1.54923E-01       7.13300E-03       6.38413E-03       8.95013E-01       1.38658E-01       1.41253E-01
       1.58489E-01       1.65959E-01       1.62224E-01       7.47000E-03       6.57908E-03       8.80734E-01       1.42876E-01       1.47832E-01
       1.65959E-01       1.73780E-01       1.69869E-01       7.82100E-03       6.77676E-03       8.66483E-01       1.47189E-01       1.54609E-01
       1.73780E-01       1.81970E-01       1.77875E-01       8.19000E-03       6.97721E-03       8.51918E-01       1.51535E-01       1.61586E-01
       1.81970E-01       1.90546E-01       1.86258E-01       8.57600E-03       7.18044E-03       8.37272E-01       1.55949E-01       1.68767E-01
       1.90546E-01       1.99526E-01       1.95036E-01       8.98000E-03       7.38636E-03       8.22534E-01       1.60424E-01       1.76153E-01
       1.99526E-01       2.08930E-01       2.04228E-01       9.40400E-03       7.59530E-03       8.07667E-01       1.64948E-01       1.83749E-01
       2.08930E-01       2.18776E-01       2.13853E-01       9.84600E-03       7.80729E-03       7.92940E-01       1.69573E-01       1.91556E-01
       2.18776E-01       2.29087E-01       2.23931E-01       1.03110E-02       8.02252E-03       7.78054E-01       1.74231E-01       1.99578E-01
       2.29087E-01       2.39883E-01       2.34485E-01       1.07960E-02       8.24143E-03       7.63378E-01       1.79001E-01       2.07820E-01
       2.39883E-01       2.51189E-01       2.45536E-01       1.13060E-02       8.46439E-03       7.48664E-01       1.83824E-01       2.16284E-01
       2.51189E-01       2.63027E-01       2.57108E-01       1.18380E-02       8.69203E-03       7.34248E-01       1.88781E-01       2.24976E-01
       2.63027E-01       2.75423E-01       2.69225E-01       1.23960E-02       8.92487E-03       7.19980E-01       1.93837E-01       2.33901E-01
       2.75423E-01       2.88403E-01       2.81913E-01       1.29800E-02       9.16385E-03       7.05998E-01       1.99030E-01       2.43065E-01
       2.88403E-01       3.01995E-01       2.95199E-01       1.35920E-02       9.40987E-03       6.92309E-01       2.04369E-01       2.52475E-01
       3.01995E-01       3.16228E-01       3.09112E-01       1.42330E-02       9.66414E-03       6.78995E-01       2.09885E-01       2.62139E-01
       3.16228E-01       3.31131E-01       3.23680E-01       1.49030E-02       9.92795E-03       6.66172E-01       2.15626E-01       2.72067E-01
       3.31131E-01       3.46737E-01       3.38934E-01       1.56060E-02       1.02030E-02       6.53785E-01       2.21590E-01       2.82270E-01
       3.46737E-01       3.63078E-01       3.54908E-01       1.63410E-02       1.04906E-02       6.41983E-01       2.27845E-01       2.92760E-01
       3.63078E-01       3.80189E-01       3.71633E-01       1.71110E-02       1.07931E-02       6.30773E-01       2.34416E-01       3.03554E-01
       3.80189E-01       3.98107E-01       3.89148E-01       1.79180E-02       1.11125E-02       6.20188E-01       2.41345E-01       3.14666E-01
       3.98107E-01       4.16869E-01       4.07488E-01       1.87620E-02       1.14510E-02       6.10330E-01       2.48702E-01       3.26117E-01
       4.16869E-01       4.36516E-01       4.26692E-01       1.96470E-02       1.18112E-02       6.01171E-01       2.56515E-01       3.37928E-01
       4.36516E-01       4.57088E-01       4.46802E-01       2.05720E-02       1.21957E-02       5.92831E-01       2.64878E-01       3.50124E-01
       4.57088E-01       4.78630E-01       4.67859E-01       2.15420E-02       1.26071E-02       5.85234E-01       2.73807E-01       3.62731E-01
       4.78630E-01       5.01187E-01       4.89909E-01       2.25570E-02       1.30484E-02       5.78464E-01       2.83395E-01       3.75780E-01
       5.01187E-01       5.24808E-01       5.12998E-01       2.36210E-02       1.35225E-02       5.72476E-01       2.93679E-01       3.89302E-01
       5.24808E-01       5.49541E-01       5.37174E-01       2.47330E-02       1.40319E-02       5.67335E-01       3.04758E-01       4.03334E-01
       5.49541E-01       5.75440E-01       5.62490E-01       2.58990E-02       1.45797E-02       5.62945E-01       3.16651E-01       4.17914E-01
       5.75440E-01       6.02560E-01       5.89000E-01       2.71200E-02       1.51689E-02       5.59325E-01       3.29443E-01       4.33083E-01
       6.02560E-01       6.30957E-01       6.16758E-01       2.83970E-02       1.58021E-02       5.56471E-01       3.43208E-01       4.48885E-01
       6.30957E-01       6.60693E-01       6.45825E-01       2.97360E-02       1.64828E-02       5.54303E-01       3.57983E-01       4.65367E-01
       6.60693E-01       6.91831E-01       6.76262E-01       3.11380E-02       1.72145E-02       5.52844E-01       3.73868E-01       4.82582E-01
       6.91831E-01       7.24436E-01       7.08133E-01       3.26050E-02       1.80018E-02       5.52118E-01       3.90974E-01       5.00584E-01
       7.24436E-01       7.58578E-01       7.41507E-01       3.41420E-02       1.88516E-02       5.52152E-01       4.09425E-01       5.19435E-01
       7.58578E-01       7.94328E-01       7.76453E-01       3.57500E-02       1.97734E-02       5.53101E-01       4.29457E-01       5.39209E-01
       7.94328E-01       8.31764E-01       8.13046E-01       3.74360E-02       2.07818E-02       5.55128E-01       4.51345E-01       5.59990E-01
       8.31764E-01       8.70964E-01       8.51364E-01       3.92000E-02       2.18988E-02       5.58643E-01       4.75609E-01       5.81889E-01
       8.70964E-01       9.12011E-01       8.91487E-01       4.10470E-02       2.31582E-02       5.64188E-01       5.02967E-01       6.05047E-01
       9.12011E-01       9.54993E-01       9.33502E-01       4.29820E-02       2.46100E-02       5.72566E-01       5.34491E-01       6.29658E-01
       9.54993E-01       1.00000E+00       9.77497E-01       4.50070E-02       2.63283E-02       5.84983E-01       5.71819E-01       6.55986E-01
       1.00000E+00       1.04713E+00       1.02357E+00       4.71300E-02       2.84219E-02       6.03053E-01       6.17264E-01       6.84408E-01
       1.04713E+00       1.09648E+00       1.07181E+00       4.93500E-02       3.10452E-02       6.29081E-01       6.74252E-01       7.15453E-01
       1.09648E+00       1.14815E+00       1.12231E+00       5.16700E-02       3.44220E-02       6.66189E-01       7.47674E-01       7.49875E-01
       1.14815E+00       1.20226E+00       1.17520E+00       5.41100E-02       3.88596E-02       7.18160E-01       8.43985E-01       7.88734E-01
       1.20226E+00       1.25892E+00       1.23059E+00       5.66600E-02       4.47923E-02       7.90545E-01       9.72836E-01       8.33527E-01
       1.25892E+00       1.31826E+00       1.28859E+00       5.93400E-02       5.28094E-02       8.89947E-01       1.14678E+00       8.86336E-01
       1.31826E+00       1.38038E+00       1.34932E+00       6.21200E-02       6.37119E-02       1.02563E+00       1.38390E+00       9.50048E-01
       1.38038E+00       1.44544E+00       1.41291E+00       6.50600E-02       4.99518E-02       7.67780E-01       1.08480E+00       1.00000E+00

 Sum =                                                                         1.00000E+00
 Renormalization bin#   943 =                                                  4.44559E-03 barn        1.34000E+07        1.36000E+07        1.35000E+07
 Avg. Energy     bin#   943 =                                                  7.23763E-01 MeV         1.34000E+07        1.36000E+07
