"        MT=606 recoil spectrum "
" Initial neutron energy corresponds to the group:"
   1.00000E+01    1.02000E+01       0.00000E+00           794           864            71



          Low               High              Mid              Energy           Number             dn/de            E*dn/de          Cumulative
         Energy            Energy            Energy             Width          Fraction                               Sum   
         [MeV]             [MeV]             [MeV]              [MeV]

       3.63078E-02       3.80189E-02       3.71633E-02       1.71110E-03       0.00000E+00       0.00000E+00       0.00000E+00       0.00000E+00
       3.80189E-02       3.98107E-02       3.89148E-02       1.79180E-03       6.47020E-04       3.61101E-01       1.40522E-02       6.47020E-04
       3.98107E-02       4.16869E-02       4.07488E-02       1.87620E-03       2.30160E-03       1.22673E+00       4.99879E-02       2.94862E-03
       4.16869E-02       4.36516E-02       4.26693E-02       1.96470E-03       2.41359E-03       1.22847E+00       5.24181E-02       5.36221E-03
       4.36516E-02       4.57088E-02       4.46802E-02       2.05720E-03       2.52562E-03       1.22770E+00       5.48539E-02       7.88783E-03
       4.57088E-02       4.78630E-02       4.67859E-02       2.15420E-03       2.64273E-03       1.22678E+00       5.73961E-02       1.05306E-02
       4.78630E-02       5.01187E-02       4.89908E-02       2.25570E-03       2.76516E-03       1.22585E+00       6.00556E-02       1.32957E-02
       5.01187E-02       5.24808E-02       5.12998E-02       2.36210E-03       2.89305E-03       1.22478E+00       6.28308E-02       1.61888E-02
       5.24808E-02       5.49541E-02       5.37174E-02       2.47330E-03       3.02670E-03       1.22375E+00       6.57367E-02       1.92155E-02
       5.49541E-02       5.75440E-02       5.62491E-02       2.58990E-03       3.16637E-03       1.22258E+00       6.87691E-02       2.23818E-02
       5.75440E-02       6.02560E-02       5.89000E-02       2.71200E-03       3.31221E-03       1.22132E+00       7.19355E-02       2.56940E-02
       6.02560E-02       6.30957E-02       6.16758E-02       2.83970E-03       3.46454E-03       1.22004E+00       7.52469E-02       2.91586E-02
       6.30957E-02       6.60693E-02       6.45825E-02       2.97360E-03       3.62358E-03       1.21859E+00       7.86993E-02       3.27822E-02
       6.60693E-02       6.91831E-02       6.76262E-02       3.11380E-03       3.78969E-03       1.21706E+00       8.23052E-02       3.65719E-02
       6.91831E-02       7.24436E-02       7.08134E-02       3.26050E-03       3.96303E-03       1.21547E+00       8.60712E-02       4.05349E-02
       7.24436E-02       7.58578E-02       7.41507E-02       3.41420E-03       4.14390E-03       1.21373E+00       8.99987E-02       4.46788E-02
       7.58578E-02       7.94328E-02       7.76453E-02       3.57500E-03       4.33262E-03       1.21192E+00       9.41000E-02       4.90114E-02
       7.94328E-02       8.31764E-02       8.13046E-02       3.74360E-03       4.52948E-03       1.20993E+00       9.83726E-02       5.35409E-02
       8.31764E-02       8.70964E-02       8.51364E-02       3.92000E-03       4.73478E-03       1.20785E+00       1.02832E-01       5.82757E-02
       8.70964E-02       9.12011E-02       8.91488E-02       4.10470E-03       4.94879E-03       1.20564E+00       1.07481E-01       6.32244E-02
       9.12011E-02       9.54993E-02       9.33502E-02       4.29820E-03       5.17189E-03       1.20327E+00       1.12326E-01       6.83963E-02
       9.54993E-02       1.00000E-01       9.77497E-02       4.50070E-03       5.40435E-03       1.20078E+00       1.17376E-01       7.38007E-02
       1.00000E-01       1.04713E-01       1.02357E-01       4.71300E-03       5.64655E-03       1.19808E+00       1.22631E-01       7.94472E-02
       1.04713E-01       1.09648E-01       1.07180E-01       4.93500E-03       5.89861E-03       1.19526E+00       1.28109E-01       8.53458E-02
       1.09648E-01       1.14815E-01       1.12231E-01       5.16700E-03       6.16128E-03       1.19243E+00       1.33828E-01       9.15071E-02
       1.14815E-01       1.20226E-01       1.17520E-01       5.41100E-03       6.43434E-03       1.18912E+00       1.39746E-01       9.79415E-02
       1.20226E-01       1.25892E-01       1.23059E-01       5.66600E-03       6.71876E-03       1.18580E+00       1.45924E-01       1.04660E-01
       1.25892E-01       1.31826E-01       1.28859E-01       5.93400E-03       7.01455E-03       1.18209E+00       1.52323E-01       1.11675E-01
       1.31826E-01       1.38038E-01       1.34932E-01       6.21200E-03       7.32186E-03       1.17866E+00       1.59039E-01       1.18997E-01
       1.38038E-01       1.44544E-01       1.41291E-01       6.50600E-03       7.64160E-03       1.17455E+00       1.65953E-01       1.26638E-01
       1.44544E-01       1.51356E-01       1.47950E-01       6.81200E-03       7.97362E-03       1.17053E+00       1.73179E-01       1.34612E-01
       1.51356E-01       1.58489E-01       1.54923E-01       7.13300E-03       8.31873E-03       1.16623E+00       1.80676E-01       1.42931E-01
       1.58489E-01       1.65959E-01       1.62224E-01       7.47000E-03       8.67720E-03       1.16161E+00       1.88440E-01       1.51608E-01
       1.65959E-01       1.73780E-01       1.69869E-01       7.82100E-03       9.04939E-03       1.15706E+00       1.96550E-01       1.60657E-01
       1.73780E-01       1.81970E-01       1.77875E-01       8.19000E-03       9.43580E-03       1.15211E+00       2.04932E-01       1.70093E-01
       1.81970E-01       1.90546E-01       1.86258E-01       8.57600E-03       9.83691E-03       1.14703E+00       2.13643E-01       1.79930E-01
       1.90546E-01       1.99526E-01       1.95036E-01       8.98000E-03       1.02532E-02       1.14178E+00       2.22689E-01       1.90183E-01
       1.99526E-01       2.08930E-01       2.04228E-01       9.40400E-03       1.06854E-02       1.13627E+00       2.32057E-01       2.00869E-01
       2.08930E-01       2.18776E-01       2.13853E-01       9.84600E-03       1.11340E-02       1.13082E+00       2.41829E-01       2.12003E-01
       2.18776E-01       2.29087E-01       2.23931E-01       1.03110E-02       1.15997E-02       1.12498E+00       2.51919E-01       2.23602E-01
       2.29087E-01       2.39883E-01       2.34485E-01       1.07960E-02       1.20833E-02       1.11924E+00       2.62444E-01       2.35686E-01
       2.39883E-01       2.51189E-01       2.45536E-01       1.13060E-02       1.25856E-02       1.11318E+00       2.73326E-01       2.48271E-01
       2.51189E-01       2.63027E-01       2.57108E-01       1.18380E-02       1.31078E-02       1.10727E+00       2.84687E-01       2.61379E-01
       2.63027E-01       2.75423E-01       2.69225E-01       1.23960E-02       1.36508E-02       1.10123E+00       2.96478E-01       2.75030E-01
       2.75423E-01       2.88403E-01       2.81913E-01       1.29800E-02       1.42159E-02       1.09522E+00       3.08757E-01       2.89246E-01
       2.88403E-01       3.01995E-01       2.95199E-01       1.35920E-02       1.48047E-02       1.08922E+00       3.21537E-01       3.04050E-01
       3.01995E-01       3.16228E-01       3.09112E-01       1.42330E-02       1.54191E-02       1.08333E+00       3.34870E-01       3.19470E-01
       3.16228E-01       3.31131E-01       3.23680E-01       1.49030E-02       1.60606E-02       1.07768E+00       3.48821E-01       3.35530E-01
       3.31131E-01       3.46737E-01       3.38934E-01       1.56060E-02       1.67320E-02       1.07215E+00       3.63389E-01       3.52262E-01
       3.46737E-01       3.63078E-01       3.54908E-01       1.63410E-02       1.74357E-02       1.06699E+00       3.78683E-01       3.69698E-01
       3.63078E-01       3.80189E-01       3.71633E-01       1.71110E-02       1.81750E-02       1.06218E+00       3.94743E-01       3.87873E-01
       3.80189E-01       3.98107E-01       3.89148E-01       1.79180E-02       1.89536E-02       1.05779E+00       4.11638E-01       4.06826E-01
       3.98107E-01       4.16869E-01       4.07488E-01       1.87620E-02       1.97754E-02       1.05401E+00       4.29497E-01       4.26602E-01
       4.16869E-01       4.36516E-01       4.26692E-01       1.96470E-02       2.06455E-02       1.05082E+00       4.48379E-01       4.47247E-01
       4.36516E-01       4.57088E-01       4.46802E-01       2.05720E-02       2.15699E-02       1.04851E+00       4.68476E-01       4.68817E-01
       4.57088E-01       4.78630E-01       4.67859E-01       2.15420E-02       2.25550E-02       1.04703E+00       4.89861E-01       4.91372E-01
       4.78630E-01       5.01187E-01       4.89909E-01       2.25570E-02       2.36087E-02       1.04662E+00       5.12749E-01       5.14981E-01
       5.01187E-01       5.24808E-01       5.12998E-01       2.36210E-02       2.47403E-02       1.04738E+00       5.37306E-01       5.39721E-01
       5.24808E-01       5.49541E-01       5.37174E-01       2.47330E-02       2.59599E-02       1.04961E+00       5.63822E-01       5.65681E-01
       5.49541E-01       5.75440E-01       5.62490E-01       2.58990E-02       2.72804E-02       1.05334E+00       5.92492E-01       5.92962E-01
       5.75440E-01       6.02560E-01       5.89000E-01       2.71200E-02       2.87159E-02       1.05885E+00       6.23661E-01       6.21677E-01
       6.02560E-01       6.30957E-01       6.16758E-01       2.83970E-02       3.02826E-02       1.06640E+00       6.57713E-01       6.51960E-01
       6.30957E-01       6.60693E-01       6.45825E-01       2.97360E-02       3.19992E-02       1.07611E+00       6.94979E-01       6.83959E-01
       6.60693E-01       6.91831E-01       6.76262E-01       3.11380E-02       3.38859E-02       1.08825E+00       7.35942E-01       7.17845E-01
       6.91831E-01       7.24436E-01       7.08133E-01       3.26050E-02       3.59636E-02       1.10301E+00       7.81077E-01       7.53809E-01
       7.24436E-01       7.58578E-01       7.41507E-01       3.41420E-02       3.82529E-02       1.12041E+00       8.30789E-01       7.92062E-01
       7.58578E-01       7.94328E-01       7.76453E-01       3.57500E-02       4.07699E-02       1.14042E+00       8.85480E-01       8.32832E-01
       7.94328E-01       8.31764E-01       8.13046E-01       3.74360E-02       4.35210E-02       1.16254E+00       9.45202E-01       8.76353E-01
       8.31764E-01       8.70964E-01       8.51364E-01       3.92000E-02       4.64917E-02       1.18601E+00       1.00973E+00       9.22844E-01
       8.70964E-01       9.12011E-01       8.91487E-01       4.10470E-02       4.96308E-02       1.20912E+00       1.07792E+00       9.72475E-01
       9.12011E-01       9.54993E-01       9.33502E-01       4.29820E-02       2.75247E-02       6.40377E-01       5.97793E-01       1.00000E+00

 Sum =                                                                         1.00000E+00
 Renormalization bin#   926 =                                                  1.85710E-02 barn        1.00000E+07        1.02000E+07        1.01000E+07
 Avg. Energy     bin#   926 =                                                  4.87143E-01 MeV         1.00000E+07        1.02000E+07
