"        MT=649 recoil spectrum "
" Initial neutron energy corresponds to the group:"
   8.40000E+00    8.60000E+00       0.00000E+00           629           859           231



          Low               High              Mid              Energy           Number             dn/de            E*dn/de          Cumulative
         Energy            Energy            Energy             Width          Fraction                               Sum   
         [MeV]             [MeV]             [MeV]              [MeV]

       1.81970E-05       1.90546E-05       1.86258E-05       8.57599E-07       0.00000E+00       0.00000E+00       0.00000E+00       0.00000E+00
       1.90546E-05       1.99526E-05       1.95036E-05       8.98001E-07       6.02845E-10       6.71319E-04       1.30931E-08       6.02845E-10
       1.99526E-05       2.08930E-05       2.04228E-05       9.40399E-07       6.44999E-10       6.85878E-04       1.40076E-08       1.24784E-09
       2.08930E-05       2.18776E-05       2.13853E-05       9.84600E-07       6.90503E-10       7.01303E-04       1.49976E-08       1.93835E-09
       2.18776E-05       2.29087E-05       2.23932E-05       1.03110E-06       7.39594E-10       7.17285E-04       1.60623E-08       2.67794E-09
       2.29087E-05       2.39883E-05       2.34485E-05       1.07960E-06       7.92631E-10       7.34190E-04       1.72157E-08       3.47057E-09
       2.39883E-05       2.51189E-05       2.45536E-05       1.13060E-06       8.49854E-10       7.51684E-04       1.84566E-08       4.32043E-09
       2.51189E-05       2.63027E-05       2.57108E-05       1.18380E-06       9.11741E-10       7.70182E-04       1.98020E-08       5.23217E-09
       2.63027E-05       2.75423E-05       2.69225E-05       1.23960E-06       9.78591E-10       7.89442E-04       2.12537E-08       6.21076E-09
       2.75423E-05       2.88403E-05       2.81913E-05       1.29800E-06       1.04933E-09       8.08418E-04       2.27904E-08       7.26009E-09
       2.88403E-05       3.01995E-05       2.95199E-05       1.35920E-06       1.12329E-09       8.26437E-04       2.43963E-08       8.38338E-09
       3.01995E-05       3.16228E-05       3.09111E-05       1.42330E-06       1.20282E-09       8.45091E-04       2.61227E-08       9.58620E-09
       3.16228E-05       3.31131E-05       3.23679E-05       1.49030E-06       1.28868E-09       8.64716E-04       2.79891E-08       1.08749E-08
       3.31131E-05       3.46737E-05       3.38934E-05       1.56060E-06       1.38142E-09       8.85188E-04       3.00020E-08       1.22563E-08
       3.46737E-05       3.63078E-05       3.54907E-05       1.63410E-06       1.48152E-09       9.06626E-04       3.21768E-08       1.37378E-08
       3.63078E-05       3.80189E-05       3.71634E-05       1.71110E-06       1.58831E-09       9.28240E-04       3.44965E-08       1.53261E-08
       3.80189E-05       3.98107E-05       3.89148E-05       1.79180E-06       1.69941E-09       9.48438E-04       3.69083E-08       1.70255E-08
       3.98107E-05       4.16869E-05       4.07488E-05       1.87620E-06       1.81828E-09       9.69128E-04       3.94908E-08       1.88438E-08
       4.16869E-05       4.36516E-05       4.26692E-05       1.96470E-06       1.94654E-09       9.90757E-04       4.22748E-08       2.07904E-08
       4.36516E-05       4.57088E-05       4.46802E-05       2.05720E-06       2.08490E-09       1.01347E-03       4.52818E-08       2.28753E-08
       4.57088E-05       4.78630E-05       4.67859E-05       2.15420E-06       2.23427E-09       1.03717E-03       4.85249E-08       2.51095E-08
       4.78630E-05       5.01187E-05       4.89908E-05       2.25570E-06       2.39565E-09       1.06204E-03       5.20305E-08       2.75052E-08
       5.01187E-05       5.24808E-05       5.12998E-05       2.36210E-06       2.57001E-09       1.08802E-03       5.58151E-08       3.00752E-08
       5.24808E-05       5.49541E-05       5.37174E-05       2.47330E-06       2.75842E-09       1.11528E-03       5.99100E-08       3.28336E-08
       5.49541E-05       5.75440E-05       5.62490E-05       2.58990E-06       2.95814E-09       1.14218E-03       6.42467E-08       3.57918E-08
       5.75440E-05       6.02560E-05       5.89000E-05       2.71200E-06       3.16670E-09       1.16766E-03       6.87752E-08       3.89585E-08
       6.02560E-05       6.30957E-05       6.16758E-05       2.83970E-06       3.39093E-09       1.19411E-03       7.36481E-08       4.23494E-08
       6.30957E-05       6.60693E-05       6.45825E-05       2.97360E-06       3.63291E-09       1.22172E-03       7.89019E-08       4.59823E-08
       6.60693E-05       6.91831E-05       6.76262E-05       3.11380E-06       3.89421E-09       1.25063E-03       8.45754E-08       4.98765E-08
       6.91831E-05       7.24436E-05       7.08134E-05       3.26051E-06       4.17650E-09       1.28094E-03       9.07074E-08       5.40530E-08
       7.24436E-05       7.58578E-05       7.41507E-05       3.41420E-06       4.47792E-09       1.31156E-03       9.72530E-08       5.85309E-08
       7.58578E-05       7.94328E-05       7.76453E-05       3.57500E-06       4.79154E-09       1.34029E-03       1.04067E-07       6.33225E-08
       7.94328E-05       8.31764E-05       8.13046E-05       3.74360E-06       5.12669E-09       1.36946E-03       1.11343E-07       6.84492E-08
       8.31764E-05       8.70964E-05       8.51364E-05       3.92000E-06       5.48815E-09       1.40004E-03       1.19194E-07       7.39373E-08
       8.70964E-05       9.12011E-05       8.91488E-05       4.10471E-06       5.87818E-09       1.43206E-03       1.27666E-07       7.98155E-08
       9.12011E-05       9.54993E-05       9.33502E-05       4.29820E-06       6.29931E-09       1.46557E-03       1.36811E-07       8.61148E-08
       9.54993E-05       1.00000E-04       9.77497E-05       4.50070E-06       6.75435E-09       1.50073E-03       1.46696E-07       9.28692E-08
       1.00000E-04       1.04713E-04       1.02356E-04       4.71300E-06       7.24586E-09       1.53742E-03       1.57365E-07       1.00115E-07
       1.04713E-04       1.09648E-04       1.07181E-04       4.93501E-06       7.77683E-09       1.57585E-03       1.68900E-07       1.07892E-07
       1.09648E-04       1.14815E-04       1.12232E-04       5.16700E-06       8.34128E-09       1.61434E-03       1.81180E-07       1.16233E-07
       1.14815E-04       1.20226E-04       1.17520E-04       5.41100E-06       8.92966E-09       1.65028E-03       1.93942E-07       1.25163E-07
       1.20226E-04       1.25892E-04       1.23059E-04       5.66600E-06       9.56168E-09       1.68755E-03       2.07669E-07       1.34724E-07
       1.25892E-04       1.31826E-04       1.28859E-04       5.93401E-06       1.02439E-08       1.72631E-03       2.22451E-07       1.44968E-07
       1.31826E-04       1.38038E-04       1.34932E-04       6.21199E-06       1.09806E-08       1.76765E-03       2.38512E-07       1.55949E-07
       1.38038E-04       1.44544E-04       1.41291E-04       6.50601E-06       1.17771E-08       1.81018E-03       2.55762E-07       1.67726E-07
       1.44544E-04       1.51356E-04       1.47950E-04       6.81200E-06       1.26279E-08       1.85378E-03       2.74266E-07       1.80354E-07
       1.51356E-04       1.58489E-04       1.54922E-04       7.13300E-06       1.35141E-08       1.89459E-03       2.93514E-07       1.93868E-07
       1.58489E-04       1.65959E-04       1.62224E-04       7.47000E-06       1.44594E-08       1.93567E-03       3.14011E-07       2.08327E-07
       1.65959E-04       1.73780E-04       1.69870E-04       7.82100E-06       1.54789E-08       1.97915E-03       3.36197E-07       2.23806E-07
       1.73780E-04       1.81970E-04       1.77875E-04       8.19000E-06       1.65791E-08       2.02431E-03       3.60075E-07       2.40386E-07
       1.81970E-04       1.90546E-04       1.86258E-04       8.57600E-06       1.77666E-08       2.07167E-03       3.85865E-07       2.58152E-07
       1.90546E-04       1.99526E-04       1.95036E-04       8.98000E-06       1.90498E-08       2.12136E-03       4.13742E-07       2.77202E-07
       1.99526E-04       2.08930E-04       2.04228E-04       9.40399E-06       2.04364E-08       2.17317E-03       4.43822E-07       2.97638E-07
       2.08930E-04       2.18776E-04       2.13853E-04       9.84601E-06       2.19349E-08       2.22779E-03       4.76421E-07       3.19573E-07
       2.18776E-04       2.29087E-04       2.23932E-04       1.03110E-05       2.35296E-08       2.28199E-03       5.11009E-07       3.43103E-07
       2.29087E-04       2.39883E-04       2.34485E-04       1.07960E-05       2.51919E-08       2.33345E-03       5.47158E-07       3.68295E-07
       2.39883E-04       2.51189E-04       2.45536E-04       1.13060E-05       2.69755E-08       2.38595E-03       5.85836E-07       3.95270E-07
       2.51189E-04       2.63027E-04       2.57108E-04       1.18380E-05       2.89009E-08       2.44136E-03       6.27694E-07       4.24171E-07
       2.63027E-04       2.75423E-04       2.69225E-04       1.23960E-05       3.09805E-08       2.49924E-03       6.72857E-07       4.55152E-07
       2.75423E-04       2.88403E-04       2.81913E-04       1.29800E-05       3.32270E-08       2.55986E-03       7.21658E-07       4.88379E-07
       2.88403E-04       3.01995E-04       2.95199E-04       1.35920E-05       3.56325E-08       2.62159E-03       7.73889E-07       5.24011E-07
       3.01995E-04       3.16228E-04       3.09111E-04       1.42330E-05       3.81379E-08       2.67954E-03       8.28277E-07       5.62149E-07
       3.16228E-04       3.31131E-04       3.23680E-04       1.49030E-05       4.08065E-08       2.73814E-03       8.86279E-07       6.02956E-07
       3.31131E-04       3.46737E-04       3.38934E-04       1.56060E-05       4.36862E-08       2.79932E-03       9.48786E-07       6.46642E-07
       3.46737E-04       3.63078E-04       3.54908E-04       1.63410E-05       4.67931E-08       2.86354E-03       1.01629E-06       6.93435E-07
       3.63078E-04       3.80189E-04       3.71634E-04       1.71110E-05       5.01476E-08       2.93072E-03       1.08915E-06       7.43583E-07
       3.80189E-04       3.98107E-04       3.89148E-04       1.79180E-05       5.37711E-08       3.00095E-03       1.16782E-06       7.97354E-07
       3.98107E-04       4.16869E-04       4.07488E-04       1.87620E-05       5.76870E-08       3.07467E-03       1.25289E-06       8.55041E-07
       4.16869E-04       4.36516E-04       4.26692E-04       1.96470E-05       6.19169E-08       3.15147E-03       1.34471E-06       9.16958E-07
       4.36516E-04       4.57088E-04       4.46802E-04       2.05720E-05       6.64253E-08       3.22892E-03       1.44269E-06       9.83383E-07
       4.57088E-04       4.78630E-04       4.67859E-04       2.15420E-05       7.10893E-08       3.30003E-03       1.54395E-06       1.05447E-06
       4.78630E-04       5.01187E-04       4.89909E-04       2.25570E-05       7.60881E-08       3.37314E-03       1.65253E-06       1.13056E-06
       5.01187E-04       5.24808E-04       5.12998E-04       2.36210E-05       8.14755E-08       3.44929E-03       1.76948E-06       1.21204E-06
       5.24808E-04       5.49541E-04       5.37175E-04       2.47330E-05       8.72935E-08       3.52943E-03       1.89592E-06       1.29933E-06
       5.49541E-04       5.75440E-04       5.62491E-04       2.58990E-05       9.35779E-08       3.61319E-03       2.03238E-06       1.39291E-06
       5.75440E-04       6.02560E-04       5.89000E-04       2.71200E-05       1.00323E-07       3.69921E-03       2.17884E-06       1.49323E-06
       6.02560E-04       6.30957E-04       6.16758E-04       2.83970E-05       1.07366E-07       3.78091E-03       2.33191E-06       1.60060E-06
       6.30957E-04       6.60693E-04       6.45825E-04       2.97360E-05       1.14871E-07       3.86301E-03       2.49483E-06       1.71547E-06
       6.60693E-04       6.91831E-04       6.76262E-04       3.11380E-05       1.22967E-07       3.94909E-03       2.67062E-06       1.83843E-06
       6.91831E-04       7.24436E-04       7.08133E-04       3.26050E-05       1.31697E-07       4.03916E-03       2.86026E-06       1.97013E-06
       7.24436E-04       7.58578E-04       7.41507E-04       3.41420E-05       1.41126E-07       4.13350E-03       3.06502E-06       2.11126E-06
       7.58578E-04       7.94328E-04       7.76453E-04       3.57500E-05       1.51309E-07       4.23242E-03       3.28628E-06       2.26256E-06
       7.94328E-04       8.31764E-04       8.13046E-04       3.74360E-05       1.62311E-07       4.33570E-03       3.52513E-06       2.42488E-06
       8.31764E-04       8.70964E-04       8.51364E-04       3.92000E-05       1.74204E-07       4.44399E-03       3.78345E-06       2.59908E-06
       8.70964E-04       9.12011E-04       8.91487E-04       4.10470E-05       1.86905E-07       4.55343E-03       4.05932E-06       2.78599E-06
       9.12011E-04       9.54993E-04       9.33502E-04       4.29820E-05       2.00131E-07       4.65616E-03       4.34653E-06       2.98612E-06
       9.54993E-04       1.00000E-03       9.77497E-04       4.50070E-05       2.14290E-07       4.76126E-03       4.65412E-06       3.20041E-06
       1.00000E-03       1.04713E-03       1.02356E-03       4.71300E-05       2.29580E-07       4.87120E-03       4.98599E-06       3.42999E-06
       1.04713E-03       1.09648E-03       1.07180E-03       4.93500E-05       2.46077E-07       4.98636E-03       5.34441E-06       3.67606E-06
       1.09648E-03       1.14815E-03       1.12231E-03       5.16700E-05       2.63913E-07       5.10767E-03       5.73241E-06       3.93998E-06
       1.14815E-03       1.20226E-03       1.17520E-03       5.41100E-05       2.83042E-07       5.23086E-03       6.14733E-06       4.22302E-06
       1.20226E-03       1.25892E-03       1.23059E-03       5.66600E-05       3.02959E-07       5.34696E-03       6.57992E-06       4.52598E-06
       1.25892E-03       1.31826E-03       1.28859E-03       5.93400E-05       3.24090E-07       5.46159E-03       7.03775E-06       4.85007E-06
       1.31826E-03       1.38038E-03       1.34932E-03       6.21200E-05       3.46860E-07       5.58371E-03       7.53421E-06       5.19693E-06
       1.38038E-03       1.44544E-03       1.41291E-03       6.50599E-05       3.71447E-07       5.70931E-03       8.06674E-06       5.56837E-06
       1.44544E-03       1.51356E-03       1.47950E-03       6.81201E-05       3.97972E-07       5.84221E-03       8.64355E-06       5.96635E-06
       1.51356E-03       1.58489E-03       1.54923E-03       7.13300E-05       4.26631E-07       5.98110E-03       9.26606E-06       6.39298E-06
       1.58489E-03       1.65959E-03       1.62224E-03       7.47000E-05       4.57587E-07       6.12566E-03       9.93730E-06       6.85056E-06
       1.65959E-03       1.73780E-03       1.69870E-03       7.82101E-05       4.91048E-07       6.27857E-03       1.06654E-05       7.34161E-06
       1.73780E-03       1.81970E-03       1.77875E-03       8.18999E-05       5.26828E-07       6.43259E-03       1.14420E-05       7.86844E-06
       1.81970E-03       1.90546E-03       1.86258E-03       8.57600E-05       5.64134E-07       6.57805E-03       1.22521E-05       8.43257E-06
       1.90546E-03       1.99526E-03       1.95036E-03       8.98001E-05       6.04023E-07       6.72631E-03       1.31187E-05       9.03660E-06
       1.99526E-03       2.08930E-03       2.04228E-03       9.40400E-05       6.47092E-07       6.88103E-03       1.40530E-05       9.68369E-06
       2.08930E-03       2.18776E-03       2.13853E-03       9.84600E-05       6.93594E-07       7.04443E-03       1.50647E-05       1.03773E-05
       2.18776E-03       2.29087E-03       2.23932E-03       1.03110E-04       7.43821E-07       7.21385E-03       1.61541E-05       1.11211E-05
       2.29087E-03       2.39883E-03       2.34485E-03       1.07960E-04       7.97786E-07       7.38964E-03       1.73276E-05       1.19189E-05
       2.39883E-03       2.51189E-03       2.45536E-03       1.13060E-04       8.53998E-07       7.55351E-03       1.85466E-05       1.27729E-05
       2.51189E-03       2.63027E-03       2.57108E-03       1.18380E-04       9.13529E-07       7.71691E-03       1.98408E-05       1.36864E-05
       2.63027E-03       2.75423E-03       2.69225E-03       1.23960E-04       9.77706E-07       7.88727E-03       2.12345E-05       1.46641E-05
       2.75423E-03       2.88403E-03       2.81913E-03       1.29800E-04       1.04695E-06       8.06590E-03       2.27388E-05       1.57111E-05
       2.88403E-03       3.01995E-03       2.95199E-03       1.35920E-04       1.12170E-06       8.25263E-03       2.43617E-05       1.68328E-05
       3.01995E-03       3.16228E-03       3.09112E-03       1.42330E-04       1.20241E-06       8.44806E-03       2.61139E-05       1.80352E-05
       3.16228E-03       3.31131E-03       3.23679E-03       1.49030E-04       1.28962E-06       8.65340E-03       2.80093E-05       1.93248E-05
       3.31131E-03       3.46737E-03       3.38934E-03       1.56060E-04       1.38388E-06       8.86762E-03       3.00554E-05       2.07087E-05
       3.46737E-03       3.63078E-03       3.54907E-03       1.63410E-04       1.48478E-06       9.08622E-03       3.22477E-05       2.21935E-05
       3.63078E-03       3.80189E-03       3.71633E-03       1.71110E-04       1.58987E-06       9.29150E-03       3.45303E-05       2.37833E-05
       3.80189E-03       3.98107E-03       3.89148E-03       1.79180E-04       1.70205E-06       9.49911E-03       3.69656E-05       2.54854E-05
       3.98107E-03       4.16869E-03       4.07488E-03       1.87620E-04       1.82311E-06       9.71702E-03       3.95957E-05       2.73085E-05
       4.16869E-03       4.36516E-03       4.26693E-03       1.96470E-04       1.95381E-06       9.94456E-03       4.24327E-05       2.92623E-05
       4.36516E-03       4.57088E-03       4.46802E-03       2.05720E-04       2.09501E-06       1.01838E-02       4.55014E-05       3.13573E-05
       4.57088E-03       4.78630E-03       4.67859E-03       2.15420E-04       2.24683E-06       1.04300E-02       4.87977E-05       3.36041E-05
       4.78630E-03       5.01187E-03       4.89909E-03       2.25570E-04       2.40543E-06       1.06638E-02       5.22428E-05       3.60096E-05
       5.01187E-03       5.24807E-03       5.12997E-03       2.36200E-04       2.57324E-06       1.08943E-02       5.58875E-05       3.85828E-05
       5.24807E-03       5.49541E-03       5.37174E-03       2.47340E-04       2.75413E-06       1.11350E-02       5.98142E-05       4.13369E-05
       5.49541E-03       5.75440E-03       5.62491E-03       2.58990E-04       2.94932E-06       1.13878E-02       6.40551E-05       4.42863E-05
       5.75440E-03       6.02560E-03       5.89000E-03       2.71200E-04       3.16002E-06       1.16520E-02       6.86302E-05       4.74463E-05
       6.02560E-03       6.30957E-03       6.16759E-03       2.83970E-04       3.38755E-06       1.19293E-02       7.35747E-05       5.08338E-05
       6.30957E-03       6.60693E-03       6.45825E-03       2.97360E-04       3.63341E-06       1.22189E-02       7.89126E-05       5.44672E-05
       6.60693E-03       6.91831E-03       6.76262E-03       3.11380E-04       3.89915E-06       1.25222E-02       8.46827E-05       5.83664E-05
       6.91831E-03       7.24436E-03       7.08133E-03       3.26050E-04       4.18404E-06       1.28325E-02       9.08714E-05       6.25504E-05
       7.24436E-03       7.58578E-03       7.41507E-03       3.41420E-04       4.48106E-06       1.31248E-02       9.73211E-05       6.70315E-05
       7.58578E-03       7.94328E-03       7.76453E-03       3.57500E-04       4.79772E-06       1.34202E-02       1.04201E-04       7.18292E-05
       7.94328E-03       8.31764E-03       8.13046E-03       3.74360E-04       5.13949E-06       1.37287E-02       1.11621E-04       7.69687E-05
       8.31764E-03       8.70964E-03       8.51364E-03       3.92000E-04       5.50851E-06       1.40523E-02       1.19636E-04       8.24772E-05
       8.70964E-03       9.12011E-03       8.91487E-03       4.10471E-04       5.90715E-06       1.43912E-02       1.28295E-04       8.83843E-05
       9.12011E-03       9.54993E-03       9.33502E-03       4.29819E-04       6.33615E-06       1.47414E-02       1.37611E-04       9.47205E-05
       9.54993E-03       1.00000E-02       9.77496E-03       4.50070E-04       6.78412E-06       1.50735E-02       1.47343E-04       1.01505E-04
       1.00000E-02       1.04713E-02       1.02357E-02       4.71300E-04       7.25674E-06       1.53973E-02       1.57601E-04       1.08761E-04
       1.04713E-02       1.09648E-02       1.07180E-02       4.93500E-04       7.76589E-06       1.57363E-02       1.68663E-04       1.16527E-04
       1.09648E-02       1.14815E-02       1.12232E-02       5.16700E-04       8.31557E-06       1.60936E-02       1.80621E-04       1.24843E-04
       1.14815E-02       1.20226E-02       1.17521E-02       5.41100E-04       8.90843E-06       1.64636E-02       1.93481E-04       1.33751E-04
       1.20226E-02       1.25892E-02       1.23059E-02       5.66601E-04       9.54895E-06       1.68530E-02       2.07392E-04       1.43300E-04
       1.25892E-02       1.31826E-02       1.28859E-02       5.93399E-04       1.02410E-05       1.72582E-02       2.22387E-04       1.53541E-04
       1.31826E-02       1.38038E-02       1.34932E-02       6.21200E-04       1.09886E-05       1.76893E-02       2.38686E-04       1.64530E-04
       1.38038E-02       1.44544E-02       1.41291E-02       6.50601E-04       1.17915E-05       1.81240E-02       2.56075E-04       1.76321E-04
       1.44544E-02       1.51356E-02       1.47950E-02       6.81199E-04       1.26292E-05       1.85396E-02       2.74294E-04       1.88950E-04
       1.51356E-02       1.58489E-02       1.54923E-02       7.13301E-04       1.35213E-05       1.89560E-02       2.93671E-04       2.02472E-04
       1.58489E-02       1.65959E-02       1.62224E-02       7.47000E-04       1.44841E-05       1.93896E-02       3.14546E-04       2.16956E-04
       1.65959E-02       1.73780E-02       1.69870E-02       7.82100E-04       1.55235E-05       1.98484E-02       3.37165E-04       2.32479E-04
       1.73780E-02       1.81970E-02       1.77875E-02       8.19000E-04       1.66463E-05       2.03252E-02       3.61534E-04       2.49126E-04
       1.81970E-02       1.90546E-02       1.86258E-02       8.57600E-04       1.78567E-05       2.08217E-02       3.87821E-04       2.66982E-04
       1.90546E-02       1.99526E-02       1.95036E-02       8.98000E-04       1.91337E-05       2.13070E-02       4.15564E-04       2.86116E-04
       1.99526E-02       2.08930E-02       2.04228E-02       9.40400E-04       2.04882E-05       2.17867E-02       4.44946E-04       3.06604E-04
       2.08930E-02       2.18776E-02       2.13853E-02       9.84600E-04       2.19495E-05       2.22929E-02       4.76739E-04       3.28554E-04
       2.18776E-02       2.29087E-02       2.23931E-02       1.03110E-03       2.35273E-05       2.28177E-02       5.10960E-04       3.52081E-04
       2.29087E-02       2.39883E-02       2.34485E-02       1.07960E-03       2.52036E-05       2.33453E-02       5.47412E-04       3.77285E-04
       2.39883E-02       2.51189E-02       2.45536E-02       1.13060E-03       2.68319E-05       2.37325E-02       5.82717E-04       4.04117E-04
       2.51189E-02       2.63027E-02       2.57108E-02       1.18380E-03       2.84822E-05       2.40600E-02       6.18602E-04       4.32599E-04
       2.63027E-02       2.75423E-02       2.69225E-02       1.23960E-03       3.02466E-05       2.44003E-02       6.56917E-04       4.62845E-04
       2.75423E-02       2.88403E-02       2.81913E-02       1.29800E-03       3.21214E-05       2.47468E-02       6.97645E-04       4.94967E-04
       2.88403E-02       3.01995E-02       2.95199E-02       1.35920E-03       3.40494E-05       2.50510E-02       7.39504E-04       5.29016E-04
       3.01995E-02       3.16228E-02       3.09112E-02       1.42330E-03       3.60707E-05       2.53430E-02       7.83381E-04       5.65087E-04
       3.16228E-02       3.31131E-02       3.23680E-02       1.49030E-03       3.82272E-05       2.56506E-02       8.30259E-04       6.03314E-04
       3.31131E-02       3.46737E-02       3.38934E-02       1.56060E-03       4.05299E-05       2.59707E-02       8.80236E-04       6.43844E-04
       3.46737E-02       3.63078E-02       3.54908E-02       1.63410E-03       4.29888E-05       2.63073E-02       9.33665E-04       6.86833E-04
       3.63078E-02       3.80189E-02       3.71633E-02       1.71110E-03       4.56113E-05       2.66562E-02       9.90632E-04       7.32444E-04
       3.80189E-02       3.98107E-02       3.89148E-02       1.79180E-03       4.83555E-05       2.69871E-02       1.05020E-03       7.80800E-04
       3.98107E-02       4.16869E-02       4.07488E-02       1.87620E-03       5.12319E-05       2.73062E-02       1.11269E-03       8.32031E-04
       4.16869E-02       4.36516E-02       4.26693E-02       1.96470E-03       5.42996E-05       2.76376E-02       1.17927E-03       8.86331E-04
       4.36516E-02       4.57088E-02       4.46802E-02       2.05720E-03       5.75753E-05       2.79872E-02       1.25048E-03       9.43906E-04
       4.57088E-02       4.78630E-02       4.67859E-02       2.15420E-03       6.11927E-05       2.84063E-02       1.32901E-03       1.00510E-03
       4.78630E-02       5.01187E-02       4.89908E-02       2.25570E-03       1.02286E-04       4.53454E-02       2.22151E-03       1.10738E-03
       5.01187E-02       5.24808E-02       5.12998E-02       2.36210E-03       1.99762E-04       8.45696E-02       4.33840E-03       1.30715E-03
       5.24808E-02       5.49541E-02       5.37174E-02       2.47330E-03       3.22126E-04       1.30241E-01       6.99623E-03       1.62927E-03
       5.49541E-02       5.75440E-02       5.62491E-02       2.58990E-03       4.63954E-04       1.79140E-01       1.00765E-02       2.09323E-03
       5.75440E-02       6.02560E-02       5.89000E-02       2.71200E-03       6.22373E-04       2.29489E-01       1.35169E-02       2.71560E-03
       6.02560E-02       6.30957E-02       6.16758E-02       2.83970E-03       7.95430E-04       2.80111E-01       1.72761E-02       3.51103E-03
       6.30957E-02       6.60693E-02       6.45825E-02       2.97360E-03       9.88152E-04       3.32309E-01       2.14613E-02       4.49918E-03
       6.60693E-02       6.91831E-02       6.76262E-02       3.11380E-03       1.20433E-03       3.86770E-01       2.61558E-02       5.70351E-03
       6.91831E-02       7.24436E-02       7.08134E-02       3.26050E-03       1.44181E-03       4.42205E-01       3.13140E-02       7.14532E-03
       7.24436E-02       7.58578E-02       7.41507E-02       3.41420E-03       1.70092E-03       4.98190E-01       3.69411E-02       8.84623E-03
       7.58578E-02       7.94328E-02       7.76453E-02       3.57500E-03       1.98818E-03       5.56134E-01       4.31812E-02       1.08344E-02
       7.94328E-02       8.31764E-02       8.13046E-02       3.74360E-03       2.30408E-03       6.15471E-01       5.00406E-02       1.31385E-02
       8.31764E-02       8.70964E-02       8.51364E-02       3.92000E-03       2.64787E-03       6.75477E-01       5.75077E-02       1.57864E-02
       8.70964E-02       9.12011E-02       8.91488E-02       4.10470E-03       3.02813E-03       7.37722E-01       6.57670E-02       1.88145E-02
       9.12011E-02       9.54993E-02       9.33502E-02       4.29820E-03       3.44006E-03       8.00350E-01       7.47128E-02       2.22546E-02
       9.54993E-02       1.00000E-01       9.77497E-02       4.50070E-03       3.88696E-03       8.63634E-01       8.44199E-02       2.61415E-02
       1.00000E-01       1.04713E-01       1.02357E-01       4.71300E-03       4.37998E-03       9.29339E-01       9.51239E-02       3.05215E-02
       1.04713E-01       1.09648E-01       1.07180E-01       4.93500E-03       4.92607E-03       9.98190E-01       1.06987E-01       3.54476E-02
       1.09648E-01       1.14815E-01       1.12231E-01       5.16700E-03       5.52623E-03       1.06952E+00       1.20034E-01       4.09738E-02
       1.14815E-01       1.20226E-01       1.17520E-01       5.41100E-03       6.16920E-03       1.14012E+00       1.33988E-01       4.71430E-02
       1.20226E-01       1.25892E-01       1.23059E-01       5.66600E-03       6.88793E-03       1.21566E+00       1.49598E-01       5.40309E-02
       1.25892E-01       1.31826E-01       1.28859E-01       5.93400E-03       7.68265E-03       1.29468E+00       1.66832E-01       6.17136E-02
       1.31826E-01       1.38038E-01       1.34932E-01       6.21200E-03       8.46542E-03       1.36275E+00       1.83879E-01       7.01790E-02
       1.38038E-01       1.44544E-01       1.41291E-01       6.50600E-03       9.33775E-03       1.43525E+00       2.02788E-01       7.95167E-02
       1.44544E-01       1.51356E-01       1.47950E-01       6.81200E-03       1.02922E-02       1.51089E+00       2.23536E-01       8.98089E-02
       1.51356E-01       1.58489E-01       1.54923E-01       7.13300E-03       1.13421E-02       1.59008E+00       2.46339E-01       1.01151E-01
       1.58489E-01       1.65959E-01       1.62224E-01       7.47000E-03       1.24963E-02       1.67287E+00       2.71379E-01       1.13647E-01
       1.65959E-01       1.73780E-01       1.69869E-01       7.82100E-03       1.37647E-02       1.75997E+00       2.98965E-01       1.27412E-01
       1.73780E-01       1.81970E-01       1.77875E-01       8.19000E-03       1.51375E-02       1.84829E+00       3.28764E-01       1.42550E-01
       1.81970E-01       1.90546E-01       1.86258E-01       8.57600E-03       1.65885E-02       1.93429E+00       3.60277E-01       1.59138E-01
       1.90546E-01       1.99526E-01       1.95036E-01       8.98000E-03       1.81633E-02       2.02264E+00       3.94488E-01       1.77301E-01
       1.99526E-01       2.08930E-01       2.04228E-01       9.40400E-03       1.98886E-02       2.11491E+00       4.31924E-01       1.97190E-01
       2.08930E-01       2.18776E-01       2.13853E-01       9.84600E-03       2.17785E-02       2.21191E+00       4.73024E-01       2.18968E-01
       2.18776E-01       2.29087E-01       2.23931E-01       1.03110E-02       2.38071E-02       2.30890E+00       5.17036E-01       2.42775E-01
       2.29087E-01       2.39883E-01       2.34485E-01       1.07960E-02       2.59798E-02       2.40643E+00       5.64271E-01       2.68755E-01
       2.39883E-01       2.51189E-01       2.45536E-01       1.13060E-02       2.83476E-02       2.50730E+00       6.15633E-01       2.97103E-01
       2.51189E-01       2.63027E-01       2.57108E-01       1.18380E-02       3.09373E-02       2.61339E+00       6.71922E-01       3.28040E-01
       2.63027E-01       2.75423E-01       2.69225E-01       1.23960E-02       3.38135E-02       2.72778E+00       7.34386E-01       3.61854E-01
       2.75423E-01       2.88403E-01       2.81913E-01       1.29800E-02       3.99645E-02       3.07893E+00       8.67990E-01       4.01818E-01
       2.88403E-01       3.01995E-01       2.95199E-01       1.35920E-02       4.10530E-02       3.02038E+00       8.91613E-01       4.42871E-01
       3.01995E-01       3.16228E-01       3.09112E-01       1.42330E-02       3.95597E-02       2.77943E+00       8.59155E-01       4.82431E-01
       3.16228E-01       3.31131E-01       3.23680E-01       1.49030E-02       3.92964E-02       2.63681E+00       8.53481E-01       5.21727E-01
       3.31131E-01       3.46737E-01       3.38934E-01       1.56060E-02       3.92866E-02       2.51740E+00       8.53233E-01       5.61014E-01
       3.46737E-01       3.63078E-01       3.54908E-01       1.63410E-02       3.90979E-02       2.39263E+00       8.49161E-01       6.00112E-01
       3.63078E-01       3.80189E-01       3.71633E-01       1.71110E-02       3.87037E-02       2.26192E+00       8.40606E-01       6.38815E-01
       3.80189E-01       3.98107E-01       3.89148E-01       1.79180E-02       3.81127E-02       2.12706E+00       8.27741E-01       6.76928E-01
       3.98107E-01       4.16869E-01       4.07488E-01       1.87620E-02       3.74567E-02       1.99641E+00       8.13514E-01       7.14385E-01
       4.16869E-01       4.36516E-01       4.26692E-01       1.96470E-02       3.66095E-02       1.86336E+00       7.95083E-01       7.50994E-01
       4.36516E-01       4.57088E-01       4.46802E-01       2.05720E-02       3.54770E-02       1.72453E+00       7.70523E-01       7.86471E-01
       4.57088E-01       4.78630E-01       4.67859E-01       2.15420E-02       3.40238E-02       1.57942E+00       7.38945E-01       8.20495E-01
       4.78630E-01       5.01187E-01       4.89909E-01       2.25570E-02       3.23638E-02       1.43475E+00       7.02899E-01       8.52859E-01
       5.01187E-01       5.24808E-01       5.12998E-01       2.36210E-02       3.04276E-02       1.28816E+00       6.60822E-01       8.83286E-01
       5.24808E-01       5.49541E-01       5.37174E-01       2.47330E-02       2.80829E-02       1.13544E+00       6.09931E-01       9.11369E-01
       5.49541E-01       5.75440E-01       5.62490E-01       2.58990E-02       2.53207E-02       9.77670E-01       5.49930E-01       9.36690E-01
       5.75440E-01       6.02560E-01       5.89000E-01       2.71200E-02       2.22429E-02       8.20168E-01       4.83079E-01       9.58933E-01
       6.02560E-01       6.30957E-01       6.16758E-01       2.83970E-02       1.86742E-02       6.57611E-01       4.05587E-01       9.77607E-01
       6.30957E-01       6.60693E-01       6.45825E-01       2.97360E-02       1.45332E-02       4.88741E-01       3.15641E-01       9.92140E-01
       6.60693E-01       6.91831E-01       6.76262E-01       3.11380E-02       6.81904E-03       2.18994E-01       1.48098E-01       9.98959E-01
       6.91831E-01       7.24436E-01       7.08133E-01       3.26050E-02       1.03175E-03       3.16439E-02       2.24081E-02       9.99991E-01
       7.24436E-01       7.58578E-01       7.41507E-01       3.41420E-02       8.80517E-06       2.57898E-04       1.91233E-04       1.00000E+00

 Sum =                                                                         1.00000E+00
 Renormalization bin#   918 =                                                  1.67240E-03 barn        8.40000E+06        8.60000E+06        8.50000E+06
 Avg. Energy     bin#   918 =                                                  3.37375E-01 MeV         8.40000E+06        8.60000E+06
