"        MT=103 recoil spectrum "
" Initial neutron energy corresponds to the group:"
   1.62000E+01    1.64000E+01       0.00000E+00           764           880           117



          Low               High              Mid              Energy           Number             dn/de            E*dn/de          Cumulative
         Energy            Energy            Energy             Width          Fraction                               Sum   
         [MeV]             [MeV]             [MeV]              [MeV]

       9.12011E-03       9.54993E-03       9.33502E-03       4.29819E-04       0.00000E+00       0.00000E+00       0.00000E+00       0.00000E+00
       9.54993E-03       1.00000E-02       9.77496E-03       4.50070E-04       2.90142E-06       6.44660E-03       6.30153E-05       2.90142E-06
       1.00000E-02       1.04713E-02       1.02357E-02       4.71300E-04       8.82905E-06       1.87334E-02       1.91749E-04       1.17305E-05
       1.04713E-02       1.09648E-02       1.07180E-02       4.93500E-04       9.24754E-06       1.87387E-02       2.00842E-04       2.09780E-05
       1.09648E-02       1.14815E-02       1.12232E-02       5.16700E-04       9.68638E-06       1.87466E-02       2.10396E-04       3.06644E-05
       1.14815E-02       1.20226E-02       1.17521E-02       5.41100E-04       1.01454E-05       1.87496E-02       2.20346E-04       4.08098E-05
       1.20226E-02       1.25892E-02       1.23059E-02       5.66601E-04       1.06279E-05       1.87573E-02       2.30826E-04       5.14377E-05
       1.25892E-02       1.31826E-02       1.28859E-02       5.93399E-04       1.11334E-05       1.87621E-02       2.41766E-04       6.25711E-05
       1.31826E-02       1.38038E-02       1.34932E-02       6.21200E-04       1.16602E-05       1.87705E-02       2.53274E-04       7.42313E-05
       1.38038E-02       1.44544E-02       1.41291E-02       6.50601E-04       1.22155E-05       1.87757E-02       2.65284E-04       8.64468E-05
       1.44544E-02       1.51356E-02       1.47950E-02       6.81199E-04       1.27953E-05       1.87835E-02       2.77901E-04       9.92421E-05
       1.51356E-02       1.58489E-02       1.54923E-02       7.13301E-04       1.37417E-05       1.92650E-02       2.98458E-04       1.12984E-04
       1.58489E-02       1.65959E-02       1.62224E-02       7.47000E-04       2.24821E-05       3.00965E-02       4.88237E-04       1.35466E-04
       1.65959E-02       1.73780E-02       1.69870E-02       7.82100E-04       2.63682E-05       3.37147E-02       5.72709E-04       1.61834E-04
       1.73780E-02       1.81970E-02       1.77875E-02       8.19000E-04       2.80816E-05       3.42877E-02       6.09892E-04       1.89916E-04
       1.81970E-02       1.90546E-02       1.86258E-02       8.57600E-04       3.21215E-05       3.74551E-02       6.97632E-04       2.22037E-04
       1.90546E-02       1.99526E-02       1.95036E-02       8.98000E-04       3.91133E-05       4.35560E-02       8.49498E-04       2.61151E-04
       1.99526E-02       2.08930E-02       2.04228E-02       9.40400E-04       4.35165E-05       4.62745E-02       9.45054E-04       3.04667E-04
       2.08930E-02       2.18776E-02       2.13853E-02       9.84600E-04       6.24783E-05       6.34555E-02       1.35702E-03       3.67145E-04
       2.18776E-02       2.29087E-02       2.23931E-02       1.03110E-03       6.62683E-05       6.42696E-02       1.43920E-03       4.33414E-04
       2.29087E-02       2.39883E-02       2.34485E-02       1.07960E-03       7.00209E-05       6.48580E-02       1.52082E-03       5.03435E-04
       2.39883E-02       2.51189E-02       2.45536E-02       1.13060E-03       7.39857E-05       6.54393E-02       1.60677E-03       5.77420E-04
       2.51189E-02       2.63027E-02       2.57108E-02       1.18380E-03       8.60751E-05       7.27109E-02       1.86946E-03       6.63495E-04
       2.63027E-02       2.75423E-02       2.69225E-02       1.23960E-03       1.08999E-04       8.79304E-02       2.36731E-03       7.72494E-04
       2.75423E-02       2.88403E-02       2.81913E-02       1.29800E-03       1.18997E-04       9.16768E-02       2.58449E-03       8.91491E-04
       2.88403E-02       3.01995E-02       2.95199E-02       1.35920E-03       1.40425E-04       1.03314E-01       3.04983E-03       1.03192E-03
       3.01995E-02       3.16228E-02       3.09112E-02       1.42330E-03       1.62589E-04       1.14234E-01       3.53110E-03       1.19450E-03
       3.16228E-02       3.31131E-02       3.23680E-02       1.49030E-03       1.74927E-04       1.17377E-01       3.79925E-03       1.36943E-03
       3.31131E-02       3.46737E-02       3.38934E-02       1.56060E-03       1.86677E-04       1.19619E-01       4.05430E-03       1.55611E-03
       3.46737E-02       3.63078E-02       3.54908E-02       1.63410E-03       2.07691E-04       1.27098E-01       4.51080E-03       1.76380E-03
       3.63078E-02       3.80189E-02       3.71633E-02       1.71110E-03       2.30028E-04       1.34433E-01       4.99597E-03       1.99383E-03
       3.80189E-02       3.98107E-02       3.89148E-02       1.79180E-03       2.56332E-04       1.43058E-01       5.56708E-03       2.25016E-03
       3.98107E-02       4.16869E-02       4.07488E-02       1.87620E-03       2.85000E-04       1.51903E-01       6.18985E-03       2.53516E-03
       4.16869E-02       4.36516E-02       4.26693E-02       1.96470E-03       3.16786E-04       1.61239E-01       6.87993E-03       2.85194E-03
       4.36516E-02       4.57088E-02       4.46802E-02       2.05720E-03       3.55755E-04       1.72932E-01       7.72663E-03       3.20770E-03
       4.57088E-02       4.78630E-02       4.67859E-02       2.15420E-03       4.00177E-04       1.85766E-01       8.69123E-03       3.60788E-03
       4.78630E-02       5.01187E-02       4.89908E-02       2.25570E-03       4.48813E-04       1.98969E-01       9.74764E-03       4.05669E-03
       5.01187E-02       5.24808E-02       5.12998E-02       2.36210E-03       5.00841E-04       2.12032E-01       1.08772E-02       4.55753E-03
       5.24808E-02       5.49541E-02       5.37174E-02       2.47330E-03       5.57954E-04       2.25591E-01       1.21182E-02       5.11548E-03
       5.49541E-02       5.75440E-02       5.62491E-02       2.58990E-03       6.20859E-04       2.39723E-01       1.34842E-02       5.73634E-03
       5.75440E-02       6.02560E-02       5.89000E-02       2.71200E-03       6.89429E-04       2.54214E-01       1.49732E-02       6.42577E-03
       6.02560E-02       6.30957E-02       6.16758E-02       2.83970E-03       7.64275E-04       2.69139E-01       1.65994E-02       7.19005E-03
       6.30957E-02       6.60693E-02       6.45825E-02       2.97360E-03       8.44464E-04       2.83987E-01       1.83406E-02       8.03451E-03
       6.60693E-02       6.91831E-02       6.76262E-02       3.11380E-03       9.32360E-04       2.99428E-01       2.02492E-02       8.96687E-03
       6.91831E-02       7.24436E-02       7.08134E-02       3.26050E-03       1.02845E-03       3.15426E-01       2.23364E-02       9.99532E-03
       7.24436E-02       7.58578E-02       7.41507E-02       3.41420E-03       1.13300E-03       3.31848E-01       2.46068E-02       1.11283E-02
       7.58578E-02       7.94328E-02       7.76453E-02       3.57500E-03       1.24783E-03       3.49044E-01       2.71016E-02       1.23761E-02
       7.94328E-02       8.31764E-02       8.13046E-02       3.74360E-03       1.37401E-03       3.67030E-01       2.98412E-02       1.37502E-02
       8.31764E-02       8.70964E-02       8.51364E-02       3.92000E-03       1.51197E-03       3.85706E-01       3.28376E-02       1.52621E-02
       8.70964E-02       9.12011E-02       8.91488E-02       4.10470E-03       1.66709E-03       4.06141E-01       3.62070E-02       1.69292E-02
       9.12011E-02       9.54993E-02       9.33502E-02       4.29820E-03       1.83126E-03       4.26053E-01       3.97721E-02       1.87605E-02
       9.54993E-02       1.00000E-01       9.77497E-02       4.50070E-03       2.00565E-03       4.45631E-01       4.35603E-02       2.07661E-02
       1.00000E-01       1.04713E-01       1.02357E-01       4.71300E-03       2.19493E-03       4.65719E-01       4.76694E-02       2.29611E-02
       1.04713E-01       1.09648E-01       1.07180E-01       4.93500E-03       2.40207E-03       4.86742E-01       5.21692E-02       2.53631E-02
       1.09648E-01       1.14815E-01       1.12231E-01       5.16700E-03       2.62841E-03       5.08691E-01       5.70912E-02       2.79915E-02
       1.14815E-01       1.20226E-01       1.17520E-01       5.41100E-03       2.86734E-03       5.29909E-01       6.22751E-02       3.08589E-02
       1.20226E-01       1.25892E-01       1.23059E-01       5.66600E-03       3.12504E-03       5.51543E-01       6.78723E-02       3.39839E-02
       1.25892E-01       1.31826E-01       1.28859E-01       5.93400E-03       3.40561E-03       5.73915E-01       7.39541E-02       3.73895E-02
       1.31826E-01       1.38038E-01       1.34932E-01       6.21200E-03       3.71187E-03       5.97533E-01       8.06263E-02       4.11014E-02
       1.38038E-01       1.44544E-01       1.41291E-01       6.50600E-03       4.04175E-03       6.21235E-01       8.77749E-02       4.51431E-02
       1.44544E-01       1.51356E-01       1.47950E-01       6.81200E-03       4.39267E-03       6.44842E-01       9.54044E-02       4.95358E-02
       1.51356E-01       1.58489E-01       1.54923E-01       7.13300E-03       4.77527E-03       6.69462E-01       1.03715E-01       5.43111E-02
       1.58489E-01       1.65959E-01       1.62224E-01       7.47000E-03       5.19271E-03       6.95142E-01       1.12769E-01       5.95038E-02
       1.65959E-01       1.73780E-01       1.69869E-01       7.82100E-03       5.64232E-03       7.21433E-01       1.22549E-01       6.51461E-02
       1.73780E-01       1.81970E-01       1.77875E-01       8.19000E-03       6.10131E-03       7.44970E-01       1.32512E-01       7.12474E-02
       1.81970E-01       1.90546E-01       1.86258E-01       8.57600E-03       6.44164E-03       7.51124E-01       1.39903E-01       7.76891E-02
       1.90546E-01       1.99526E-01       1.95036E-01       8.98000E-03       6.75630E-03       7.52372E-01       1.46740E-01       8.44454E-02
       1.99526E-01       2.08930E-01       2.04228E-01       9.40400E-03       7.07209E-03       7.52030E-01       1.53585E-01       9.15175E-02
       2.08930E-01       2.18776E-01       2.13853E-01       9.84600E-03       7.40213E-03       7.51791E-01       1.60773E-01       9.89196E-02
       2.18776E-01       2.29087E-01       2.23931E-01       1.03110E-02       7.74751E-03       7.51383E-01       1.68258E-01       1.06667E-01
       2.29087E-01       2.39883E-01       2.34485E-01       1.07960E-02       8.10851E-03       7.51067E-01       1.76114E-01       1.14776E-01
       2.39883E-01       2.51189E-01       2.45536E-01       1.13060E-02       8.48525E-03       7.50508E-01       1.84277E-01       1.23261E-01
       2.51189E-01       2.63027E-01       2.57108E-01       1.18380E-02       8.87949E-03       7.50083E-01       1.92852E-01       1.32140E-01
       2.63027E-01       2.75423E-01       2.69225E-01       1.23960E-02       9.29179E-03       7.49580E-01       2.01806E-01       1.41432E-01
       2.75423E-01       2.88403E-01       2.81913E-01       1.29800E-02       9.72323E-03       7.49093E-01       2.11179E-01       1.51155E-01
       2.88403E-01       3.01995E-01       2.95199E-01       1.35920E-02       1.01746E-02       7.48572E-01       2.20978E-01       1.61330E-01
       3.01995E-01       3.16228E-01       3.09112E-01       1.42330E-02       1.06470E-02       7.48047E-01       2.31230E-01       1.71977E-01
       3.16228E-01       3.31131E-01       3.23680E-01       1.49030E-02       1.11411E-02       7.47572E-01       2.41974E-01       1.83118E-01
       3.31131E-01       3.46737E-01       3.38934E-01       1.56060E-02       1.16583E-02       7.47038E-01       2.53197E-01       1.94776E-01
       3.46737E-01       3.63078E-01       3.54908E-01       1.63410E-02       1.21993E-02       7.46548E-01       2.64956E-01       2.06976E-01
       3.63078E-01       3.80189E-01       3.71633E-01       1.71110E-02       1.27656E-02       7.46045E-01       2.77255E-01       2.19741E-01
       3.80189E-01       3.98107E-01       3.89148E-01       1.79180E-02       1.33582E-02       7.45520E-01       2.90118E-01       2.33099E-01
       3.98107E-01       4.16869E-01       4.07488E-01       1.87620E-02       1.39784E-02       7.45036E-01       3.03593E-01       2.47078E-01
       4.16869E-01       4.36516E-01       4.26692E-01       1.96470E-02       1.46275E-02       7.44514E-01       3.17678E-01       2.61705E-01
       4.36516E-01       4.57088E-01       4.46802E-01       2.05720E-02       1.53069E-02       7.44063E-01       3.32449E-01       2.77012E-01
       4.57088E-01       4.78630E-01       4.67859E-01       2.15420E-02       1.60172E-02       7.43535E-01       3.47869E-01       2.93029E-01
       4.78630E-01       5.01187E-01       4.89909E-01       2.25570E-02       1.67606E-02       7.43032E-01       3.64017E-01       3.09790E-01
       5.01187E-01       5.24808E-01       5.12998E-01       2.36210E-02       1.75388E-02       7.42509E-01       3.80905E-01       3.27329E-01
       5.24808E-01       5.49541E-01       5.37174E-01       2.47330E-02       1.83533E-02       7.42058E-01       3.98615E-01       3.45682E-01
       5.49541E-01       5.75440E-01       5.62490E-01       2.58990E-02       1.92061E-02       7.41577E-01       4.17130E-01       3.64888E-01
       5.75440E-01       6.02560E-01       5.89000E-01       2.71200E-02       2.00991E-02       7.41118E-01       4.36518E-01       3.84987E-01
       6.02560E-01       6.30957E-01       6.16758E-01       2.83970E-02       2.10341E-02       7.40715E-01       4.56842E-01       4.06021E-01
       6.30957E-01       6.60693E-01       6.45825E-01       2.97360E-02       2.20132E-02       7.40289E-01       4.78097E-01       4.28035E-01
       6.60693E-01       6.91831E-01       6.76262E-01       3.11380E-02       2.30388E-02       7.39893E-01       5.00361E-01       4.51073E-01
       6.91831E-01       7.24436E-01       7.08133E-01       3.26050E-02       2.41129E-02       7.39546E-01       5.23697E-01       4.75186E-01
       7.24436E-01       7.58578E-01       7.41507E-01       3.41420E-02       2.52381E-02       7.39210E-01       5.48129E-01       5.00424E-01
       7.58578E-01       7.94328E-01       7.76453E-01       3.57500E-02       2.64170E-02       7.38938E-01       5.73751E-01       5.26841E-01
       7.94328E-01       8.31764E-01       8.13046E-01       3.74360E-02       2.76525E-02       7.38661E-01       6.00565E-01       5.54494E-01
       8.31764E-01       8.70964E-01       8.51364E-01       3.92000E-02       2.89473E-02       7.38452E-01       6.28692E-01       5.83441E-01
       8.70964E-01       9.12011E-01       8.91487E-01       4.10470E-02       3.03044E-02       7.38286E-01       6.58172E-01       6.13746E-01
       9.12011E-01       9.54993E-01       9.33502E-01       4.29820E-02       3.17274E-02       7.38154E-01       6.89069E-01       6.45473E-01
       9.54993E-01       1.00000E+00       9.77497E-01       4.50070E-02       3.32201E-02       7.38110E-01       7.21500E-01       6.78693E-01
       1.00000E+00       1.04713E+00       1.02357E+00       4.71300E-02       3.47819E-02       7.37999E-01       7.55390E-01       7.13475E-01
       1.04713E+00       1.09648E+00       1.07181E+00       4.93500E-02       3.62792E-02       7.35142E-01       7.87928E-01       7.49754E-01
       1.09648E+00       1.14815E+00       1.12231E+00       5.16700E-02       3.76346E-02       7.28364E-01       8.17454E-01       7.87389E-01
       1.14815E+00       1.20226E+00       1.17520E+00       5.41100E-02       3.68635E-02       6.81269E-01       8.00631E-01       8.24252E-01
       1.20226E+00       1.25892E+00       1.23059E+00       5.66600E-02       3.46381E-02       6.11333E-01       7.52300E-01       8.58890E-01
       1.25892E+00       1.31826E+00       1.28859E+00       5.93400E-02       3.19397E-02       5.38249E-01       6.93583E-01       8.90830E-01
       1.31826E+00       1.38038E+00       1.34932E+00       6.21200E-02       2.82260E-02       4.54379E-01       6.13103E-01       9.19056E-01
       1.38038E+00       1.44544E+00       1.41291E+00       6.50600E-02       2.35319E-02       3.61696E-01       5.11044E-01       9.42588E-01
       1.44544E+00       1.51356E+00       1.47950E+00       6.81200E-02       1.91555E-02       2.81202E-01       4.16039E-01       9.61744E-01
       1.51356E+00       1.58489E+00       1.54923E+00       7.13300E-02       1.53138E-02       2.14689E-01       3.32602E-01       9.77057E-01
       1.58489E+00       1.65959E+00       1.62224E+00       7.47000E-02       9.77870E-03       1.30906E-01       2.12362E-01       9.86836E-01
       1.65959E+00       1.73780E+00       1.69869E+00       7.82100E-02       7.25258E-03       9.27322E-02       1.57524E-01       9.94089E-01
       1.73780E+00       1.81970E+00       1.77875E+00       8.19000E-02       4.08839E-03       4.99192E-02       8.87938E-02       9.98177E-01
       1.81970E+00       1.90546E+00       1.86258E+00       8.57600E-02       1.74146E-03       2.03062E-02       3.78219E-02       9.99918E-01
       1.90546E+00       1.99526E+00       1.95036E+00       8.98000E-02       8.12824E-05       9.05149E-04       1.76537E-03       1.00000E+00

 Sum =                                                                         1.00000E+00
 Renormalization bin#   957 =                                                  1.95381E-01 barn        1.62000E+07        1.64000E+07        1.63000E+07
 Avg. Energy     bin#   957 =                                                  7.73023E-01 MeV         1.62000E+07        1.64000E+07
