"        MT=601 recoil spectrum "
" Initial neutron energy corresponds to the group:"
   8.80000E+00    9.00000E+00       0.00000E+00           780           864            85



          Low               High              Mid              Energy           Number             dn/de            E*dn/de          Cumulative
         Energy            Energy            Energy             Width          Fraction                               Sum   
         [MeV]             [MeV]             [MeV]              [MeV]

       1.90546E-02       1.99526E-02       1.95036E-02       8.98000E-04       0.00000E+00       0.00000E+00       0.00000E+00       0.00000E+00
       1.99526E-02       2.08930E-02       2.04228E-02       9.40400E-04       3.96748E-04       4.21892E-01       8.61622E-03       3.96748E-04
       2.08930E-02       2.18776E-02       2.13853E-02       9.84600E-04       1.19695E-03       1.21567E+00       2.59974E-02       1.59369E-03
       2.18776E-02       2.29087E-02       2.23931E-02       1.03110E-03       1.25329E-03       1.21549E+00       2.72187E-02       2.84699E-03
       2.29087E-02       2.39883E-02       2.34485E-02       1.07960E-03       1.31227E-03       1.21552E+00       2.85020E-02       4.15926E-03
       2.39883E-02       2.51189E-02       2.45536E-02       1.13060E-03       1.37404E-03       1.21532E+00       2.98404E-02       5.53329E-03
       2.51189E-02       2.63027E-02       2.57108E-02       1.18380E-03       1.43867E-03       1.21530E+00       3.12464E-02       6.97197E-03
       2.63027E-02       2.75423E-02       2.69225E-02       1.23960E-03       1.50633E-03       1.21517E+00       3.27155E-02       8.47830E-03
       2.75423E-02       2.88403E-02       2.81913E-02       1.29800E-03       1.57717E-03       1.21508E+00       3.42546E-02       1.00555E-02
       2.88403E-02       3.01995E-02       2.95199E-02       1.35920E-03       1.65128E-03       1.21489E+00       3.58636E-02       1.17068E-02
       3.01995E-02       3.16228E-02       3.09112E-02       1.42330E-03       1.72888E-03       1.21470E+00       3.75478E-02       1.34356E-02
       3.16228E-02       3.31131E-02       3.23680E-02       1.49030E-03       1.81008E-03       1.21457E+00       3.93132E-02       1.52457E-02
       3.31131E-02       3.46737E-02       3.38934E-02       1.56060E-03       1.89507E-03       1.21432E+00       4.11575E-02       1.71408E-02
       3.46737E-02       3.63078E-02       3.54908E-02       1.63410E-03       1.98399E-03       1.21411E+00       4.30898E-02       1.91248E-02
       3.63078E-02       3.80189E-02       3.71633E-02       1.71110E-03       2.07705E-03       1.21387E+00       4.51114E-02       2.12018E-02
       3.80189E-02       3.98107E-02       3.89148E-02       1.79180E-03       2.17441E-03       1.21353E+00       4.72244E-02       2.33762E-02
       3.98107E-02       4.16869E-02       4.07488E-02       1.87620E-03       2.27626E-03       1.21323E+00       4.94377E-02       2.56525E-02
       4.16869E-02       4.36516E-02       4.26693E-02       1.96470E-03       2.38282E-03       1.21281E+00       5.17498E-02       2.80353E-02
       4.36516E-02       4.57088E-02       4.46802E-02       2.05720E-03       2.49429E-03       1.21247E+00       5.41733E-02       3.05296E-02
       4.57088E-02       4.78630E-02       4.67859E-02       2.15420E-03       2.61086E-03       1.21199E+00       5.67039E-02       3.31405E-02
       4.78630E-02       5.01187E-02       4.89908E-02       2.25570E-03       2.73278E-03       1.21150E+00       5.93524E-02       3.58732E-02
       5.01187E-02       5.24808E-02       5.12998E-02       2.36210E-03       2.86030E-03       1.21092E+00       6.21197E-02       3.87335E-02
       5.24808E-02       5.49541E-02       5.37174E-02       2.47330E-03       2.99357E-03       1.21035E+00       6.50171E-02       4.17271E-02
       5.49541E-02       5.75440E-02       5.62491E-02       2.58990E-03       3.13292E-03       1.20967E+00       6.80427E-02       4.48600E-02
       5.75440E-02       6.02560E-02       5.89000E-02       2.71200E-03       3.27860E-03       1.20892E+00       7.12056E-02       4.81386E-02
       6.02560E-02       6.30957E-02       6.16758E-02       2.83970E-03       3.43082E-03       1.20816E+00       7.45144E-02       5.15694E-02
       6.30957E-02       6.60693E-02       6.45825E-02       2.97360E-03       3.58991E-03       1.20726E+00       7.79679E-02       5.51594E-02
       6.60693E-02       6.91831E-02       6.76262E-02       3.11380E-03       3.75611E-03       1.20628E+00       8.15758E-02       5.89155E-02
       6.91831E-02       7.24436E-02       7.08134E-02       3.26050E-03       3.92970E-03       1.20525E+00       8.53475E-02       6.28452E-02
       7.24436E-02       7.58578E-02       7.41507E-02       3.41420E-03       4.11100E-03       1.20409E+00       8.92841E-02       6.69562E-02
       7.58578E-02       7.94328E-02       7.76453E-02       3.57500E-03       4.30032E-03       1.20289E+00       9.33984E-02       7.12565E-02
       7.94328E-02       8.31764E-02       8.13046E-02       3.74360E-03       4.49795E-03       1.20150E+00       9.76879E-02       7.57544E-02
       8.31764E-02       8.70964E-02       8.51364E-02       3.92000E-03       4.70418E-03       1.20005E+00       1.02168E-01       8.04586E-02
       8.70964E-02       9.12011E-02       8.91488E-02       4.10470E-03       4.91941E-03       1.19848E+00       1.06843E-01       8.53780E-02
       9.12011E-02       9.54993E-02       9.33502E-02       4.29820E-03       5.14394E-03       1.19677E+00       1.11718E-01       9.05220E-02
       9.54993E-02       1.00000E-01       9.77497E-02       4.50070E-03       5.37806E-03       1.19494E+00       1.16805E-01       9.59000E-02
       1.00000E-01       1.04713E-01       1.02357E-01       4.71300E-03       5.62221E-03       1.19292E+00       1.22103E-01       1.01522E-01
       1.04713E-01       1.09648E-01       1.07180E-01       4.93500E-03       5.87655E-03       1.19079E+00       1.27629E-01       1.07399E-01
       1.09648E-01       1.14815E-01       1.12231E-01       5.16700E-03       6.14184E-03       1.18867E+00       1.33406E-01       1.13541E-01
       1.14815E-01       1.20226E-01       1.17520E-01       5.41100E-03       6.41788E-03       1.18608E+00       1.39389E-01       1.19958E-01
       1.20226E-01       1.25892E-01       1.23059E-01       5.66600E-03       6.70562E-03       1.18348E+00       1.45638E-01       1.26664E-01
       1.25892E-01       1.31826E-01       1.28859E-01       5.93400E-03       7.00518E-03       1.18052E+00       1.52120E-01       1.33669E-01
       1.31826E-01       1.38038E-01       1.34932E-01       6.21200E-03       7.31673E-03       1.17784E+00       1.58928E-01       1.40986E-01
       1.38038E-01       1.44544E-01       1.41291E-01       6.50600E-03       7.64118E-03       1.17448E+00       1.65944E-01       1.48627E-01
       1.44544E-01       1.51356E-01       1.47950E-01       6.81200E-03       7.97846E-03       1.17124E+00       1.73284E-01       1.56606E-01
       1.51356E-01       1.58489E-01       1.54923E-01       7.13300E-03       8.32941E-03       1.16773E+00       1.80907E-01       1.64935E-01
       1.58489E-01       1.65959E-01       1.62224E-01       7.47000E-03       8.69426E-03       1.16389E+00       1.88811E-01       1.73629E-01
       1.65959E-01       1.73780E-01       1.69869E-01       7.82100E-03       9.07352E-03       1.16015E+00       1.97074E-01       1.82703E-01
       1.73780E-01       1.81970E-01       1.77875E-01       8.19000E-03       9.46770E-03       1.15601E+00       2.05625E-01       1.92171E-01
       1.81970E-01       1.90546E-01       1.86258E-01       8.57600E-03       9.87740E-03       1.15175E+00       2.14523E-01       2.02048E-01
       1.90546E-01       1.99526E-01       1.95036E-01       8.98000E-03       1.03030E-02       1.14733E+00       2.23771E-01       2.12351E-01
       1.99526E-01       2.08930E-01       2.04228E-01       9.40400E-03       1.07455E-02       1.14266E+00       2.33362E-01       2.23097E-01
       2.08930E-01       2.18776E-01       2.13853E-01       9.84600E-03       1.12054E-02       1.13806E+00       2.43379E-01       2.34302E-01
       2.18776E-01       2.29087E-01       2.23931E-01       1.03110E-02       1.16833E-02       1.13309E+00       2.53734E-01       2.45985E-01
       2.29087E-01       2.39883E-01       2.34485E-01       1.07960E-02       1.21802E-02       1.12822E+00       2.64550E-01       2.58165E-01
       2.39883E-01       2.51189E-01       2.45536E-01       1.13060E-02       1.26971E-02       1.12304E+00       2.75748E-01       2.70863E-01
       2.51189E-01       2.63027E-01       2.57108E-01       1.18380E-02       1.32353E-02       1.11803E+00       2.87455E-01       2.84098E-01
       2.63027E-01       2.75423E-01       2.69225E-01       1.23960E-02       1.37956E-02       1.11291E+00       2.99622E-01       2.97893E-01
       2.75423E-01       2.88403E-01       2.81913E-01       1.29800E-02       1.43796E-02       1.10783E+00       3.12312E-01       3.12273E-01
       2.88403E-01       3.01995E-01       2.95199E-01       1.35920E-02       1.49890E-02       1.10278E+00       3.25541E-01       3.27262E-01
       3.01995E-01       3.16228E-01       3.09112E-01       1.42330E-02       1.56258E-02       1.09785E+00       3.39359E-01       3.42888E-01
       3.16228E-01       3.31131E-01       3.23680E-01       1.49030E-02       1.62918E-02       1.09319E+00       3.53843E-01       3.59180E-01
       3.31131E-01       3.46737E-01       3.38934E-01       1.56060E-02       1.69900E-02       1.08868E+00       3.68992E-01       3.76170E-01
       3.46737E-01       3.63078E-01       3.54908E-01       1.63410E-02       1.77228E-02       1.08456E+00       3.84919E-01       3.93892E-01
       3.63078E-01       3.80189E-01       3.71633E-01       1.71110E-02       1.84939E-02       1.08082E+00       4.01668E-01       4.12386E-01
       3.80189E-01       3.98107E-01       3.89148E-01       1.79180E-02       1.93071E-02       1.07753E+00       4.19318E-01       4.31693E-01
       3.98107E-01       4.16869E-01       4.07488E-01       1.87620E-02       2.01669E-02       1.07488E+00       4.38001E-01       4.51860E-01
       4.16869E-01       4.36516E-01       4.26692E-01       1.96470E-02       2.10785E-02       1.07286E+00       4.57782E-01       4.72939E-01
       4.36516E-01       4.57088E-01       4.46802E-01       2.05720E-02       2.20482E-02       1.07176E+00       4.78863E-01       4.94987E-01
       4.57088E-01       4.78630E-01       4.67859E-01       2.15420E-02       2.30826E-02       1.07152E+00       5.01319E-01       5.18070E-01
       4.78630E-01       5.01187E-01       4.89909E-01       2.25570E-02       2.41901E-02       1.07240E+00       5.25378E-01       5.42260E-01
       5.01187E-01       5.24808E-01       5.12998E-01       2.36210E-02       2.53802E-02       1.07448E+00       5.51204E-01       5.67640E-01
       5.24808E-01       5.49541E-01       5.37174E-01       2.47330E-02       2.66634E-02       1.07805E+00       5.79101E-01       5.94303E-01
       5.49541E-01       5.75440E-01       5.62490E-01       2.58990E-02       2.80517E-02       1.08312E+00       6.09244E-01       6.22355E-01
       5.75440E-01       6.02560E-01       5.89000E-01       2.71200E-02       2.95594E-02       1.08995E+00       6.41981E-01       6.51914E-01
       6.02560E-01       6.30957E-01       6.16758E-01       2.83970E-02       3.12005E-02       1.09873E+00       6.77649E-01       6.83115E-01
       6.30957E-01       6.60693E-01       6.45825E-01       2.97360E-02       3.29917E-02       1.10949E+00       7.16533E-01       7.16107E-01
       6.60693E-01       6.91831E-01       6.76262E-01       3.11380E-02       3.49472E-02       1.12233E+00       7.58990E-01       7.51054E-01
       6.91831E-01       7.24436E-01       7.08133E-01       3.26050E-02       3.70793E-02       1.13723E+00       8.05308E-01       7.88133E-01
       7.24436E-01       7.58578E-01       7.41507E-01       3.41420E-02       3.93939E-02       1.15382E+00       8.55569E-01       8.27527E-01
       7.58578E-01       7.94328E-01       7.76453E-01       3.57500E-02       4.18829E-02       1.17155E+00       9.09652E-01       8.69410E-01
       7.94328E-01       8.31764E-01       8.13046E-01       3.74360E-02       4.45141E-02       1.18907E+00       9.66771E-01       9.13924E-01
       8.31764E-01       8.70964E-01       8.51364E-01       3.92000E-02       4.72115E-02       1.20437E+00       1.02536E+00       9.61135E-01
       8.70964E-01       9.12011E-01       8.91487E-01       4.10470E-02       3.83555E-02       9.34430E-01       8.33032E-01       9.99491E-01
       9.12011E-01       9.54993E-01       9.33502E-01       4.29820E-02       5.09057E-04       1.18435E-02       1.10559E-02       1.00000E+00

 Sum =                                                                         1.00000E+00
 Renormalization bin#   920 =                                                  4.02656E-02 barn        8.80000E+06        9.00000E+06        8.90000E+06
 Avg. Energy     bin#   920 =                                                  4.61955E-01 MeV         8.80000E+06        9.00000E+06
