"        MT=607 recoil spectrum "
" Initial neutron energy corresponds to the group:"
   1.34000E+01    1.36000E+01       0.00000E+00           790           872            83



          Low               High              Mid              Energy           Number             dn/de            E*dn/de          Cumulative
         Energy            Energy            Energy             Width          Fraction                               Sum   
         [MeV]             [MeV]             [MeV]              [MeV]

       3.01995E-02       3.16228E-02       3.09112E-02       1.42330E-03       0.00000E+00       0.00000E+00       0.00000E+00       0.00000E+00
       3.16228E-02       3.31131E-02       3.23680E-02       1.49030E-03       4.90561E-04       3.29169E-01       1.06545E-02       4.90561E-04
       3.31131E-02       3.46737E-02       3.38934E-02       1.56060E-03       1.09732E-03       7.03139E-01       2.38318E-02       1.58788E-03
       3.46737E-02       3.63078E-02       3.54908E-02       1.63410E-03       1.15071E-03       7.04186E-01       2.49921E-02       2.73859E-03
       3.63078E-02       3.80189E-02       3.71633E-02       1.71110E-03       1.20678E-03       7.05268E-01       2.62101E-02       3.94537E-03
       3.80189E-02       3.98107E-02       3.89148E-02       1.79180E-03       1.26568E-03       7.06372E-01       2.74883E-02       5.21105E-03
       3.98107E-02       4.16869E-02       4.07488E-02       1.87620E-03       1.32746E-03       7.07526E-01       2.88308E-02       6.53851E-03
       4.16869E-02       4.36516E-02       4.26693E-02       1.96470E-03       1.39238E-03       7.08695E-01       3.02395E-02       7.93088E-03
       4.36516E-02       4.57088E-02       4.46802E-02       2.05720E-03       1.46058E-03       7.09987E-01       3.17224E-02       9.39147E-03
       4.57088E-02       4.78630E-02       4.67859E-02       2.15420E-03       1.53219E-03       7.11258E-01       3.32769E-02       1.09237E-02
       4.78630E-02       5.01187E-02       4.89908E-02       2.25570E-03       1.60739E-03       7.12590E-01       3.49104E-02       1.25310E-02
       5.01187E-02       5.24808E-02       5.12998E-02       2.36210E-03       1.68641E-03       7.13947E-01       3.66253E-02       1.42175E-02
       5.24808E-02       5.49541E-02       5.37174E-02       2.47330E-03       1.76938E-03       7.15394E-01       3.84291E-02       1.59868E-02
       5.49541E-02       5.75440E-02       5.62491E-02       2.58990E-03       1.85656E-03       7.16847E-01       4.03220E-02       1.78434E-02
       5.75440E-02       6.02560E-02       5.89000E-02       2.71200E-03       1.94822E-03       7.18371E-01       4.23121E-02       1.97916E-02
       6.02560E-02       6.30957E-02       6.16758E-02       2.83970E-03       2.04446E-03       7.19955E-01       4.44038E-02       2.18361E-02
       6.30957E-02       6.60693E-02       6.45825E-02       2.97360E-03       2.14560E-03       7.21549E-01       4.65995E-02       2.39817E-02
       6.60693E-02       6.91831E-02       6.76262E-02       3.11380E-03       2.25190E-03       7.23200E-01       4.89073E-02       2.62336E-02
       6.91831E-02       7.24436E-02       7.08134E-02       3.26050E-03       2.36361E-03       7.24922E-01       5.13341E-02       2.85972E-02
       7.24436E-02       7.58578E-02       7.41507E-02       3.41420E-03       2.48095E-03       7.26657E-01       5.38821E-02       3.10781E-02
       7.58578E-02       7.94328E-02       7.76453E-02       3.57500E-03       2.60433E-03       7.28485E-01       5.65634E-02       3.36825E-02
       7.94328E-02       8.31764E-02       8.13046E-02       3.74360E-03       2.73396E-03       7.30303E-01       5.93770E-02       3.64164E-02
       8.31764E-02       8.70964E-02       8.51364E-02       3.92000E-03       2.87015E-03       7.32180E-01       6.23352E-02       3.92866E-02
       8.70964E-02       9.12011E-02       8.91488E-02       4.10470E-03       3.01329E-03       7.34106E-01       6.54446E-02       4.22999E-02
       9.12011E-02       9.54993E-02       9.33502E-02       4.29820E-03       3.16370E-03       7.36054E-01       6.87108E-02       4.54636E-02
       9.54993E-02       1.00000E-01       9.77497E-02       4.50070E-03       3.32176E-03       7.38053E-01       7.21444E-02       4.87853E-02
       1.00000E-01       1.04713E-01       1.02357E-01       4.71300E-03       3.48787E-03       7.40052E-01       7.57492E-02       5.22732E-02
       1.04713E-01       1.09648E-01       1.07180E-01       4.93500E-03       3.66225E-03       7.42098E-01       7.95384E-02       5.59355E-02
       1.09648E-01       1.14815E-01       1.12231E-01       5.16700E-03       3.84560E-03       7.44261E-01       8.35295E-02       5.97810E-02
       1.14815E-01       1.20226E-01       1.17520E-01       5.41100E-03       4.03798E-03       7.46253E-01       8.77001E-02       6.38190E-02
       1.20226E-01       1.25892E-01       1.23059E-01       5.66600E-03       4.24018E-03       7.48354E-01       9.20918E-02       6.80592E-02
       1.25892E-01       1.31826E-01       1.28859E-01       5.93400E-03       4.45243E-03       7.50325E-01       9.66862E-02       7.25116E-02
       1.31826E-01       1.38038E-01       1.34932E-01       6.21200E-03       4.67513E-03       7.52596E-01       1.01549E-01       7.71868E-02
       1.38038E-01       1.44544E-01       1.41291E-01       6.50600E-03       4.90897E-03       7.54529E-01       1.06608E-01       8.20957E-02
       1.44544E-01       1.51356E-01       1.47950E-01       6.81200E-03       5.15411E-03       7.56622E-01       1.11942E-01       8.72498E-02
       1.51356E-01       1.58489E-01       1.54923E-01       7.13300E-03       5.41136E-03       7.58637E-01       1.17530E-01       9.26612E-02
       1.58489E-01       1.65959E-01       1.62224E-01       7.47000E-03       5.68100E-03       7.60508E-01       1.23373E-01       9.83422E-02
       1.65959E-01       1.73780E-01       1.69869E-01       7.82100E-03       5.96348E-03       7.62496E-01       1.29525E-01       1.04306E-01
       1.73780E-01       1.81970E-01       1.77875E-01       8.19000E-03       6.25939E-03       7.64273E-01       1.35945E-01       1.10565E-01
       1.81970E-01       1.90546E-01       1.86258E-01       8.57600E-03       6.56915E-03       7.65992E-01       1.42672E-01       1.17134E-01
       1.90546E-01       1.99526E-01       1.95036E-01       8.98000E-03       6.89318E-03       7.67614E-01       1.49712E-01       1.24027E-01
       1.99526E-01       2.08930E-01       2.04228E-01       9.40400E-03       7.23203E-03       7.69038E-01       1.57059E-01       1.31259E-01
       2.08930E-01       2.18776E-01       2.13853E-01       9.84600E-03       7.58612E-03       7.70478E-01       1.64769E-01       1.38846E-01
       2.18776E-01       2.29087E-01       2.23931E-01       1.03110E-02       7.95575E-03       7.71579E-01       1.72781E-01       1.46801E-01
       2.29087E-01       2.39883E-01       2.34485E-01       1.07960E-02       8.34141E-03       7.72639E-01       1.81172E-01       1.55143E-01
       2.39883E-01       2.51189E-01       2.45536E-01       1.13060E-02       8.74347E-03       7.73348E-01       1.89885E-01       1.63886E-01
       2.51189E-01       2.63027E-01       2.57108E-01       1.18380E-02       9.16228E-03       7.73972E-01       1.98994E-01       1.73048E-01
       2.63027E-01       2.75423E-01       2.69225E-01       1.23960E-02       9.59806E-03       7.74287E-01       2.08457E-01       1.82647E-01
       2.75423E-01       2.88403E-01       2.81913E-01       1.29800E-02       1.00512E-02       7.74357E-01       2.18301E-01       1.92698E-01
       2.88403E-01       3.01995E-01       2.95199E-01       1.35920E-02       1.05218E-02       7.74115E-01       2.28518E-01       2.03219E-01
       3.01995E-01       3.16228E-01       3.09112E-01       1.42330E-02       1.10102E-02       7.73569E-01       2.39119E-01       2.14230E-01
       3.16228E-01       3.31131E-01       3.23680E-01       1.49030E-02       1.15166E-02       7.72771E-01       2.50130E-01       2.25746E-01
       3.31131E-01       3.46737E-01       3.38934E-01       1.56060E-02       1.20414E-02       7.71588E-01       2.61517E-01       2.37788E-01
       3.46737E-01       3.63078E-01       3.54908E-01       1.63410E-02       1.25845E-02       7.70120E-01       2.73321E-01       2.50372E-01
       3.63078E-01       3.80189E-01       3.71633E-01       1.71110E-02       1.31465E-02       7.68308E-01       2.85529E-01       2.63519E-01
       3.80189E-01       3.98107E-01       3.89148E-01       1.79180E-02       1.37279E-02       7.66153E-01       2.98147E-01       2.77247E-01
       3.98107E-01       4.16869E-01       4.07488E-01       1.87620E-02       1.43291E-02       7.63727E-01       3.11210E-01       2.91576E-01
       4.16869E-01       4.36516E-01       4.26692E-01       1.96470E-02       1.49509E-02       7.60975E-01       3.24702E-01       3.06527E-01
       4.36516E-01       4.57088E-01       4.46802E-01       2.05720E-02       1.55946E-02       7.58051E-01       3.38699E-01       3.22121E-01
       4.57088E-01       4.78630E-01       4.67859E-01       2.15420E-02       1.62615E-02       7.54875E-01       3.53175E-01       3.38383E-01
       4.78630E-01       5.01187E-01       4.89909E-01       2.25570E-02       1.69538E-02       7.51597E-01       3.68214E-01       3.55336E-01
       5.01187E-01       5.24808E-01       5.12998E-01       2.36210E-02       1.76742E-02       7.48241E-01       3.83846E-01       3.73011E-01
       5.24808E-01       5.49541E-01       5.37174E-01       2.47330E-02       1.84260E-02       7.44995E-01       4.00192E-01       3.91437E-01
       5.49541E-01       5.75440E-01       5.62490E-01       2.58990E-02       1.92134E-02       7.41860E-01       4.17289E-01       4.10650E-01
       5.75440E-01       6.02560E-01       5.89000E-01       2.71200E-02       2.00424E-02       7.39025E-01       4.35286E-01       4.30692E-01
       6.02560E-01       6.30957E-01       6.16758E-01       2.83970E-02       2.09190E-02       7.36664E-01       4.54344E-01       4.51611E-01
       6.30957E-01       6.60693E-01       6.45825E-01       2.97360E-02       2.18516E-02       7.34853E-01       4.74586E-01       4.73463E-01
       6.60693E-01       6.91831E-01       6.76262E-01       3.11380E-02       2.28488E-02       7.33791E-01       4.96235E-01       4.96312E-01
       6.91831E-01       7.24436E-01       7.08133E-01       3.26050E-02       2.39210E-02       7.33659E-01       5.19529E-01       5.20233E-01
       7.24436E-01       7.58578E-01       7.41507E-01       3.41420E-02       2.50791E-02       7.34554E-01       5.44677E-01       5.45312E-01
       7.58578E-01       7.94328E-01       7.76453E-01       3.57500E-02       2.63345E-02       7.36629E-01       5.71958E-01       5.71646E-01
       7.94328E-01       8.31764E-01       8.13046E-01       3.74360E-02       2.76978E-02       7.39872E-01       6.01550E-01       5.99344E-01
       8.31764E-01       8.70964E-01       8.51364E-01       3.92000E-02       2.91771E-02       7.44315E-01       6.33683E-01       6.28521E-01
       8.70964E-01       9.12011E-01       8.91487E-01       4.10470E-02       3.07768E-02       7.49794E-01       6.68432E-01       6.59298E-01
       9.12011E-01       9.54993E-01       9.33502E-01       4.29820E-02       3.24941E-02       7.55993E-01       7.05721E-01       6.91792E-01
       9.54993E-01       1.00000E+00       9.77497E-01       4.50070E-02       3.43151E-02       7.62440E-01       7.45283E-01       7.26107E-01
       1.00000E+00       1.04713E+00       1.02357E+00       4.71300E-02       3.62117E-02       7.68337E-01       7.86443E-01       7.62319E-01
       1.04713E+00       1.09648E+00       1.07181E+00       4.93500E-02       3.81316E-02       7.72677E-01       8.28159E-01       8.00451E-01
       1.09648E+00       1.14815E+00       1.12231E+00       5.16700E-02       3.99997E-02       7.74139E-01       8.68827E-01       8.40450E-01
       1.14815E+00       1.20226E+00       1.17520E+00       5.41100E-02       4.16996E-02       7.70645E-01       9.05666E-01       8.82150E-01
       1.20226E+00       1.25892E+00       1.23059E+00       5.66600E-02       4.30816E-02       7.60352E-01       9.35682E-01       9.25232E-01
       1.25892E+00       1.31826E+00       1.28859E+00       5.93400E-02       4.39467E-02       7.40592E-01       9.54320E-01       9.69178E-01
       1.31826E+00       1.38038E+00       1.34932E+00       6.21200E-02       3.08216E-02       4.96163E-01       6.69482E-01       1.00000E+00

 Sum =                                                                         1.00000E+00
 Renormalization bin#   943 =                                                  5.90754E-03 barn        1.34000E+07        1.36000E+07        1.35000E+07
 Avg. Energy     bin#   943 =                                                  6.97171E-01 MeV         1.34000E+07        1.36000E+07
