"        MT=609 recoil spectrum "
" Initial neutron energy corresponds to the group:"
   1.48000E+01    1.50000E+01       0.00000E+00           788           875            88



          Low               High              Mid              Energy           Number             dn/de            E*dn/de          Cumulative
         Energy            Energy            Energy             Width          Fraction                               Sum   
         [MeV]             [MeV]             [MeV]              [MeV]

       2.75423E-02       2.88403E-02       2.81913E-02       1.29800E-03       0.00000E+00       0.00000E+00       0.00000E+00       0.00000E+00
       2.88403E-02       3.01995E-02       2.95199E-02       1.35920E-03       1.41654E-04       1.04218E-01       3.07652E-03       1.41654E-04
       3.01995E-02       3.16228E-02       3.09112E-02       1.42330E-03       7.99343E-04       5.61612E-01       1.73601E-02       9.40996E-04
       3.16228E-02       3.31131E-02       3.23680E-02       1.49030E-03       8.38836E-04       5.62863E-01       1.82187E-02       1.77983E-03
       3.31131E-02       3.46737E-02       3.38934E-02       1.56060E-03       8.79159E-04       5.63348E-01       1.90938E-02       2.65899E-03
       3.46737E-02       3.63078E-02       3.54908E-02       1.63410E-03       9.21406E-04       5.63861E-01       2.00119E-02       3.58040E-03
       3.63078E-02       3.80189E-02       3.71633E-02       1.71110E-03       9.65756E-04       5.64407E-01       2.09753E-02       4.54615E-03
       3.80189E-02       3.98107E-02       3.89148E-02       1.79180E-03       1.01228E-03       5.64952E-01       2.19850E-02       5.55843E-03
       3.98107E-02       4.16869E-02       4.07488E-02       1.87620E-03       1.06113E-03       5.65575E-01       2.30465E-02       6.61957E-03
       4.16869E-02       4.36516E-02       4.26693E-02       1.96470E-03       1.11231E-03       5.66148E-01       2.41571E-02       7.73188E-03
       4.36516E-02       4.57088E-02       4.46802E-02       2.05720E-03       1.16614E-03       5.66859E-01       2.53274E-02       8.89802E-03
       4.57088E-02       4.78630E-02       4.67859E-02       2.15420E-03       1.22255E-03       5.67519E-01       2.65519E-02       1.01206E-02
       4.78630E-02       5.01187E-02       4.89908E-02       2.25570E-03       1.28181E-03       5.68252E-01       2.78392E-02       1.14024E-02
       5.01187E-02       5.24808E-02       5.12998E-02       2.36210E-03       1.34404E-03       5.69003E-01       2.91897E-02       1.27464E-02
       5.24808E-02       5.49541E-02       5.37174E-02       2.47330E-03       1.40933E-03       5.69817E-01       3.06091E-02       1.41557E-02
       5.49541E-02       5.75440E-02       5.62491E-02       2.58990E-03       1.47789E-03       5.70636E-01       3.20978E-02       1.56336E-02
       5.75440E-02       6.02560E-02       5.89000E-02       2.71200E-03       1.54996E-03       5.71519E-01       3.36625E-02       1.71836E-02
       6.02560E-02       6.30957E-02       6.16758E-02       2.83970E-03       1.62565E-03       5.72473E-01       3.53078E-02       1.88092E-02
       6.30957E-02       6.60693E-02       6.45825E-02       2.97360E-03       1.70512E-03       5.73420E-01       3.70329E-02       2.05144E-02
       6.60693E-02       6.91831E-02       6.76262E-02       3.11380E-03       1.78872E-03       5.74448E-01       3.88477E-02       2.23031E-02
       6.91831E-02       7.24436E-02       7.08134E-02       3.26050E-03       1.87649E-03       5.75523E-01       4.07547E-02       2.41796E-02
       7.24436E-02       7.58578E-02       7.41507E-02       3.41420E-03       1.96879E-03       5.76650E-01       4.27590E-02       2.61484E-02
       7.58578E-02       7.94328E-02       7.76453E-02       3.57500E-03       2.06580E-03       5.77847E-01       4.48671E-02       2.82142E-02
       7.94328E-02       8.31764E-02       8.13046E-02       3.74360E-03       2.16784E-03       5.79077E-01       4.70817E-02       3.03820E-02
       8.31764E-02       8.70964E-02       8.51364E-02       3.92000E-03       2.27508E-03       5.80378E-01       4.94113E-02       3.26571E-02
       8.70964E-02       9.12011E-02       8.91488E-02       4.10470E-03       2.38794E-03       5.81757E-01       5.18629E-02       3.50450E-02
       9.12011E-02       9.54993E-02       9.33502E-02       4.29820E-03       2.50668E-03       5.83193E-01       5.44411E-02       3.75517E-02
       9.54993E-02       1.00000E-01       9.77497E-02       4.50070E-03       2.63159E-03       5.84705E-01       5.71547E-02       4.01833E-02
       1.00000E-01       1.04713E-01       1.02357E-01       4.71300E-03       2.76312E-03       5.86276E-01       6.00091E-02       4.29464E-02
       1.04713E-01       1.09648E-01       1.07180E-01       4.93500E-03       2.90145E-03       5.87933E-01       6.30149E-02       4.58479E-02
       1.09648E-01       1.14815E-01       1.12231E-01       5.16700E-03       3.04728E-03       5.89758E-01       6.61894E-02       4.88951E-02
       1.14815E-01       1.20226E-01       1.17520E-01       5.41100E-03       3.20067E-03       5.91512E-01       6.95148E-02       5.20958E-02
       1.20226E-01       1.25892E-01       1.23059E-01       5.66600E-03       3.36235E-03       5.93425E-01       7.30263E-02       5.54582E-02
       1.25892E-01       1.31826E-01       1.28859E-01       5.93400E-03       3.53271E-03       5.95333E-01       7.67140E-02       5.89909E-02
       1.31826E-01       1.38038E-01       1.34932E-01       6.21200E-03       3.71209E-03       5.97568E-01       8.06310E-02       6.27030E-02
       1.38038E-01       1.44544E-01       1.41291E-01       6.50600E-03       3.90124E-03       5.99637E-01       8.47234E-02       6.66042E-02
       1.44544E-01       1.51356E-01       1.47950E-01       6.81200E-03       4.10060E-03       6.01967E-01       8.90611E-02       7.07048E-02
       1.51356E-01       1.58489E-01       1.54923E-01       7.13300E-03       4.31085E-03       6.04353E-01       9.36279E-02       7.50156E-02
       1.58489E-01       1.65959E-01       1.62224E-01       7.47000E-03       4.53250E-03       6.06760E-01       9.84311E-02       7.95482E-02
       1.65959E-01       1.73780E-01       1.69869E-01       7.82100E-03       4.76629E-03       6.09423E-01       1.03522E-01       8.43144E-02
       1.73780E-01       1.81970E-01       1.77875E-01       8.19000E-03       5.01292E-03       6.12079E-01       1.08873E-01       8.93274E-02
       1.81970E-01       1.90546E-01       1.86258E-01       8.57600E-03       5.27311E-03       6.14869E-01       1.14524E-01       9.46005E-02
       1.90546E-01       1.99526E-01       1.95036E-01       8.98000E-03       5.54758E-03       6.17770E-01       1.20487E-01       1.00148E-01
       1.99526E-01       2.08930E-01       2.04228E-01       9.40400E-03       5.83731E-03       6.20726E-01       1.26770E-01       1.05985E-01
       2.08930E-01       2.18776E-01       2.13853E-01       9.84600E-03       6.14295E-03       6.23903E-01       1.33423E-01       1.12128E-01
       2.18776E-01       2.29087E-01       2.23931E-01       1.03110E-02       6.46551E-03       6.27050E-01       1.40416E-01       1.18594E-01
       2.29087E-01       2.39883E-01       2.34485E-01       1.07960E-02       6.80592E-03       6.30411E-01       1.47822E-01       1.25400E-01
       2.39883E-01       2.51189E-01       2.45536E-01       1.13060E-02       7.16514E-03       6.33747E-01       1.55608E-01       1.32565E-01
       2.51189E-01       2.63027E-01       2.57108E-01       1.18380E-02       7.54425E-03       6.37291E-01       1.63853E-01       1.40109E-01
       2.63027E-01       2.75423E-01       2.69225E-01       1.23960E-02       7.94418E-03       6.40866E-01       1.72537E-01       1.48053E-01
       2.75423E-01       2.88403E-01       2.81913E-01       1.29800E-02       8.36602E-03       6.44532E-01       1.81702E-01       1.56419E-01
       2.88403E-01       3.01995E-01       2.95199E-01       1.35920E-02       8.81094E-03       6.48245E-01       1.91361E-01       1.65230E-01
       3.01995E-01       3.16228E-01       3.09112E-01       1.42330E-02       9.28014E-03       6.52016E-01       2.01546E-01       1.74510E-01
       3.16228E-01       3.31131E-01       3.23680E-01       1.49030E-02       9.77459E-03       6.55881E-01       2.12295E-01       1.84285E-01
       3.31131E-01       3.46737E-01       3.38934E-01       1.56060E-02       1.02958E-02       6.59732E-01       2.23606E-01       1.94581E-01
       3.46737E-01       3.63078E-01       3.54908E-01       1.63410E-02       1.08446E-02       6.63642E-01       2.35532E-01       2.05425E-01
       3.63078E-01       3.80189E-01       3.71633E-01       1.71110E-02       1.14223E-02       6.67540E-01       2.48080E-01       2.16848E-01
       3.80189E-01       3.98107E-01       3.89148E-01       1.79180E-02       1.20302E-02       6.71402E-01       2.61275E-01       2.28878E-01
       3.98107E-01       4.16869E-01       4.07488E-01       1.87620E-02       1.26693E-02       6.75263E-01       2.75162E-01       2.41547E-01
       4.16869E-01       4.36516E-01       4.26692E-01       1.96470E-02       1.33408E-02       6.79027E-01       2.89736E-01       2.54888E-01
       4.36516E-01       4.57088E-01       4.46802E-01       2.05720E-02       1.40460E-02       6.82771E-01       3.05063E-01       2.68934E-01
       4.57088E-01       4.78630E-01       4.67859E-01       2.15420E-02       1.47856E-02       6.86363E-01       3.21121E-01       2.83720E-01
       4.78630E-01       5.01187E-01       4.89909E-01       2.25570E-02       1.55609E-02       6.89849E-01       3.37963E-01       2.99280E-01
       5.01187E-01       5.24808E-01       5.12998E-01       2.36210E-02       1.63729E-02       6.93150E-01       3.55584E-01       3.15653E-01
       5.24808E-01       5.49541E-01       5.37174E-01       2.47330E-02       1.72220E-02       6.96317E-01       3.74044E-01       3.32875E-01
       5.49541E-01       5.75440E-01       5.62490E-01       2.58990E-02       1.81093E-02       6.99230E-01       3.93310E-01       3.50985E-01
       5.75440E-01       6.02560E-01       5.89000E-01       2.71200E-02       1.90356E-02       7.01901E-01       4.13420E-01       3.70020E-01
       6.02560E-01       6.30957E-01       6.16758E-01       2.83970E-02       2.00008E-02       7.04329E-01       4.34401E-01       3.90021E-01
       6.30957E-01       6.60693E-01       6.45825E-01       2.97360E-02       2.10057E-02       7.06405E-01       4.56214E-01       4.11027E-01
       6.60693E-01       6.91831E-01       6.76262E-01       3.11380E-02       2.20499E-02       7.08135E-01       4.78885E-01       4.33077E-01
       6.91831E-01       7.24436E-01       7.08133E-01       3.26050E-02       2.31331E-02       7.09495E-01       5.02417E-01       4.56210E-01
       7.24436E-01       7.58578E-01       7.41507E-01       3.41420E-02       2.42545E-02       7.10399E-01       5.26766E-01       4.80464E-01
       7.58578E-01       7.94328E-01       7.76453E-01       3.57500E-02       2.54124E-02       7.10837E-01       5.51931E-01       5.05877E-01
       7.94328E-01       8.31764E-01       8.13046E-01       3.74360E-02       2.66045E-02       7.10666E-01       5.77804E-01       5.32481E-01
       8.31764E-01       8.70964E-01       8.51364E-01       3.92000E-02       2.78271E-02       7.09875E-01       6.04362E-01       5.60308E-01
       8.70964E-01       9.12011E-01       8.91487E-01       4.10470E-02       2.90749E-02       7.08331E-01       6.31468E-01       5.89383E-01
       9.12011E-01       9.54993E-01       9.33502E-01       4.29820E-02       3.03399E-02       7.05874E-01       6.58935E-01       6.19723E-01
       9.54993E-01       1.00000E+00       9.77497E-01       4.50070E-02       3.16119E-02       7.02377E-01       6.86571E-01       6.51335E-01
       1.00000E+00       1.04713E+00       1.02357E+00       4.71300E-02       3.28769E-02       6.97579E-01       7.14018E-01       6.84212E-01
       1.04713E+00       1.09648E+00       1.07181E+00       4.93500E-02       3.41148E-02       6.91282E-01       7.40920E-01       7.18327E-01
       1.09648E+00       1.14815E+00       1.12231E+00       5.16700E-02       3.53046E-02       6.83271E-01       7.66846E-01       7.53631E-01
       1.14815E+00       1.20226E+00       1.17520E+00       5.41100E-02       3.64137E-02       6.72956E-01       7.90862E-01       7.90045E-01
       1.20226E+00       1.25892E+00       1.23059E+00       5.66600E-02       3.74116E-02       6.60282E-01       8.12537E-01       8.27456E-01
       1.25892E+00       1.31826E+00       1.28859E+00       5.93400E-02       3.82612E-02       6.44778E-01       8.30855E-01       8.65718E-01
       1.31826E+00       1.38038E+00       1.34932E+00       6.21200E-02       3.89303E-02       6.26694E-01       8.45611E-01       9.04648E-01
       1.38038E+00       1.44544E+00       1.41291E+00       6.50600E-02       3.94066E-02       6.05696E-01       8.55793E-01       9.44054E-01
       1.44544E+00       1.51356E+00       1.47950E+00       6.81200E-02       3.97118E-02       5.82968E-01       8.62502E-01       9.83766E-01
       1.51356E+00       1.58489E+00       1.54923E+00       7.13300E-02       1.62335E-02       2.27583E-01       3.52578E-01       1.00000E+00

 Sum =                                                                         1.00000E+00
 Renormalization bin#   950 =                                                  4.45522E-03 barn        1.48000E+07        1.50000E+07        1.49000E+07
 Avg. Energy     bin#   950 =                                                  7.86453E-01 MeV         1.48000E+07        1.50000E+07
