"        MT=613 recoil spectrum "
" Initial neutron energy corresponds to the group:"
   1.96000E+01    1.98000E+01       0.00000E+00           786           882            97



          Low               High              Mid              Energy           Number             dn/de            E*dn/de          Cumulative
         Energy            Energy            Energy             Width          Fraction                               Sum   
         [MeV]             [MeV]             [MeV]              [MeV]

       2.51189E-02       2.63027E-02       2.57108E-02       1.18380E-03       0.00000E+00       0.00000E+00       0.00000E+00       0.00000E+00
       2.63027E-02       2.75423E-02       2.69225E-02       1.23960E-03       1.91246E-04       1.54281E-01       4.15362E-03       1.91246E-04
       2.75423E-02       2.88403E-02       2.81913E-02       1.29800E-03       4.95683E-04       3.81882E-01       1.07658E-02       6.86929E-04
       2.88403E-02       3.01995E-02       2.95199E-02       1.35920E-03       5.19346E-04       3.82097E-01       1.12795E-02       1.20628E-03
       3.01995E-02       3.16228E-02       3.09112E-02       1.42330E-03       5.44159E-04       3.82322E-01       1.18180E-02       1.75043E-03
       3.16228E-02       3.31131E-02       3.23680E-02       1.49030E-03       5.70134E-04       3.82563E-01       1.23828E-02       2.32057E-03
       3.31131E-02       3.46737E-02       3.38934E-02       1.56060E-03       5.97422E-04       3.82816E-01       1.29750E-02       2.91799E-03
       3.46737E-02       3.63078E-02       3.54908E-02       1.63410E-03       6.26023E-04       3.83099E-01       1.35965E-02       3.54401E-03
       3.63078E-02       3.80189E-02       3.71633E-02       1.71110E-03       6.55999E-04       3.83379E-01       1.42476E-02       4.20001E-03
       3.80189E-02       3.98107E-02       3.89148E-02       1.79180E-03       6.87449E-04       3.83664E-01       1.49302E-02       4.88746E-03
       3.98107E-02       4.16869E-02       4.07488E-02       1.87620E-03       7.20427E-04       3.83982E-01       1.56468E-02       5.60789E-03
       4.16869E-02       4.36516E-02       4.26693E-02       1.96470E-03       7.54988E-04       3.84276E-01       1.63968E-02       6.36288E-03
       4.36516E-02       4.57088E-02       4.46802E-02       2.05720E-03       7.91260E-04       3.84630E-01       1.71853E-02       7.15414E-03
       4.57088E-02       4.78630E-02       4.67859E-02       2.15420E-03       8.29313E-04       3.84975E-01       1.80114E-02       7.98345E-03
       4.78630E-02       5.01187E-02       4.89908E-02       2.25570E-03       8.69251E-04       3.85358E-01       1.88790E-02       8.85270E-03
       5.01187E-02       5.24808E-02       5.12998E-02       2.36210E-03       9.11130E-04       3.85728E-01       1.97878E-02       9.76383E-03
       5.24808E-02       5.49541E-02       5.37174E-02       2.47330E-03       9.55067E-04       3.86151E-01       2.07430E-02       1.07189E-02
       5.49541E-02       5.75440E-02       5.62491E-02       2.58990E-03       1.00118E-03       3.86572E-01       2.17443E-02       1.17201E-02
       5.75440E-02       6.02560E-02       5.89000E-02       2.71200E-03       1.04958E-03       3.87012E-01       2.27950E-02       1.27697E-02
       6.02560E-02       6.30957E-02       6.16758E-02       2.83970E-03       1.10037E-03       3.87496E-01       2.38992E-02       1.38700E-02
       6.30957E-02       6.60693E-02       6.45825E-02       2.97360E-03       1.15369E-03       3.87979E-01       2.50566E-02       1.50237E-02
       6.60693E-02       6.91831E-02       6.76262E-02       3.11380E-03       1.20968E-03       3.88490E-01       2.62721E-02       1.62334E-02
       6.91831E-02       7.24436E-02       7.08134E-02       3.26050E-03       1.26846E-03       3.89037E-01       2.75490E-02       1.75019E-02
       7.24436E-02       7.58578E-02       7.41507E-02       3.41420E-03       1.33019E-03       3.89604E-01       2.88894E-02       1.88320E-02
       7.58578E-02       7.94328E-02       7.76453E-02       3.57500E-03       1.39500E-03       3.90209E-01       3.02979E-02       2.02270E-02
       7.94328E-02       8.31764E-02       8.13046E-02       3.74360E-03       1.46308E-03       3.90820E-01       3.17755E-02       2.16901E-02
       8.31764E-02       8.70964E-02       8.51364E-02       3.92000E-03       1.53459E-03       3.91477E-01       3.33290E-02       2.32247E-02
       8.70964E-02       9.12011E-02       8.91488E-02       4.10470E-03       1.60975E-03       3.92172E-01       3.49617E-02       2.48345E-02
       9.12011E-02       9.54993E-02       9.33502E-02       4.29820E-03       1.68870E-03       3.92886E-01       3.66760E-02       2.65232E-02
       9.54993E-02       1.00000E-01       9.77497E-02       4.50070E-03       1.77171E-03       3.93651E-01       3.84793E-02       2.82949E-02
       1.00000E-01       1.04713E-01       1.02357E-01       4.71300E-03       1.85901E-03       3.94443E-01       4.03739E-02       3.01539E-02
       1.04713E-01       1.09648E-01       1.07180E-01       4.93500E-03       1.95068E-03       3.95275E-01       4.23658E-02       3.21046E-02
       1.09648E-01       1.14815E-01       1.12231E-01       5.16700E-03       2.04723E-03       3.96212E-01       4.44674E-02       3.41518E-02
       1.14815E-01       1.20226E-01       1.17520E-01       5.41100E-03       2.14864E-03       3.97088E-01       4.66659E-02       3.63004E-02
       1.20226E-01       1.25892E-01       1.23059E-01       5.66600E-03       2.25544E-03       3.98066E-01       4.89856E-02       3.85559E-02
       1.25892E-01       1.31826E-01       1.28859E-01       5.93400E-03       2.36781E-03       3.99024E-01       5.14178E-02       4.09237E-02
       1.31826E-01       1.38038E-01       1.34932E-01       6.21200E-03       2.48605E-03       4.00201E-01       5.39999E-02       4.34097E-02
       1.38038E-01       1.44544E-01       1.41291E-01       6.50600E-03       2.61056E-03       4.01255E-01       5.66937E-02       4.60203E-02
       1.44544E-01       1.51356E-01       1.47950E-01       6.81200E-03       2.74165E-03       4.02474E-01       5.95460E-02       4.87620E-02
       1.51356E-01       1.58489E-01       1.54923E-01       7.13300E-03       2.87975E-03       4.03722E-01       6.25457E-02       5.16417E-02
       1.58489E-01       1.65959E-01       1.62224E-01       7.47000E-03       3.02529E-03       4.04992E-01       6.56995E-02       5.46670E-02
       1.65959E-01       1.73780E-01       1.69869E-01       7.82100E-03       3.17867E-03       4.06428E-01       6.90397E-02       5.78457E-02
       1.73780E-01       1.81970E-01       1.77875E-01       8.19000E-03       3.34040E-03       4.07863E-01       7.25487E-02       6.11861E-02
       1.81970E-01       1.90546E-01       1.86258E-01       8.57600E-03       3.51091E-03       4.09387E-01       7.62517E-02       6.46970E-02
       1.90546E-01       1.99526E-01       1.95036E-01       8.98000E-03       3.69082E-03       4.11005E-01       8.01607E-02       6.83878E-02
       1.99526E-01       2.08930E-01       2.04228E-01       9.40400E-03       3.88073E-03       4.12667E-01       8.42783E-02       7.22685E-02
       2.08930E-01       2.18776E-01       2.13853E-01       9.84600E-03       4.08123E-03       4.14506E-01       8.86434E-02       7.63498E-02
       2.18776E-01       2.29087E-01       2.23931E-01       1.03110E-02       4.29296E-03       4.16347E-01       9.32333E-02       8.06427E-02
       2.29087E-01       2.39883E-01       2.34485E-01       1.07960E-02       4.51660E-03       4.18359E-01       9.80989E-02       8.51593E-02
       2.39883E-01       2.51189E-01       2.45536E-01       1.13060E-02       4.75304E-03       4.20400E-01       1.03223E-01       8.99124E-02
       2.51189E-01       2.63027E-01       2.57108E-01       1.18380E-02       5.00312E-03       4.22633E-01       1.08662E-01       9.49155E-02
       2.63027E-01       2.75423E-01       2.69225E-01       1.23960E-02       5.26756E-03       4.24940E-01       1.14404E-01       1.00183E-01
       2.75423E-01       2.88403E-01       2.81913E-01       1.29800E-02       5.54743E-03       4.27383E-01       1.20485E-01       1.05730E-01
       2.88403E-01       3.01995E-01       2.95199E-01       1.35920E-02       5.84369E-03       4.29936E-01       1.26917E-01       1.11574E-01
       3.01995E-01       3.16228E-01       3.09112E-01       1.42330E-02       6.15756E-03       4.32626E-01       1.33730E-01       1.17732E-01
       3.16228E-01       3.31131E-01       3.23680E-01       1.49030E-02       6.49006E-03       4.35487E-01       1.40958E-01       1.24222E-01
       3.31131E-01       3.46737E-01       3.38934E-01       1.56060E-02       6.84255E-03       4.38456E-01       1.48608E-01       1.31064E-01
       3.46737E-01       3.63078E-01       3.54908E-01       1.63410E-02       7.21630E-03       4.41607E-01       1.56730E-01       1.38281E-01
       3.63078E-01       3.80189E-01       3.71633E-01       1.71110E-02       7.61269E-03       4.44900E-01       1.65340E-01       1.45893E-01
       3.80189E-01       3.98107E-01       3.89148E-01       1.79180E-02       8.03342E-03       4.48344E-01       1.74472E-01       1.53927E-01
       3.98107E-01       4.16869E-01       4.07488E-01       1.87620E-02       8.47982E-03       4.51968E-01       1.84171E-01       1.62407E-01
       4.16869E-01       4.36516E-01       4.26692E-01       1.96470E-02       8.95383E-03       4.55735E-01       1.94459E-01       1.71360E-01
       4.36516E-01       4.57088E-01       4.46802E-01       2.05720E-02       9.45712E-03       4.59708E-01       2.05399E-01       1.80818E-01
       4.57088E-01       4.78630E-01       4.67859E-01       2.15420E-02       9.99150E-03       4.63815E-01       2.17000E-01       1.90809E-01
       4.78630E-01       5.01187E-01       4.89909E-01       2.25570E-02       1.05589E-02       4.68097E-01       2.29325E-01       2.01368E-01
       5.01187E-01       5.24808E-01       5.12998E-01       2.36210E-02       1.11613E-02       4.72517E-01       2.42400E-01       2.12529E-01
       5.24808E-01       5.49541E-01       5.37174E-01       2.47330E-02       1.18006E-02       4.77120E-01       2.56297E-01       2.24330E-01
       5.49541E-01       5.75440E-01       5.62490E-01       2.58990E-02       1.24788E-02       4.81827E-01       2.71023E-01       2.36809E-01
       5.75440E-01       6.02560E-01       5.89000E-01       2.71200E-02       1.31980E-02       4.86652E-01       2.86638E-01       2.50007E-01
       6.02560E-01       6.30957E-01       6.16758E-01       2.83970E-02       1.39596E-02       4.91588E-01       3.03191E-01       2.63966E-01
       6.30957E-01       6.60693E-01       6.45825E-01       2.97360E-02       1.47656E-02       4.96557E-01       3.20689E-01       2.78732E-01
       6.60693E-01       6.91831E-01       6.76262E-01       3.11380E-02       1.56172E-02       5.01549E-01       3.39179E-01       2.94349E-01
       6.91831E-01       7.24436E-01       7.08133E-01       3.26050E-02       1.65154E-02       5.06529E-01       3.58690E-01       3.10865E-01
       7.24436E-01       7.58578E-01       7.41507E-01       3.41420E-02       1.74608E-02       5.11416E-01       3.79219E-01       3.28325E-01
       7.58578E-01       7.94328E-01       7.76453E-01       3.57500E-02       1.84532E-02       5.16174E-01       4.00785E-01       3.46779E-01
       7.94328E-01       8.31764E-01       8.13046E-01       3.74360E-02       1.94920E-02       5.20674E-01       4.23332E-01       3.66271E-01
       8.31764E-01       8.70964E-01       8.51364E-01       3.92000E-02       2.05749E-02       5.24870E-01       4.46856E-01       3.86845E-01
       8.70964E-01       9.12011E-01       8.91487E-01       4.10470E-02       2.16994E-02       5.28647E-01       4.71283E-01       4.08545E-01
       9.12011E-01       9.54993E-01       9.33502E-01       4.29820E-02       2.28610E-02       5.31874E-01       4.96506E-01       4.31406E-01
       9.54993E-01       1.00000E+00       9.77497E-01       4.50070E-02       2.40535E-02       5.34439E-01       5.22413E-01       4.55459E-01
       1.00000E+00       1.04713E+00       1.02357E+00       4.71300E-02       2.52698E-02       5.36173E-01       5.48807E-01       4.80729E-01
       1.04713E+00       1.09648E+00       1.07181E+00       4.93500E-02       2.64988E-02       5.36957E-01       5.75513E-01       5.07228E-01
       1.09648E+00       1.14815E+00       1.12231E+00       5.16700E-02       2.77310E-02       5.36695E-01       6.02341E-01       5.34959E-01
       1.14815E+00       1.20226E+00       1.17520E+00       5.41100E-02       2.89498E-02       5.35018E-01       6.28756E-01       5.63909E-01
       1.20226E+00       1.25892E+00       1.23059E+00       5.66600E-02       3.01421E-02       5.31983E-01       6.54653E-01       5.94051E-01
       1.25892E+00       1.31826E+00       1.28859E+00       5.93400E-02       3.12891E-02       5.27285E-01       6.79454E-01       6.25340E-01
       1.31826E+00       1.38038E+00       1.34932E+00       6.21200E-02       3.23715E-02       5.21112E-01       7.03147E-01       6.57712E-01
       1.38038E+00       1.44544E+00       1.41291E+00       6.50600E-02       3.33729E-02       5.12956E-01       7.24761E-01       6.91085E-01
       1.44544E+00       1.51356E+00       1.47950E+00       6.81200E-02       3.42739E-02       5.03140E-01       7.44396E-01       7.25358E-01
       1.51356E+00       1.58489E+00       1.54923E+00       7.13300E-02       3.50621E-02       4.91548E-01       7.61518E-01       7.60421E-01
       1.58489E+00       1.65959E+00       1.62224E+00       7.47000E-02       3.57271E-02       4.78275E-01       7.75876E-01       7.96148E-01
       1.65959E+00       1.73780E+00       1.69869E+00       7.82100E-02       3.62671E-02       4.63714E-01       7.87708E-01       8.32415E-01
       1.73780E+00       1.81970E+00       1.77875E+00       8.19000E-02       3.66892E-02       4.47975E-01       7.96836E-01       8.69104E-01
       1.81970E+00       1.90546E+00       1.86258E+00       8.57600E-02       3.70103E-02       4.31557E-01       8.03809E-01       9.06114E-01
       1.90546E+00       1.99526E+00       1.95036E+00       8.98000E-02       3.72543E-02       4.14859E-01       8.09124E-01       9.43369E-01
       1.99526E+00       2.08930E+00       2.04228E+00       9.40400E-02       3.74460E-02       3.98192E-01       8.13220E-01       9.80815E-01
       2.08930E+00       2.18776E+00       2.13853E+00       9.84600E-02       1.91854E-02       1.94854E-01       4.16702E-01       1.00000E+00

 Sum =                                                                         1.00000E+00
 Renormalization bin#   974 =                                                  1.43773E-03 barn        1.96000E+07        1.98000E+07        1.97000E+07
 Avg. Energy     bin#   974 =                                                  1.08356E+00 MeV         1.96000E+07        1.98000E+07
