"        MT=600 recoil spectrum "
" Initial neutron energy corresponds to the group:"
   8.40000E+00    8.60000E+00       0.00000E+00           781           862            82



          Low               High              Mid              Energy           Number             dn/de            E*dn/de          Cumulative
         Energy            Energy            Energy             Width          Fraction                               Sum   
         [MeV]             [MeV]             [MeV]              [MeV]

       1.99526E-02       2.08930E-02       2.04228E-02       9.40400E-04       0.00000E+00       0.00000E+00       0.00000E+00       0.00000E+00
       2.08930E-02       2.18776E-02       2.13853E-02       9.84600E-04       4.21370E-04       4.27961E-01       9.15207E-03       4.21370E-04
       2.18776E-02       2.29087E-02       2.23931E-02       1.03110E-03       1.10538E-03       1.07204E+00       2.40063E-02       1.52675E-03
       2.29087E-02       2.39883E-02       2.34485E-02       1.07960E-03       1.15866E-03       1.07323E+00       2.51656E-02       2.68541E-03
       2.39883E-02       2.51189E-02       2.45536E-02       1.13060E-03       1.21457E-03       1.07427E+00       2.63771E-02       3.89997E-03
       2.51189E-02       2.63027E-02       2.57108E-02       1.18380E-03       1.27325E-03       1.07556E+00       2.76536E-02       5.17322E-03
       2.63027E-02       2.75423E-02       2.69225E-02       1.23960E-03       1.33483E-03       1.07682E+00       2.89906E-02       6.50805E-03
       2.75423E-02       2.88403E-02       2.81913E-02       1.29800E-03       1.39945E-03       1.07816E+00       3.03947E-02       7.90750E-03
       2.88403E-02       3.01995E-02       2.95199E-02       1.35920E-03       1.46728E-03       1.07952E+00       3.18672E-02       9.37478E-03
       3.01995E-02       3.16228E-02       3.09112E-02       1.42330E-03       1.53848E-03       1.08092E+00       3.34125E-02       1.09133E-02
       3.16228E-02       3.31131E-02       3.23680E-02       1.49030E-03       1.61322E-03       1.08248E+00       3.50377E-02       1.25265E-02
       3.31131E-02       3.46737E-02       3.38934E-02       1.56060E-03       1.69173E-03       1.08403E+00       3.67414E-02       1.42182E-02
       3.46737E-02       3.63078E-02       3.54908E-02       1.63410E-03       1.77414E-03       1.08570E+00       3.85323E-02       1.59924E-02
       3.63078E-02       3.80189E-02       3.71633E-02       1.71110E-03       1.86068E-03       1.08742E+00       4.04121E-02       1.78530E-02
       3.80189E-02       3.98107E-02       3.89148E-02       1.79180E-03       1.95159E-03       1.08918E+00       4.23851E-02       1.98046E-02
       3.98107E-02       4.16869E-02       4.07488E-02       1.87620E-03       2.04708E-03       1.09108E+00       4.44600E-02       2.18517E-02
       4.16869E-02       4.36516E-02       4.26693E-02       1.96470E-03       2.14738E-03       1.09298E+00       4.66366E-02       2.39991E-02
       4.36516E-02       4.57088E-02       4.46802E-02       2.05720E-03       2.25276E-03       1.09506E+00       4.89275E-02       2.62518E-02
       4.57088E-02       4.78630E-02       4.67859E-02       2.15420E-03       2.36351E-03       1.09717E+00       5.13319E-02       2.86153E-02
       4.78630E-02       5.01187E-02       4.89908E-02       2.25570E-03       2.47988E-03       1.09938E+00       5.38597E-02       3.10952E-02
       5.01187E-02       5.24808E-02       5.12998E-02       2.36210E-03       2.60220E-03       1.10165E+00       5.65141E-02       3.36974E-02
       5.24808E-02       5.49541E-02       5.37174E-02       2.47330E-03       2.73077E-03       1.10410E+00       5.93094E-02       3.64282E-02
       5.49541E-02       5.75440E-02       5.62491E-02       2.58990E-03       2.86592E-03       1.10658E+00       6.22439E-02       3.92941E-02
       5.75440E-02       6.02560E-02       5.89000E-02       2.71200E-03       3.00803E-03       1.10916E+00       6.53293E-02       4.23021E-02
       6.02560E-02       6.30957E-02       6.16758E-02       2.83970E-03       3.15745E-03       1.11190E+00       6.85771E-02       4.54596E-02
       6.30957E-02       6.60693E-02       6.45825E-02       2.97360E-03       3.31461E-03       1.11468E+00       7.19889E-02       4.87742E-02
       6.60693E-02       6.91831E-02       6.76262E-02       3.11380E-03       3.47988E-03       1.11756E+00       7.55766E-02       5.22541E-02
       6.91831E-02       7.24436E-02       7.08134E-02       3.26050E-03       3.65373E-03       1.12061E+00       7.93538E-02       5.59078E-02
       7.24436E-02       7.58578E-02       7.41507E-02       3.41420E-03       3.83660E-03       1.12372E+00       8.33247E-02       5.97444E-02
       7.58578E-02       7.94328E-02       7.76453E-02       3.57500E-03       4.02902E-03       1.12700E+00       8.75062E-02       6.37734E-02
       7.94328E-02       8.31764E-02       8.13046E-02       3.74360E-03       4.23149E-03       1.13033E+00       9.19008E-02       6.80049E-02
       8.31764E-02       8.70964E-02       8.51364E-02       3.92000E-03       4.44451E-03       1.13380E+00       9.65280E-02       7.24494E-02
       8.70964E-02       9.12011E-02       8.91488E-02       4.10470E-03       4.66870E-03       1.13740E+00       1.01398E-01       7.71181E-02
       9.12011E-02       9.54993E-02       9.33502E-02       4.29820E-03       4.90465E-03       1.14109E+00       1.06521E-01       8.20228E-02
       9.54993E-02       1.00000E-01       9.77497E-02       4.50070E-03       5.15296E-03       1.14492E+00       1.11916E-01       8.71757E-02
       1.00000E-01       1.04713E-01       1.02357E-01       4.71300E-03       5.41436E-03       1.14881E+00       1.17589E-01       9.25901E-02
       1.04713E-01       1.09648E-01       1.07180E-01       4.93500E-03       5.68930E-03       1.15285E+00       1.23563E-01       9.82794E-02
       1.09648E-01       1.14815E-01       1.12231E-01       5.16700E-03       5.97896E-03       1.15714E+00       1.29868E-01       1.04258E-01
       1.14815E-01       1.20226E-01       1.17520E-01       5.41100E-03       6.28353E-03       1.16125E+00       1.36471E-01       1.10542E-01
       1.20226E-01       1.25892E-01       1.23059E-01       5.66600E-03       6.60431E-03       1.16560E+00       1.43438E-01       1.17146E-01
       1.25892E-01       1.31826E-01       1.28859E-01       5.93400E-03       6.94189E-03       1.16985E+00       1.50746E-01       1.24088E-01
       1.31826E-01       1.38038E-01       1.34932E-01       6.21200E-03       7.29690E-03       1.17465E+00       1.58497E-01       1.31385E-01
       1.38038E-01       1.44544E-01       1.41291E-01       6.50600E-03       7.67067E-03       1.17901E+00       1.66584E-01       1.39056E-01
       1.44544E-01       1.51356E-01       1.47950E-01       6.81200E-03       8.06365E-03       1.18374E+00       1.75135E-01       1.47119E-01
       1.51356E-01       1.58489E-01       1.54923E-01       7.13300E-03       8.47717E-03       1.18844E+00       1.84117E-01       1.55596E-01
       1.58489E-01       1.65959E-01       1.62224E-01       7.47000E-03       8.91199E-03       1.19304E+00       1.93539E-01       1.64508E-01
       1.65959E-01       1.73780E-01       1.69869E-01       7.82100E-03       9.36907E-03       1.19794E+00       2.03493E-01       1.73878E-01
       1.73780E-01       1.81970E-01       1.77875E-01       8.19000E-03       9.84949E-03       1.20262E+00       2.13917E-01       1.83727E-01
       1.81970E-01       1.90546E-01       1.86258E-01       8.57600E-03       1.03543E-02       1.20736E+00       2.24880E-01       1.94081E-01
       1.90546E-01       1.99526E-01       1.95036E-01       8.98000E-03       1.08844E-02       1.21207E+00       2.36398E-01       2.04966E-01
       1.99526E-01       2.08930E-01       2.04228E-01       9.40400E-03       1.14412E-02       1.21663E+00       2.48470E-01       2.16407E-01
       2.08930E-01       2.18776E-01       2.13853E-01       9.84600E-03       1.20254E-02       1.22135E+00       2.61189E-01       2.28432E-01
       2.18776E-01       2.29087E-01       2.23931E-01       1.03110E-02       1.26382E-02       1.22570E+00       2.74472E-01       2.41071E-01
       2.29087E-01       2.39883E-01       2.34485E-01       1.07960E-02       1.32807E-02       1.23015E+00       2.88451E-01       2.54351E-01
       2.39883E-01       2.51189E-01       2.45536E-01       1.13060E-02       1.39540E-02       1.23421E+00       3.03044E-01       2.68305E-01
       2.51189E-01       2.63027E-01       2.57108E-01       1.18380E-02       1.46594E-02       1.23833E+00       3.18386E-01       2.82965E-01
       2.63027E-01       2.75423E-01       2.69225E-01       1.23960E-02       1.53977E-02       1.24215E+00       3.34417E-01       2.98362E-01
       2.75423E-01       2.88403E-01       2.81913E-01       1.29800E-02       1.61701E-02       1.24577E+00       3.51198E-01       3.14532E-01
       2.88403E-01       3.01995E-01       2.95199E-01       1.35920E-02       1.69777E-02       1.24909E+00       3.68732E-01       3.31510E-01
       3.01995E-01       3.16228E-01       3.09112E-01       1.42330E-02       1.78217E-02       1.25214E+00       3.87051E-01       3.49332E-01
       3.16228E-01       3.31131E-01       3.23680E-01       1.49030E-02       1.87031E-02       1.25499E+00       4.06214E-01       3.68035E-01
       3.31131E-01       3.46737E-01       3.38934E-01       1.56060E-02       1.96233E-02       1.25742E+00       4.26182E-01       3.87658E-01
       3.46737E-01       3.63078E-01       3.54908E-01       1.63410E-02       2.05828E-02       1.25958E+00       4.47035E-01       4.08241E-01
       3.63078E-01       3.80189E-01       3.71633E-01       1.71110E-02       2.15830E-02       1.26135E+00       4.68761E-01       4.29824E-01
       3.80189E-01       3.98107E-01       3.89148E-01       1.79180E-02       2.26250E-02       1.26270E+00       4.91375E-01       4.52449E-01
       3.98107E-01       4.16869E-01       4.07488E-01       1.87620E-02       2.37091E-02       1.26367E+00       5.14932E-01       4.76158E-01
       4.16869E-01       4.36516E-01       4.26692E-01       1.96470E-02       2.48359E-02       1.26411E+00       5.39385E-01       5.00994E-01
       4.36516E-01       4.57088E-01       4.46802E-01       2.05720E-02       2.60058E-02       1.26413E+00       5.64818E-01       5.27000E-01
       4.57088E-01       4.78630E-01       4.67859E-01       2.15420E-02       2.72176E-02       1.26347E+00       5.91124E-01       5.54217E-01
       4.78630E-01       5.01187E-01       4.89909E-01       2.25570E-02       2.84699E-02       1.26213E+00       6.18328E-01       5.82687E-01
       5.01187E-01       5.24808E-01       5.12998E-01       2.36210E-02       2.97593E-02       1.25987E+00       6.46308E-01       6.12446E-01
       5.24808E-01       5.49541E-01       5.37174E-01       2.47330E-02       3.10807E-02       1.25665E+00       6.75041E-01       6.43527E-01
       5.49541E-01       5.75440E-01       5.62490E-01       2.58990E-02       3.24260E-02       1.25202E+00       7.04249E-01       6.75953E-01
       5.75440E-01       6.02560E-01       5.89000E-01       2.71200E-02       3.37838E-02       1.24572E+00       7.33726E-01       7.09737E-01
       6.02560E-01       6.30957E-01       6.16758E-01       2.83970E-02       3.51368E-02       1.23734E+00       7.63141E-01       7.44874E-01
       6.30957E-01       6.60693E-01       6.45825E-01       2.97360E-02       3.64636E-02       1.22624E+00       7.91940E-01       7.81337E-01
       6.60693E-01       6.91831E-01       6.76262E-01       3.11380E-02       3.77350E-02       1.21186E+00       8.19537E-01       8.19072E-01
       6.91831E-01       7.24436E-01       7.08133E-01       3.26050E-02       3.89152E-02       1.19354E+00       8.45183E-01       8.57988E-01
       7.24436E-01       7.58578E-01       7.41507E-01       3.41420E-02       3.99632E-02       1.17050E+00       8.67934E-01       8.97951E-01
       7.58578E-01       7.94328E-01       7.76453E-01       3.57500E-02       4.08357E-02       1.14226E+00       8.86909E-01       9.38787E-01
       7.94328E-01       8.31764E-01       8.13046E-01       3.74360E-02       4.14952E-02       1.10843E+00       9.01204E-01       9.80282E-01
       8.31764E-01       8.70964E-01       8.51364E-01       3.92000E-02       1.97182E-02       5.03015E-01       4.28249E-01       1.00000E+00

 Sum =                                                                         1.00000E+00
 Renormalization bin#   918 =                                                  4.81601E-02 barn        8.40000E+06        8.60000E+06        8.50000E+06
 Avg. Energy     bin#   918 =                                                  4.35958E-01 MeV         8.40000E+06        8.60000E+06
