"        MT=606 recoil spectrum "
" Initial neutron energy corresponds to the group:"
   1.88000E+01    1.90000E+01       0.00000E+00           776           882           107



          Low               High              Mid              Energy           Number             dn/de            E*dn/de          Cumulative
         Energy            Energy            Energy             Width          Fraction                               Sum   
         [MeV]             [MeV]             [MeV]              [MeV]

       1.58489E-02       1.65959E-02       1.62224E-02       7.47000E-04       0.00000E+00       0.00000E+00       0.00000E+00       0.00000E+00
       1.65959E-02       1.73780E-02       1.69870E-02       7.82100E-04       1.96419E-06       2.51144E-03       4.26616E-05       1.96419E-06
       1.73780E-02       1.81970E-02       1.77875E-02       8.19000E-04       4.88792E-04       5.96815E-01       1.06159E-02       4.90756E-04
       1.81970E-02       1.90546E-02       1.86258E-02       8.57600E-04       5.77748E-04       6.73681E-01       1.25478E-02       1.06850E-03
       1.90546E-02       1.99526E-02       1.95036E-02       8.98000E-04       6.04909E-04       6.73618E-01       1.31380E-02       1.67341E-03
       1.99526E-02       2.08930E-02       2.04228E-02       9.40400E-04       6.33372E-04       6.73513E-01       1.37550E-02       2.30678E-03
       2.08930E-02       2.18776E-02       2.13853E-02       9.84600E-04       6.63095E-04       6.73467E-01       1.44023E-02       2.96988E-03
       2.18776E-02       2.29087E-02       2.23931E-02       1.03110E-03       6.94207E-04       6.73269E-01       1.50766E-02       3.66409E-03
       2.29087E-02       2.39883E-02       2.34485E-02       1.07960E-03       7.26855E-04       6.73262E-01       1.57870E-02       4.39094E-03
       2.39883E-02       2.51189E-02       2.45536E-02       1.13060E-03       7.60931E-04       6.73033E-01       1.65254E-02       5.15187E-03
       2.51189E-02       2.63027E-02       2.57108E-02       1.18380E-03       7.96630E-04       6.72944E-01       1.73019E-02       5.94850E-03
       2.63027E-02       2.75423E-02       2.69225E-02       1.23960E-03       8.33991E-04       6.72790E-01       1.81132E-02       6.78250E-03
       2.75423E-02       2.88403E-02       2.81913E-02       1.29800E-03       8.73053E-04       6.72614E-01       1.89619E-02       7.65555E-03
       2.88403E-02       3.01995E-02       2.95199E-02       1.35920E-03       9.13951E-04       6.72419E-01       1.98497E-02       8.56950E-03
       3.01995E-02       3.16228E-02       3.09112E-02       1.42330E-03       9.56751E-04       6.72206E-01       2.07787E-02       9.52625E-03
       3.16228E-02       3.31131E-02       3.23680E-02       1.49030E-03       1.00155E-03       6.72046E-01       2.17527E-02       1.05278E-02
       3.31131E-02       3.46737E-02       3.38934E-02       1.56060E-03       1.04840E-03       6.71793E-01       2.27693E-02       1.15762E-02
       3.46737E-02       3.63078E-02       3.54908E-02       1.63410E-03       1.09733E-03       6.71522E-01       2.38328E-02       1.26735E-02
       3.63078E-02       3.80189E-02       3.71633E-02       1.71110E-03       1.14858E-03       6.71254E-01       2.49460E-02       1.38221E-02
       3.80189E-02       3.98107E-02       3.89148E-02       1.79180E-03       1.20213E-03       6.70907E-01       2.61082E-02       1.50242E-02
       3.98107E-02       4.16869E-02       4.07488E-02       1.87620E-03       1.25816E-03       6.70588E-01       2.73256E-02       1.62824E-02
       4.16869E-02       4.36516E-02       4.26693E-02       1.96470E-03       1.31674E-03       6.70199E-01       2.85969E-02       1.75991E-02
       4.36516E-02       4.57088E-02       4.46802E-02       2.05720E-03       1.37798E-03       6.69832E-01       2.99282E-02       1.89771E-02
       4.57088E-02       4.78630E-02       4.67859E-02       2.15420E-03       1.44200E-03       6.69390E-01       3.13180E-02       2.04191E-02
       4.78630E-02       5.01187E-02       4.89908E-02       2.25570E-03       1.50882E-03       6.68894E-01       3.27697E-02       2.19279E-02
       5.01187E-02       5.24808E-02       5.12998E-02       2.36210E-03       1.57870E-03       6.68345E-01       3.42859E-02       2.35066E-02
       5.24808E-02       5.49541E-02       5.37174E-02       2.47330E-03       1.65171E-03       6.67815E-01       3.58733E-02       2.51584E-02
       5.49541E-02       5.75440E-02       5.62491E-02       2.58990E-03       1.72789E-03       6.67165E-01       3.75274E-02       2.68862E-02
       5.75440E-02       6.02560E-02       5.89000E-02       2.71200E-03       1.80753E-03       6.66492E-01       3.92564E-02       2.86938E-02
       6.02560E-02       6.30957E-02       6.16758E-02       2.83970E-03       1.89058E-03       6.65769E-01       4.10619E-02       3.05843E-02
       6.30957E-02       6.60693E-02       6.45825E-02       2.97360E-03       1.97728E-03       6.64947E-01       4.29439E-02       3.25616E-02
       6.60693E-02       6.91831E-02       6.76262E-02       3.11380E-03       2.06775E-03       6.64059E-01       4.49078E-02       3.46294E-02
       6.91831E-02       7.24436E-02       7.08134E-02       3.26050E-03       2.16210E-03       6.63120E-01       4.69577E-02       3.67915E-02
       7.24436E-02       7.58578E-02       7.41507E-02       3.41420E-03       2.26050E-03       6.62088E-01       4.90943E-02       3.90520E-02
       7.58578E-02       7.94328E-02       7.76453E-02       3.57500E-03       2.36302E-03       6.60984E-01       5.13223E-02       4.14150E-02
       7.94328E-02       8.31764E-02       8.13046E-02       3.74360E-03       2.46982E-03       6.59745E-01       5.36403E-02       4.38848E-02
       8.31764E-02       8.70964E-02       8.51364E-02       3.92000E-03       2.58103E-03       6.58426E-01       5.60560E-02       4.64659E-02
       8.70964E-02       9.12011E-02       8.91488E-02       4.10470E-03       2.69685E-03       6.57015E-01       5.85721E-02       4.91627E-02
       9.12011E-02       9.54993E-02       9.33502E-02       4.29820E-03       2.81728E-03       6.55457E-01       6.11870E-02       5.19800E-02
       9.54993E-02       1.00000E-01       9.77497E-02       4.50070E-03       2.94253E-03       6.53794E-01       6.39081E-02       5.49225E-02
       1.00000E-01       1.04713E-01       1.02357E-01       4.71300E-03       3.07274E-03       6.51971E-01       6.67335E-02       5.79953E-02
       1.04713E-01       1.09648E-01       1.07180E-01       4.93500E-03       3.20790E-03       6.50031E-01       6.96707E-02       6.12032E-02
       1.09648E-01       1.14815E-01       1.12231E-01       5.16700E-03       3.34825E-03       6.48006E-01       7.27267E-02       6.45514E-02
       1.14815E-01       1.20226E-01       1.17520E-01       5.41100E-03       3.49365E-03       6.45658E-01       7.58780E-02       6.80451E-02
       1.20226E-01       1.25892E-01       1.23059E-01       5.66600E-03       3.64453E-03       6.43229E-01       7.91551E-02       7.16896E-02
       1.25892E-01       1.31826E-01       1.28859E-01       5.93400E-03       3.80073E-03       6.40501E-01       8.25344E-02       7.54903E-02
       1.31826E-01       1.38038E-01       1.34932E-01       6.21200E-03       3.96222E-03       6.37833E-01       8.60641E-02       7.94525E-02
       1.38038E-01       1.44544E-01       1.41291E-01       6.50600E-03       4.12928E-03       6.34688E-01       8.96758E-02       8.35818E-02
       1.44544E-01       1.51356E-01       1.47950E-01       6.81200E-03       4.30161E-03       6.31476E-01       9.34269E-02       8.78834E-02
       1.51356E-01       1.58489E-01       1.54923E-01       7.13300E-03       4.47952E-03       6.28000E-01       9.72913E-02       9.23630E-02
       1.58489E-01       1.65959E-01       1.62224E-01       7.47000E-03       4.66275E-03       6.24197E-01       1.01260E-01       9.70257E-02
       1.65959E-01       1.73780E-01       1.69869E-01       7.82100E-03       4.85137E-03       6.20301E-01       1.05370E-01       1.01877E-01
       1.73780E-01       1.81970E-01       1.77875E-01       8.19000E-03       5.04522E-03       6.16022E-01       1.09575E-01       1.06922E-01
       1.81970E-01       1.90546E-01       1.86258E-01       8.57600E-03       5.24417E-03       6.11494E-01       1.13896E-01       1.12166E-01
       1.90546E-01       1.99526E-01       1.95036E-01       8.98000E-03       5.44802E-03       6.06684E-01       1.18325E-01       1.17615E-01
       1.99526E-01       2.08930E-01       2.04228E-01       9.40400E-03       5.65681E-03       6.01532E-01       1.22850E-01       1.23271E-01
       2.08930E-01       2.18776E-01       2.13853E-01       9.84600E-03       5.87016E-03       5.96197E-01       1.27499E-01       1.29141E-01
       2.18776E-01       2.29087E-01       2.23931E-01       1.03110E-02       6.08781E-03       5.90419E-01       1.32213E-01       1.35229E-01
       2.29087E-01       2.39883E-01       2.34485E-01       1.07960E-02       6.30952E-03       5.84431E-01       1.37040E-01       1.41539E-01
       2.39883E-01       2.51189E-01       2.45536E-01       1.13060E-02       6.53506E-03       5.78017E-01       1.41924E-01       1.48074E-01
       2.51189E-01       2.63027E-01       2.57108E-01       1.18380E-02       6.76410E-03       5.71388E-01       1.46909E-01       1.54838E-01
       2.63027E-01       2.75423E-01       2.69225E-01       1.23960E-02       6.99625E-03       5.64396E-01       1.51950E-01       1.61834E-01
       2.75423E-01       2.88403E-01       2.81913E-01       1.29800E-02       7.23121E-03       5.57104E-01       1.57055E-01       1.69065E-01
       2.88403E-01       3.01995E-01       2.95199E-01       1.35920E-02       7.46865E-03       5.49489E-01       1.62209E-01       1.76534E-01
       3.01995E-01       3.16228E-01       3.09112E-01       1.42330E-02       7.70831E-03       5.41580E-01       1.67409E-01       1.84242E-01
       3.16228E-01       3.31131E-01       3.23680E-01       1.49030E-02       7.94988E-03       5.33442E-01       1.72664E-01       1.92192E-01
       3.31131E-01       3.46737E-01       3.38934E-01       1.56060E-02       8.19319E-03       5.25003E-01       1.77941E-01       2.00385E-01
       3.46737E-01       3.63078E-01       3.54908E-01       1.63410E-02       8.43803E-03       5.16372E-01       1.83264E-01       2.08824E-01
       3.63078E-01       3.80189E-01       3.71633E-01       1.71110E-02       8.68451E-03       5.07539E-01       1.88619E-01       2.17508E-01
       3.80189E-01       3.98107E-01       3.89148E-01       1.79180E-02       8.93266E-03       4.98530E-01       1.94002E-01       2.26441E-01
       3.98107E-01       4.16869E-01       4.07488E-01       1.87620E-02       9.18273E-03       4.89432E-01       1.99438E-01       2.35623E-01
       4.16869E-01       4.36516E-01       4.26692E-01       1.96470E-02       9.43525E-03       4.80239E-01       2.04914E-01       2.45059E-01
       4.36516E-01       4.57088E-01       4.46802E-01       2.05720E-02       9.69105E-03       4.71080E-01       2.10479E-01       2.54750E-01
       4.57088E-01       4.78630E-01       4.67859E-01       2.15420E-02       9.95103E-03       4.61936E-01       2.16121E-01       2.64701E-01
       4.78630E-01       5.01187E-01       4.89909E-01       2.25570E-02       1.02164E-02       4.52917E-01       2.21888E-01       2.74917E-01
       5.01187E-01       5.24808E-01       5.12998E-01       2.36210E-02       1.04891E-02       4.44060E-01       2.27802E-01       2.85406E-01
       5.24808E-01       5.49541E-01       5.37174E-01       2.47330E-02       1.07710E-02       4.35492E-01       2.33935E-01       2.96177E-01
       5.49541E-01       5.75440E-01       5.62490E-01       2.58990E-02       1.10645E-02       4.27216E-01       2.40305E-01       3.07242E-01
       5.75440E-01       6.02560E-01       5.89000E-01       2.71200E-02       1.13724E-02       4.19338E-01       2.46990E-01       3.18614E-01
       6.02560E-01       6.30957E-01       6.16758E-01       2.83970E-02       1.16979E-02       4.11941E-01       2.54068E-01       3.30312E-01
       6.30957E-01       6.60693E-01       6.45825E-01       2.97360E-02       1.20444E-02       4.05044E-01       2.61587E-01       3.42356E-01
       6.60693E-01       6.91831E-01       6.76262E-01       3.11380E-02       1.24157E-02       3.98732E-01       2.69648E-01       3.54772E-01
       6.91831E-01       7.24436E-01       7.08133E-01       3.26050E-02       1.28156E-02       3.93057E-01       2.78337E-01       3.67588E-01
       7.24436E-01       7.58578E-01       7.41507E-01       3.41420E-02       1.32482E-02       3.88032E-01       2.87728E-01       3.80836E-01
       7.58578E-01       7.94328E-01       7.76453E-01       3.57500E-02       1.37172E-02       3.83699E-01       2.97924E-01       3.94553E-01
       7.94328E-01       8.31764E-01       8.13046E-01       3.74360E-02       1.42264E-02       3.80020E-01       3.08973E-01       4.08780E-01
       8.31764E-01       8.70964E-01       8.51364E-01       3.92000E-02       1.47789E-02       3.77012E-01       3.20975E-01       4.23559E-01
       8.70964E-01       9.12011E-01       8.91487E-01       4.10470E-02       1.53776E-02       3.74634E-01       3.33981E-01       4.38936E-01
       9.12011E-01       9.54993E-01       9.33502E-01       4.29820E-02       1.60250E-02       3.72830E-01       3.48038E-01       4.54961E-01
       9.54993E-01       1.00000E+00       9.77497E-01       4.50070E-02       1.67233E-02       3.71572E-01       3.63210E-01       4.71684E-01
       1.00000E+00       1.04713E+00       1.02357E+00       4.71300E-02       1.74754E-02       3.70792E-01       3.79530E-01       4.89160E-01
       1.04713E+00       1.09648E+00       1.07181E+00       4.93500E-02       1.82842E-02       3.70501E-01       3.97105E-01       5.07444E-01
       1.09648E+00       1.14815E+00       1.12231E+00       5.16700E-02       1.91580E-02       3.70776E-01       4.16127E-01       5.26602E-01
       1.14815E+00       1.20226E+00       1.17520E+00       5.41100E-02       2.01063E-02       3.71583E-01       4.36686E-01       5.46708E-01
       1.20226E+00       1.25892E+00       1.23059E+00       5.66600E-02       2.11507E-02       3.73292E-01       4.59370E-01       5.67859E-01
       1.25892E+00       1.31826E+00       1.28859E+00       5.93400E-02       2.23222E-02       3.76175E-01       4.84735E-01       5.90181E-01
       1.31826E+00       1.38038E+00       1.34932E+00       6.21200E-02       2.36696E-02       3.81029E-01       5.14131E-01       6.13851E-01
       1.38038E+00       1.44544E+00       1.41291E+00       6.50600E-02       2.52668E-02       3.88361E-01       5.48720E-01       6.39118E-01
       1.44544E+00       1.51356E+00       1.47950E+00       6.81200E-02       2.72138E-02       3.99497E-01       5.91056E-01       6.66331E-01
       1.51356E+00       1.58489E+00       1.54923E+00       7.13300E-02       2.96443E-02       4.15594E-01       6.43849E-01       6.95976E-01
       1.58489E+00       1.65959E+00       1.62224E+00       7.47000E-02       3.27200E-02       4.38018E-01       7.10571E-01       7.28696E-01
       1.65959E+00       1.73780E+00       1.69869E+00       7.82100E-02       3.66167E-02       4.68184E-01       7.95302E-01       7.65312E-01
       1.73780E+00       1.81970E+00       1.77875E+00       8.19000E-02       4.14863E-02       5.06548E-01       9.01022E-01       8.06799E-01
       1.81970E+00       1.90546E+00       1.86258E+00       8.57600E-02       4.73774E-02       5.52442E-01       1.02897E+00       8.54176E-01
       1.90546E+00       1.99526E+00       1.95036E+00       8.98000E-02       5.40871E-02       6.02306E-01       1.17471E+00       9.08263E-01
       1.99526E+00       2.08930E+00       2.04228E+00       9.40400E-02       6.08999E-02       6.47595E-01       1.32257E+00       9.69163E-01
       2.08930E+00       2.18776E+00       2.13853E+00       9.84600E-02       3.08369E-02       3.13192E-01       6.69771E-01       1.00000E+00

 Sum =                                                                         1.00000E+00
 Renormalization bin#   970 =                                                  5.79001E-04 barn        1.88000E+07        1.90000E+07        1.89000E+07
 Avg. Energy     bin#   970 =                                                  1.07703E+00 MeV         1.88000E+07        1.90000E+07
