"        MT=607 recoil spectrum "
" Initial neutron energy corresponds to the group:"
   1.44000E+01    1.46000E+01       0.00000E+00           788           874            87



          Low               High              Mid              Energy           Number             dn/de            E*dn/de          Cumulative
         Energy            Energy            Energy             Width          Fraction                               Sum   
         [MeV]             [MeV]             [MeV]              [MeV]

       2.75423E-02       2.88403E-02       2.81913E-02       1.29800E-03       0.00000E+00       0.00000E+00       0.00000E+00       0.00000E+00
       2.88403E-02       3.01995E-02       2.95199E-02       1.35920E-03       4.50849E-04       3.31702E-01       9.79181E-03       4.50849E-04
       3.01995E-02       3.16228E-02       3.09112E-02       1.42330E-03       9.20944E-04       6.47048E-01       2.00010E-02       1.37179E-03
       3.16228E-02       3.31131E-02       3.23680E-02       1.49030E-03       9.65648E-04       6.47955E-01       2.09730E-02       2.33744E-03
       3.31131E-02       3.46737E-02       3.38934E-02       1.56060E-03       1.01259E-03       6.48846E-01       2.19916E-02       3.35003E-03
       3.46737E-02       3.63078E-02       3.54908E-02       1.63410E-03       1.06184E-03       6.49804E-01       2.30620E-02       4.41187E-03
       3.63078E-02       3.80189E-02       3.71633E-02       1.71110E-03       1.11357E-03       6.50795E-01       2.41857E-02       5.52545E-03
       3.80189E-02       3.98107E-02       3.89148E-02       1.79180E-03       1.16785E-03       6.51776E-01       2.53637E-02       6.69330E-03
       3.98107E-02       4.16869E-02       4.07488E-02       1.87620E-03       1.22488E-03       6.52854E-01       2.66030E-02       7.91819E-03
       4.16869E-02       4.36516E-02       4.26693E-02       1.96470E-03       1.28475E-03       6.53913E-01       2.79020E-02       9.20293E-03
       4.36516E-02       4.57088E-02       4.46802E-02       2.05720E-03       1.34761E-03       6.55072E-01       2.92688E-02       1.05505E-02
       4.57088E-02       4.78630E-02       4.67859E-02       2.15420E-03       1.41361E-03       6.56210E-01       3.07014E-02       1.19642E-02
       4.78630E-02       5.01187E-02       4.89908E-02       2.25570E-03       1.48295E-03       6.57424E-01       3.22078E-02       1.34471E-02
       5.01187E-02       5.24808E-02       5.12998E-02       2.36210E-03       1.55576E-03       6.58633E-01       3.37877E-02       1.50029E-02
       5.24808E-02       5.49541E-02       5.37174E-02       2.47330E-03       1.63226E-03       6.59952E-01       3.54510E-02       1.66351E-02
       5.49541E-02       5.75440E-02       5.62491E-02       2.58990E-03       1.71261E-03       6.61265E-01       3.71956E-02       1.83477E-02
       5.75440E-02       6.02560E-02       5.89000E-02       2.71200E-03       1.79701E-03       6.62615E-01       3.90280E-02       2.01447E-02
       6.02560E-02       6.30957E-02       6.16758E-02       2.83970E-03       1.88567E-03       6.64039E-01       4.09552E-02       2.20304E-02
       6.30957E-02       6.60693E-02       6.45825E-02       2.97360E-03       1.97881E-03       6.65461E-01       4.29772E-02       2.40092E-02
       6.60693E-02       6.91831E-02       6.76262E-02       3.11380E-03       2.07669E-03       6.66930E-01       4.51019E-02       2.60859E-02
       6.91831E-02       7.24436E-02       7.08134E-02       3.26050E-03       2.17945E-03       6.68442E-01       4.73346E-02       2.82654E-02
       7.24436E-02       7.58578E-02       7.41507E-02       3.41420E-03       2.28745E-03       6.69982E-01       4.96797E-02       3.05528E-02
       7.58578E-02       7.94328E-02       7.76453E-02       3.57500E-03       2.40094E-03       6.71591E-01       5.21459E-02       3.29538E-02
       7.94328E-02       8.31764E-02       8.13046E-02       3.74360E-03       2.52016E-03       6.73191E-01       5.47335E-02       3.54739E-02
       8.31764E-02       8.70964E-02       8.51364E-02       3.92000E-03       2.64534E-03       6.74832E-01       5.74528E-02       3.81193E-02
       8.70964E-02       9.12011E-02       8.91488E-02       4.10470E-03       2.77688E-03       6.76513E-01       6.03103E-02       4.08962E-02
       9.12011E-02       9.54993E-02       9.33502E-02       4.29820E-03       2.91510E-03       6.78215E-01       6.33115E-02       4.38113E-02
       9.54993E-02       1.00000E-01       9.77497E-02       4.50070E-03       3.06022E-03       6.79943E-01       6.64642E-02       4.68715E-02
       1.00000E-01       1.04713E-01       1.02357E-01       4.71300E-03       3.21268E-03       6.81664E-01       6.97727E-02       5.00842E-02
       1.04713E-01       1.09648E-01       1.07180E-01       4.93500E-03       3.37266E-03       6.83416E-01       7.32489E-02       5.34568E-02
       1.09648E-01       1.14815E-01       1.12231E-01       5.16700E-03       3.54082E-03       6.85276E-01       7.69095E-02       5.69976E-02
       1.14815E-01       1.20226E-01       1.17520E-01       5.41100E-03       3.71714E-03       6.86960E-01       8.07319E-02       6.07148E-02
       1.20226E-01       1.25892E-01       1.23059E-01       5.66600E-03       3.90238E-03       6.88737E-01       8.47553E-02       6.46172E-02
       1.25892E-01       1.31826E-01       1.28859E-01       5.93400E-03       4.09671E-03       6.90378E-01       8.89615E-02       6.87139E-02
       1.31826E-01       1.38038E-01       1.34932E-01       6.21200E-03       4.30049E-03       6.92287E-01       9.34117E-02       7.30144E-02
       1.38038E-01       1.44544E-01       1.41291E-01       6.50600E-03       4.51432E-03       6.93870E-01       9.80376E-02       7.75287E-02
       1.44544E-01       1.51356E-01       1.47950E-01       6.81200E-03       4.73841E-03       6.95597E-01       1.02914E-01       8.22671E-02
       1.51356E-01       1.58489E-01       1.54923E-01       7.13300E-03       4.97329E-03       6.97222E-01       1.08015E-01       8.72404E-02
       1.58489E-01       1.65959E-01       1.62224E-01       7.47000E-03       5.21939E-03       6.98714E-01       1.13348E-01       9.24598E-02
       1.65959E-01       1.73780E-01       1.69869E-01       7.82100E-03       5.47708E-03       7.00304E-01       1.18960E-01       9.79368E-02
       1.73780E-01       1.81970E-01       1.77875E-01       8.19000E-03       5.74673E-03       7.01677E-01       1.24811E-01       1.03684E-01
       1.81970E-01       1.90546E-01       1.86258E-01       8.57600E-03       6.02882E-03       7.02987E-01       1.30937E-01       1.09712E-01
       1.90546E-01       1.99526E-01       1.95036E-01       8.98000E-03       6.32372E-03       7.04200E-01       1.37344E-01       1.16036E-01
       1.99526E-01       2.08930E-01       2.04228E-01       9.40400E-03       6.63181E-03       7.05211E-01       1.44024E-01       1.22668E-01
       2.08930E-01       2.18776E-01       2.13853E-01       9.84600E-03       6.95350E-03       7.06226E-01       1.51029E-01       1.29621E-01
       2.18776E-01       2.29087E-01       2.23931E-01       1.03110E-02       7.28901E-03       7.06915E-01       1.58301E-01       1.36910E-01
       2.29087E-01       2.39883E-01       2.34485E-01       1.07960E-02       7.63875E-03       7.07554E-01       1.65911E-01       1.44549E-01
       2.39883E-01       2.51189E-01       2.45536E-01       1.13060E-02       8.00295E-03       7.07850E-01       1.73803E-01       1.52552E-01
       2.51189E-01       2.63027E-01       2.57108E-01       1.18380E-02       8.38208E-03       7.08065E-01       1.82049E-01       1.60934E-01
       2.63027E-01       2.75423E-01       2.69225E-01       1.23960E-02       8.77609E-03       7.07978E-01       1.90605E-01       1.69710E-01
       2.75423E-01       2.88403E-01       2.81913E-01       1.29800E-02       9.18524E-03       7.07646E-01       1.99495E-01       1.78896E-01
       2.88403E-01       3.01995E-01       2.95199E-01       1.35920E-02       9.60974E-03       7.07014E-01       2.08710E-01       1.88505E-01
       3.01995E-01       3.16228E-01       3.09112E-01       1.42330E-02       1.00497E-02       7.06085E-01       2.18259E-01       1.98555E-01
       3.16228E-01       3.31131E-01       3.23680E-01       1.49030E-02       1.05052E-02       7.04903E-01       2.28163E-01       2.09060E-01
       3.31131E-01       3.46737E-01       3.38934E-01       1.56060E-02       1.09764E-02       7.03345E-01       2.38388E-01       2.20037E-01
       3.46737E-01       3.63078E-01       3.54908E-01       1.63410E-02       1.14632E-02       7.01499E-01       2.48967E-01       2.31500E-01
       3.63078E-01       3.80189E-01       3.71633E-01       1.71110E-02       1.19658E-02       6.99305E-01       2.59885E-01       2.43466E-01
       3.80189E-01       3.98107E-01       3.89148E-01       1.79180E-02       1.24844E-02       6.96754E-01       2.71140E-01       2.55950E-01
       3.98107E-01       4.16869E-01       4.07488E-01       1.87620E-02       1.30192E-02       6.93913E-01       2.82761E-01       2.68969E-01
       4.16869E-01       4.36516E-01       4.26692E-01       1.96470E-02       1.35705E-02       6.90715E-01       2.94723E-01       2.82540E-01
       4.36516E-01       4.57088E-01       4.46802E-01       2.05720E-02       1.41390E-02       6.87292E-01       3.07083E-01       2.96679E-01
       4.57088E-01       4.78630E-01       4.67859E-01       2.15420E-02       1.47253E-02       6.83564E-01       3.19811E-01       3.11404E-01
       4.78630E-01       5.01187E-01       4.89909E-01       2.25570E-02       1.53308E-02       6.79647E-01       3.32965E-01       3.26735E-01
       5.01187E-01       5.24808E-01       5.12998E-01       2.36210E-02       1.59573E-02       6.75557E-01       3.46559E-01       3.42692E-01
       5.24808E-01       5.49541E-01       5.37174E-01       2.47330E-02       1.66068E-02       6.71444E-01       3.60682E-01       3.59299E-01
       5.49541E-01       5.75440E-01       5.62490E-01       2.58990E-02       1.72825E-02       6.67305E-01       3.75353E-01       3.76581E-01
       5.75440E-01       6.02560E-01       5.89000E-01       2.71200E-02       1.79885E-02       6.63292E-01       3.90679E-01       3.94570E-01
       6.02560E-01       6.30957E-01       6.16758E-01       2.83970E-02       1.87295E-02       6.59559E-01       4.06788E-01       4.13299E-01
       6.30957E-01       6.60693E-01       6.45825E-01       2.97360E-02       1.95121E-02       6.56178E-01       4.23776E-01       4.32811E-01
       6.60693E-01       6.91831E-01       6.76262E-01       3.11380E-02       2.03438E-02       6.53344E-01       4.41832E-01       4.53155E-01
       6.91831E-01       7.24436E-01       7.08133E-01       3.26050E-02       2.12338E-02       6.51245E-01       4.61168E-01       4.74389E-01
       7.24436E-01       7.58578E-01       7.41507E-01       3.41420E-02       2.21929E-02       6.50017E-01       4.81992E-01       4.96582E-01
       7.58578E-01       7.94328E-01       7.76453E-01       3.57500E-02       2.32332E-02       6.49879E-01       5.04600E-01       5.19815E-01
       7.94328E-01       8.31764E-01       8.13046E-01       3.74360E-02       2.43682E-02       6.50931E-01       5.29236E-01       5.44183E-01
       8.31764E-01       8.70964E-01       8.51364E-01       3.92000E-02       2.56119E-02       6.53364E-01       5.56250E-01       5.69795E-01
       8.70964E-01       9.12011E-01       8.91487E-01       4.10470E-02       2.69782E-02       6.57251E-01       5.85931E-01       5.96773E-01
       9.12011E-01       9.54993E-01       9.33502E-01       4.29820E-02       2.84790E-02       6.62579E-01       6.18519E-01       6.25252E-01
       9.54993E-01       1.00000E+00       9.77497E-01       4.50070E-02       3.01230E-02       6.69296E-01       6.54234E-01       6.55375E-01
       1.00000E+00       1.04713E+00       1.02357E+00       4.71300E-02       3.19123E-02       6.77112E-01       6.93068E-01       6.87288E-01
       1.04713E+00       1.09648E+00       1.07181E+00       4.93500E-02       3.38360E-02       6.85634E-01       7.34866E-01       7.21124E-01
       1.09648E+00       1.14815E+00       1.12231E+00       5.16700E-02       3.58713E-02       6.94239E-01       7.79155E-01       7.56995E-01
       1.14815E+00       1.20226E+00       1.17520E+00       5.41100E-02       3.79657E-02       7.01639E-01       8.24569E-01       7.94961E-01
       1.20226E+00       1.25892E+00       1.23059E+00       5.66600E-02       4.00406E-02       7.06681E-01       8.69635E-01       8.35001E-01
       1.25892E+00       1.31826E+00       1.28859E+00       5.93400E-02       4.19690E-02       7.07263E-01       9.11371E-01       8.76970E-01
       1.31826E+00       1.38038E+00       1.34932E+00       6.21200E-02       4.35685E-02       7.01360E-01       9.46359E-01       9.20539E-01
       1.38038E+00       1.44544E+00       1.41291E+00       6.50600E-02       4.45914E-02       6.85388E-01       9.68392E-01       9.65130E-01
       1.44544E+00       1.51356E+00       1.47950E+00       6.81200E-02       3.48699E-02       5.11890E-01       7.57341E-01       1.00000E+00

 Sum =                                                                         1.00000E+00
 Renormalization bin#   948 =                                                  3.91053E-03 barn        1.44000E+07        1.46000E+07        1.45000E+07
 Avg. Energy     bin#   948 =                                                  7.64121E-01 MeV         1.44000E+07        1.46000E+07
