"        MT=610 recoil spectrum "
" Initial neutron energy corresponds to the group:"
   1.34000E+01    1.36000E+01       0.00000E+00           793           872            80



          Low               High              Mid              Energy           Number             dn/de            E*dn/de          Cumulative
         Energy            Energy            Energy             Width          Fraction                               Sum   
         [MeV]             [MeV]             [MeV]              [MeV]

       3.46737E-02       3.63078E-02       3.54908E-02       1.63410E-03       0.00000E+00       0.00000E+00       0.00000E+00       0.00000E+00
       3.63078E-02       3.80189E-02       3.71633E-02       1.71110E-03       9.78099E-04       5.71621E-01       2.12433E-02       9.78099E-04
       3.80189E-02       3.98107E-02       3.89148E-02       1.79180E-03       1.70607E-03       9.52154E-01       3.70529E-02       2.68417E-03
       3.98107E-02       4.16869E-02       4.07488E-02       1.87620E-03       1.78520E-03       9.51496E-01       3.87723E-02       4.46937E-03
       4.16869E-02       4.36516E-02       4.26693E-02       1.96470E-03       1.86792E-03       9.50738E-01       4.05673E-02       6.33728E-03
       4.36516E-02       4.57088E-02       4.46802E-02       2.05720E-03       1.95433E-03       9.49996E-01       4.24460E-02       8.29161E-03
       4.57088E-02       4.78630E-02       4.67859E-02       2.15420E-03       2.04460E-03       9.49123E-01       4.44056E-02       1.03362E-02
       4.78630E-02       5.01187E-02       4.89908E-02       2.25570E-03       2.13892E-03       9.48231E-01       4.64546E-02       1.24751E-02
       5.01187E-02       5.24808E-02       5.12998E-02       2.36210E-03       2.23742E-03       9.47215E-01       4.85919E-02       1.47126E-02
       5.24808E-02       5.49541E-02       5.37174E-02       2.47330E-03       2.34026E-03       9.46209E-01       5.08279E-02       1.70528E-02
       5.49541E-02       5.75440E-02       5.62491E-02       2.58990E-03       2.44763E-03       9.45068E-01       5.31592E-02       1.95004E-02
       5.75440E-02       6.02560E-02       5.89000E-02       2.71200E-03       2.55973E-03       9.43853E-01       5.55930E-02       2.20602E-02
       6.02560E-02       6.30957E-02       6.16758E-02       2.83970E-03       2.67665E-03       9.42584E-01       5.81347E-02       2.47368E-02
       6.30957E-02       6.60693E-02       6.45825E-02       2.97360E-03       2.79863E-03       9.41161E-01       6.07825E-02       2.75355E-02
       6.60693E-02       6.91831E-02       6.76262E-02       3.11380E-03       2.92585E-03       9.39638E-01       6.35441E-02       3.04613E-02
       6.91831E-02       7.24436E-02       7.08134E-02       3.26050E-03       3.05845E-03       9.38030E-01       6.64251E-02       3.35198E-02
       7.24436E-02       7.58578E-02       7.41507E-02       3.41420E-03       3.19666E-03       9.36285E-01       6.94262E-02       3.67164E-02
       7.58578E-02       7.94328E-02       7.76453E-02       3.57500E-03       3.34066E-03       9.34452E-01       7.25558E-02       4.00571E-02
       7.94328E-02       8.31764E-02       8.13046E-02       3.74360E-03       3.49059E-03       9.32416E-01       7.58097E-02       4.35477E-02
       8.31764E-02       8.70964E-02       8.51364E-02       3.92000E-03       3.64671E-03       9.30284E-01       7.92010E-02       4.71944E-02
       8.70964E-02       9.12011E-02       8.91488E-02       4.10470E-03       3.80913E-03       9.27992E-01       8.27294E-02       5.10035E-02
       9.12011E-02       9.54993E-02       9.33502E-02       4.29820E-03       3.97810E-03       9.25529E-01       8.63983E-02       5.49816E-02
       9.54993E-02       1.00000E-01       9.77497E-02       4.50070E-03       4.15374E-03       9.22908E-01       9.02140E-02       5.91354E-02
       1.00000E-01       1.04713E-01       1.02357E-01       4.71300E-03       4.33628E-03       9.20067E-01       9.41749E-02       6.34716E-02
       1.04713E-01       1.09648E-01       1.07180E-01       4.93500E-03       4.52570E-03       9.17061E-01       9.82911E-02       6.79973E-02
       1.09648E-01       1.14815E-01       1.12231E-01       5.16700E-03       4.72250E-03       9.13974E-01       1.02577E-01       7.27198E-02
       1.14815E-01       1.20226E-01       1.17520E-01       5.41100E-03       4.92645E-03       9.10450E-01       1.06997E-01       7.76463E-02
       1.20226E-01       1.25892E-01       1.23059E-01       5.66600E-03       5.13809E-03       9.06828E-01       1.11593E-01       8.27844E-02
       1.25892E-01       1.31826E-01       1.28859E-01       5.93400E-03       5.35728E-03       9.02811E-01       1.16335E-01       8.81417E-02
       1.31826E-01       1.38038E-01       1.34932E-01       6.21200E-03       5.58409E-03       8.98920E-01       1.21293E-01       9.37257E-02
       1.38038E-01       1.44544E-01       1.41291E-01       6.50600E-03       5.81884E-03       8.94381E-01       1.26368E-01       9.95446E-02
       1.44544E-01       1.51356E-01       1.47950E-01       6.81200E-03       6.06144E-03       8.89817E-01       1.31648E-01       1.05606E-01
       1.51356E-01       1.58489E-01       1.54923E-01       7.13300E-03       6.31214E-03       8.84921E-01       1.37094E-01       1.11918E-01
       1.58489E-01       1.65959E-01       1.62224E-01       7.47000E-03       6.57090E-03       8.79639E-01       1.42699E-01       1.18489E-01
       1.65959E-01       1.73780E-01       1.69869E-01       7.82100E-03       6.83778E-03       8.74284E-01       1.48514E-01       1.25327E-01
       1.73780E-01       1.81970E-01       1.77875E-01       8.19000E-03       7.11279E-03       8.68472E-01       1.54479E-01       1.32440E-01
       1.81970E-01       1.90546E-01       1.86258E-01       8.57600E-03       7.39612E-03       8.62421E-01       1.60633E-01       1.39836E-01
       1.90546E-01       1.99526E-01       1.95036E-01       8.98000E-03       7.68753E-03       8.56072E-01       1.66965E-01       1.47523E-01
       1.99526E-01       2.08930E-01       2.04228E-01       9.40400E-03       7.98736E-03       8.49357E-01       1.73463E-01       1.55511E-01
       2.08930E-01       2.18776E-01       2.13853E-01       9.84600E-03       8.29546E-03       8.42520E-01       1.80176E-01       1.63806E-01
       2.18776E-01       2.29087E-01       2.23931E-01       1.03110E-02       8.61173E-03       8.35198E-01       1.87027E-01       1.72418E-01
       2.29087E-01       2.39883E-01       2.34485E-01       1.07960E-02       8.93647E-03       8.27758E-01       1.94097E-01       1.81354E-01
       2.39883E-01       2.51189E-01       2.45536E-01       1.13060E-02       9.26958E-03       8.19882E-01       2.01311E-01       1.90624E-01
       2.51189E-01       2.63027E-01       2.57108E-01       1.18380E-02       9.61136E-03       8.11908E-01       2.08748E-01       2.00235E-01
       2.63027E-01       2.75423E-01       2.69225E-01       1.23960E-02       9.96179E-03       8.03630E-01       2.16357E-01       2.10197E-01
       2.75423E-01       2.88403E-01       2.81913E-01       1.29800E-02       1.03212E-02       7.95162E-01       2.24166E-01       2.20518E-01
       2.88403E-01       3.01995E-01       2.95199E-01       1.35920E-02       1.06899E-02       7.86482E-01       2.32169E-01       2.31208E-01
       3.01995E-01       3.16228E-01       3.09112E-01       1.42330E-02       1.10683E-02       7.77653E-01       2.40382E-01       2.42276E-01
       3.16228E-01       3.31131E-01       3.23680E-01       1.49030E-02       1.14570E-02       7.68773E-01       2.48836E-01       2.53733E-01
       3.31131E-01       3.46737E-01       3.38934E-01       1.56060E-02       1.18570E-02       7.59769E-01       2.57512E-01       2.65590E-01
       3.46737E-01       3.63078E-01       3.54908E-01       1.63410E-02       1.22687E-02       7.50795E-01       2.66463E-01       2.77859E-01
       3.63078E-01       3.80189E-01       3.71633E-01       1.71110E-02       1.26937E-02       7.41845E-01       2.75694E-01       2.90553E-01
       3.80189E-01       3.98107E-01       3.89148E-01       1.79180E-02       1.31334E-02       7.32972E-01       2.85235E-01       3.03686E-01
       3.98107E-01       4.16869E-01       4.07488E-01       1.87620E-02       1.35894E-02       7.24302E-01       2.95144E-01       3.17276E-01
       4.16869E-01       4.36516E-01       4.26692E-01       1.96470E-02       1.40638E-02       7.15822E-01       3.05436E-01       3.31339E-01
       4.36516E-01       4.57088E-01       4.46802E-01       2.05720E-02       1.45591E-02       7.07716E-01       3.16209E-01       3.45898E-01
       4.57088E-01       4.78630E-01       4.67859E-01       2.15420E-02       1.50783E-02       6.99951E-01       3.27478E-01       3.60977E-01
       4.78630E-01       5.01187E-01       4.89909E-01       2.25570E-02       1.56248E-02       6.92681E-01       3.39350E-01       3.76602E-01
       5.01187E-01       5.24808E-01       5.12998E-01       2.36210E-02       1.62027E-02       6.85943E-01       3.51887E-01       3.92804E-01
       5.24808E-01       5.49541E-01       5.37174E-01       2.47330E-02       1.68163E-02       6.79915E-01       3.65233E-01       4.09621E-01
       5.49541E-01       5.75440E-01       5.62490E-01       2.58990E-02       1.74714E-02       6.74596E-01       3.79454E-01       4.27092E-01
       5.75440E-01       6.02560E-01       5.89000E-01       2.71200E-02       1.81741E-02       6.70138E-01       3.94711E-01       4.45266E-01
       6.02560E-01       6.30957E-01       6.16758E-01       2.83970E-02       1.89323E-02       6.66699E-01       4.11192E-01       4.64198E-01
       6.30957E-01       6.60693E-01       6.45825E-01       2.97360E-02       1.97545E-02       6.64331E-01       4.29041E-01       4.83953E-01
       6.60693E-01       6.91831E-01       6.76262E-01       3.11380E-02       2.06517E-02       6.63230E-01       4.48517E-01       5.04605E-01
       6.91831E-01       7.24436E-01       7.08133E-01       3.26050E-02       2.16366E-02       6.63597E-01       4.69915E-01       5.26241E-01
       7.24436E-01       7.58578E-01       7.41507E-01       3.41420E-02       2.27252E-02       6.65610E-01       4.93554E-01       5.48966E-01
       7.58578E-01       7.94328E-01       7.76453E-01       3.57500E-02       2.39375E-02       6.69580E-01       5.19897E-01       5.72904E-01
       7.94328E-01       8.31764E-01       8.13046E-01       3.74360E-02       2.52978E-02       6.75761E-01       5.49424E-01       5.98202E-01
       8.31764E-01       8.70964E-01       8.51364E-01       3.92000E-02       2.68360E-02       6.84591E-01       5.82836E-01       6.25038E-01
       8.70964E-01       9.12011E-01       8.91487E-01       4.10470E-02       2.85895E-02       6.96507E-01       6.20927E-01       6.53627E-01
       9.12011E-01       9.54993E-01       9.33502E-01       4.29820E-02       3.06027E-02       7.11989E-01       6.64643E-01       6.84230E-01
       9.54993E-01       1.00000E+00       9.77497E-01       4.50070E-02       3.29269E-02       7.31595E-01       7.15132E-01       7.17157E-01
       1.00000E+00       1.04713E+00       1.02357E+00       4.71300E-02       3.56188E-02       7.55755E-01       7.73565E-01       7.52775E-01
       1.04713E+00       1.09648E+00       1.07181E+00       4.93500E-02       3.87306E-02       7.84815E-01       8.41168E-01       7.91506E-01
       1.09648E+00       1.14815E+00       1.12231E+00       5.16700E-02       4.23051E-02       8.18756E-01       9.18902E-01       8.33811E-01
       1.14815E+00       1.20226E+00       1.17520E+00       5.41100E-02       4.63376E-02       8.56359E-01       1.00640E+00       8.80149E-01
       1.20226E+00       1.25892E+00       1.23059E+00       5.66600E-02       5.07475E-02       8.95650E-01       1.10218E+00       9.30896E-01
       1.25892E+00       1.31826E+00       1.28859E+00       5.93400E-02       5.52883E-02       9.31720E-01       1.20061E+00       9.86185E-01
       1.31826E+00       1.38038E+00       1.34932E+00       6.21200E-02       1.38154E-02       2.22398E-01       3.00087E-01       1.00000E+00

 Sum =                                                                         1.00000E+00
 Renormalization bin#   943 =                                                  6.09283E-03 barn        1.34000E+07        1.36000E+07        1.35000E+07
 Avg. Energy     bin#   943 =                                                  6.85161E-01 MeV         1.34000E+07        1.36000E+07
