"        MT=605 recoil spectrum "
" Initial neutron energy corresponds to the group:"
   6.80000E+00    7.00000E+00       0.00000E+00           808           850            43



          Low               High              Mid              Energy           Number             dn/de            E*dn/de          Cumulative
         Energy            Energy            Energy             Width          Fraction                               Sum   
         [MeV]             [MeV]             [MeV]              [MeV]

       6.91831E-02       7.24436E-02       7.08134E-02       3.26050E-03       0.00000E+00       0.00000E+00       0.00000E+00       0.00000E+00
       7.24436E-02       7.58578E-02       7.41507E-02       3.41420E-03       5.24105E-05       1.53507E-02       1.13827E-03       5.24105E-05
       7.58578E-02       7.94328E-02       7.76453E-02       3.57500E-03       4.45481E-03       1.24610E+00       9.67538E-02       4.50722E-03
       7.94328E-02       8.31764E-02       8.13046E-02       3.74360E-03       1.01378E-02       2.70804E+00       2.20176E-01       1.46450E-02
       8.31764E-02       8.70964E-02       8.51364E-02       3.92000E-03       1.10690E-02       2.82373E+00       2.40402E-01       2.57140E-02
       8.70964E-02       9.12011E-02       8.91488E-02       4.10470E-03       1.15213E-02       2.80686E+00       2.50228E-01       3.72354E-02
       9.12011E-02       9.54993E-02       9.33502E-02       4.29820E-03       1.19899E-02       2.78952E+00       2.60403E-01       4.92253E-02
       9.54993E-02       1.00000E-01       9.77497E-02       4.50070E-03       1.24753E-02       2.77186E+00       2.70949E-01       6.17006E-02
       1.00000E-01       1.04713E-01       1.02357E-01       4.71300E-03       1.29784E-02       2.75374E+00       2.81863E-01       7.46790E-02
       1.04713E-01       1.09648E-01       1.07180E-01       4.93500E-03       1.34990E-02       2.73535E+00       2.93176E-01       8.81779E-02
       1.09648E-01       1.14815E-01       1.12231E-01       5.16700E-03       1.40389E-02       2.71704E+00       3.04937E-01       1.02217E-01
       1.14815E-01       1.20226E-01       1.17520E-01       5.41100E-03       1.45977E-02       2.69778E+00       3.17044E-01       1.16815E-01
       1.20226E-01       1.25892E-01       1.23059E-01       5.66600E-03       1.51773E-02       2.67867E+00       3.29634E-01       1.31992E-01
       1.25892E-01       1.31826E-01       1.28859E-01       5.93400E-03       1.57782E-02       2.65895E+00       3.42629E-01       1.47770E-01
       1.31826E-01       1.38038E-01       1.34932E-01       6.21200E-03       1.64009E-02       2.64020E+00       3.56247E-01       1.64171E-01
       1.38038E-01       1.44544E-01       1.41291E-01       6.50600E-03       1.70478E-02       2.62032E+00       3.70228E-01       1.81219E-01
       1.44544E-01       1.51356E-01       1.47950E-01       6.81200E-03       1.77192E-02       2.60117E+00       3.84843E-01       1.98938E-01
       1.51356E-01       1.58489E-01       1.54923E-01       7.13300E-03       1.84175E-02       2.58202E+00       4.00013E-01       2.17355E-01
       1.58489E-01       1.65959E-01       1.62224E-01       7.47000E-03       1.91444E-02       2.56284E+00       4.15754E-01       2.36500E-01
       1.65959E-01       1.73780E-01       1.69869E-01       7.82100E-03       1.99019E-02       2.54468E+00       4.32263E-01       2.56402E-01
       1.73780E-01       1.81970E-01       1.77875E-01       8.19000E-03       2.06929E-02       2.52660E+00       4.49419E-01       2.77095E-01
       1.81970E-01       1.90546E-01       1.86258E-01       8.57600E-03       2.15204E-02       2.50938E+00       4.67391E-01       2.98615E-01
       1.90546E-01       1.99526E-01       1.95036E-01       8.98000E-03       2.23878E-02       2.49307E+00       4.86239E-01       3.21003E-01
       1.99526E-01       2.08930E-01       2.04228E-01       9.40400E-03       2.33000E-02       2.47766E+00       5.06008E-01       3.44303E-01
       2.08930E-01       2.18776E-01       2.13853E-01       9.84600E-03       2.42614E-02       2.46409E+00       5.26953E-01       3.68564E-01
       2.18776E-01       2.29087E-01       2.23931E-01       1.03110E-02       2.52781E-02       2.45156E+00       5.48983E-01       3.93842E-01
       2.29087E-01       2.39883E-01       2.34485E-01       1.07960E-02       2.63572E-02       2.44139E+00       5.72468E-01       4.20200E-01
       2.39883E-01       2.51189E-01       2.45536E-01       1.13060E-02       2.75070E-02       2.43296E+00       5.97379E-01       4.47707E-01
       2.51189E-01       2.63027E-01       2.57108E-01       1.18380E-02       2.87377E-02       2.42758E+00       6.24149E-01       4.76444E-01
       2.63027E-01       2.75423E-01       2.69225E-01       1.23960E-02       3.00600E-02       2.42498E+00       6.52865E-01       5.06504E-01
       2.75423E-01       2.88403E-01       2.81913E-01       1.29800E-02       3.14881E-02       2.42589E+00       6.83891E-01       5.37992E-01
       2.88403E-01       3.01995E-01       2.95199E-01       1.35920E-02       3.30377E-02       2.43067E+00       7.17533E-01       5.71030E-01
       3.01995E-01       3.16228E-01       3.09112E-01       1.42330E-02       3.47281E-02       2.43997E+00       7.54224E-01       6.05758E-01
       3.16228E-01       3.31131E-01       3.23680E-01       1.49030E-02       3.65811E-02       2.45461E+00       7.94507E-01       6.42339E-01
       3.31131E-01       3.46737E-01       3.38934E-01       1.56060E-02       3.86234E-02       2.47490E+00       8.38829E-01       6.80963E-01
       3.46737E-01       3.63078E-01       3.54908E-01       1.63410E-02       4.08847E-02       2.50197E+00       8.87967E-01       7.21847E-01
       3.63078E-01       3.80189E-01       3.71633E-01       1.71110E-02       4.34015E-02       2.53647E+00       9.42637E-01       7.65249E-01
       3.80189E-01       3.98107E-01       3.89148E-01       1.79180E-02       4.62165E-02       2.57933E+00       1.00374E+00       8.11465E-01
       3.98107E-01       4.16869E-01       4.07488E-01       1.87620E-02       4.93778E-02       2.63180E+00       1.07243E+00       8.60843E-01
       4.16869E-01       4.36516E-01       4.26692E-01       1.96470E-02       5.29439E-02       2.69476E+00       1.14983E+00       9.13787E-01
       4.36516E-01       4.57088E-01       4.46802E-01       2.05720E-02       5.52829E-02       2.68729E+00       1.20069E+00       9.69070E-01
       4.57088E-01       4.78630E-01       4.67859E-01       2.15420E-02       2.98828E-02       1.38719E+00       6.49009E-01       9.98953E-01
       4.78630E-01       5.01187E-01       4.89909E-01       2.25570E-02       1.04723E-03       4.64258E-02       2.27444E-02       1.00000E+00

 Sum =                                                                         1.00000E+00
 Renormalization bin#   910 =                                                  2.22877E-03 barn        6.80000E+06        7.00000E+06        6.90000E+06
 Avg. Energy     bin#   910 =                                                  2.72938E-01 MeV         6.80000E+06        7.00000E+06
