"        MT=601 recoil spectrum "
" Initial neutron energy corresponds to the group:"
   8.40000E+00    8.60000E+00       0.00000E+00           781           862            82



          Low               High              Mid              Energy           Number             dn/de            E*dn/de          Cumulative
         Energy            Energy            Energy             Width          Fraction                               Sum   
         [MeV]             [MeV]             [MeV]              [MeV]

       1.99526E-02       2.08930E-02       2.04228E-02       9.40400E-04       0.00000E+00       0.00000E+00       0.00000E+00       0.00000E+00
       2.08930E-02       2.18776E-02       2.13853E-02       9.84600E-04       1.04103E-04       1.05731E-01       2.26109E-03       1.04103E-04
       2.18776E-02       2.29087E-02       2.23931E-02       1.03110E-03       1.19927E-03       1.16310E+00       2.60455E-02       1.30338E-03
       2.29087E-02       2.39883E-02       2.34485E-02       1.07960E-03       1.38559E-03       1.28343E+00       3.00945E-02       2.68897E-03
       2.39883E-02       2.51189E-02       2.45536E-02       1.13060E-03       1.45078E-03       1.28320E+00       3.15071E-02       4.13975E-03
       2.51189E-02       2.63027E-02       2.57108E-02       1.18380E-03       1.51904E-03       1.28319E+00       3.29918E-02       5.65879E-03
       2.63027E-02       2.75423E-02       2.69225E-02       1.23960E-03       1.59047E-03       1.28305E+00       3.45429E-02       7.24926E-03
       2.75423E-02       2.88403E-02       2.81913E-02       1.29800E-03       1.66525E-03       1.28294E+00       3.61676E-02       8.91451E-03
       2.88403E-02       3.01995E-02       2.95199E-02       1.35920E-03       1.74352E-03       1.28275E+00       3.78667E-02       1.06580E-02
       3.01995E-02       3.16228E-02       3.09112E-02       1.42330E-03       1.82544E-03       1.28254E+00       3.96448E-02       1.24835E-02
       3.16228E-02       3.31131E-02       3.23680E-02       1.49030E-03       1.91116E-03       1.28240E+00       4.15085E-02       1.43946E-02
       3.31131E-02       3.46737E-02       3.38934E-02       1.56060E-03       2.00091E-03       1.28214E+00       4.34561E-02       1.63955E-02
       3.46737E-02       3.63078E-02       3.54908E-02       1.63410E-03       2.09479E-03       1.28192E+00       4.54964E-02       1.84903E-02
       3.63078E-02       3.80189E-02       3.71633E-02       1.71110E-03       2.19305E-03       1.28166E+00       4.76310E-02       2.06834E-02
       3.80189E-02       3.98107E-02       3.89148E-02       1.79180E-03       2.29588E-03       1.28132E+00       4.98625E-02       2.29793E-02
       3.98107E-02       4.16869E-02       4.07488E-02       1.87620E-03       2.40343E-03       1.28101E+00       5.21995E-02       2.53827E-02
       4.16869E-02       4.36516E-02       4.26693E-02       1.96470E-03       2.51597E-03       1.28058E+00       5.46416E-02       2.78986E-02
       4.36516E-02       4.57088E-02       4.46802E-02       2.05720E-03       2.63371E-03       1.28024E+00       5.72013E-02       3.05324E-02
       4.57088E-02       4.78630E-02       4.67859E-02       2.15420E-03       2.75687E-03       1.27976E+00       5.98749E-02       3.32892E-02
       4.78630E-02       5.01187E-02       4.89908E-02       2.25570E-03       2.88567E-03       1.27928E+00       6.26730E-02       3.61749E-02
       5.01187E-02       5.24808E-02       5.12998E-02       2.36210E-03       3.02039E-03       1.27869E+00       6.55963E-02       3.91953E-02
       5.24808E-02       5.49541E-02       5.37174E-02       2.47330E-03       3.16125E-03       1.27815E+00       6.86589E-02       4.23565E-02
       5.49541E-02       5.75440E-02       5.62491E-02       2.58990E-03       3.30855E-03       1.27748E+00       7.18571E-02       4.56651E-02
       5.75440E-02       6.02560E-02       5.89000E-02       2.71200E-03       3.46254E-03       1.27675E+00       7.52003E-02       4.91276E-02
       6.02560E-02       6.30957E-02       6.16758E-02       2.83970E-03       3.62350E-03       1.27602E+00       7.86994E-02       5.27511E-02
       6.30957E-02       6.60693E-02       6.45825E-02       2.97360E-03       3.79173E-03       1.27513E+00       8.23512E-02       5.65428E-02
       6.60693E-02       6.91831E-02       6.76262E-02       3.11380E-03       3.96757E-03       1.27419E+00       8.61685E-02       6.05104E-02
       6.91831E-02       7.24436E-02       7.08134E-02       3.26050E-03       4.15125E-03       1.27319E+00       9.01591E-02       6.46617E-02
       7.24436E-02       7.58578E-02       7.41507E-02       3.41420E-03       4.34312E-03       1.27208E+00       9.43255E-02       6.90048E-02
       7.58578E-02       7.94328E-02       7.76453E-02       3.57500E-03       4.54358E-03       1.27093E+00       9.86818E-02       7.35483E-02
       7.94328E-02       8.31764E-02       8.13046E-02       3.74360E-03       4.75288E-03       1.26960E+00       1.03224E-01       7.83012E-02
       8.31764E-02       8.70964E-02       8.51364E-02       3.92000E-03       4.97142E-03       1.26822E+00       1.07972E-01       8.32727E-02
       8.70964E-02       9.12011E-02       8.91488E-02       4.10470E-03       5.19955E-03       1.26673E+00       1.12927E-01       8.84722E-02
       9.12011E-02       9.54993E-02       9.33502E-02       4.29820E-03       5.43765E-03       1.26510E+00       1.18097E-01       9.39098E-02
       9.54993E-02       1.00000E-01       9.77497E-02       4.50070E-03       5.68607E-03       1.26337E+00       1.23494E-01       9.95959E-02
       1.00000E-01       1.04713E-01       1.02357E-01       4.71300E-03       5.94528E-03       1.26146E+00       1.29119E-01       1.05541E-01
       1.04713E-01       1.09648E-01       1.07180E-01       4.93500E-03       6.21541E-03       1.25946E+00       1.34989E-01       1.11757E-01
       1.09648E-01       1.14815E-01       1.12231E-01       5.16700E-03       6.49739E-03       1.25748E+00       1.41129E-01       1.18254E-01
       1.14815E-01       1.20226E-01       1.17520E-01       5.41100E-03       6.79099E-03       1.25503E+00       1.47492E-01       1.25045E-01
       1.20226E-01       1.25892E-01       1.23059E-01       5.66600E-03       7.09729E-03       1.25261E+00       1.54145E-01       1.32142E-01
       1.25892E-01       1.31826E-01       1.28859E-01       5.93400E-03       7.41640E-03       1.24981E+00       1.61050E-01       1.39559E-01
       1.31826E-01       1.38038E-01       1.34932E-01       6.21200E-03       7.74858E-03       1.24736E+00       1.68308E-01       1.47307E-01
       1.38038E-01       1.44544E-01       1.41291E-01       6.50600E-03       8.09484E-03       1.24421E+00       1.75796E-01       1.55402E-01
       1.44544E-01       1.51356E-01       1.47950E-01       6.81200E-03       8.45513E-03       1.24121E+00       1.83637E-01       1.63857E-01
       1.51356E-01       1.58489E-01       1.54923E-01       7.13300E-03       8.83042E-03       1.23797E+00       1.91789E-01       1.72688E-01
       1.58489E-01       1.65959E-01       1.62224E-01       7.47000E-03       9.22103E-03       1.23441E+00       2.00251E-01       1.81909E-01
       1.65959E-01       1.73780E-01       1.69869E-01       7.82100E-03       9.62750E-03       1.23098E+00       2.09106E-01       1.91536E-01
       1.73780E-01       1.81970E-01       1.77875E-01       8.19000E-03       1.00505E-02       1.22717E+00       2.18283E-01       2.01587E-01
       1.81970E-01       1.90546E-01       1.86258E-01       8.57600E-03       1.04908E-02       1.22327E+00       2.27844E-01       2.12077E-01
       1.90546E-01       1.99526E-01       1.95036E-01       8.98000E-03       1.09488E-02       1.21924E+00       2.37796E-01       2.23026E-01
       1.99526E-01       2.08930E-01       2.04228E-01       9.40400E-03       1.14257E-02       1.21498E+00       2.48133E-01       2.34452E-01
       2.08930E-01       2.18776E-01       2.13853E-01       9.84600E-03       1.19220E-02       1.21085E+00       2.58943E-01       2.46374E-01
       2.18776E-01       2.29087E-01       2.23931E-01       1.03110E-02       1.24386E-02       1.20634E+00       2.70137E-01       2.58812E-01
       2.29087E-01       2.39883E-01       2.34485E-01       1.07960E-02       1.29766E-02       1.20199E+00       2.81847E-01       2.71789E-01
       2.39883E-01       2.51189E-01       2.45536E-01       1.13060E-02       1.35373E-02       1.19735E+00       2.93993E-01       2.85326E-01
       2.51189E-01       2.63027E-01       2.57108E-01       1.18380E-02       1.41219E-02       1.19293E+00       3.06712E-01       2.99448E-01
       2.63027E-01       2.75423E-01       2.69225E-01       1.23960E-02       1.47317E-02       1.18843E+00       3.19954E-01       3.14180E-01
       2.75423E-01       2.88403E-01       2.81913E-01       1.29800E-02       1.53685E-02       1.18402E+00       3.33789E-01       3.29549E-01
       2.88403E-01       3.01995E-01       2.95199E-01       1.35920E-02       1.60341E-02       1.17967E+00       3.48239E-01       3.45583E-01
       3.01995E-01       3.16228E-01       3.09112E-01       1.42330E-02       1.67308E-02       1.17550E+00       3.63359E-01       3.62313E-01
       3.16228E-01       3.31131E-01       3.23680E-01       1.49030E-02       1.74609E-02       1.17164E+00       3.79236E-01       3.79774E-01
       3.31131E-01       3.46737E-01       3.38934E-01       1.56060E-02       1.82276E-02       1.16799E+00       3.95870E-01       3.98002E-01
       3.46737E-01       3.63078E-01       3.54908E-01       1.63410E-02       1.90336E-02       1.16478E+00       4.13388E-01       4.17036E-01
       3.63078E-01       3.80189E-01       3.71633E-01       1.71110E-02       1.98831E-02       1.16201E+00       4.31842E-01       4.36919E-01
       3.80189E-01       3.98107E-01       3.89148E-01       1.79180E-02       2.07806E-02       1.15976E+00       4.51318E-01       4.57699E-01
       3.98107E-01       4.16869E-01       4.07488E-01       1.87620E-02       2.17305E-02       1.15822E+00       4.71959E-01       4.79430E-01
       4.16869E-01       4.36516E-01       4.26692E-01       1.96470E-02       2.27391E-02       1.15738E+00       4.93845E-01       5.02169E-01
       4.36516E-01       4.57088E-01       4.46802E-01       2.05720E-02       2.38129E-02       1.15754E+00       5.17191E-01       5.25982E-01
       4.57088E-01       4.78630E-01       4.67859E-01       2.15420E-02       2.49594E-02       1.15864E+00       5.42080E-01       5.50941E-01
       4.78630E-01       5.01187E-01       4.89909E-01       2.25570E-02       2.61873E-02       1.16094E+00       5.68754E-01       5.77128E-01
       5.01187E-01       5.24808E-01       5.12998E-01       2.36210E-02       2.75067E-02       1.16450E+00       5.97386E-01       6.04635E-01
       5.24808E-01       5.49541E-01       5.37174E-01       2.47330E-02       2.89277E-02       1.16960E+00       6.28279E-01       6.33563E-01
       5.49541E-01       5.75440E-01       5.62490E-01       2.58990E-02       3.04629E-02       1.17622E+00       6.61612E-01       6.64026E-01
       5.75440E-01       6.02560E-01       5.89000E-01       2.71200E-02       3.21249E-02       1.18455E+00       6.97699E-01       6.96151E-01
       6.02560E-01       6.30957E-01       6.16758E-01       2.83970E-02       3.39261E-02       1.19471E+00       7.36846E-01       7.30077E-01
       6.30957E-01       6.60693E-01       6.45825E-01       2.97360E-02       3.58788E-02       1.20658E+00       7.79239E-01       7.65956E-01
       6.60693E-01       6.91831E-01       6.76262E-01       3.11380E-02       3.79912E-02       1.22009E+00       8.25101E-01       8.03947E-01
       6.91831E-01       7.24436E-01       7.08133E-01       3.26050E-02       4.02645E-02       1.23492E+00       8.74487E-01       8.44211E-01
       7.24436E-01       7.58578E-01       7.41507E-01       3.41420E-02       4.26874E-02       1.25029E+00       9.27098E-01       8.86899E-01
       7.58578E-01       7.94328E-01       7.76453E-01       3.57500E-02       4.52259E-02       1.26506E+00       9.82259E-01       9.32124E-01
       7.94328E-01       8.31764E-01       8.13046E-01       3.74360E-02       4.78079E-02       1.27706E+00       1.03831E+00       9.79932E-01
       8.31764E-01       8.70964E-01       8.51364E-01       3.92000E-02       2.00673E-02       5.11921E-01       4.35831E-01       1.00000E+00

 Sum =                                                                         1.00000E+00
 Renormalization bin#   918 =                                                  4.88798E-02 barn        8.40000E+06        8.60000E+06        8.50000E+06
 Avg. Energy     bin#   918 =                                                  4.34872E-01 MeV         8.40000E+06        8.60000E+06
