"        MT=607 recoil spectrum "
" Initial neutron energy corresponds to the group:"
   1.76000E+01    1.78000E+01       0.00000E+00           782           880            99



          Low               High              Mid              Energy           Number             dn/de            E*dn/de          Cumulative
         Energy            Energy            Energy             Width          Fraction                               Sum   
         [MeV]             [MeV]             [MeV]              [MeV]

       2.08930E-02       2.18776E-02       2.13853E-02       9.84600E-04       0.00000E+00       0.00000E+00       0.00000E+00       0.00000E+00
       2.18776E-02       2.29087E-02       2.23931E-02       1.03110E-03       7.76704E-06       7.53277E-03       1.68683E-04       7.76704E-06
       2.29087E-02       2.39883E-02       2.34485E-02       1.07960E-03       5.18063E-04       4.79865E-01       1.12521E-02       5.25830E-04
       2.39883E-02       2.51189E-02       2.45536E-02       1.13060E-03       5.90414E-04       5.22213E-01       1.28222E-02       1.11624E-03
       2.51189E-02       2.63027E-02       2.57108E-02       1.18380E-03       6.18957E-04       5.22856E-01       1.34431E-02       1.73520E-03
       2.63027E-02       2.75423E-02       2.69225E-02       1.23960E-03       6.48900E-04       5.23475E-01       1.40932E-02       2.38410E-03
       2.75423E-02       2.88403E-02       2.81913E-02       1.29800E-03       6.80292E-04       5.24107E-01       1.47753E-02       3.06439E-03
       2.88403E-02       3.01995E-02       2.95199E-02       1.35920E-03       7.13273E-04       5.24774E-01       1.54913E-02       3.77767E-03
       3.01995E-02       3.16228E-02       3.09112E-02       1.42330E-03       7.47902E-04       5.25470E-01       1.62429E-02       4.52557E-03
       3.16228E-02       3.31131E-02       3.23680E-02       1.49030E-03       7.84214E-04       5.26212E-01       1.70324E-02       5.30978E-03
       3.31131E-02       3.46737E-02       3.38934E-02       1.56060E-03       8.22343E-04       5.26941E-01       1.78598E-02       6.13212E-03
       3.46737E-02       3.63078E-02       3.54908E-02       1.63410E-03       8.62334E-04       5.27711E-01       1.87289E-02       6.99446E-03
       3.63078E-02       3.80189E-02       3.71633E-02       1.71110E-03       9.04361E-04       5.28527E-01       1.96418E-02       7.89882E-03
       3.80189E-02       3.98107E-02       3.89148E-02       1.79180E-03       9.48414E-04       5.29308E-01       2.05979E-02       8.84723E-03
       3.98107E-02       4.16869E-02       4.07488E-02       1.87620E-03       9.94732E-04       5.30185E-01       2.16044E-02       9.84196E-03
       4.16869E-02       4.36516E-02       4.26693E-02       1.96470E-03       1.04332E-03       5.31034E-01       2.26588E-02       1.08853E-02
       4.36516E-02       4.57088E-02       4.46802E-02       2.05720E-03       1.09437E-03       5.31970E-01       2.37685E-02       1.19797E-02
       4.57088E-02       4.78630E-02       4.67859E-02       2.15420E-03       1.14794E-03       5.32884E-01       2.49315E-02       1.31276E-02
       4.78630E-02       5.01187E-02       4.89908E-02       2.25570E-03       1.20422E-03       5.33856E-01       2.61541E-02       1.43318E-02
       5.01187E-02       5.24808E-02       5.12998E-02       2.36210E-03       1.26331E-03       5.34823E-01       2.74363E-02       1.55951E-02
       5.24808E-02       5.49541E-02       5.37174E-02       2.47330E-03       1.32538E-03       5.35875E-01       2.87858E-02       1.69205E-02
       5.49541E-02       5.75440E-02       5.62491E-02       2.58990E-03       1.39051E-03       5.36898E-01       3.02000E-02       1.83110E-02
       5.75440E-02       6.02560E-02       5.89000E-02       2.71200E-03       1.45899E-03       5.37977E-01       3.16869E-02       1.97700E-02
       6.02560E-02       6.30957E-02       6.16758E-02       2.83970E-03       1.53082E-03       5.39078E-01       3.32481E-02       2.13008E-02
       6.30957E-02       6.60693E-02       6.45825E-02       2.97360E-03       1.60629E-03       5.40186E-01       3.48865E-02       2.29071E-02
       6.60693E-02       6.91831E-02       6.76262E-02       3.11380E-03       1.68558E-03       5.41324E-01       3.66077E-02       2.45927E-02
       6.91831E-02       7.24436E-02       7.08134E-02       3.26050E-03       1.76881E-03       5.42495E-01       3.84159E-02       2.63615E-02
       7.24436E-02       7.58578E-02       7.41507E-02       3.41420E-03       1.85626E-03       5.43689E-01       4.03149E-02       2.82178E-02
       7.58578E-02       7.94328E-02       7.76453E-02       3.57500E-03       1.94805E-03       5.44909E-01       4.23096E-02       3.01658E-02
       7.94328E-02       8.31764E-02       8.13046E-02       3.74360E-03       2.04443E-03       5.46112E-01       4.44014E-02       3.22102E-02
       8.31764E-02       8.70964E-02       8.51364E-02       3.92000E-03       2.14563E-03       5.47355E-01       4.65998E-02       3.43559E-02
       8.70964E-02       9.12011E-02       8.91488E-02       4.10470E-03       2.25194E-03       5.48623E-01       4.89091E-02       3.66078E-02
       9.12011E-02       9.54993E-02       9.33502E-02       4.29820E-03       2.36347E-03       5.49874E-01       5.13309E-02       3.89713E-02
       9.54993E-02       1.00000E-01       9.77497E-02       4.50070E-03       2.48052E-03       5.51142E-01       5.38739E-02       4.14518E-02
       1.00000E-01       1.04713E-01       1.02357E-01       4.71300E-03       2.60347E-03       5.52402E-01       5.65419E-02       4.40553E-02
       1.04713E-01       1.09648E-01       1.07180E-01       4.93500E-03       2.73231E-03       5.53659E-01       5.93415E-02       4.67876E-02
       1.09648E-01       1.14815E-01       1.12231E-01       5.16700E-03       2.86766E-03       5.54995E-01       6.22879E-02       4.96552E-02
       1.14815E-01       1.20226E-01       1.17520E-01       5.41100E-03       3.00950E-03       5.56182E-01       6.53628E-02       5.26647E-02
       1.20226E-01       1.25892E-01       1.23059E-01       5.66600E-03       3.15827E-03       5.57407E-01       6.85939E-02       5.58230E-02
       1.25892E-01       1.31826E-01       1.28859E-01       5.93400E-03       3.31432E-03       5.58530E-01       7.19716E-02       5.91373E-02
       1.31826E-01       1.38038E-01       1.34932E-01       6.21200E-03       3.47770E-03       5.59836E-01       7.55397E-02       6.26150E-02
       1.38038E-01       1.44544E-01       1.41291E-01       6.50600E-03       3.64897E-03       5.60862E-01       7.92447E-02       6.62640E-02
       1.44544E-01       1.51356E-01       1.47950E-01       6.81200E-03       3.82822E-03       5.61982E-01       8.31452E-02       7.00922E-02
       1.51356E-01       1.58489E-01       1.54923E-01       7.13300E-03       4.01599E-03       5.63015E-01       8.72237E-02       7.41082E-02
       1.58489E-01       1.65959E-01       1.62224E-01       7.47000E-03       4.21237E-03       5.63905E-01       9.14790E-02       7.83206E-02
       1.65959E-01       1.73780E-01       1.69869E-01       7.82100E-03       4.41772E-03       5.64853E-01       9.59514E-02       8.27383E-02
       1.73780E-01       1.81970E-01       1.77875E-01       8.19000E-03       4.63236E-03       5.65612E-01       1.00608E-01       8.73706E-02
       1.81970E-01       1.90546E-01       1.86258E-01       8.57600E-03       4.85661E-03       5.66303E-01       1.05478E-01       9.22272E-02
       1.90546E-01       1.99526E-01       1.95036E-01       8.98000E-03       5.09059E-03       5.66880E-01       1.10562E-01       9.73178E-02
       1.99526E-01       2.08930E-01       2.04228E-01       9.40400E-03       5.33477E-03       5.67288E-01       1.15856E-01       1.02653E-01
       2.08930E-01       2.18776E-01       2.13853E-01       9.84600E-03       5.58923E-03       5.67665E-01       1.21397E-01       1.08242E-01
       2.18776E-01       2.29087E-01       2.23931E-01       1.03110E-02       5.85425E-03       5.67767E-01       1.27141E-01       1.14096E-01
       2.29087E-01       2.39883E-01       2.34485E-01       1.07960E-02       6.13000E-03       5.67803E-01       1.33141E-01       1.20226E-01
       2.39883E-01       2.51189E-01       2.45536E-01       1.13060E-02       6.41667E-03       5.67546E-01       1.39353E-01       1.26643E-01
       2.51189E-01       2.63027E-01       2.57108E-01       1.18380E-02       6.71451E-03       5.67199E-01       1.45831E-01       1.33357E-01
       2.63027E-01       2.75423E-01       2.69225E-01       1.23960E-02       7.02341E-03       5.66586E-01       1.52539E-01       1.40381E-01
       2.75423E-01       2.88403E-01       2.81913E-01       1.29800E-02       7.34359E-03       5.65762E-01       1.59496E-01       1.47724E-01
       2.88403E-01       3.01995E-01       2.95199E-01       1.35920E-02       7.67499E-03       5.64670E-01       1.66690E-01       1.55399E-01
       3.01995E-01       3.16228E-01       3.09112E-01       1.42330E-02       8.01772E-03       5.63319E-01       1.74128E-01       1.63417E-01
       3.16228E-01       3.31131E-01       3.23680E-01       1.49030E-02       8.37160E-03       5.61739E-01       1.81824E-01       1.71789E-01
       3.31131E-01       3.46737E-01       3.38934E-01       1.56060E-02       8.73677E-03       5.59834E-01       1.89747E-01       1.80525E-01
       3.46737E-01       3.63078E-01       3.54908E-01       1.63410E-02       9.11279E-03       5.57664E-01       1.97919E-01       1.89638E-01
       3.63078E-01       3.80189E-01       3.71633E-01       1.71110E-02       9.49974E-03       5.55183E-01       2.06325E-01       1.99138E-01
       3.80189E-01       3.98107E-01       3.89148E-01       1.79180E-02       9.89736E-03       5.52370E-01       2.14954E-01       2.09035E-01
       3.98107E-01       4.16869E-01       4.07488E-01       1.87620E-02       1.03055E-02       5.49274E-01       2.23822E-01       2.19341E-01
       4.16869E-01       4.36516E-01       4.26692E-01       1.96470E-02       1.07240E-02       5.45833E-01       2.32903E-01       2.30065E-01
       4.36516E-01       4.57088E-01       4.46802E-01       2.05720E-02       1.11526E-02       5.42126E-01       2.42223E-01       2.41217E-01
       4.57088E-01       4.78630E-01       4.67859E-01       2.15420E-02       1.15915E-02       5.38087E-01       2.51749E-01       2.52809E-01
       4.78630E-01       5.01187E-01       4.89909E-01       2.25570E-02       1.20404E-02       5.33778E-01       2.61502E-01       2.64849E-01
       5.01187E-01       5.24808E-01       5.12998E-01       2.36210E-02       1.24997E-02       5.29178E-01       2.71467E-01       2.77349E-01
       5.24808E-01       5.49541E-01       5.37174E-01       2.47330E-02       1.29697E-02       5.24387E-01       2.81687E-01       2.90319E-01
       5.49541E-01       5.75440E-01       5.62490E-01       2.58990E-02       1.34509E-02       5.19361E-01       2.92136E-01       3.03769E-01
       5.75440E-01       6.02560E-01       5.89000E-01       2.71200E-02       1.39447E-02       5.14184E-01       3.02854E-01       3.17714E-01
       6.02560E-01       6.30957E-01       6.16758E-01       2.83970E-02       1.44520E-02       5.08929E-01       3.13886E-01       3.32166E-01
       6.30957E-01       6.60693E-01       6.45825E-01       2.97360E-02       1.49753E-02       5.03608E-01       3.25243E-01       3.47142E-01
       6.60693E-01       6.91831E-01       6.76262E-01       3.11380E-02       1.55171E-02       4.98334E-01       3.37004E-01       3.62659E-01
       6.91831E-01       7.24436E-01       7.08133E-01       3.26050E-02       1.60809E-02       4.93203E-01       3.49253E-01       3.78739E-01
       7.24436E-01       7.58578E-01       7.41507E-01       3.41420E-02       1.66713E-02       4.88292E-01       3.62072E-01       3.95411E-01
       7.58578E-01       7.94328E-01       7.76453E-01       3.57500E-02       1.72940E-02       4.83747E-01       3.75607E-01       4.12705E-01
       7.94328E-01       8.31764E-01       8.13046E-01       3.74360E-02       1.79563E-02       4.79654E-01       3.89981E-01       4.30661E-01
       8.31764E-01       8.70964E-01       8.51364E-01       3.92000E-02       1.86669E-02       4.76196E-01       4.05416E-01       4.49328E-01
       8.70964E-01       9.12011E-01       8.91487E-01       4.10470E-02       1.94363E-02       4.73513E-01       4.22131E-01       4.68764E-01
       9.12011E-01       9.54993E-01       9.33502E-01       4.29820E-02       2.02773E-02       4.71763E-01       4.40391E-01       4.89042E-01
       9.54993E-01       1.00000E+00       9.77497E-01       4.50070E-02       2.12044E-02       4.71136E-01       4.60533E-01       5.10246E-01
       1.00000E+00       1.04713E+00       1.02357E+00       4.71300E-02       2.22350E-02       4.71781E-01       4.82898E-01       5.32481E-01
       1.04713E+00       1.09648E+00       1.07181E+00       4.93500E-02       2.33874E-02       4.73909E-01       5.07938E-01       5.55868E-01
       1.09648E+00       1.14815E+00       1.12231E+00       5.16700E-02       2.46843E-02       4.77731E-01       5.36164E-01       5.80553E-01
       1.14815E+00       1.20226E+00       1.17520E+00       5.41100E-02       2.61458E-02       4.83198E-01       5.67856E-01       6.06699E-01
       1.20226E+00       1.25892E+00       1.23059E+00       5.66600E-02       2.77961E-02       4.90577E-01       6.03700E-01       6.34495E-01
       1.25892E+00       1.31826E+00       1.28859E+00       5.93400E-02       2.96536E-02       4.99724E-01       6.43940E-01       6.64148E-01
       1.31826E+00       1.38038E+00       1.34932E+00       6.21200E-02       3.17309E-02       5.10800E-01       6.89232E-01       6.95879E-01
       1.38038E+00       1.44544E+00       1.41291E+00       6.50600E-02       3.40310E-02       5.23070E-01       7.39051E-01       7.29910E-01
       1.44544E+00       1.51356E+00       1.47950E+00       6.81200E-02       3.65307E-02       5.36270E-01       7.93411E-01       7.66441E-01
       1.51356E+00       1.58489E+00       1.54923E+00       7.13300E-02       3.91744E-02       5.49199E-01       8.50833E-01       8.05615E-01
       1.58489E+00       1.65959E+00       1.62224E+00       7.47000E-02       4.18441E-02       5.60162E-01       9.08718E-01       8.47459E-01
       1.65959E+00       1.73780E+00       1.69869E+00       7.82100E-02       4.43284E-02       5.66787E-01       9.62799E-01       8.91788E-01
       1.73780E+00       1.81970E+00       1.77875E+00       8.19000E-02       4.62703E-02       5.64961E-01       1.00492E+00       9.38058E-01
       1.81970E+00       1.90546E+00       1.86258E+00       8.57600E-02       4.70870E-02       5.49055E-01       1.02266E+00       9.85145E-01
       1.90546E+00       1.99526E+00       1.95036E+00       8.98000E-02       1.48549E-02       1.65422E-01       3.22632E-01       1.00000E+00

 Sum =                                                                         1.00000E+00
 Renormalization bin#   964 =                                                  1.07691E-03 barn        1.76000E+07        1.78000E+07        1.77000E+07
 Avg. Energy     bin#   964 =                                                  9.78708E-01 MeV         1.76000E+07        1.78000E+07
