"        MT=649 recoil spectrum "
" Initial neutron energy corresponds to the group:"
   1.92000E+01    1.94000E+01       0.00000E+00           768           882           115



          Low               High              Mid              Energy           Number             dn/de            E*dn/de          Cumulative
         Energy            Energy            Energy             Width          Fraction                               Sum   
         [MeV]             [MeV]             [MeV]              [MeV]

       1.09648E-02       1.14815E-02       1.12232E-02       5.16700E-04       0.00000E+00       0.00000E+00       0.00000E+00       0.00000E+00
       1.14815E-02       1.20226E-02       1.17521E-02       5.41100E-04       1.42232E-10       2.62857E-07       3.08911E-09       1.42232E-10
       1.20226E-02       1.25892E-02       1.23059E-02       5.66601E-04       2.03451E-07       3.59072E-04       4.41871E-06       2.03593E-07
       1.25892E-02       1.31826E-02       1.28859E-02       5.93399E-04       7.13747E-07       1.20281E-03       1.54993E-05       9.17339E-07
       1.31826E-02       1.38038E-02       1.34932E-02       6.21200E-04       1.28699E-06       2.07178E-03       2.79549E-05       2.20433E-06
       1.38038E-02       1.44544E-02       1.41291E-02       6.50601E-04       1.92923E-06       2.96531E-03       4.18971E-05       4.13356E-06
       1.44544E-02       1.51356E-02       1.47950E-02       6.81199E-04       2.63317E-06       3.86549E-03       5.71899E-05       6.76672E-06
       1.51356E-02       1.58489E-02       1.54923E-02       7.13301E-04       3.42142E-06       4.79661E-03       7.43102E-05       1.01881E-05
       1.58489E-02       1.65959E-02       1.62224E-02       7.47000E-04       4.30769E-06       5.76665E-03       9.35489E-05       1.44958E-05
       1.65959E-02       1.73780E-02       1.69870E-02       7.82100E-04       5.25599E-06       6.72036E-03       1.14158E-04       1.97518E-05
       1.73780E-02       1.81970E-02       1.77875E-02       8.19000E-04       6.30070E-06       7.69316E-03       1.36842E-04       2.60525E-05
       1.81970E-02       1.90546E-02       1.86258E-02       8.57600E-04       7.47155E-06       8.71217E-03       1.62271E-04       3.35241E-05
       1.90546E-02       1.99526E-02       1.95036E-02       8.98000E-04       8.78180E-06       9.77928E-03       1.90731E-04       4.23059E-05
       1.99526E-02       2.08930E-02       2.04228E-02       9.40400E-04       1.02666E-05       1.09172E-02       2.22960E-04       5.25724E-05
       2.08930E-02       2.18776E-02       2.13853E-02       9.84600E-04       1.23325E-05       1.25254E-02       2.67860E-04       6.49050E-05
       2.18776E-02       2.29087E-02       2.23931E-02       1.03110E-03       1.48284E-05       1.43812E-02       3.22040E-04       7.97334E-05
       2.29087E-02       2.39883E-02       2.34485E-02       1.07960E-03       1.76023E-05       1.63045E-02       3.82315E-04       9.73357E-05
       2.39883E-02       2.51189E-02       2.45536E-02       1.13060E-03       2.06915E-05       1.83013E-02       4.49364E-04       1.18027E-04
       2.51189E-02       2.63027E-02       2.57108E-02       1.18380E-03       2.40392E-05       2.03069E-02       5.22105E-04       1.42066E-04
       2.63027E-02       2.75423E-02       2.69225E-02       1.23960E-03       2.76929E-05       2.23402E-02       6.01453E-04       1.69759E-04
       2.75423E-02       2.88403E-02       2.81913E-02       1.29800E-03       3.17618E-05       2.44698E-02       6.89836E-04       2.01521E-04
       2.88403E-02       3.01995E-02       2.95199E-02       1.35920E-03       3.62434E-05       2.66652E-02       7.87156E-04       2.37765E-04
       3.01995E-02       3.16228E-02       3.09112E-02       1.42330E-03       4.10537E-05       2.88440E-02       8.91601E-04       2.78818E-04
       3.16228E-02       3.31131E-02       3.23680E-02       1.49030E-03       4.63389E-05       3.10937E-02       1.00644E-03       3.25157E-04
       3.31131E-02       3.46737E-02       3.38934E-02       1.56060E-03       5.86604E-05       3.75884E-02       1.27400E-03       3.83818E-04
       3.46737E-02       3.63078E-02       3.54908E-02       1.63410E-03       8.46725E-05       5.18160E-02       1.83899E-03       4.68490E-04
       3.63078E-02       3.80189E-02       3.71633E-02       1.71110E-03       1.14602E-04       6.69756E-02       2.48904E-03       5.83092E-04
       3.80189E-02       3.98107E-02       3.89148E-02       1.79180E-03       1.47248E-04       8.21787E-02       3.19797E-03       7.30340E-04
       3.98107E-02       4.16869E-02       4.07488E-02       1.87620E-03       1.82955E-04       9.75139E-02       3.97357E-03       9.13295E-04
       4.16869E-02       4.36516E-02       4.26693E-02       1.96470E-03       2.23116E-04       1.13562E-01       4.84562E-03       1.13641E-03
       4.36516E-02       4.57088E-02       4.46802E-02       2.05720E-03       2.68213E-04       1.30378E-01       5.82530E-03       1.40462E-03
       4.57088E-02       4.78630E-02       4.67859E-02       2.15420E-03       3.18187E-04       1.47706E-01       6.91054E-03       1.72281E-03
       4.78630E-02       5.01187E-02       4.89908E-02       2.25570E-03       3.71692E-04       1.64779E-01       8.07266E-03       2.09450E-03
       5.01187E-02       5.24808E-02       5.12998E-02       2.36210E-03       4.31119E-04       1.82515E-01       9.36299E-03       2.52562E-03
       5.24808E-02       5.49541E-02       5.37174E-02       2.47330E-03       4.97386E-04       2.01102E-01       1.08027E-02       3.02301E-03
       5.49541E-02       5.75440E-02       5.62491E-02       2.58990E-03       5.73143E-04       2.21300E-01       1.24479E-02       3.59615E-03
       5.75440E-02       6.02560E-02       5.89000E-02       2.71200E-03       6.62106E-04       2.44139E-01       1.43798E-02       4.25826E-03
       6.02560E-02       6.30957E-02       6.16758E-02       2.83970E-03       7.61451E-04       2.68145E-01       1.65381E-02       5.01971E-03
       6.30957E-02       6.60693E-02       6.45825E-02       2.97360E-03       8.71017E-04       2.92917E-01       1.89173E-02       5.89073E-03
       6.60693E-02       6.91831E-02       6.76262E-02       3.11380E-03       9.89981E-04       3.17933E-01       2.15006E-02       6.88071E-03
       6.91831E-02       7.24436E-02       7.08134E-02       3.26050E-03       1.11210E-03       3.41083E-01       2.41532E-02       7.99281E-03
       7.24436E-02       7.58578E-02       7.41507E-02       3.41420E-03       1.21488E-03       3.55833E-01       2.63853E-02       9.20769E-03
       7.58578E-02       7.94328E-02       7.76453E-02       3.57500E-03       1.32129E-03       3.69591E-01       2.86970E-02       1.05290E-02
       7.94328E-02       8.31764E-02       8.13046E-02       3.74360E-03       1.43687E-03       3.83820E-01       3.12063E-02       1.19658E-02
       8.31764E-02       8.70964E-02       8.51364E-02       3.92000E-03       1.56040E-03       3.98061E-01       3.38895E-02       1.35262E-02
       8.70964E-02       9.12011E-02       8.91488E-02       4.10470E-03       1.69463E-03       4.12850E-01       3.68051E-02       1.52209E-02
       9.12011E-02       9.54993E-02       9.33502E-02       4.29820E-03       1.83908E-03       4.27872E-01       3.99420E-02       1.70600E-02
       9.54993E-02       1.00000E-01       9.77497E-02       4.50070E-03       1.99568E-03       4.43414E-01       4.33436E-02       1.90556E-02
       1.00000E-01       1.04713E-01       1.02357E-01       4.71300E-03       2.16642E-03       4.59669E-01       4.70501E-02       2.12220E-02
       1.04713E-01       1.09648E-01       1.07180E-01       4.93500E-03       2.35230E-03       4.76657E-01       5.10883E-02       2.35743E-02
       1.09648E-01       1.14815E-01       1.12231E-01       5.16700E-03       2.55333E-03       4.94161E-01       5.54605E-02       2.61277E-02
       1.14815E-01       1.20226E-01       1.17520E-01       5.41100E-03       2.76005E-03       5.10082E-01       5.99451E-02       2.88877E-02
       1.20226E-01       1.25892E-01       1.23059E-01       5.66600E-03       2.95686E-03       5.21861E-01       6.42197E-02       3.18446E-02
       1.25892E-01       1.31826E-01       1.28859E-01       5.93400E-03       3.16479E-03       5.33332E-01       6.87247E-02       3.50094E-02
       1.31826E-01       1.38038E-01       1.34932E-01       6.21200E-03       3.36505E-03       5.41702E-01       7.30929E-02       3.83744E-02
       1.38038E-01       1.44544E-01       1.41291E-01       6.50600E-03       3.53885E-03       5.43936E-01       7.68532E-02       4.19133E-02
       1.44544E-01       1.51356E-01       1.47950E-01       6.81200E-03       3.72071E-03       5.46200E-01       8.08102E-02       4.56340E-02
       1.51356E-01       1.58489E-01       1.54923E-01       7.13300E-03       3.91259E-03       5.48519E-01       8.49779E-02       4.95466E-02
       1.58489E-01       1.65959E-01       1.62224E-01       7.47000E-03       4.11408E-03       5.50747E-01       8.93443E-02       5.36607E-02
       1.65959E-01       1.73780E-01       1.69869E-01       7.82100E-03       4.32501E-03       5.52999E-01       9.39377E-02       5.79857E-02
       1.73780E-01       1.81970E-01       1.77875E-01       8.19000E-03       4.54748E-03       5.55248E-01       9.87647E-02       6.25332E-02
       1.81970E-01       1.90546E-01       1.86258E-01       8.57600E-03       4.78224E-03       5.57631E-01       1.03863E-01       6.73154E-02
       1.90546E-01       1.99526E-01       1.95036E-01       8.98000E-03       5.02999E-03       5.60133E-01       1.09246E-01       7.23454E-02
       1.99526E-01       2.08930E-01       2.04228E-01       9.40400E-03       5.29167E-03       5.62704E-01       1.14920E-01       7.76371E-02
       2.08930E-01       2.18776E-01       2.13853E-01       9.84600E-03       5.56801E-03       5.65510E-01       1.20936E-01       8.32051E-02
       2.18776E-01       2.29087E-01       2.23931E-01       1.03110E-02       5.85989E-03       5.68314E-01       1.27263E-01       8.90650E-02
       2.29087E-01       2.39883E-01       2.34485E-01       1.07960E-02       6.15298E-03       5.69931E-01       1.33640E-01       9.52179E-02
       2.39883E-01       2.51189E-01       2.45536E-01       1.13060E-02       6.44526E-03       5.70074E-01       1.39974E-01       1.01663E-01
       2.51189E-01       2.63027E-01       2.57108E-01       1.18380E-02       6.75145E-03       5.70320E-01       1.46634E-01       1.08415E-01
       2.63027E-01       2.75423E-01       2.69225E-01       1.23960E-02       7.07224E-03       5.70526E-01       1.53600E-01       1.15487E-01
       2.75423E-01       2.88403E-01       2.81913E-01       1.29800E-02       7.40839E-03       5.70754E-01       1.60903E-01       1.22895E-01
       2.88403E-01       3.01995E-01       2.95199E-01       1.35920E-02       7.76015E-03       5.70935E-01       1.68540E-01       1.30655E-01
       3.01995E-01       3.16228E-01       3.09112E-01       1.42330E-02       8.12666E-03       5.70973E-01       1.76494E-01       1.38782E-01
       3.16228E-01       3.31131E-01       3.23680E-01       1.49030E-02       8.50966E-03       5.71003E-01       1.84822E-01       1.47292E-01
       3.31131E-01       3.46737E-01       3.38934E-01       1.56060E-02       8.91082E-03       5.70987E-01       1.93527E-01       1.56203E-01
       3.46737E-01       3.63078E-01       3.54908E-01       1.63410E-02       9.33079E-03       5.71005E-01       2.02654E-01       1.65533E-01
       3.63078E-01       3.80189E-01       3.71633E-01       1.71110E-02       9.77056E-03       5.71011E-01       2.12207E-01       1.75304E-01
       3.80189E-01       3.98107E-01       3.89148E-01       1.79180E-02       1.02311E-02       5.70998E-01       2.22203E-01       1.85535E-01
       3.98107E-01       4.16869E-01       4.07488E-01       1.87620E-02       1.07134E-02       5.71014E-01       2.32681E-01       1.96248E-01
       4.16869E-01       4.36516E-01       4.26692E-01       1.96470E-02       1.12183E-02       5.70994E-01       2.43639E-01       2.07467E-01
       4.36516E-01       4.57088E-01       4.46802E-01       2.05720E-02       1.17472E-02       5.71028E-01       2.55137E-01       2.19214E-01
       4.57088E-01       4.78630E-01       4.67859E-01       2.15420E-02       1.23009E-02       5.71019E-01       2.67156E-01       2.31515E-01
       4.78630E-01       5.01187E-01       4.89909E-01       2.25570E-02       1.28807E-02       5.71029E-01       2.79752E-01       2.44396E-01
       5.01187E-01       5.24808E-01       5.12998E-01       2.36210E-02       1.34879E-02       5.71012E-01       2.92928E-01       2.57883E-01
       5.24808E-01       5.49541E-01       5.37174E-01       2.47330E-02       1.41236E-02       5.71042E-01       3.06749E-01       2.72007E-01
       5.49541E-01       5.75440E-01       5.62490E-01       2.58990E-02       1.47893E-02       5.71038E-01       3.21204E-01       2.86796E-01
       5.75440E-01       6.02560E-01       5.89000E-01       2.71200E-02       1.54863E-02       5.71030E-01       3.36337E-01       3.02283E-01
       6.02560E-01       6.30957E-01       6.16758E-01       2.83970E-02       1.62159E-02       5.71043E-01       3.52195E-01       3.18499E-01
       6.30957E-01       6.60693E-01       6.45825E-01       2.97360E-02       1.69801E-02       5.71028E-01       3.68784E-01       3.35479E-01
       6.60693E-01       6.91831E-01       6.76262E-01       3.11380E-02       1.77801E-02       5.71011E-01       3.86153E-01       3.53259E-01
       6.91831E-01       7.24436E-01       7.08133E-01       3.26050E-02       1.86178E-02       5.71011E-01       4.04352E-01       3.71877E-01
       7.24436E-01       7.58578E-01       7.41507E-01       3.41420E-02       1.94950E-02       5.70996E-01       4.23398E-01       3.91372E-01
       7.58578E-01       7.94328E-01       7.76453E-01       3.57500E-02       2.04135E-02       5.71007E-01       4.43360E-01       4.11785E-01
       7.94328E-01       8.31764E-01       8.13046E-01       3.74360E-02       2.13754E-02       5.70985E-01       4.64237E-01       4.33160E-01
       8.31764E-01       8.70964E-01       8.51364E-01       3.92000E-02       2.23824E-02       5.70979E-01       4.86111E-01       4.55543E-01
       8.70964E-01       9.12011E-01       8.91487E-01       4.10470E-02       2.34369E-02       5.70977E-01       5.09018E-01       4.78980E-01
       9.12011E-01       9.54993E-01       9.33502E-01       4.29820E-02       2.45412E-02       5.70964E-01       5.32996E-01       5.03521E-01
       9.54993E-01       1.00000E+00       9.77497E-01       4.50070E-02       2.56972E-02       5.70961E-01       5.58112E-01       5.29218E-01
       1.00000E+00       1.04713E+00       1.02357E+00       4.71300E-02       2.69081E-02       5.70934E-01       5.84388E-01       5.56126E-01
       1.04713E+00       1.09648E+00       1.07181E+00       4.93500E-02       2.81752E-02       5.70926E-01       6.11921E-01       5.84301E-01
       1.09648E+00       1.14815E+00       1.12231E+00       5.16700E-02       2.95032E-02       5.70993E-01       6.40833E-01       6.13805E-01
       1.14815E+00       1.20226E+00       1.17520E+00       5.41100E-02       3.08923E-02       5.70916E-01       6.70943E-01       6.44697E-01
       1.20226E+00       1.25892E+00       1.23059E+00       5.66600E-02       3.23469E-02       5.70895E-01       7.02538E-01       6.77044E-01
       1.25892E+00       1.31826E+00       1.28859E+00       5.93400E-02       3.38638E-02       5.70674E-01       7.35364E-01       7.10908E-01
       1.31826E+00       1.38038E+00       1.34932E+00       6.21200E-02       3.53835E-02       5.69599E-01       7.68572E-01       7.46291E-01
       1.38038E+00       1.44544E+00       1.41291E+00       6.50600E-02       3.66677E-02       5.63598E-01       7.96313E-01       7.82959E-01
       1.44544E+00       1.51356E+00       1.47950E+00       6.81200E-02       3.79305E-02       5.56819E-01       8.23813E-01       8.20889E-01
       1.51356E+00       1.58489E+00       1.54923E+00       7.13300E-02       3.84780E-02       5.39436E-01       8.35708E-01       8.59367E-01
       1.58489E+00       1.65959E+00       1.62224E+00       7.47000E-02       3.73086E-02       4.99445E-01       8.10220E-01       8.96676E-01
       1.65959E+00       1.73780E+00       1.69869E+00       7.82100E-02       3.53702E-02       4.52246E-01       7.68228E-01       9.32046E-01
       1.73780E+00       1.81970E+00       1.77875E+00       8.19000E-02       3.10546E-02       3.79176E-01       6.74460E-01       9.63101E-01
       1.81970E+00       1.90546E+00       1.86258E+00       8.57600E-02       2.20285E-02       2.56862E-01       4.78426E-01       9.85129E-01
       1.90546E+00       1.99526E+00       1.95036E+00       8.98000E-02       1.10349E-02       1.22884E-01       2.39667E-01       9.96164E-01
       1.99526E+00       2.08930E+00       2.04228E+00       9.40400E-02       3.49991E-03       3.72173E-02       7.60081E-02       9.99664E-01
       2.08930E+00       2.18776E+00       2.13853E+00       9.84600E-02       3.36366E-04       3.41627E-03       7.30580E-03       1.00000E+00

 Sum =                                                                         1.00000E+00
 Renormalization bin#   972 =                                                  8.69425E-02 barn        1.92000E+07        1.94000E+07        1.93000E+07
 Avg. Energy     bin#   972 =                                                  9.55698E-01 MeV         1.92000E+07        1.94000E+07
