"        MT=609 recoil spectrum "
" Initial neutron energy corresponds to the group:"
   8.40000E+00    8.60000E+00       0.00000E+00           807           856            50



          Low               High              Mid              Energy           Number             dn/de            E*dn/de          Cumulative
         Energy            Energy            Energy             Width          Fraction                               Sum   
         [MeV]             [MeV]             [MeV]              [MeV]

       6.60693E-02       6.91831E-02       6.76262E-02       3.11380E-03       0.00000E+00       0.00000E+00       0.00000E+00       0.00000E+00
       6.91831E-02       7.24436E-02       7.08134E-02       3.26050E-03       2.25220E-03       6.90752E-01       4.89145E-02       2.25220E-03
       7.24436E-02       7.58578E-02       7.41507E-02       3.41420E-03       5.36929E-03       1.57264E+00       1.16612E-01       7.62149E-03
       7.58578E-02       7.94328E-02       7.76453E-02       3.57500E-03       5.66456E-03       1.58449E+00       1.23028E-01       1.32861E-02
       7.94328E-02       8.31764E-02       8.13046E-02       3.74360E-03       5.95572E-03       1.59091E+00       1.29348E-01       1.92418E-02
       8.31764E-02       8.70964E-02       8.51364E-02       3.92000E-03       6.26258E-03       1.59760E+00       1.36014E-01       2.55044E-02
       8.70964E-02       9.12011E-02       8.91488E-02       4.10470E-03       6.58601E-03       1.60450E+00       1.43039E-01       3.20904E-02
       9.12011E-02       9.54993E-02       9.33502E-02       4.29820E-03       6.92695E-03       1.61160E+00       1.50443E-01       3.90173E-02
       9.54993E-02       1.00000E-01       9.77497E-02       4.50070E-03       7.28634E-03       1.61893E+00       1.58250E-01       4.63037E-02
       1.00000E-01       1.04713E-01       1.02357E-01       4.71300E-03       7.66531E-03       1.62642E+00       1.66475E-01       5.39690E-02
       1.04713E-01       1.09648E-01       1.07180E-01       4.93500E-03       8.06461E-03       1.63417E+00       1.75151E-01       6.20336E-02
       1.09648E-01       1.14815E-01       1.12231E-01       5.16700E-03       8.48597E-03       1.64234E+00       1.84322E-01       7.05196E-02
       1.14815E-01       1.20226E-01       1.17520E-01       5.41100E-03       8.92978E-03       1.65030E+00       1.93944E-01       7.94493E-02
       1.20226E-01       1.25892E-01       1.23059E-01       5.66600E-03       9.39805E-03       1.65867E+00       2.04115E-01       8.88474E-02
       1.25892E-01       1.31826E-01       1.28859E-01       5.93400E-03       9.89168E-03       1.66695E+00       2.14802E-01       9.87391E-02
       1.31826E-01       1.38038E-01       1.34932E-01       6.21200E-03       1.04117E-02       1.67607E+00       2.26155E-01       1.09151E-01
       1.38038E-01       1.44544E-01       1.41291E-01       6.50600E-03       1.09602E-02       1.68463E+00       2.38024E-01       1.20111E-01
       1.44544E-01       1.51356E-01       1.47950E-01       6.81200E-03       1.15379E-02       1.69377E+00       2.50593E-01       1.31649E-01
       1.51356E-01       1.58489E-01       1.54923E-01       7.13300E-03       1.21469E-02       1.70291E+00       2.63819E-01       1.43796E-01
       1.58489E-01       1.65959E-01       1.62224E-01       7.47000E-03       1.27883E-02       1.71195E+00       2.77719E-01       1.56584E-01
       1.65959E-01       1.73780E-01       1.69869E-01       7.82100E-03       1.34636E-02       1.72147E+00       2.92425E-01       1.70048E-01
       1.73780E-01       1.81970E-01       1.77875E-01       8.19000E-03       1.41745E-02       1.73071E+00       3.07850E-01       1.84222E-01
       1.81970E-01       1.90546E-01       1.86258E-01       8.57600E-03       1.49227E-02       1.74005E+00       3.24098E-01       1.99145E-01
       1.90546E-01       1.99526E-01       1.95036E-01       8.98000E-03       1.57093E-02       1.74936E+00       3.41189E-01       2.14854E-01
       1.99526E-01       2.08930E-01       2.04228E-01       9.40400E-03       1.65364E-02       1.75844E+00       3.59123E-01       2.31391E-01
       2.08930E-01       2.18776E-01       2.13853E-01       9.84600E-03       1.74051E-02       1.76773E+00       3.78034E-01       2.48796E-01
       2.18776E-01       2.29087E-01       2.23931E-01       1.03110E-02       1.83167E-02       1.77642E+00       3.97796E-01       2.67112E-01
       2.29087E-01       2.39883E-01       2.34485E-01       1.07960E-02       1.92727E-02       1.78517E+00       4.18596E-01       2.86385E-01
       2.39883E-01       2.51189E-01       2.45536E-01       1.13060E-02       2.02740E-02       1.79321E+00       4.40298E-01       3.06659E-01
       2.51189E-01       2.63027E-01       2.57108E-01       1.18380E-02       2.13219E-02       1.80114E+00       4.63088E-01       3.27981E-01
       2.63027E-01       2.75423E-01       2.69225E-01       1.23960E-02       2.24166E-02       1.80838E+00       4.86860E-01       3.50398E-01
       2.75423E-01       2.88403E-01       2.81913E-01       1.29800E-02       2.35585E-02       1.81498E+00       5.11667E-01       3.73956E-01
       2.88403E-01       3.01995E-01       2.95199E-01       1.35920E-02       2.47476E-02       1.82074E+00       5.37482E-01       3.98704E-01
       3.01995E-01       3.16228E-01       3.09112E-01       1.42330E-02       2.59832E-02       1.82556E+00       5.64301E-01       4.24687E-01
       3.16228E-01       3.31131E-01       3.23680E-01       1.49030E-02       2.72640E-02       1.82943E+00       5.92149E-01       4.51951E-01
       3.31131E-01       3.46737E-01       3.38934E-01       1.56060E-02       2.85883E-02       1.83188E+00       6.20886E-01       4.80539E-01
       3.46737E-01       3.63078E-01       3.54908E-01       1.63410E-02       2.99526E-02       1.83297E+00       6.50535E-01       5.10492E-01
       3.63078E-01       3.80189E-01       3.71633E-01       1.71110E-02       3.13530E-02       1.83233E+00       6.80955E-01       5.41845E-01
       3.80189E-01       3.98107E-01       3.89148E-01       1.79180E-02       3.27845E-02       1.82969E+00       7.12022E-01       5.74629E-01
       3.98107E-01       4.16869E-01       4.07488E-01       1.87620E-02       3.42394E-02       1.82493E+00       7.43638E-01       6.08868E-01
       4.16869E-01       4.36516E-01       4.26692E-01       1.96470E-02       3.57093E-02       1.81754E+00       7.75532E-01       6.44578E-01
       4.36516E-01       4.57088E-01       4.46802E-01       2.05720E-02       3.71831E-02       1.80746E+00       8.07577E-01       6.81761E-01
       4.57088E-01       4.78630E-01       4.67859E-01       2.15420E-02       3.86464E-02       1.79400E+00       8.39340E-01       7.20407E-01
       4.78630E-01       5.01187E-01       4.89909E-01       2.25570E-02       4.00827E-02       1.77695E+00       8.70544E-01       7.60490E-01
       5.01187E-01       5.24808E-01       5.12998E-01       2.36210E-02       4.14717E-02       1.75571E+00       9.00676E-01       8.01962E-01
       5.24808E-01       5.49541E-01       5.37174E-01       2.47330E-02       4.27875E-02       1.72998E+00       9.29299E-01       8.44749E-01
       5.49541E-01       5.75440E-01       5.62490E-01       2.58990E-02       4.40006E-02       1.69893E+00       9.55632E-01       8.88750E-01
       5.75440E-01       6.02560E-01       5.89000E-01       2.71200E-02       4.50752E-02       1.66206E+00       9.78956E-01       9.33825E-01
       6.02560E-01       6.30957E-01       6.16758E-01       2.83970E-02       4.57908E-02       1.61252E+00       9.94536E-01       9.79616E-01
       6.30957E-01       6.60693E-01       6.45825E-01       2.97360E-02       2.03842E-02       6.85506E-01       4.42717E-01       1.00000E+00

 Sum =                                                                         1.00000E+00
 Renormalization bin#   918 =                                                  6.66300E-03 barn        8.40000E+06        8.60000E+06        8.50000E+06
 Avg. Energy     bin#   918 =                                                  3.57545E-01 MeV         8.40000E+06        8.60000E+06
