"        MT=649 recoil spectrum "
" Initial neutron energy corresponds to the group:"
   1.86000E+01    1.88000E+01       0.00000E+00           767           881           115



          Low               High              Mid              Energy           Number             dn/de            E*dn/de          Cumulative
         Energy            Energy            Energy             Width          Fraction                               Sum   
         [MeV]             [MeV]             [MeV]              [MeV]

       1.04713E-02       1.09648E-02       1.07180E-02       4.93500E-04       0.00000E+00       0.00000E+00       0.00000E+00       0.00000E+00
       1.09648E-02       1.14815E-02       1.12232E-02       5.16700E-04       3.30054E-11       6.38772E-08       7.16903E-10       3.30054E-11
       1.14815E-02       1.20226E-02       1.17521E-02       5.41100E-04       1.20409E-07       2.22526E-04       2.61514E-06       1.20442E-07
       1.20226E-02       1.25892E-02       1.23059E-02       5.66601E-04       4.57089E-07       8.06722E-04       9.92744E-06       5.77531E-07
       1.25892E-02       1.31826E-02       1.28859E-02       5.93399E-04       8.37250E-07       1.41094E-03       1.81812E-05       1.41478E-06
       1.31826E-02       1.38038E-02       1.34932E-02       6.21200E-04       1.26299E-06       2.03314E-03       2.74336E-05       2.67777E-06
       1.38038E-02       1.44544E-02       1.41291E-02       6.50601E-04       1.73010E-06       2.65924E-03       3.75727E-05       4.40787E-06
       1.44544E-02       1.51356E-02       1.47950E-02       6.81199E-04       2.25231E-06       3.30639E-03       4.89181E-05       6.66019E-06
       1.51356E-02       1.58489E-02       1.54923E-02       7.13301E-04       2.84019E-06       3.98176E-03       6.16864E-05       9.50038E-06
       1.58489E-02       1.65959E-02       1.62224E-02       7.47000E-04       3.47039E-06       4.64576E-03       7.53654E-05       1.29708E-05
       1.65959E-02       1.73780E-02       1.69870E-02       7.82100E-04       4.16280E-06       5.32259E-03       9.04146E-05       1.71336E-05
       1.73780E-02       1.81970E-02       1.77875E-02       8.19000E-04       4.93886E-06       6.03035E-03       1.07265E-04       2.20724E-05
       1.81970E-02       1.90546E-02       1.86258E-02       8.57600E-04       5.80747E-06       6.77177E-03       1.26130E-04       2.78799E-05
       1.90546E-02       1.99526E-02       1.95036E-02       8.98000E-04       6.80478E-06       7.57771E-03       1.47793E-04       3.46847E-05
       1.99526E-02       2.08930E-02       2.04228E-02       9.40400E-04       8.71917E-06       9.27176E-03       1.89355E-04       4.34038E-05
       2.08930E-02       2.18776E-02       2.13853E-02       9.84600E-04       1.13197E-05       1.14968E-02       2.45862E-04       5.47236E-05
       2.18776E-02       2.29087E-02       2.23931E-02       1.03110E-03       1.42097E-05       1.37811E-02       3.08603E-04       6.89333E-05
       2.29087E-02       2.39883E-02       2.34485E-02       1.07960E-03       1.74340E-05       1.61486E-02       3.78659E-04       8.63673E-05
       2.39883E-02       2.51189E-02       2.45536E-02       1.13060E-03       2.09542E-05       1.85337E-02       4.55069E-04       1.07321E-04
       2.51189E-02       2.63027E-02       2.57108E-02       1.18380E-03       2.48059E-05       2.09545E-02       5.38756E-04       1.32127E-04
       2.63027E-02       2.75423E-02       2.69225E-02       1.23960E-03       2.91149E-05       2.34873E-02       6.32337E-04       1.61242E-04
       2.75423E-02       2.88403E-02       2.81913E-02       1.29800E-03       3.38809E-05       2.61024E-02       7.35860E-04       1.95123E-04
       2.88403E-02       3.01995E-02       2.95199E-02       1.35920E-03       3.89701E-05       2.86714E-02       8.46376E-04       2.34093E-04
       3.01995E-02       3.16228E-02       3.09112E-02       1.42330E-03       4.45835E-05       3.13240E-02       9.68261E-04       2.78677E-04
       3.16228E-02       3.31131E-02       3.23680E-02       1.49030E-03       5.45985E-05       3.66359E-02       1.18583E-03       3.33275E-04
       3.31131E-02       3.46737E-02       3.38934E-02       1.56060E-03       7.43487E-05       4.76412E-02       1.61472E-03       4.07624E-04
       3.46737E-02       3.63078E-02       3.54908E-02       1.63410E-03       9.71135E-05       5.94293E-02       2.10919E-03       5.04737E-04
       3.63078E-02       3.80189E-02       3.71633E-02       1.71110E-03       1.22003E-04       7.13010E-02       2.64978E-03       6.26740E-04
       3.80189E-02       3.98107E-02       3.89148E-02       1.79180E-03       1.49108E-04       8.32170E-02       3.23837E-03       7.75849E-04
       3.98107E-02       4.16869E-02       4.07488E-02       1.87620E-03       1.79544E-04       9.56956E-02       3.89948E-03       9.55393E-04
       4.16869E-02       4.36516E-02       4.26693E-02       1.96470E-03       2.13671E-04       1.08755E-01       4.64049E-03       1.16906E-03
       4.36516E-02       4.57088E-02       4.46802E-02       2.05720E-03       2.51562E-04       1.22284E-01       5.46366E-03       1.42063E-03
       4.57088E-02       4.78630E-02       4.67859E-02       2.15420E-03       2.92287E-04       1.35683E-01       6.34803E-03       1.71291E-03
       4.78630E-02       5.01187E-02       4.89908E-02       2.25570E-03       3.37456E-04       1.49601E-01       7.32910E-03       2.05037E-03
       5.01187E-02       5.24808E-02       5.12998E-02       2.36210E-03       3.87784E-04       1.64169E-01       8.42184E-03       2.43815E-03
       5.24808E-02       5.49541E-02       5.37174E-02       2.47330E-03       4.48532E-04       1.81350E-01       9.74165E-03       2.88669E-03
       5.49541E-02       5.75440E-02       5.62491E-02       2.58990E-03       5.28078E-04       2.03899E-01       1.14691E-02       3.41476E-03
       5.75440E-02       6.02560E-02       5.89000E-02       2.71200E-03       6.17714E-04       2.27771E-01       1.34157E-02       4.03248E-03
       6.02560E-02       6.30957E-02       6.16758E-02       2.83970E-03       7.16956E-04       2.52476E-01       1.55717E-02       4.74943E-03
       6.30957E-02       6.60693E-02       6.45825E-02       2.97360E-03       8.24596E-04       2.77306E-01       1.79091E-02       5.57403E-03
       6.60693E-02       6.91831E-02       6.76262E-02       3.11380E-03       9.38522E-04       3.01407E-01       2.03830E-02       6.51255E-03
       6.91831E-02       7.24436E-02       7.08134E-02       3.26050E-03       1.04244E-03       3.19719E-01       2.26403E-02       7.55499E-03
       7.24436E-02       7.58578E-02       7.41507E-02       3.41420E-03       1.15079E-03       3.37060E-01       2.49932E-02       8.70578E-03
       7.58578E-02       7.94328E-02       7.76453E-02       3.57500E-03       1.26956E-03       3.55121E-01       2.75735E-02       9.97534E-03
       7.94328E-02       8.31764E-02       8.13046E-02       3.74360E-03       1.39839E-03       3.73543E-01       3.03707E-02       1.13737E-02
       8.31764E-02       8.70964E-02       8.51364E-02       3.92000E-03       1.53950E-03       3.92730E-01       3.34356E-02       1.29132E-02
       8.70964E-02       9.12011E-02       8.91488E-02       4.10470E-03       1.69104E-03       4.11976E-01       3.67271E-02       1.46043E-02
       9.12011E-02       9.54993E-02       9.33502E-02       4.29820E-03       1.85544E-03       4.31679E-01       4.02973E-02       1.64597E-02
       9.54993E-02       1.00000E-01       9.77497E-02       4.50070E-03       2.03576E-03       4.52321E-01       4.42142E-02       1.84955E-02
       1.00000E-01       1.04713E-01       1.02357E-01       4.71300E-03       2.23324E-03       4.73848E-01       4.85014E-02       2.07287E-02
       1.04713E-01       1.09648E-01       1.07180E-01       4.93500E-03       2.44644E-03       4.95732E-01       5.31328E-02       2.31752E-02
       1.09648E-01       1.14815E-01       1.12231E-01       5.16700E-03       2.66344E-03       5.15472E-01       5.78521E-02       2.58386E-02
       1.14815E-01       1.20226E-01       1.17520E-01       5.41100E-03       2.85279E-03       5.27221E-01       6.19593E-02       2.86914E-02
       1.20226E-01       1.25892E-01       1.23059E-01       5.66600E-03       3.04830E-03       5.37998E-01       6.62056E-02       3.17397E-02
       1.25892E-01       1.31826E-01       1.28859E-01       5.93400E-03       3.24225E-03       5.46385E-01       7.04067E-02       3.49819E-02
       1.31826E-01       1.38038E-01       1.34932E-01       6.21200E-03       3.42136E-03       5.50767E-01       7.43160E-02       3.84033E-02
       1.38038E-01       1.44544E-01       1.41291E-01       6.50600E-03       3.61019E-03       5.54901E-01       7.84026E-02       4.20135E-02
       1.44544E-01       1.51356E-01       1.47950E-01       6.81200E-03       3.81040E-03       5.59365E-01       8.27581E-02       4.58239E-02
       1.51356E-01       1.58489E-01       1.54923E-01       7.13300E-03       4.02149E-03       5.63787E-01       8.73432E-02       4.98454E-02
       1.58489E-01       1.65959E-01       1.62224E-01       7.47000E-03       4.24224E-03       5.67903E-01       9.21276E-02       5.40876E-02
       1.65959E-01       1.73780E-01       1.69869E-01       7.82100E-03       4.47622E-03       5.72334E-01       9.72221E-02       5.85638E-02
       1.73780E-01       1.81970E-01       1.77875E-01       8.19000E-03       4.72453E-03       5.76865E-01       1.02610E-01       6.32884E-02
       1.81970E-01       1.90546E-01       1.86258E-01       8.57600E-03       4.98815E-03       5.81641E-01       1.08335E-01       6.82765E-02
       1.90546E-01       1.99526E-01       1.95036E-01       8.98000E-03       5.26809E-03       5.86647E-01       1.14417E-01       7.35446E-02
       1.99526E-01       2.08930E-01       2.04228E-01       9.40400E-03       5.56566E-03       5.91840E-01       1.20870E-01       7.91103E-02
       2.08930E-01       2.18776E-01       2.13853E-01       9.84600E-03       5.88190E-03       5.97390E-01       1.27754E-01       8.49922E-02
       2.18776E-01       2.29087E-01       2.23931E-01       1.03110E-02       6.19279E-03       6.00600E-01       1.34493E-01       9.11850E-02
       2.29087E-01       2.39883E-01       2.34485E-01       1.07960E-02       6.48842E-03       6.01002E-01       1.40926E-01       9.76734E-02
       2.39883E-01       2.51189E-01       2.45536E-01       1.13060E-02       6.79787E-03       6.01262E-01       1.47631E-01       1.04471E-01
       2.51189E-01       2.63027E-01       2.57108E-01       1.18380E-02       7.12232E-03       6.01649E-01       1.54689E-01       1.11594E-01
       2.63027E-01       2.75423E-01       2.69225E-01       1.23960E-02       7.46240E-03       6.02000E-01       1.62074E-01       1.19056E-01
       2.75423E-01       2.88403E-01       2.81913E-01       1.29800E-02       7.81856E-03       6.02354E-01       1.69812E-01       1.26875E-01
       2.88403E-01       3.01995E-01       2.95199E-01       1.35920E-02       8.18861E-03       6.02458E-01       1.77845E-01       1.35063E-01
       3.01995E-01       3.16228E-01       3.09112E-01       1.42330E-02       8.57458E-03       6.02444E-01       1.86222E-01       1.43638E-01
       3.16228E-01       3.31131E-01       3.23680E-01       1.49030E-02       8.97871E-03       6.02477E-01       1.95009E-01       1.52616E-01
       3.31131E-01       3.46737E-01       3.38934E-01       1.56060E-02       9.40200E-03       6.02460E-01       2.04194E-01       1.62018E-01
       3.46737E-01       3.63078E-01       3.54908E-01       1.63410E-02       9.84511E-03       6.02479E-01       2.13824E-01       1.71864E-01
       3.63078E-01       3.80189E-01       3.71633E-01       1.71110E-02       1.03091E-02       6.02484E-01       2.23903E-01       1.82173E-01
       3.80189E-01       3.98107E-01       3.89148E-01       1.79180E-02       1.07951E-02       6.02472E-01       2.34451E-01       1.92968E-01
       3.98107E-01       4.16869E-01       4.07488E-01       1.87620E-02       1.13039E-02       6.02488E-01       2.45507E-01       2.04272E-01
       4.16869E-01       4.36516E-01       4.26692E-01       1.96470E-02       1.18367E-02       6.02468E-01       2.57069E-01       2.16108E-01
       4.36516E-01       4.57088E-01       4.46802E-01       2.05720E-02       1.23947E-02       6.02504E-01       2.69200E-01       2.28503E-01
       4.57088E-01       4.78630E-01       4.67859E-01       2.15420E-02       1.29790E-02       6.02496E-01       2.81883E-01       2.41482E-01
       4.78630E-01       5.01187E-01       4.89909E-01       2.25570E-02       1.35908E-02       6.02508E-01       2.95174E-01       2.55073E-01
       5.01187E-01       5.24808E-01       5.12998E-01       2.36210E-02       1.42314E-02       6.02491E-01       3.09076E-01       2.69304E-01
       5.24808E-01       5.49541E-01       5.37174E-01       2.47330E-02       1.49023E-02       6.02525E-01       3.23661E-01       2.84206E-01
       5.49541E-01       5.75440E-01       5.62490E-01       2.58990E-02       1.56046E-02       6.02516E-01       3.38909E-01       2.99811E-01
       5.75440E-01       6.02560E-01       5.89000E-01       2.71200E-02       1.63398E-02       6.02502E-01       3.54873E-01       3.16151E-01
       6.02560E-01       6.30957E-01       6.16758E-01       2.83970E-02       1.71096E-02       6.02516E-01       3.71607E-01       3.33261E-01
       6.30957E-01       6.60693E-01       6.45825E-01       2.97360E-02       1.79159E-02       6.02497E-01       3.89108E-01       3.51176E-01
       6.60693E-01       6.91831E-01       6.76262E-01       3.11380E-02       1.87600E-02       6.02479E-01       4.07434E-01       3.69936E-01
       6.91831E-01       7.24436E-01       7.08133E-01       3.26050E-02       1.96438E-02       6.02478E-01       4.26635E-01       3.89580E-01
       7.24436E-01       7.58578E-01       7.41507E-01       3.41420E-02       2.05694E-02       6.02466E-01       4.46732E-01       4.10150E-01
       7.58578E-01       7.94328E-01       7.76453E-01       3.57500E-02       2.15384E-02       6.02474E-01       4.67792E-01       4.31688E-01
       7.94328E-01       8.31764E-01       8.13046E-01       3.74360E-02       2.25533E-02       6.02449E-01       4.89819E-01       4.54241E-01
       8.31764E-01       8.70964E-01       8.51364E-01       3.92000E-02       2.36158E-02       6.02443E-01       5.12898E-01       4.77857E-01
       8.70964E-01       9.12011E-01       8.91487E-01       4.10470E-02       2.47283E-02       6.02438E-01       5.37066E-01       5.02585E-01
       9.12011E-01       9.54993E-01       9.33502E-01       4.29820E-02       2.58934E-02       6.02424E-01       5.62364E-01       5.28479E-01
       9.54993E-01       1.00000E+00       9.77497E-01       4.50070E-02       2.71131E-02       6.02421E-01       5.88864E-01       5.55592E-01
       1.00000E+00       1.04713E+00       1.02357E+00       4.71300E-02       2.83907E-02       6.02392E-01       6.16587E-01       5.83983E-01
       1.04713E+00       1.09648E+00       1.07181E+00       4.93500E-02       2.97275E-02       6.02381E-01       6.45635E-01       6.13710E-01
       1.09648E+00       1.14815E+00       1.12231E+00       5.16700E-02       3.11286E-02       6.02450E-01       6.76139E-01       6.44839E-01
       1.14815E+00       1.20226E+00       1.17520E+00       5.41100E-02       3.25935E-02       6.02357E-01       7.07893E-01       6.77432E-01
       1.20226E+00       1.25892E+00       1.23059E+00       5.66600E-02       3.41246E-02       6.02270E-01       7.41148E-01       7.11557E-01
       1.25892E+00       1.31826E+00       1.28859E+00       5.93400E-02       3.56277E-02       6.00399E-01       7.73669E-01       7.47185E-01
       1.31826E+00       1.38038E+00       1.34932E+00       6.21200E-02       3.66292E-02       5.89653E-01       7.95631E-01       7.83814E-01
       1.38038E+00       1.44544E+00       1.41291E+00       6.50600E-02       3.75119E-02       5.76575E-01       8.14648E-01       8.21326E-01
       1.44544E+00       1.51356E+00       1.47950E+00       6.81200E-02       3.79301E-02       5.56813E-01       8.23806E-01       8.59256E-01
       1.51356E+00       1.58489E+00       1.54923E+00       7.13300E-02       3.71133E-02       5.20305E-01       8.06069E-01       8.96369E-01
       1.58489E+00       1.65959E+00       1.62224E+00       7.47000E-02       3.54073E-02       4.73993E-01       7.68930E-01       9.31776E-01
       1.65959E+00       1.73780E+00       1.69869E+00       7.82100E-02       3.04409E-02       3.89220E-01       6.61167E-01       9.62217E-01
       1.73780E+00       1.81970E+00       1.77875E+00       8.19000E-02       2.17559E-02       2.65639E-01       4.72506E-01       9.83973E-01
       1.81970E+00       1.90546E+00       1.86258E+00       8.57600E-02       1.13418E-02       1.32251E-01       2.46328E-01       9.95315E-01
       1.90546E+00       1.99526E+00       1.95036E+00       8.98000E-02       4.19161E-03       4.66772E-02       9.10373E-02       9.99507E-01
       1.99526E+00       2.08930E+00       2.04228E+00       9.40400E-02       4.93438E-04       5.24711E-03       1.07161E-02       1.00000E+00

 Sum =                                                                         1.00000E+00
 Renormalization bin#   969 =                                                  9.91172E-02 barn        1.86000E+07        1.88000E+07        1.87000E+07
 Avg. Energy     bin#   969 =                                                  9.15155E-01 MeV         1.86000E+07        1.88000E+07
