"        MT=608 recoil spectrum "
" Initial neutron energy corresponds to the group:"
   1.92000E+01    1.94000E+01       0.00000E+00           781           882           102



          Low               High              Mid              Energy           Number             dn/de            E*dn/de          Cumulative
         Energy            Energy            Energy             Width          Fraction                               Sum   
         [MeV]             [MeV]             [MeV]              [MeV]

       1.99526E-02       2.08930E-02       2.04228E-02       9.40400E-04       0.00000E+00       0.00000E+00       0.00000E+00       0.00000E+00
       2.08930E-02       2.18776E-02       2.13853E-02       9.84600E-04       6.91818E-04       7.02639E-01       1.50262E-02       6.91818E-04
       2.18776E-02       2.29087E-02       2.23931E-02       1.03110E-03       1.04392E-03       1.01243E+00       2.26715E-02       1.73574E-03
       2.29087E-02       2.39883E-02       2.34485E-02       1.07960E-03       1.08966E-03       1.00931E+00       2.36669E-02       2.82539E-03
       2.39883E-02       2.51189E-02       2.45536E-02       1.13060E-03       1.13725E-03       1.00588E+00       2.46980E-02       3.96264E-03
       2.51189E-02       2.63027E-02       2.57108E-02       1.18380E-03       1.18674E-03       1.00249E+00       2.57748E-02       5.14939E-03
       2.63027E-02       2.75423E-02       2.69225E-02       1.23960E-03       1.23816E-03       9.98837E-01       2.68912E-02       6.38755E-03
       2.75423E-02       2.88403E-02       2.81913E-02       1.29800E-03       1.29165E-03       9.95108E-01       2.80534E-02       7.67920E-03
       2.88403E-02       3.01995E-02       2.95199E-02       1.35920E-03       1.34716E-03       9.91143E-01       2.92584E-02       9.02636E-03
       3.01995E-02       3.16228E-02       3.09112E-02       1.42330E-03       1.40482E-03       9.87017E-01       3.05098E-02       1.04312E-02
       3.16228E-02       3.31131E-02       3.23680E-02       1.49030E-03       1.46467E-03       9.82800E-01       3.18112E-02       1.18959E-02
       3.31131E-02       3.46737E-02       3.38934E-02       1.56060E-03       1.52684E-03       9.78370E-01       3.31603E-02       1.34227E-02
       3.46737E-02       3.63078E-02       3.54908E-02       1.63410E-03       1.59120E-03       9.73745E-01       3.45590E-02       1.50139E-02
       3.63078E-02       3.80189E-02       3.71633E-02       1.71110E-03       1.65800E-03       9.68971E-01       3.60102E-02       1.66719E-02
       3.80189E-02       3.98107E-02       3.89148E-02       1.79180E-03       1.72718E-03       9.63936E-01       3.75114E-02       1.83991E-02
       3.98107E-02       4.16869E-02       4.07488E-02       1.87620E-03       1.79885E-03       9.58773E-01       3.90688E-02       2.01979E-02
       4.16869E-02       4.36516E-02       4.26693E-02       1.96470E-03       1.87307E-03       9.53363E-01       4.06793E-02       2.20710E-02
       4.36516E-02       4.57088E-02       4.46802E-02       2.05720E-03       1.94986E-03       9.47822E-01       4.23489E-02       2.40209E-02
       4.57088E-02       4.78630E-02       4.67859E-02       2.15420E-03       2.02922E-03       9.41984E-01       4.40716E-02       2.60501E-02
       4.78630E-02       5.01187E-02       4.89908E-02       2.25570E-03       2.11126E-03       9.35968E-01       4.58539E-02       2.81613E-02
       5.01187E-02       5.24808E-02       5.12998E-02       2.36210E-03       2.19599E-03       9.29677E-01       4.76922E-02       3.03573E-02
       5.24808E-02       5.49541E-02       5.37174E-02       2.47330E-03       2.28347E-03       9.23247E-01       4.95945E-02       3.26408E-02
       5.49541E-02       5.75440E-02       5.62491E-02       2.58990E-03       2.37366E-03       9.16509E-01       5.15528E-02       3.50145E-02
       5.75440E-02       6.02560E-02       5.89000E-02       2.71200E-03       2.46665E-03       9.09532E-01       5.35714E-02       3.74811E-02
       6.02560E-02       6.30957E-02       6.16758E-02       2.83970E-03       2.56244E-03       9.02365E-01       5.56541E-02       4.00436E-02
       6.30957E-02       6.60693E-02       6.45825E-02       2.97360E-03       2.66100E-03       8.94874E-01       5.77932E-02       4.27046E-02
       6.60693E-02       6.91831E-02       6.76262E-02       3.11380E-03       2.76239E-03       8.87143E-01       5.99941E-02       4.54669E-02
       6.91831E-02       7.24436E-02       7.08134E-02       3.26050E-03       2.86659E-03       8.79188E-01       6.22583E-02       4.83335E-02
       7.24436E-02       7.58578E-02       7.41507E-02       3.41420E-03       2.97360E-03       8.70951E-01       6.45816E-02       5.13071E-02
       7.58578E-02       7.94328E-02       7.76453E-02       3.57500E-03       3.08330E-03       8.62461E-01       6.69660E-02       5.43904E-02
       7.94328E-02       8.31764E-02       8.13046E-02       3.74360E-03       3.19578E-03       8.53664E-01       6.94068E-02       5.75862E-02
       8.31764E-02       8.70964E-02       8.51364E-02       3.92000E-03       3.31099E-03       8.44641E-01       7.19097E-02       6.08972E-02
       8.70964E-02       9.12011E-02       8.91488E-02       4.10470E-03       3.42885E-03       8.35347E-01       7.44701E-02       6.43261E-02
       9.12011E-02       9.54993E-02       9.33502E-02       4.29820E-03       3.54923E-03       8.25750E-01       7.70839E-02       6.78753E-02
       9.54993E-02       1.00000E-01       9.77497E-02       4.50070E-03       3.67220E-03       8.15916E-01       7.97556E-02       7.15475E-02
       1.00000E-01       1.04713E-01       1.02357E-01       4.71300E-03       3.79767E-03       8.05787E-01       8.24776E-02       7.53452E-02
       1.04713E-01       1.09648E-01       1.07180E-01       4.93500E-03       3.92531E-03       7.95403E-01       8.52517E-02       7.92705E-02
       1.09648E-01       1.14815E-01       1.12231E-01       5.16700E-03       4.05539E-03       7.84863E-01       8.80864E-02       8.33259E-02
       1.14815E-01       1.20226E-01       1.17520E-01       5.41100E-03       4.18742E-03       7.73872E-01       9.09458E-02       8.75133E-02
       1.20226E-01       1.25892E-01       1.23059E-01       5.66600E-03       4.32167E-03       7.62737E-01       9.38616E-02       9.18349E-02
       1.25892E-01       1.31826E-01       1.28859E-01       5.93400E-03       4.45781E-03       7.51232E-01       9.68031E-02       9.62928E-02
       1.31826E-01       1.38038E-01       1.34932E-01       6.21200E-03       4.59561E-03       7.39795E-01       9.98220E-02       1.00888E-01
       1.38038E-01       1.44544E-01       1.41291E-01       6.50600E-03       4.73524E-03       7.27827E-01       1.02835E-01       1.05624E-01
       1.44544E-01       1.51356E-01       1.47950E-01       6.81200E-03       4.87615E-03       7.15818E-01       1.05905E-01       1.10500E-01
       1.51356E-01       1.58489E-01       1.54923E-01       7.13300E-03       5.01860E-03       7.03575E-01       1.09000E-01       1.15518E-01
       1.58489E-01       1.65959E-01       1.62224E-01       7.47000E-03       5.16227E-03       6.91066E-01       1.12108E-01       1.20681E-01
       1.65959E-01       1.73780E-01       1.69869E-01       7.82100E-03       5.30699E-03       6.78556E-01       1.15266E-01       1.25988E-01
       1.73780E-01       1.81970E-01       1.77875E-01       8.19000E-03       5.45276E-03       6.65782E-01       1.18426E-01       1.31440E-01
       1.81970E-01       1.90546E-01       1.86258E-01       8.57600E-03       5.59947E-03       6.52923E-01       1.21612E-01       1.37040E-01
       1.90546E-01       1.99526E-01       1.95036E-01       8.98000E-03       5.74690E-03       6.39966E-01       1.24816E-01       1.42787E-01
       1.99526E-01       2.08930E-01       2.04228E-01       9.40400E-03       5.89527E-03       6.26890E-01       1.28028E-01       1.48682E-01
       2.08930E-01       2.18776E-01       2.13853E-01       9.84600E-03       6.04431E-03       6.13885E-01       1.31281E-01       1.54726E-01
       2.18776E-01       2.29087E-01       2.23931E-01       1.03110E-02       6.19409E-03       6.00727E-01       1.34522E-01       1.60920E-01
       2.29087E-01       2.39883E-01       2.34485E-01       1.07960E-02       6.34480E-03       5.87699E-01       1.37807E-01       1.67265E-01
       2.39883E-01       2.51189E-01       2.45536E-01       1.13060E-02       6.49640E-03       5.74597E-01       1.41084E-01       1.73762E-01
       2.51189E-01       2.63027E-01       2.57108E-01       1.18380E-02       6.64922E-03       5.61684E-01       1.44414E-01       1.80411E-01
       2.63027E-01       2.75423E-01       2.69225E-01       1.23960E-02       6.80339E-03       5.48837E-01       1.47761E-01       1.87214E-01
       2.75423E-01       2.88403E-01       2.81913E-01       1.29800E-02       6.95926E-03       5.36153E-01       1.51148E-01       1.94173E-01
       2.88403E-01       3.01995E-01       2.95199E-01       1.35920E-02       7.11725E-03       5.23635E-01       1.54577E-01       2.01291E-01
       3.01995E-01       3.16228E-01       3.09112E-01       1.42330E-02       7.27790E-03       5.11340E-01       1.58061E-01       2.08569E-01
       3.16228E-01       3.31131E-01       3.23680E-01       1.49030E-02       7.44177E-03       4.99347E-01       1.61628E-01       2.16010E-01
       3.31131E-01       3.46737E-01       3.38934E-01       1.56060E-02       7.60956E-03       4.87605E-01       1.65266E-01       2.23620E-01
       3.46737E-01       3.63078E-01       3.54908E-01       1.63410E-02       7.78203E-03       4.76227E-01       1.69017E-01       2.31402E-01
       3.63078E-01       3.80189E-01       3.71633E-01       1.71110E-02       7.96011E-03       4.65204E-01       1.72886E-01       2.39362E-01
       3.80189E-01       3.98107E-01       3.89148E-01       1.79180E-02       8.14489E-03       4.54564E-01       1.76893E-01       2.47507E-01
       3.98107E-01       4.16869E-01       4.07488E-01       1.87620E-02       8.33734E-03       4.44374E-01       1.81077E-01       2.55844E-01
       4.16869E-01       4.36516E-01       4.26692E-01       1.96470E-02       8.53877E-03       4.34609E-01       1.85445E-01       2.64383E-01
       4.36516E-01       4.57088E-01       4.46802E-01       2.05720E-02       8.75048E-03       4.25359E-01       1.90051E-01       2.73134E-01
       4.57088E-01       4.78630E-01       4.67859E-01       2.15420E-02       8.97386E-03       4.16575E-01       1.94898E-01       2.82107E-01
       4.78630E-01       5.01187E-01       4.89909E-01       2.25570E-02       9.21028E-03       4.08311E-01       2.00035E-01       2.91318E-01
       5.01187E-01       5.24808E-01       5.12998E-01       2.36210E-02       9.46141E-03       4.00551E-01       2.05482E-01       3.00779E-01
       5.24808E-01       5.49541E-01       5.37174E-01       2.47330E-02       9.72855E-03       3.93343E-01       2.11294E-01       3.10508E-01
       5.49541E-01       5.75440E-01       5.62490E-01       2.58990E-02       1.00134E-02       3.86632E-01       2.17477E-01       3.20521E-01
       5.75440E-01       6.02560E-01       5.89000E-01       2.71200E-02       1.03176E-02       3.80441E-01       2.24080E-01       3.30839E-01
       6.02560E-01       6.30957E-01       6.16758E-01       2.83970E-02       1.06425E-02       3.74775E-01       2.31146E-01       3.41481E-01
       6.30957E-01       6.60693E-01       6.45825E-01       2.97360E-02       1.09897E-02       3.69577E-01       2.38682E-01       3.52471E-01
       6.60693E-01       6.91831E-01       6.76262E-01       3.11380E-02       1.13610E-02       3.64859E-01       2.46740E-01       3.63832E-01
       6.91831E-01       7.24436E-01       7.08133E-01       3.26050E-02       1.17577E-02       3.60610E-01       2.55360E-01       3.75589E-01
       7.24436E-01       7.58578E-01       7.41507E-01       3.41420E-02       1.21816E-02       3.56792E-01       2.64564E-01       3.87771E-01
       7.58578E-01       7.94328E-01       7.76453E-01       3.57500E-02       1.26344E-02       3.53410E-01       2.74406E-01       4.00405E-01
       7.94328E-01       8.31764E-01       8.13046E-01       3.74360E-02       1.31180E-02       3.50412E-01       2.84901E-01       4.13524E-01
       8.31764E-01       8.70964E-01       8.51364E-01       3.92000E-02       1.36349E-02       3.47830E-01       2.96130E-01       4.27158E-01
       8.70964E-01       9.12011E-01       8.91487E-01       4.10470E-02       1.41877E-02       3.45646E-01       3.08139E-01       4.41346E-01
       9.12011E-01       9.54993E-01       9.33502E-01       4.29820E-02       1.47798E-02       3.43861E-01       3.20995E-01       4.56126E-01
       9.54993E-01       1.00000E+00       9.77497E-01       4.50070E-02       1.54152E-02       3.42506E-01       3.34799E-01       4.71541E-01
       1.00000E+00       1.04713E+00       1.02357E+00       4.71300E-02       1.60993E-02       3.41592E-01       3.49642E-01       4.87640E-01
       1.04713E+00       1.09648E+00       1.07181E+00       4.93500E-02       1.68378E-02       3.41191E-01       3.65690E-01       5.04478E-01
       1.09648E+00       1.14815E+00       1.12231E+00       5.16700E-02       1.76403E-02       3.41403E-01       3.83162E-01       5.22119E-01
       1.14815E+00       1.20226E+00       1.17520E+00       5.41100E-02       1.85156E-02       3.42184E-01       4.02137E-01       5.40634E-01
       1.20226E+00       1.25892E+00       1.23059E+00       5.66600E-02       1.94791E-02       3.43790E-01       4.23065E-01       5.60113E-01
       1.25892E+00       1.31826E+00       1.28859E+00       5.93400E-02       2.05494E-02       3.46299E-01       4.46238E-01       5.80663E-01
       1.31826E+00       1.38038E+00       1.34932E+00       6.21200E-02       2.17533E-02       3.50183E-01       4.72508E-01       6.02416E-01
       1.38038E+00       1.44544E+00       1.41291E+00       6.50600E-02       2.31346E-02       3.55588E-01       5.02414E-01       6.25551E-01
       1.44544E+00       1.51356E+00       1.47950E+00       6.81200E-02       2.47587E-02       3.63457E-01       5.37735E-01       6.50309E-01
       1.51356E+00       1.58489E+00       1.54923E+00       7.13300E-02       2.67372E-02       3.74838E-01       5.80708E-01       6.77046E-01
       1.58489E+00       1.65959E+00       1.62224E+00       7.47000E-02       2.92541E-02       3.91621E-01       6.35303E-01       7.06301E-01
       1.65959E+00       1.73780E+00       1.69869E+00       7.82100E-02       3.26202E-02       4.17085E-01       7.08501E-01       7.38921E-01
       1.73780E+00       1.81970E+00       1.77875E+00       8.19000E-02       3.73592E-02       4.56156E-01       8.11388E-01       7.76280E-01
       1.81970E+00       1.90546E+00       1.86258E+00       8.57600E-02       4.43464E-02       5.17099E-01       9.63138E-01       8.20626E-01
       1.90546E+00       1.99526E+00       1.95036E+00       8.98000E-02       5.50327E-02       6.12837E-01       1.19525E+00       8.75659E-01
       1.99526E+00       2.08930E+00       2.04228E+00       9.40400E-02       7.18027E-02       7.63533E-01       1.55935E+00       9.47462E-01
       2.08930E+00       2.18776E+00       2.13853E+00       9.84600E-02       5.25382E-02       5.33600E-01       1.14112E+00       1.00000E+00

 Sum =                                                                         1.00000E+00
 Renormalization bin#   972 =                                                  9.11005E-04 barn        1.92000E+07        1.94000E+07        1.93000E+07
 Avg. Energy     bin#   972 =                                                  1.08408E+00 MeV         1.92000E+07        1.94000E+07
