"        MT=600 recoil spectrum "
" Initial neutron energy corresponds to the group:"
   1.98000E+01    2.00000E+01       0.00000E+00           759           885           127



          Low               High              Mid              Energy           Number             dn/de            E*dn/de          Cumulative
         Energy            Energy            Energy             Width          Fraction                               Sum   
         [MeV]             [MeV]             [MeV]              [MeV]

       7.24436E-03       7.58578E-03       7.41507E-03       3.41420E-04       0.00000E+00       0.00000E+00       0.00000E+00       0.00000E+00
       7.58578E-03       7.94328E-03       7.76453E-03       3.57500E-04       3.56231E-05       9.96450E-02       7.73697E-04       3.56231E-05
       7.94328E-03       8.31764E-03       8.13046E-03       3.74360E-04       1.61355E-04       4.31015E-01       3.50435E-03       1.96978E-04
       8.31764E-03       8.70964E-03       8.51364E-03       3.92000E-04       1.69005E-04       4.31136E-01       3.67053E-03       3.65983E-04
       8.70964E-03       9.12011E-03       8.91487E-03       4.10471E-04       1.77104E-04       4.31467E-01       3.84647E-03       5.43087E-04
       9.12011E-03       9.54993E-03       9.33502E-03       4.29819E-04       1.85506E-04       4.31590E-01       4.02890E-03       7.28593E-04
       9.54993E-03       1.00000E-02       9.77496E-03       4.50070E-04       1.94306E-04       4.31723E-01       4.22008E-03       9.22899E-04
       1.00000E-02       1.04713E-02       1.02357E-02       4.71300E-04       2.03606E-04       4.32009E-01       4.42189E-03       1.12650E-03
       1.04713E-02       1.09648E-02       1.07180E-02       4.93500E-04       2.13306E-04       4.32232E-01       4.63268E-03       1.33981E-03
       1.09648E-02       1.14815E-02       1.12232E-02       5.16700E-04       2.23507E-04       4.32565E-01       4.85475E-03       1.56332E-03
       1.14815E-02       1.20226E-02       1.17521E-02       5.41100E-04       2.34157E-04       4.32743E-01       5.08562E-03       1.79747E-03
       1.20226E-02       1.25892E-02       1.23059E-02       5.66601E-04       2.45307E-04       4.32945E-01       5.32778E-03       2.04278E-03
       1.25892E-02       1.31826E-02       1.28859E-02       5.93399E-04       2.57057E-04       4.33195E-01       5.58210E-03       2.29984E-03
       1.31826E-02       1.38038E-02       1.34932E-02       6.21200E-04       2.69308E-04       4.33529E-01       5.84969E-03       2.56915E-03
       1.38038E-02       1.44544E-02       1.41291E-02       6.50601E-04       2.82258E-04       4.33842E-01       6.12980E-03       2.85140E-03
       1.44544E-02       1.51356E-02       1.47950E-02       6.81199E-04       2.95709E-04       4.34100E-01       6.42251E-03       3.14711E-03
       1.51356E-02       1.58489E-02       1.54923E-02       7.13301E-04       3.09859E-04       4.34402E-01       6.72986E-03       3.45697E-03
       1.58489E-02       1.65959E-02       1.62224E-02       7.47000E-04       3.24760E-04       4.34752E-01       7.05272E-03       3.78173E-03
       1.65959E-02       1.73780E-02       1.69870E-02       7.82100E-04       3.40310E-04       4.35123E-01       7.39142E-03       4.12204E-03
       1.73780E-02       1.81970E-02       1.77875E-02       8.19000E-04       3.56660E-04       4.35482E-01       7.74614E-03       4.47870E-03
       1.81970E-02       1.90546E-02       1.86258E-02       8.57600E-04       3.73761E-04       4.35822E-01       8.11754E-03       4.85246E-03
       1.90546E-02       1.99526E-02       1.95036E-02       8.98000E-04       3.91711E-04       4.36204E-01       8.50755E-03       5.24417E-03
       1.99526E-02       2.08930E-02       2.04228E-02       9.40400E-04       4.10562E-04       4.36582E-01       8.91622E-03       5.65474E-03
       2.08930E-02       2.18776E-02       2.13853E-02       9.84600E-04       4.30313E-04       4.37044E-01       9.34631E-03       6.08505E-03
       2.18776E-02       2.29087E-02       2.23931E-02       1.03110E-03       4.51063E-04       4.37458E-01       9.79607E-03       6.53611E-03
       2.29087E-02       2.39883E-02       2.34485E-02       1.07960E-03       4.72764E-04       4.37906E-01       1.02682E-02       7.00888E-03
       2.39883E-02       2.51189E-02       2.45536E-02       1.13060E-03       4.95565E-04       4.38320E-01       1.07623E-02       7.50444E-03
       2.51189E-02       2.63027E-02       2.57108E-02       1.18380E-03       5.19515E-04       4.38854E-01       1.12833E-02       8.02395E-03
       2.63027E-02       2.75423E-02       2.69225E-02       1.23960E-03       5.44666E-04       4.39388E-01       1.18294E-02       8.56862E-03
       2.75423E-02       2.88403E-02       2.81913E-02       1.29800E-03       5.70967E-04       4.39882E-01       1.24008E-02       9.13959E-03
       2.88403E-02       3.01995E-02       2.95199E-02       1.35920E-03       5.98618E-04       4.40420E-01       1.30011E-02       9.73821E-03
       3.01995E-02       3.16228E-02       3.09112E-02       1.42330E-03       6.27619E-04       4.40960E-01       1.36306E-02       1.03658E-02
       3.16228E-02       3.31131E-02       3.23680E-02       1.49030E-03       6.58121E-04       4.41603E-01       1.42938E-02       1.10239E-02
       3.31131E-02       3.46737E-02       3.38934E-02       1.56060E-03       6.90073E-04       4.42185E-01       1.49872E-02       1.17140E-02
       3.46737E-02       3.63078E-02       3.54908E-02       1.63410E-03       7.23619E-04       4.42824E-01       1.57161E-02       1.24376E-02
       3.63078E-02       3.80189E-02       3.71633E-02       1.71110E-03       7.58771E-04       4.43441E-01       1.64797E-02       1.31964E-02
       3.80189E-02       3.98107E-02       3.89148E-02       1.79180E-03       7.95726E-04       4.44093E-01       1.72818E-02       1.39921E-02
       3.98107E-02       4.16869E-02       4.07488E-02       1.87620E-03       8.34574E-04       4.44822E-01       1.81259E-02       1.48267E-02
       4.16869E-02       4.36516E-02       4.26693E-02       1.96470E-03       8.75274E-04       4.45499E-01       1.90091E-02       1.57020E-02
       4.36516E-02       4.57088E-02       4.46802E-02       2.05720E-03       9.18028E-04       4.46252E-01       1.99386E-02       1.66200E-02
       4.57088E-02       4.78630E-02       4.67859E-02       2.15420E-03       9.62928E-04       4.47000E-01       2.09133E-02       1.75829E-02
       4.78630E-02       5.01187E-02       4.89908E-02       2.25570E-03       1.01013E-03       4.47812E-01       2.19387E-02       1.85931E-02
       5.01187E-02       5.24808E-02       5.12998E-02       2.36210E-03       1.05963E-03       4.48596E-01       2.30129E-02       1.96527E-02
       5.24808E-02       5.49541E-02       5.37174E-02       2.47330E-03       1.11158E-03       4.49432E-01       2.41424E-02       2.07643E-02
       5.49541E-02       5.75440E-02       5.62491E-02       2.58990E-03       1.16619E-03       4.50283E-01       2.53280E-02       2.19305E-02
       5.75440E-02       6.02560E-02       5.89000E-02       2.71200E-03       1.22354E-03       4.51157E-01       2.65731E-02       2.31540E-02
       6.02560E-02       6.30957E-02       6.16758E-02       2.83970E-03       1.28369E-03       4.52051E-01       2.78807E-02       2.44377E-02
       6.30957E-02       6.60693E-02       6.45825E-02       2.97360E-03       1.34689E-03       4.52949E-01       2.92526E-02       2.57846E-02
       6.60693E-02       6.91831E-02       6.76262E-02       3.11380E-03       1.41329E-03       4.53879E-01       3.06941E-02       2.71979E-02
       6.91831E-02       7.24436E-02       7.08134E-02       3.26050E-03       1.48299E-03       4.54837E-01       3.22085E-02       2.86809E-02
       7.24436E-02       7.58578E-02       7.41507E-02       3.41420E-03       1.55620E-03       4.55802E-01       3.37981E-02       3.02371E-02
       7.58578E-02       7.94328E-02       7.76453E-02       3.57500E-03       1.63305E-03       4.56797E-01       3.54681E-02       3.18701E-02
       7.94328E-02       8.31764E-02       8.13046E-02       3.74360E-03       1.71375E-03       4.57782E-01       3.72198E-02       3.35839E-02
       8.31764E-02       8.70964E-02       8.51364E-02       3.92000E-03       1.79845E-03       4.58789E-01       3.90597E-02       3.53823E-02
       8.70964E-02       9.12011E-02       8.91488E-02       4.10470E-03       1.88741E-03       4.59816E-01       4.09920E-02       3.72697E-02
       9.12011E-02       9.54993E-02       9.33502E-02       4.29820E-03       1.98076E-03       4.60836E-01       4.30191E-02       3.92505E-02
       9.54993E-02       1.00000E-01       9.77497E-02       4.50070E-03       2.07876E-03       4.61875E-01       4.51481E-02       4.13293E-02
       1.00000E-01       1.04713E-01       1.02357E-01       4.71300E-03       2.18162E-03       4.62894E-01       4.73802E-02       4.35109E-02
       1.04713E-01       1.09648E-01       1.07180E-01       4.93500E-03       2.28947E-03       4.63925E-01       4.97237E-02       4.58003E-02
       1.09648E-01       1.14815E-01       1.12231E-01       5.16700E-03       2.40267E-03       4.65003E-01       5.21880E-02       4.82030E-02
       1.14815E-01       1.20226E-01       1.17520E-01       5.41100E-03       2.52132E-03       4.65963E-01       5.47602E-02       5.07243E-02
       1.20226E-01       1.25892E-01       1.23059E-01       5.66600E-03       2.64588E-03       4.66975E-01       5.74655E-02       5.33702E-02
       1.25892E-01       1.31826E-01       1.28859E-01       5.93400E-03       2.77639E-03       4.67878E-01       6.02902E-02       5.61466E-02
       1.31826E-01       1.38038E-01       1.34932E-01       6.21200E-03       2.91304E-03       4.68937E-01       6.32746E-02       5.90596E-02
       1.38038E-01       1.44544E-01       1.41291E-01       6.50600E-03       3.05639E-03       4.69781E-01       6.63758E-02       6.21160E-02
       1.44544E-01       1.51356E-01       1.47950E-01       6.81200E-03       3.20630E-03       4.70684E-01       6.96377E-02       6.53223E-02
       1.51356E-01       1.58489E-01       1.54923E-01       7.13300E-03       3.36335E-03       4.71520E-01       7.30490E-02       6.86857E-02
       1.58489E-01       1.65959E-01       1.62224E-01       7.47000E-03       3.52761E-03       4.72236E-01       7.66081E-02       7.22133E-02
       1.65959E-01       1.73780E-01       1.69869E-01       7.82100E-03       3.69936E-03       4.73004E-01       8.03489E-02       7.59126E-02
       1.73780E-01       1.81970E-01       1.77875E-01       8.19000E-03       3.87892E-03       4.73616E-01       8.42445E-02       7.97916E-02
       1.81970E-01       1.90546E-01       1.86258E-01       8.57600E-03       4.06643E-03       4.74163E-01       8.83167E-02       8.38580E-02
       1.90546E-01       1.99526E-01       1.95036E-01       8.98000E-03       4.26213E-03       4.74625E-01       9.25689E-02       8.81201E-02
       1.99526E-01       2.08930E-01       2.04228E-01       9.40400E-03       4.46634E-03       4.74941E-01       9.69962E-02       9.25865E-02
       2.08930E-01       2.18776E-01       2.13853E-01       9.84600E-03       4.67919E-03       4.75238E-01       1.01631E-01       9.72656E-02
       2.18776E-01       2.29087E-01       2.23931E-01       1.03110E-02       4.90070E-03       4.75289E-01       1.06432E-01       1.02166E-01
       2.29087E-01       2.39883E-01       2.34485E-01       1.07960E-02       5.13126E-03       4.75293E-01       1.11449E-01       1.07298E-01
       2.39883E-01       2.51189E-01       2.45536E-01       1.13060E-02       5.37092E-03       4.75050E-01       1.16642E-01       1.12669E-01
       2.51189E-01       2.63027E-01       2.57108E-01       1.18380E-02       5.61987E-03       4.74732E-01       1.22057E-01       1.18288E-01
       2.63027E-01       2.75423E-01       2.69225E-01       1.23960E-02       5.87803E-03       4.74188E-01       1.27663E-01       1.24166E-01
       2.75423E-01       2.88403E-01       2.81913E-01       1.29800E-02       6.14551E-03       4.73460E-01       1.33475E-01       1.30312E-01
       2.88403E-01       3.01995E-01       2.95199E-01       1.35920E-02       6.42226E-03       4.72503E-01       1.39482E-01       1.36734E-01
       3.01995E-01       3.16228E-01       3.09112E-01       1.42330E-02       6.70829E-03       4.71319E-01       1.45690E-01       1.43442E-01
       3.16228E-01       3.31131E-01       3.23680E-01       1.49030E-02       7.00354E-03       4.69942E-01       1.52111E-01       1.50446E-01
       3.31131E-01       3.46737E-01       3.38934E-01       1.56060E-02       7.30791E-03       4.68275E-01       1.58714E-01       1.57754E-01
       3.46737E-01       3.63078E-01       3.54908E-01       1.63410E-02       7.62102E-03       4.66374E-01       1.65520E-01       1.65375E-01
       3.63078E-01       3.80189E-01       3.71633E-01       1.71110E-02       7.94288E-03       4.64197E-01       1.72511E-01       1.73318E-01
       3.80189E-01       3.98107E-01       3.89148E-01       1.79180E-02       8.27318E-03       4.61725E-01       1.79679E-01       1.81591E-01
       3.98107E-01       4.16869E-01       4.07488E-01       1.87620E-02       8.61146E-03       4.58984E-01       1.87030E-01       1.90202E-01
       4.16869E-01       4.36516E-01       4.26692E-01       1.96470E-02       8.95752E-03       4.55923E-01       1.94539E-01       1.99160E-01
       4.36516E-01       4.57088E-01       4.46802E-01       2.05720E-02       9.31108E-03       4.52609E-01       2.02227E-01       2.08471E-01
       4.57088E-01       4.78630E-01       4.67859E-01       2.15420E-02       9.67152E-03       4.48961E-01       2.10050E-01       2.18143E-01
       4.78630E-01       5.01187E-01       4.89909E-01       2.25570E-02       1.00386E-02       4.45033E-01       2.18026E-01       2.28181E-01
       5.01187E-01       5.24808E-01       5.12998E-01       2.36210E-02       1.04122E-02       4.40804E-01       2.26131E-01       2.38593E-01
       5.24808E-01       5.49541E-01       5.37174E-01       2.47330E-02       1.07918E-02       4.36332E-01       2.34386E-01       2.49385E-01
       5.49541E-01       5.75440E-01       5.62490E-01       2.58990E-02       1.11773E-02       4.31574E-01       2.42756E-01       2.60563E-01
       5.75440E-01       6.02560E-01       5.89000E-01       2.71200E-02       1.15688E-02       4.26579E-01       2.51255E-01       2.72131E-01
       6.02560E-01       6.30957E-01       6.16758E-01       2.83970E-02       1.19663E-02       4.21393E-01       2.59898E-01       2.84098E-01
       6.30957E-01       6.60693E-01       6.45825E-01       2.97360E-02       1.23703E-02       4.16004E-01       2.68666E-01       2.96468E-01
       6.60693E-01       6.91831E-01       6.76262E-01       3.11380E-02       1.27815E-02       4.10480E-01       2.77592E-01       3.09249E-01
       6.91831E-01       7.24436E-01       7.08133E-01       3.26050E-02       1.32010E-02       4.04877E-01       2.86707E-01       3.22450E-01
       7.24436E-01       7.58578E-01       7.41507E-01       3.41420E-02       1.36303E-02       3.99223E-01       2.96027E-01       3.36081E-01
       7.58578E-01       7.94328E-01       7.76453E-01       3.57500E-02       1.40717E-02       3.93615E-01       3.05623E-01       3.50152E-01
       7.94328E-01       8.31764E-01       8.13046E-01       3.74360E-02       1.45282E-02       3.88081E-01       3.15528E-01       3.64681E-01
       8.31764E-01       8.70964E-01       8.51364E-01       3.92000E-02       1.50032E-02       3.82735E-01       3.25847E-01       3.79684E-01
       8.70964E-01       9.12011E-01       8.91487E-01       4.10470E-02       1.55016E-02       3.77656E-01       3.36676E-01       3.95186E-01
       9.12011E-01       9.54993E-01       9.33502E-01       4.29820E-02       1.60294E-02       3.72932E-01       3.48133E-01       4.11215E-01
       9.54993E-01       1.00000E+00       9.77497E-01       4.50070E-02       1.65935E-02       3.68686E-01       3.60389E-01       4.27808E-01
       1.00000E+00       1.04713E+00       1.02357E+00       4.71300E-02       1.72030E-02       3.65011E-01       3.73612E-01       4.45011E-01
       1.04713E+00       1.09648E+00       1.07181E+00       4.93500E-02       1.78678E-02       3.62063E-01       3.88061E-01       4.62879E-01
       1.09648E+00       1.14815E+00       1.12231E+00       5.16700E-02       1.86022E-02       3.60019E-01       4.04055E-01       4.81481E-01
       1.14815E+00       1.20226E+00       1.17520E+00       5.41100E-02       1.94195E-02       3.58889E-01       4.21768E-01       5.00901E-01
       1.20226E+00       1.25892E+00       1.23059E+00       5.66600E-02       2.03393E-02       3.58971E-01       4.41746E-01       5.21240E-01
       1.25892E+00       1.31826E+00       1.28859E+00       5.93400E-02       2.13820E-02       3.60331E-01       4.64319E-01       5.42622E-01
       1.31826E+00       1.38038E+00       1.34932E+00       6.21200E-02       2.25713E-02       3.63350E-01       4.90276E-01       5.65193E-01
       1.38038E+00       1.44544E+00       1.41291E+00       6.50600E-02       2.39365E-02       3.67915E-01       5.19830E-01       5.89130E-01
       1.44544E+00       1.51356E+00       1.47950E+00       6.81200E-02       2.55068E-02       3.74440E-01       5.53983E-01       6.14637E-01
       1.51356E+00       1.58489E+00       1.54923E+00       7.13300E-02       2.73160E-02       3.82952E-01       5.93279E-01       6.41953E-01
       1.58489E+00       1.65959E+00       1.62224E+00       7.47000E-02       2.93951E-02       3.93509E-01       6.38366E-01       6.71348E-01
       1.65959E+00       1.73780E+00       1.69869E+00       7.82100E-02       3.17700E-02       4.06214E-01       6.90034E-01       7.03118E-01
       1.73780E+00       1.81970E+00       1.77875E+00       8.19000E-02       3.44516E-02       4.20655E-01       7.48240E-01       7.37570E-01
       1.81970E+00       1.90546E+00       1.86258E+00       8.57600E-02       3.74200E-02       4.36334E-01       8.12706E-01       7.74989E-01
       1.90546E+00       1.99526E+00       1.95036E+00       8.98000E-02       4.05957E-02       4.52068E-01       8.81696E-01       8.15585E-01
       1.99526E+00       2.08930E+00       2.04228E+00       9.40400E-02       4.37993E-02       4.65752E-01       9.51196E-01       8.59385E-01
       2.08930E+00       2.18776E+00       2.13853E+00       9.84600E-02       4.66742E-02       4.74043E-01       1.01375E+00       9.06059E-01
       2.18776E+00       2.29087E+00       2.23932E+00       1.03110E-01       4.85759E-02       4.71107E-01       1.05496E+00       9.54635E-01
       2.29087E+00       2.39883E+00       2.34485E+00       1.07960E-01       4.40157E-02       4.07704E-01       9.56004E-01       9.98650E-01
       2.39883E+00       2.51189E+00       2.45536E+00       1.13060E-01       1.34967E-03       1.19376E-02       2.93112E-02       1.00000E+00

 Sum =                                                                         1.00000E+00
 Renormalization bin#   975 =                                                  1.66906E-03 barn        1.98000E+07        2.00000E+07        1.99000E+07
 Avg. Energy     bin#   975 =                                                  1.20005E+00 MeV         1.98000E+07        2.00000E+07
