"        MT=601 recoil spectrum "
" Initial neutron energy corresponds to the group:"
   1.66000E+01    1.68000E+01       0.00000E+00           764           880           117



          Low               High              Mid              Energy           Number             dn/de            E*dn/de          Cumulative
         Energy            Energy            Energy             Width          Fraction                               Sum   
         [MeV]             [MeV]             [MeV]              [MeV]

       9.12011E-03       9.54993E-03       9.33502E-03       4.29819E-04       0.00000E+00       0.00000E+00       0.00000E+00       0.00000E+00
       9.54993E-03       1.00000E-02       9.77496E-03       4.50070E-04       2.33300E-04       5.18363E-01       5.06698E-03       2.33300E-04
       1.00000E-02       1.04713E-02       1.02357E-02       4.71300E-04       3.33220E-04       7.07024E-01       7.23685E-03       5.66520E-04
       1.04713E-02       1.09648E-02       1.07180E-02       4.93500E-04       3.48896E-04       7.06983E-01       7.57748E-03       9.15416E-04
       1.09648E-02       1.14815E-02       1.12232E-02       5.16700E-04       3.65347E-04       7.07077E-01       7.93563E-03       1.28076E-03
       1.14815E-02       1.20226E-02       1.17521E-02       5.41100E-04       3.82622E-04       7.07120E-01       8.31011E-03       1.66338E-03
       1.20226E-02       1.25892E-02       1.23059E-02       5.66601E-04       4.00637E-04       7.07088E-01       8.70136E-03       2.06402E-03
       1.25892E-02       1.31826E-02       1.28859E-02       5.93399E-04       4.19525E-04       7.06986E-01       9.11015E-03       2.48355E-03
       1.31826E-02       1.38038E-02       1.34932E-02       6.21200E-04       4.39314E-04       7.07201E-01       9.54241E-03       2.92286E-03
       1.38038E-02       1.44544E-02       1.41291E-02       6.50601E-04       4.60028E-04       7.07082E-01       9.99043E-03       3.38289E-03
       1.44544E-02       1.51356E-02       1.47950E-02       6.81199E-04       4.81704E-04       7.07141E-01       1.04621E-02       3.86459E-03
       1.51356E-02       1.58489E-02       1.54923E-02       7.13301E-04       5.04430E-04       7.07177E-01       1.09558E-02       4.36902E-03
       1.58489E-02       1.65959E-02       1.62224E-02       7.47000E-04       5.28168E-04       7.07052E-01       1.14701E-02       4.89719E-03
       1.65959E-02       1.73780E-02       1.69870E-02       7.82100E-04       5.53071E-04       7.07162E-01       1.20125E-02       5.45026E-03
       1.73780E-02       1.81970E-02       1.77875E-02       8.19000E-04       5.79149E-04       7.07141E-01       1.25783E-02       6.02941E-03
       1.81970E-02       1.90546E-02       1.86258E-02       8.57600E-04       6.06450E-04       7.07148E-01       1.31712E-02       6.63586E-03
       1.90546E-02       1.99526E-02       1.95036E-02       8.98000E-04       6.34965E-04       7.07087E-01       1.37907E-02       7.27082E-03
       1.99526E-02       2.08930E-02       2.04228E-02       9.40400E-04       6.64892E-04       7.07031E-01       1.44395E-02       7.93571E-03
       2.08930E-02       2.18776E-02       2.13853E-02       9.84600E-04       6.96217E-04       7.07107E-01       1.51217E-02       8.63193E-03
       2.18776E-02       2.29087E-02       2.23931E-02       1.03110E-03       7.28980E-04       7.06992E-01       1.58318E-02       9.36091E-03
       2.29087E-02       2.39883E-02       2.34485E-02       1.07960E-03       7.63271E-04       7.06993E-01       1.65779E-02       1.01242E-02
       2.39883E-02       2.51189E-02       2.45536E-02       1.13060E-03       7.99198E-04       7.06880E-01       1.73565E-02       1.09234E-02
       2.51189E-02       2.63027E-02       2.57108E-02       1.18380E-03       8.36800E-04       7.06877E-01       1.81744E-02       1.17602E-02
       2.63027E-02       2.75423E-02       2.69225E-02       1.23960E-03       8.76140E-04       7.06792E-01       1.90286E-02       1.26363E-02
       2.75423E-02       2.88403E-02       2.81913E-02       1.29800E-03       9.17306E-04       7.06707E-01       1.99230E-02       1.35536E-02
       2.88403E-02       3.01995E-02       2.95199E-02       1.35920E-03       9.60408E-04       7.06598E-01       2.08587E-02       1.45140E-02
       3.01995E-02       3.16228E-02       3.09112E-02       1.42330E-03       1.00551E-03       7.06464E-01       2.18376E-02       1.55195E-02
       3.16228E-02       3.31131E-02       3.23680E-02       1.49030E-03       1.05269E-03       7.06361E-01       2.28635E-02       1.65722E-02
       3.31131E-02       3.46737E-02       3.38934E-02       1.56060E-03       1.10209E-03       7.06199E-01       2.39355E-02       1.76743E-02
       3.46737E-02       3.63078E-02       3.54908E-02       1.63410E-03       1.15371E-03       7.06018E-01       2.50571E-02       1.88280E-02
       3.63078E-02       3.80189E-02       3.71633E-02       1.71110E-03       1.20774E-03       7.05830E-01       2.62310E-02       2.00358E-02
       3.80189E-02       3.98107E-02       3.89148E-02       1.79180E-03       1.26423E-03       7.05561E-01       2.74568E-02       2.13000E-02
       3.98107E-02       4.16869E-02       4.07488E-02       1.87620E-03       1.32334E-03       7.05331E-01       2.87414E-02       2.26233E-02
       4.16869E-02       4.36516E-02       4.26693E-02       1.96470E-03       1.38513E-03       7.05009E-01       3.00822E-02       2.40085E-02
       4.36516E-02       4.57088E-02       4.46802E-02       2.05720E-03       1.44977E-03       7.04732E-01       3.14876E-02       2.54583E-02
       4.57088E-02       4.78630E-02       4.67859E-02       2.15420E-03       1.51734E-03       7.04363E-01       3.29543E-02       2.69756E-02
       4.78630E-02       5.01187E-02       4.89908E-02       2.25570E-03       1.58793E-03       7.03964E-01       3.44878E-02       2.85635E-02
       5.01187E-02       5.24808E-02       5.12998E-02       2.36210E-03       1.66168E-03       7.03477E-01       3.60882E-02       3.02252E-02
       5.24808E-02       5.49541E-02       5.37174E-02       2.47330E-03       1.73878E-03       7.03018E-01       3.77644E-02       3.19640E-02
       5.49541E-02       5.75440E-02       5.62491E-02       2.58990E-03       1.81928E-03       7.02453E-01       3.95123E-02       3.37833E-02
       5.75440E-02       6.02560E-02       5.89000E-02       2.71200E-03       1.90339E-03       7.01840E-01       4.13383E-02       3.56867E-02
       6.02560E-02       6.30957E-02       6.16758E-02       2.83970E-03       1.99120E-03       7.01199E-01       4.32471E-02       3.76779E-02
       6.30957E-02       6.60693E-02       6.45825E-02       2.97360E-03       2.08280E-03       7.00430E-01       4.52355E-02       3.97607E-02
       6.60693E-02       6.91831E-02       6.76262E-02       3.11380E-03       2.17841E-03       6.99599E-01       4.73112E-02       4.19391E-02
       6.91831E-02       7.24436E-02       7.08134E-02       3.26050E-03       2.27812E-03       6.98704E-01       4.94776E-02       4.42172E-02
       7.24436E-02       7.58578E-02       7.41507E-02       3.41420E-03       2.38211E-03       6.97709E-01       5.17356E-02       4.65993E-02
       7.58578E-02       7.94328E-02       7.76453E-02       3.57500E-03       2.49046E-03       6.96632E-01       5.40902E-02       4.90898E-02
       7.94328E-02       8.31764E-02       8.13046E-02       3.74360E-03       2.60335E-03       6.95414E-01       5.65404E-02       5.16931E-02
       8.31764E-02       8.70964E-02       8.51364E-02       3.92000E-03       2.72091E-03       6.94109E-01       5.90939E-02       5.44140E-02
       8.70964E-02       9.12011E-02       8.91488E-02       4.10470E-03       2.84328E-03       6.92688E-01       6.17522E-02       5.72573E-02
       9.12011E-02       9.54993E-02       9.33502E-02       4.29820E-03       2.97058E-03       6.91123E-01       6.45165E-02       6.02279E-02
       9.54993E-02       1.00000E-01       9.77497E-02       4.50070E-03       3.10290E-03       6.89425E-01       6.73910E-02       6.33308E-02
       1.00000E-01       1.04713E-01       1.02357E-01       4.71300E-03       3.24045E-03       6.87556E-01       7.03758E-02       6.65712E-02
       1.04713E-01       1.09648E-01       1.07180E-01       4.93500E-03       3.38314E-03       6.85541E-01       7.34766E-02       6.99544E-02
       1.09648E-01       1.14815E-01       1.12231E-01       5.16700E-03       3.53138E-03       6.83448E-01       7.67044E-02       7.34858E-02
       1.14815E-01       1.20226E-01       1.17520E-01       5.41100E-03       3.68487E-03       6.80997E-01       8.00311E-02       7.71706E-02
       1.20226E-01       1.25892E-01       1.23059E-01       5.66600E-03       3.84407E-03       6.78446E-01       8.34889E-02       8.10147E-02
       1.25892E-01       1.31826E-01       1.28859E-01       5.93400E-03       4.00879E-03       6.75563E-01       8.70524E-02       8.50235E-02
       1.31826E-01       1.38038E-01       1.34932E-01       6.21200E-03       4.17909E-03       6.72745E-01       9.07748E-02       8.92026E-02
       1.38038E-01       1.44544E-01       1.41291E-01       6.50600E-03       4.35512E-03       6.69401E-01       9.45804E-02       9.35577E-02
       1.44544E-01       1.51356E-01       1.47950E-01       6.81200E-03       4.53664E-03       6.65977E-01       9.85313E-02       9.80944E-02
       1.51356E-01       1.58489E-01       1.54923E-01       7.13300E-03       4.72385E-03       6.62252E-01       1.02598E-01       1.02818E-01
       1.58489E-01       1.65959E-01       1.62224E-01       7.47000E-03       4.91663E-03       6.58183E-01       1.06773E-01       1.07735E-01
       1.65959E-01       1.73780E-01       1.69869E-01       7.82100E-03       5.11478E-03       6.53981E-01       1.11091E-01       1.12850E-01
       1.73780E-01       1.81970E-01       1.77875E-01       8.19000E-03       5.31838E-03       6.49374E-01       1.15507E-01       1.18168E-01
       1.81970E-01       1.90546E-01       1.86258E-01       8.57600E-03       5.52716E-03       6.44492E-01       1.20042E-01       1.23695E-01
       1.90546E-01       1.99526E-01       1.95036E-01       8.98000E-03       5.74095E-03       6.39304E-01       1.24687E-01       1.29436E-01
       1.99526E-01       2.08930E-01       2.04228E-01       9.40400E-03       5.95969E-03       6.33740E-01       1.29427E-01       1.35396E-01
       2.08930E-01       2.18776E-01       2.13853E-01       9.84600E-03       6.18299E-03       6.27970E-01       1.34293E-01       1.41579E-01
       2.18776E-01       2.29087E-01       2.23931E-01       1.03110E-02       6.41062E-03       6.21726E-01       1.39224E-01       1.47989E-01
       2.29087E-01       2.39883E-01       2.34485E-01       1.07960E-02       6.64232E-03       6.15257E-01       1.44269E-01       1.54632E-01
       2.39883E-01       2.51189E-01       2.45536E-01       1.13060E-02       6.87780E-03       6.08332E-01       1.49367E-01       1.61510E-01
       2.51189E-01       2.63027E-01       2.57108E-01       1.18380E-02       7.11693E-03       6.01194E-01       1.54572E-01       1.68626E-01
       2.63027E-01       2.75423E-01       2.69225E-01       1.23960E-02       7.35907E-03       5.93665E-01       1.59829E-01       1.75986E-01
       2.75423E-01       2.88403E-01       2.81913E-01       1.29800E-02       7.60421E-03       5.85841E-01       1.65156E-01       1.83590E-01
       2.88403E-01       3.01995E-01       2.95199E-01       1.35920E-02       7.85193E-03       5.77688E-01       1.70533E-01       1.91442E-01
       3.01995E-01       3.16228E-01       3.09112E-01       1.42330E-02       8.10213E-03       5.69250E-01       1.75962E-01       1.99544E-01
       3.16228E-01       3.31131E-01       3.23680E-01       1.49030E-02       8.35451E-03       5.60592E-01       1.81452E-01       2.07898E-01
       3.31131E-01       3.46737E-01       3.38934E-01       1.56060E-02       8.60927E-03       5.51664E-01       1.86978E-01       2.16508E-01
       3.46737E-01       3.63078E-01       3.54908E-01       1.63410E-02       8.86611E-03       5.42569E-01       1.92562E-01       2.25374E-01
       3.63078E-01       3.80189E-01       3.71633E-01       1.71110E-02       9.12553E-03       5.33314E-01       1.98197E-01       2.34499E-01
       3.80189E-01       3.98107E-01       3.89148E-01       1.79180E-02       9.38782E-03       5.23932E-01       2.03887E-01       2.43887E-01
       3.98107E-01       4.16869E-01       4.07488E-01       1.87620E-02       9.65350E-03       5.14524E-01       2.09662E-01       2.53541E-01
       4.16869E-01       4.36516E-01       4.26692E-01       1.96470E-02       9.92360E-03       5.05095E-01       2.15520E-01       2.63464E-01
       4.36516E-01       4.57088E-01       4.46802E-01       2.05720E-02       1.01991E-02       4.95777E-01       2.21514E-01       2.73663E-01
       4.57088E-01       4.78630E-01       4.67859E-01       2.15420E-02       1.04816E-02       4.86564E-01       2.27643E-01       2.84145E-01
       4.78630E-01       5.01187E-01       4.89909E-01       2.25570E-02       1.07726E-02       4.77574E-01       2.33967E-01       2.94917E-01
       5.01187E-01       5.24808E-01       5.12998E-01       2.36210E-02       1.10747E-02       4.68851E-01       2.40519E-01       3.05992E-01
       5.24808E-01       5.49541E-01       5.37174E-01       2.47330E-02       1.13901E-02       4.60521E-01       2.47380E-01       3.17382E-01
       5.49541E-01       5.75440E-01       5.62490E-01       2.58990E-02       1.17218E-02       4.52595E-01       2.54580E-01       3.29104E-01
       5.75440E-01       6.02560E-01       5.89000E-01       2.71200E-02       1.20730E-02       4.45169E-01       2.62204E-01       3.41177E-01
       6.02560E-01       6.30957E-01       6.16758E-01       2.83970E-02       1.24471E-02       4.38325E-01       2.70340E-01       3.53624E-01
       6.30957E-01       6.60693E-01       6.45825E-01       2.97360E-02       1.28480E-02       4.32068E-01       2.79040E-01       3.66472E-01
       6.60693E-01       6.91831E-01       6.76262E-01       3.11380E-02       1.32795E-02       4.26472E-01       2.88407E-01       3.79752E-01
       6.91831E-01       7.24436E-01       7.08133E-01       3.26050E-02       1.37453E-02       4.21569E-01       2.98527E-01       3.93497E-01
       7.24436E-01       7.58578E-01       7.41507E-01       3.41420E-02       1.42492E-02       4.17352E-01       3.09470E-01       4.07746E-01
       7.58578E-01       7.94328E-01       7.76453E-01       3.57500E-02       1.47950E-02       4.13846E-01       3.21332E-01       4.22541E-01
       7.94328E-01       8.31764E-01       8.13046E-01       3.74360E-02       1.53859E-02       4.10991E-01       3.34155E-01       4.37927E-01
       8.31764E-01       8.70964E-01       8.51364E-01       3.92000E-02       1.60247E-02       4.08793E-01       3.48032E-01       4.53952E-01
       8.70964E-01       9.12011E-01       8.91487E-01       4.10470E-02       1.67149E-02       4.07215E-01       3.63027E-01       4.70667E-01
       9.12011E-01       9.54993E-01       9.33502E-01       4.29820E-02       1.74601E-02       4.06219E-01       3.79206E-01       4.88127E-01
       9.54993E-01       1.00000E+00       9.77497E-01       4.50070E-02       1.82650E-02       4.05826E-01       3.96693E-01       5.06392E-01
       1.00000E+00       1.04713E+00       1.02357E+00       4.71300E-02       1.91374E-02       4.06055E-01       4.15624E-01       5.25529E-01
       1.04713E+00       1.09648E+00       1.07181E+00       4.93500E-02       2.00886E-02       4.07064E-01       4.36293E-01       5.45618E-01
       1.09648E+00       1.14815E+00       1.12231E+00       5.16700E-02       2.11398E-02       4.09130E-01       4.59173E-01       5.66758E-01
       1.14815E+00       1.20226E+00       1.17520E+00       5.41100E-02       2.23195E-02       4.12484E-01       4.84753E-01       5.89077E-01
       1.20226E+00       1.25892E+00       1.23059E+00       5.66600E-02       2.36759E-02       4.17859E-01       5.14213E-01       6.12753E-01
       1.25892E+00       1.31826E+00       1.28859E+00       5.93400E-02       2.52748E-02       4.25932E-01       5.48851E-01       6.38028E-01
       1.31826E+00       1.38038E+00       1.34932E+00       6.21200E-02       2.72070E-02       4.37975E-01       5.90968E-01       6.65235E-01
       1.38038E+00       1.44544E+00       1.41291E+00       6.50600E-02       2.95934E-02       4.54863E-01       6.42681E-01       6.94828E-01
       1.44544E+00       1.51356E+00       1.47950E+00       6.81200E-02       3.25751E-02       4.78201E-01       7.07499E-01       7.27403E-01
       1.51356E+00       1.58489E+00       1.54923E+00       7.13300E-02       3.63057E-02       5.08982E-01       7.88527E-01       7.63709E-01
       1.58489E+00       1.65959E+00       1.62224E+00       7.47000E-02       4.09092E-02       5.47647E-01       8.88414E-01       8.04618E-01
       1.65959E+00       1.73780E+00       1.69869E+00       7.82100E-02       4.64087E-02       5.93386E-01       1.00798E+00       8.51027E-01
       1.73780E+00       1.81970E+00       1.77875E+00       8.19000E-02       5.25877E-02       6.42096E-01       1.14213E+00       9.03614E-01
       1.81970E+00       1.90546E+00       1.86258E+00       8.57600E-02       5.87455E-02       6.84998E-01       1.27586E+00       9.62360E-01
       1.90546E+00       1.99526E+00       1.95036E+00       8.98000E-02       3.76403E-02       4.19158E-01       8.17508E-01       1.00000E+00

 Sum =                                                                         1.00000E+00
 Renormalization bin#   959 =                                                  2.05999E-03 barn        1.66000E+07        1.68000E+07        1.67000E+07
 Avg. Energy     bin#   959 =                                                  9.84800E-01 MeV         1.66000E+07        1.68000E+07
