"        MT=613 recoil spectrum "
" Initial neutron energy corresponds to the group:"
   1.28000E+01    1.30000E+01       0.00000E+00           798           870            73



          Low               High              Mid              Energy           Number             dn/de            E*dn/de          Cumulative
         Energy            Energy            Energy             Width          Fraction                               Sum   
         [MeV]             [MeV]             [MeV]              [MeV]

       4.36516E-02       4.57088E-02       4.46802E-02       2.05720E-03       0.00000E+00       0.00000E+00       0.00000E+00       0.00000E+00
       4.57088E-02       4.78630E-02       4.67859E-02       2.15420E-03       3.19625E-04       1.48373E-01       6.94176E-03       3.19625E-04
       4.78630E-02       5.01187E-02       4.89908E-02       2.25570E-03       1.60032E-03       7.09456E-01       3.47568E-02       1.91994E-03
       5.01187E-02       5.24808E-02       5.12998E-02       2.36210E-03       1.70403E-03       7.21402E-01       3.70078E-02       3.62397E-03
       5.24808E-02       5.49541E-02       5.37174E-02       2.47330E-03       1.78888E-03       7.23275E-01       3.88525E-02       5.41284E-03
       5.49541E-02       5.75440E-02       5.62491E-02       2.58990E-03       1.87819E-03       7.25197E-01       4.07916E-02       7.29103E-03
       5.75440E-02       6.02560E-02       5.89000E-02       2.71200E-03       1.97211E-03       7.27180E-01       4.28309E-02       9.26314E-03
       6.02560E-02       6.30957E-02       6.16758E-02       2.83970E-03       2.07087E-03       7.29257E-01       4.49776E-02       1.13340E-02
       6.30957E-02       6.60693E-02       6.45825E-02       2.97360E-03       2.17475E-03       7.31354E-01       4.72326E-02       1.35088E-02
       6.60693E-02       6.91831E-02       6.76262E-02       3.11380E-03       2.28405E-03       7.33525E-01       4.96055E-02       1.57928E-02
       6.91831E-02       7.24436E-02       7.08134E-02       3.26050E-03       2.39902E-03       7.35784E-01       5.21034E-02       1.81918E-02
       7.24436E-02       7.58578E-02       7.41507E-02       3.41420E-03       2.52001E-03       7.38097E-01       5.47304E-02       2.07119E-02
       7.58578E-02       7.94328E-02       7.76453E-02       3.57500E-03       2.64732E-03       7.40509E-01       5.74970E-02       2.33592E-02
       7.94328E-02       8.31764E-02       8.13046E-02       3.74360E-03       2.78130E-03       7.42949E-01       6.04052E-02       2.61405E-02
       8.31764E-02       8.70964E-02       8.51364E-02       3.92000E-03       2.92229E-03       7.45483E-01       6.34678E-02       2.90628E-02
       8.70964E-02       9.12011E-02       8.91488E-02       4.10470E-03       3.07076E-03       7.48109E-01       6.66930E-02       3.21335E-02
       9.12011E-02       9.54993E-02       9.33502E-02       4.29820E-03       3.22703E-03       7.50787E-01       7.00862E-02       3.53606E-02
       9.54993E-02       1.00000E-01       9.77497E-02       4.50070E-03       3.39160E-03       7.53570E-01       7.36612E-02       3.87522E-02
       1.00000E-01       1.04713E-01       1.02357E-01       4.71300E-03       3.56486E-03       7.56390E-01       7.74214E-02       4.23170E-02
       1.04713E-01       1.09648E-01       1.07180E-01       4.93500E-03       3.74719E-03       7.59310E-01       8.13832E-02       4.60642E-02
       1.09648E-01       1.14815E-01       1.12231E-01       5.16700E-03       3.93945E-03       7.62425E-01       8.55681E-02       5.00037E-02
       1.14815E-01       1.20226E-01       1.17520E-01       5.41100E-03       4.14177E-03       7.65436E-01       8.99544E-02       5.41454E-02
       1.20226E-01       1.25892E-01       1.23059E-01       5.66600E-03       4.35508E-03       7.68635E-01       9.45874E-02       5.85005E-02
       1.25892E-01       1.31826E-01       1.28859E-01       5.93400E-03       4.57985E-03       7.71797E-01       9.94530E-02       6.30804E-02
       1.31826E-01       1.38038E-01       1.34932E-01       6.21200E-03       4.81659E-03       7.75369E-01       1.04622E-01       6.78970E-02
       1.38038E-01       1.44544E-01       1.41291E-01       6.50600E-03       5.06631E-03       7.78713E-01       1.10025E-01       7.29633E-02
       1.44544E-01       1.51356E-01       1.47950E-01       6.81200E-03       5.32943E-03       7.82359E-01       1.15750E-01       7.82927E-02
       1.51356E-01       1.58489E-01       1.54923E-01       7.13300E-03       5.60698E-03       7.86062E-01       1.21779E-01       8.38997E-02
       1.58489E-01       1.65959E-01       1.62224E-01       7.47000E-03       5.89982E-03       7.89802E-01       1.28125E-01       8.97995E-02
       1.65959E-01       1.73780E-01       1.69869E-01       7.82100E-03       6.20867E-03       7.93846E-01       1.34850E-01       9.60082E-02
       1.73780E-01       1.81970E-01       1.77875E-01       8.19000E-03       6.53463E-03       7.97879E-01       1.41923E-01       1.02543E-01
       1.81970E-01       1.90546E-01       1.86258E-01       8.57600E-03       6.87872E-03       8.02089E-01       1.49396E-01       1.09422E-01
       1.90546E-01       1.99526E-01       1.95036E-01       8.98000E-03       7.24210E-03       8.06469E-01       1.57291E-01       1.16664E-01
       1.99526E-01       2.08930E-01       2.04228E-01       9.40400E-03       7.62606E-03       8.10938E-01       1.65616E-01       1.24290E-01
       2.08930E-01       2.18776E-01       2.13853E-01       9.84600E-03       8.03167E-03       8.15729E-01       1.74446E-01       1.32321E-01
       2.18776E-01       2.29087E-01       2.23931E-01       1.03110E-02       8.46049E-03       8.20531E-01       1.83743E-01       1.40782E-01
       2.29087E-01       2.39883E-01       2.34485E-01       1.07960E-02       8.91389E-03       8.25666E-01       1.93606E-01       1.49696E-01
       2.39883E-01       2.51189E-01       2.45536E-01       1.13060E-02       9.39352E-03       8.30843E-01       2.04002E-01       1.59089E-01
       2.51189E-01       2.63027E-01       2.57108E-01       1.18380E-02       9.90109E-03       8.36382E-01       2.15041E-01       1.68990E-01
       2.63027E-01       2.75423E-01       2.69225E-01       1.23960E-02       1.04383E-02       8.42069E-01       2.26706E-01       1.79429E-01
       2.75423E-01       2.88403E-01       2.81913E-01       1.29800E-02       1.10071E-02       8.48002E-01       2.39063E-01       1.90436E-01
       2.88403E-01       3.01995E-01       2.95199E-01       1.35920E-02       1.16092E-02       8.54121E-01       2.52136E-01       2.02045E-01
       3.01995E-01       3.16228E-01       3.09112E-01       1.42330E-02       1.22469E-02       8.60459E-01       2.65978E-01       2.14292E-01
       3.16228E-01       3.31131E-01       3.23680E-01       1.49030E-02       1.29221E-02       8.67079E-01       2.80656E-01       2.27214E-01
       3.31131E-01       3.46737E-01       3.38934E-01       1.56060E-02       1.36370E-02       8.73833E-01       2.96172E-01       2.40851E-01
       3.46737E-01       3.63078E-01       3.54908E-01       1.63410E-02       1.43933E-02       8.80811E-01       3.12607E-01       2.55244E-01
       3.63078E-01       3.80189E-01       3.71633E-01       1.71110E-02       1.51932E-02       8.87922E-01       3.29981E-01       2.70438E-01
       3.80189E-01       3.98107E-01       3.89148E-01       1.79180E-02       1.60384E-02       8.95101E-01       3.48327E-01       2.86476E-01
       3.98107E-01       4.16869E-01       4.07488E-01       1.87620E-02       1.69301E-02       9.02360E-01       3.67701E-01       3.03406E-01
       4.16869E-01       4.36516E-01       4.26692E-01       1.96470E-02       1.78695E-02       9.09527E-01       3.88089E-01       3.21275E-01
       4.36516E-01       4.57088E-01       4.46802E-01       2.05720E-02       1.88569E-02       9.16631E-01       4.09553E-01       3.40132E-01
       4.57088E-01       4.78630E-01       4.67859E-01       2.15420E-02       1.98921E-02       9.23412E-01       4.32027E-01       3.60025E-01
       4.78630E-01       5.01187E-01       4.89909E-01       2.25570E-02       2.09741E-02       9.29827E-01       4.55530E-01       3.80999E-01
       5.01187E-01       5.24808E-01       5.12998E-01       2.36210E-02       2.21005E-02       9.35629E-01       4.79975E-01       4.03099E-01
       5.24808E-01       5.49541E-01       5.37174E-01       2.47330E-02       2.32675E-02       9.40745E-01       5.05344E-01       4.26367E-01
       5.49541E-01       5.75440E-01       5.62490E-01       2.58990E-02       2.44702E-02       9.44833E-01       5.31460E-01       4.50837E-01
       5.75440E-01       6.02560E-01       5.89000E-01       2.71200E-02       2.57021E-02       9.47716E-01       5.58205E-01       4.76539E-01
       6.02560E-01       6.30957E-01       6.16758E-01       2.83970E-02       2.69543E-02       9.49196E-01       5.85425E-01       5.03493E-01
       6.30957E-01       6.60693E-01       6.45825E-01       2.97360E-02       2.82171E-02       9.48920E-01       6.12836E-01       5.31710E-01
       6.60693E-01       6.91831E-01       6.76262E-01       3.11380E-02       2.94783E-02       9.46697E-01       6.40215E-01       5.61189E-01
       6.91831E-01       7.24436E-01       7.08133E-01       3.26050E-02       3.07249E-02       9.42337E-01       6.67301E-01       5.91913E-01
       7.24436E-01       7.58578E-01       7.41507E-01       3.41420E-02       3.19435E-02       9.35607E-01       6.93759E-01       6.23857E-01
       7.58578E-01       7.94328E-01       7.76453E-01       3.57500E-02       3.31205E-02       9.26449E-01       7.19344E-01       6.56977E-01
       7.94328E-01       8.31764E-01       8.13046E-01       3.74360E-02       3.42442E-02       9.14740E-01       7.43726E-01       6.91222E-01
       8.31764E-01       8.70964E-01       8.51364E-01       3.92000E-02       3.53046E-02       9.00627E-01       7.66761E-01       7.26526E-01
       8.70964E-01       9.12011E-01       8.91487E-01       4.10470E-02       3.62959E-02       8.84253E-01       7.88300E-01       7.62822E-01
       9.12011E-01       9.54993E-01       9.33502E-01       4.29820E-02       3.72155E-02       8.65839E-01       8.08262E-01       8.00038E-01
       9.54993E-01       1.00000E+00       9.77497E-01       4.50070E-02       3.80617E-02       8.45684E-01       8.26653E-01       8.38099E-01
       1.00000E+00       1.04713E+00       1.02357E+00       4.71300E-02       3.88289E-02       8.23868E-01       8.43283E-01       8.76928E-01
       1.04713E+00       1.09648E+00       1.07181E+00       4.93500E-02       3.94891E-02       8.00185E-01       8.57642E-01       9.16417E-01
       1.09648E+00       1.14815E+00       1.12231E+00       5.16700E-02       3.99716E-02       7.73593E-01       8.68215E-01       9.56389E-01
       1.14815E+00       1.20226E+00       1.17520E+00       5.41100E-02       3.84339E-02       7.10293E-01       8.34739E-01       9.94823E-01
       1.20226E+00       1.25892E+00       1.23059E+00       5.66600E-02       5.17705E-03       9.13704E-02       1.12440E-01       1.00000E+00

 Sum =                                                                         1.00000E+00
 Renormalization bin#   940 =                                                  6.95224E-03 barn        1.28000E+07        1.30000E+07        1.29000E+07
 Avg. Energy     bin#   940 =                                                  6.27499E-01 MeV         1.28000E+07        1.30000E+07
