"        MT=612 recoil spectrum "
" Initial neutron energy corresponds to the group:"
   7.80000E+00    8.00000E+00       0.00000E+00           814           851            38



          Low               High              Mid              Energy           Number             dn/de            E*dn/de          Cumulative
         Energy            Energy            Energy             Width          Fraction                               Sum   
         [MeV]             [MeV]             [MeV]              [MeV]

       9.12011E-02       9.54993E-02       9.33502E-02       4.29820E-03       0.00000E+00       0.00000E+00       0.00000E+00       0.00000E+00
       9.54993E-02       1.00000E-01       9.77497E-02       4.50070E-03       3.44286E-04       7.64960E-02       7.47746E-03       3.44286E-04
       1.00000E-01       1.04713E-01       1.02357E-01       4.71300E-03       6.40212E-03       1.35839E+00       1.39041E-01       6.74640E-03
       1.04713E-01       1.09648E-01       1.07180E-01       4.93500E-03       1.14412E-02       2.31838E+00       2.48486E-01       1.81876E-02
       1.09648E-01       1.14815E-01       1.12231E-01       5.16700E-03       1.21061E-02       2.34296E+00       2.62954E-01       3.02937E-02
       1.14815E-01       1.20226E-01       1.17520E-01       5.41100E-03       1.27371E-02       2.35392E+00       2.76634E-01       4.30308E-02
       1.20226E-01       1.25892E-01       1.23059E-01       5.66600E-03       1.34023E-02       2.36538E+00       2.91082E-01       5.64330E-02
       1.25892E-01       1.31826E-01       1.28859E-01       5.93400E-03       1.41028E-02       2.37662E+00       3.06248E-01       7.05359E-02
       1.31826E-01       1.38038E-01       1.34932E-01       6.21200E-03       1.48401E-02       2.38894E+00       3.22345E-01       8.53760E-02
       1.38038E-01       1.44544E-01       1.41291E-01       6.50600E-03       1.56168E-02       2.40037E+00       3.39151E-01       1.00993E-01
       1.44544E-01       1.51356E-01       1.47950E-01       6.81200E-03       1.64337E-02       2.41247E+00       3.56924E-01       1.17426E-01
       1.51356E-01       1.58489E-01       1.54923E-01       7.13300E-03       1.72936E-02       2.42445E+00       3.75601E-01       1.34720E-01
       1.58489E-01       1.65959E-01       1.62224E-01       7.47000E-03       1.81978E-02       2.43612E+00       3.95197E-01       1.52918E-01
       1.65959E-01       1.73780E-01       1.69869E-01       7.82100E-03       1.91480E-02       2.44828E+00       4.15889E-01       1.72066E-01
       1.73780E-01       1.81970E-01       1.77875E-01       8.19000E-03       2.01463E-02       2.45987E+00       4.37549E-01       1.92212E-01
       1.81970E-01       1.90546E-01       1.86258E-01       8.57600E-03       2.11945E-02       2.47137E+00       4.60313E-01       2.13407E-01
       1.90546E-01       1.99526E-01       1.95036E-01       8.98000E-03       2.22934E-02       2.48257E+00       4.84190E-01       2.35700E-01
       1.99526E-01       2.08930E-01       2.04228E-01       9.40400E-03       2.34458E-02       2.49317E+00       5.09176E-01       2.59146E-01
       2.08930E-01       2.18776E-01       2.13853E-01       9.84600E-03       2.46520E-02       2.50376E+00       5.35437E-01       2.83798E-01
       2.18776E-01       2.29087E-01       2.23931E-01       1.03110E-02       2.59133E-02       2.51317E+00       5.62777E-01       3.09711E-01
       2.29087E-01       2.39883E-01       2.34485E-01       1.07960E-02       2.72304E-02       2.52227E+00       5.91435E-01       3.36942E-01
       2.39883E-01       2.51189E-01       2.45536E-01       1.13060E-02       2.86039E-02       2.52998E+00       6.21200E-01       3.65546E-01
       2.51189E-01       2.63027E-01       2.57108E-01       1.18380E-02       3.00335E-02       2.53704E+00       6.52294E-01       3.95579E-01
       2.63027E-01       2.75423E-01       2.69225E-01       1.23960E-02       3.15183E-02       2.54262E+00       6.84536E-01       4.27097E-01
       2.75423E-01       2.88403E-01       2.81913E-01       1.29800E-02       3.30569E-02       2.54676E+00       7.17963E-01       4.60154E-01
       2.88403E-01       3.01995E-01       2.95199E-01       1.35920E-02       3.46466E-02       2.54905E+00       7.52476E-01       4.94801E-01
       3.01995E-01       3.16228E-01       3.09112E-01       1.42330E-02       3.62845E-02       2.54932E+00       7.88024E-01       5.31085E-01
       3.16228E-01       3.31131E-01       3.23680E-01       1.49030E-02       3.79651E-02       2.54748E+00       8.24567E-01       5.69050E-01
       3.31131E-01       3.46737E-01       3.38934E-01       1.56060E-02       3.96829E-02       2.54280E+00       8.61840E-01       6.08733E-01
       3.46737E-01       3.63078E-01       3.54908E-01       1.63410E-02       4.14284E-02       2.53525E+00       8.99778E-01       6.50162E-01
       3.63078E-01       3.80189E-01       3.71633E-01       1.71110E-02       4.31919E-02       2.52422E+00       9.38084E-01       6.93354E-01
       3.80189E-01       3.98107E-01       3.89148E-01       1.79180E-02       4.49603E-02       2.50923E+00       9.76460E-01       7.38314E-01
       3.98107E-01       4.16869E-01       4.07488E-01       1.87620E-02       4.67168E-02       2.48997E+00       1.01463E+00       7.85031E-01
       4.16869E-01       4.36516E-01       4.26692E-01       1.96470E-02       4.84418E-02       2.46561E+00       1.05206E+00       8.33473E-01
       4.36516E-01       4.57088E-01       4.46802E-01       2.05720E-02       5.01115E-02       2.43591E+00       1.08837E+00       8.83584E-01
       4.57088E-01       4.78630E-01       4.67859E-01       2.15420E-02       5.16955E-02       2.39975E+00       1.12275E+00       9.35280E-01
       4.78630E-01       5.01187E-01       4.89909E-01       2.25570E-02       4.83424E-02       2.14312E+00       1.04993E+00       9.83622E-01
       5.01187E-01       5.24808E-01       5.12998E-01       2.36210E-02       1.63781E-02       6.93370E-01       3.55697E-01       1.00000E+00

 Sum =                                                                         1.00000E+00
 Renormalization bin#   915 =                                                  6.21855E-04 barn        7.80000E+06        8.00000E+06        7.90000E+06
 Avg. Energy     bin#   915 =                                                  3.04239E-01 MeV         7.80000E+06        8.00000E+06
