"        MT=605 recoil spectrum "
" Initial neutron energy corresponds to the group:"
   1.04000E+01    1.06000E+01       0.00000E+00           793           866            74



          Low               High              Mid              Energy           Number             dn/de            E*dn/de          Cumulative
         Energy            Energy            Energy             Width          Fraction                               Sum   
         [MeV]             [MeV]             [MeV]              [MeV]

       3.46737E-02       3.63078E-02       3.54908E-02       1.63410E-03       0.00000E+00       0.00000E+00       0.00000E+00       0.00000E+00
       3.63078E-02       3.80189E-02       3.71633E-02       1.71110E-03       1.39010E-03       8.12404E-01       3.01917E-02       1.39010E-03
       3.80189E-02       3.98107E-02       3.89148E-02       1.79180E-03       2.57200E-03       1.43543E+00       5.58593E-02       3.96210E-03
       3.98107E-02       4.16869E-02       4.07488E-02       1.87620E-03       2.68318E-03       1.43012E+00       5.82755E-02       6.64528E-03
       4.16869E-02       4.36516E-02       4.26693E-02       1.96470E-03       2.79872E-03       1.42450E+00       6.07825E-02       9.44401E-03
       4.36516E-02       4.57088E-02       4.46802E-02       2.05720E-03       2.91874E-03       1.41879E+00       6.33919E-02       1.23627E-02
       4.57088E-02       4.78630E-02       4.67859E-02       2.15420E-03       3.04334E-03       1.41275E+00       6.60966E-02       1.54061E-02
       4.78630E-02       5.01187E-02       4.89908E-02       2.25570E-03       3.17264E-03       1.40650E+00       6.89056E-02       1.85787E-02
       5.01187E-02       5.24808E-02       5.12998E-02       2.36210E-03       3.30681E-03       1.39994E+00       7.18168E-02       2.18855E-02
       5.24808E-02       5.49541E-02       5.37174E-02       2.47330E-03       3.44597E-03       1.39327E+00       7.48428E-02       2.53315E-02
       5.49541E-02       5.75440E-02       5.62491E-02       2.58990E-03       3.59022E-03       1.38624E+00       7.79747E-02       2.89217E-02
       5.75440E-02       6.02560E-02       5.89000E-02       2.71200E-03       3.73972E-03       1.37895E+00       8.12204E-02       3.26614E-02
       6.02560E-02       6.30957E-02       6.16758E-02       2.83970E-03       3.89453E-03       1.37146E+00       8.45858E-02       3.65560E-02
       6.30957E-02       6.60693E-02       6.45825E-02       2.97360E-03       4.05483E-03       1.36361E+00       8.80654E-02       4.06108E-02
       6.60693E-02       6.91831E-02       6.76262E-02       3.11380E-03       4.22073E-03       1.35549E+00       9.16667E-02       4.48315E-02
       6.91831E-02       7.24436E-02       7.08134E-02       3.26050E-03       4.39228E-03       1.34712E+00       9.53940E-02       4.92238E-02
       7.24436E-02       7.58578E-02       7.41507E-02       3.41420E-03       4.56963E-03       1.33842E+00       9.92448E-02       5.37934E-02
       7.58578E-02       7.94328E-02       7.76453E-02       3.57500E-03       4.75287E-03       1.32947E+00       1.03227E-01       5.85463E-02
       7.94328E-02       8.31764E-02       8.13046E-02       3.74360E-03       4.94216E-03       1.32016E+00       1.07335E-01       6.34885E-02
       8.31764E-02       8.70964E-02       8.51364E-02       3.92000E-03       5.13754E-03       1.31060E+00       1.11579E-01       6.86260E-02
       8.70964E-02       9.12011E-02       8.91488E-02       4.10470E-03       5.33907E-03       1.30072E+00       1.15958E-01       7.39651E-02
       9.12011E-02       9.54993E-02       9.33502E-02       4.29820E-03       5.54693E-03       1.29052E+00       1.20471E-01       7.95120E-02
       9.54993E-02       1.00000E-01       9.77497E-02       4.50070E-03       5.76110E-03       1.28005E+00       1.25124E-01       8.52731E-02
       1.00000E-01       1.04713E-01       1.02357E-01       4.71300E-03       5.98180E-03       1.26921E+00       1.29912E-01       9.12549E-02
       1.04713E-01       1.09648E-01       1.07180E-01       4.93500E-03       6.20882E-03       1.25812E+00       1.34846E-01       9.74637E-02
       1.09648E-01       1.14815E-01       1.12231E-01       5.16700E-03       6.44277E-03       1.24691E+00       1.39942E-01       1.03907E-01
       1.14815E-01       1.20226E-01       1.17520E-01       5.41100E-03       6.68303E-03       1.23508E+00       1.45148E-01       1.10590E-01
       1.20226E-01       1.25892E-01       1.23059E-01       5.66600E-03       6.93037E-03       1.22315E+00       1.50520E-01       1.17520E-01
       1.25892E-01       1.31826E-01       1.28859E-01       5.93400E-03       7.18452E-03       1.21074E+00       1.56014E-01       1.24704E-01
       1.31826E-01       1.38038E-01       1.34932E-01       6.21200E-03       7.44542E-03       1.19855E+00       1.61723E-01       1.32150E-01
       1.38038E-01       1.44544E-01       1.41291E-01       6.50600E-03       7.71364E-03       1.18562E+00       1.67517E-01       1.39863E-01
       1.44544E-01       1.51356E-01       1.47950E-01       6.81200E-03       7.98887E-03       1.17276E+00       1.73511E-01       1.47852E-01
       1.51356E-01       1.58489E-01       1.54923E-01       7.13300E-03       8.27165E-03       1.15963E+00       1.79653E-01       1.56124E-01
       1.58489E-01       1.65959E-01       1.62224E-01       7.47000E-03       8.56191E-03       1.14617E+00       1.85937E-01       1.64686E-01
       1.65959E-01       1.73780E-01       1.69869E-01       7.82100E-03       8.85993E-03       1.13284E+00       1.92435E-01       1.73546E-01
       1.73780E-01       1.81970E-01       1.77875E-01       8.19000E-03       9.16599E-03       1.11917E+00       1.99072E-01       1.82712E-01
       1.81970E-01       1.90546E-01       1.86258E-01       8.57600E-03       9.48056E-03       1.10548E+00       2.05904E-01       1.92192E-01
       1.90546E-01       1.99526E-01       1.95036E-01       8.98000E-03       9.80371E-03       1.09173E+00       2.12926E-01       2.01996E-01
       1.99526E-01       2.08930E-01       2.04228E-01       9.40400E-03       1.01364E-02       1.07788E+00       2.20133E-01       2.12132E-01
       2.08930E-01       2.18776E-01       2.13853E-01       9.84600E-03       1.04789E-02       1.06428E+00       2.27598E-01       2.22611E-01
       2.18776E-01       2.29087E-01       2.23931E-01       1.03110E-02       1.08317E-02       1.05050E+00       2.35240E-01       2.33443E-01
       2.29087E-01       2.39883E-01       2.34485E-01       1.07960E-02       1.11961E-02       1.03706E+00       2.43174E-01       2.44639E-01
       2.39883E-01       2.51189E-01       2.45536E-01       1.13060E-02       1.15727E-02       1.02359E+00       2.51328E-01       2.56212E-01
       2.51189E-01       2.63027E-01       2.57108E-01       1.18380E-02       1.19629E-02       1.01055E+00       2.59821E-01       2.68175E-01
       2.63027E-01       2.75423E-01       2.69225E-01       1.23960E-02       1.23678E-02       9.97724E-01       2.68612E-01       2.80542E-01
       2.75423E-01       2.88403E-01       2.81913E-01       1.29800E-02       1.27888E-02       9.85270E-01       2.77761E-01       2.93331E-01
       2.88403E-01       3.01995E-01       2.95199E-01       1.35920E-02       1.32279E-02       9.73209E-01       2.87290E-01       3.06559E-01
       3.01995E-01       3.16228E-01       3.09112E-01       1.42330E-02       1.36870E-02       9.61639E-01       2.97254E-01       3.20246E-01
       3.16228E-01       3.31131E-01       3.23680E-01       1.49030E-02       1.41682E-02       9.50695E-01       3.07720E-01       3.34414E-01
       3.31131E-01       3.46737E-01       3.38934E-01       1.56060E-02       1.46743E-02       9.40299E-01       3.18699E-01       3.49089E-01
       3.46737E-01       3.63078E-01       3.54908E-01       1.63410E-02       1.52080E-02       9.30663E-01       3.30299E-01       3.64297E-01
       3.63078E-01       3.80189E-01       3.71633E-01       1.71110E-02       1.57726E-02       9.21783E-01       3.42565E-01       3.80069E-01
       3.80189E-01       3.98107E-01       3.89148E-01       1.79180E-02       1.63721E-02       9.13721E-01       3.55573E-01       3.96441E-01
       3.98107E-01       4.16869E-01       4.07488E-01       1.87620E-02       1.70102E-02       9.06630E-01       3.69441E-01       4.13451E-01
       4.16869E-01       4.36516E-01       4.26692E-01       1.96470E-02       1.76921E-02       9.00500E-01       3.84237E-01       4.31144E-01
       4.36516E-01       4.57088E-01       4.46802E-01       2.05720E-02       1.84236E-02       8.95566E-01       4.00141E-01       4.49567E-01
       4.57088E-01       4.78630E-01       4.67859E-01       2.15420E-02       1.92109E-02       8.91790E-01       4.17232E-01       4.68778E-01
       4.78630E-01       5.01187E-01       4.89909E-01       2.25570E-02       2.00623E-02       8.89403E-01       4.35726E-01       4.88840E-01
       5.01187E-01       5.24808E-01       5.12998E-01       2.36210E-02       2.09872E-02       8.88499E-01       4.55798E-01       5.09828E-01
       5.24808E-01       5.49541E-01       5.37174E-01       2.47330E-02       2.19976E-02       8.89404E-01       4.77765E-01       5.31825E-01
       5.49541E-01       5.75440E-01       5.62490E-01       2.58990E-02       2.31088E-02       8.92267E-01       5.01892E-01       5.54934E-01
       5.75440E-01       6.02560E-01       5.89000E-01       2.71200E-02       2.43404E-02       8.97507E-01       5.28632E-01       5.79274E-01
       6.02560E-01       6.30957E-01       6.16758E-01       2.83970E-02       2.57172E-02       9.05631E-01       5.58556E-01       6.04992E-01
       6.30957E-01       6.60693E-01       6.45825E-01       2.97360E-02       2.72728E-02       9.17164E-01       5.92327E-01       6.32264E-01
       6.60693E-01       6.91831E-01       6.76262E-01       3.11380E-02       2.90505E-02       9.32961E-01       6.30926E-01       6.61315E-01
       6.91831E-01       7.24436E-01       7.08133E-01       3.26050E-02       3.11075E-02       9.54071E-01       6.75610E-01       6.92422E-01
       7.24436E-01       7.58578E-01       7.41507E-01       3.41420E-02       3.35192E-02       9.81758E-01       7.27980E-01       7.25942E-01
       7.58578E-01       7.94328E-01       7.76453E-01       3.57500E-02       3.63833E-02       1.01772E+00       7.90208E-01       7.62325E-01
       7.94328E-01       8.31764E-01       8.13046E-01       3.74360E-02       3.98264E-02       1.06385E+00       8.64960E-01       8.02151E-01
       8.31764E-01       8.70964E-01       8.51364E-01       3.92000E-02       4.40083E-02       1.12266E+00       9.55794E-01       8.46160E-01
       8.70964E-01       9.12011E-01       8.91487E-01       4.10470E-02       4.91299E-02       1.19692E+00       1.06704E+00       8.95290E-01
       9.12011E-01       9.54993E-01       9.33502E-01       4.29820E-02       5.54352E-02       1.28973E+00       1.20397E+00       9.50725E-01
       9.54993E-01       1.00000E+00       9.77497E-01       4.50070E-02       4.86179E-02       1.08023E+00       1.05592E+00       9.99343E-01
       1.00000E+00       1.04713E+00       1.02357E+00       4.71300E-02       6.57427E-04       1.39492E-02       1.42779E-02       1.00000E+00

 Sum =                                                                         1.00000E+00
 Renormalization bin#   928 =                                                  1.16478E-02 barn        1.04000E+07        1.06000E+07        1.05000E+07
 Avg. Energy     bin#   928 =                                                  5.13945E-01 MeV         1.04000E+07        1.06000E+07
