"        MT=613 recoil spectrum "
" Initial neutron energy corresponds to the group:"
   1.44000E+01    1.46000E+01       0.00000E+00           794           873            80



          Low               High              Mid              Energy           Number             dn/de            E*dn/de          Cumulative
         Energy            Energy            Energy             Width          Fraction                               Sum   
         [MeV]             [MeV]             [MeV]              [MeV]

       3.63078E-02       3.80189E-02       3.71633E-02       1.71110E-03       0.00000E+00       0.00000E+00       0.00000E+00       0.00000E+00
       3.80189E-02       3.98107E-02       3.89148E-02       1.79180E-03       1.33235E-07       7.43581E-05       2.89363E-06       1.33235E-07
       3.98107E-02       4.16869E-02       4.07488E-02       1.87620E-03       8.90310E-04       4.74529E-01       1.93365E-02       8.90443E-04
       4.16869E-02       4.36516E-02       4.26693E-02       1.96470E-03       1.16154E-03       5.91201E-01       2.52261E-02       2.05198E-03
       4.36516E-02       4.57088E-02       4.46802E-02       2.05720E-03       1.21854E-03       5.92330E-01       2.64654E-02       3.27052E-03
       4.57088E-02       4.78630E-02       4.67859E-02       2.15420E-03       1.27841E-03       5.93449E-01       2.77651E-02       4.54893E-03
       4.78630E-02       5.01187E-02       4.89908E-02       2.25570E-03       1.34137E-03       5.94659E-01       2.91329E-02       5.89030E-03
       5.01187E-02       5.24808E-02       5.12998E-02       2.36210E-03       1.40748E-03       5.95858E-01       3.05673E-02       7.29778E-03
       5.24808E-02       5.49541E-02       5.37174E-02       2.47330E-03       1.47693E-03       5.97151E-01       3.20774E-02       8.77471E-03
       5.49541E-02       5.75440E-02       5.62491E-02       2.58990E-03       1.54990E-03       5.98441E-01       3.36617E-02       1.03246E-02
       5.75440E-02       6.02560E-02       5.89000E-02       2.71200E-03       1.62664E-03       5.99794E-01       3.53279E-02       1.19513E-02
       6.02560E-02       6.30957E-02       6.16758E-02       2.83970E-03       1.70724E-03       6.01204E-01       3.70797E-02       1.36585E-02
       6.30957E-02       6.60693E-02       6.45825E-02       2.97360E-03       1.79199E-03       6.02635E-01       3.89197E-02       1.54505E-02
       6.60693E-02       6.91831E-02       6.76262E-02       3.11380E-03       1.88108E-03       6.04109E-01       4.08536E-02       1.73316E-02
       6.91831E-02       7.24436E-02       7.08134E-02       3.26050E-03       1.97472E-03       6.05650E-01       4.28881E-02       1.93063E-02
       7.24436E-02       7.58578E-02       7.41507E-02       3.41420E-03       2.07319E-03       6.07225E-01       4.50262E-02       2.13795E-02
       7.58578E-02       7.94328E-02       7.76453E-02       3.57500E-03       2.17672E-03       6.08873E-01       4.72761E-02       2.35562E-02
       7.94328E-02       8.31764E-02       8.13046E-02       3.74360E-03       2.28561E-03       6.10539E-01       4.96396E-02       2.58418E-02
       8.31764E-02       8.70964E-02       8.51364E-02       3.92000E-03       2.40012E-03       6.12277E-01       5.21270E-02       2.82419E-02
       8.70964E-02       9.12011E-02       8.91488E-02       4.10470E-03       2.52056E-03       6.14066E-01       5.47432E-02       3.07625E-02
       9.12011E-02       9.54993E-02       9.33502E-02       4.29820E-03       2.64722E-03       6.15891E-01       5.74935E-02       3.34097E-02
       9.54993E-02       1.00000E-01       9.77497E-02       4.50070E-03       2.78050E-03       6.17793E-01       6.03891E-02       3.61902E-02
       1.00000E-01       1.04713E-01       1.02357E-01       4.71300E-03       2.92074E-03       6.19721E-01       6.34324E-02       3.91109E-02
       1.04713E-01       1.09648E-01       1.07180E-01       4.93500E-03       3.06824E-03       6.21731E-01       6.66374E-02       4.21792E-02
       1.09648E-01       1.14815E-01       1.12231E-01       5.16700E-03       3.22363E-03       6.23889E-01       7.00200E-02       4.54028E-02
       1.14815E-01       1.20226E-01       1.17520E-01       5.41100E-03       3.38701E-03       6.25949E-01       7.35619E-02       4.87898E-02
       1.20226E-01       1.25892E-01       1.23059E-01       5.66600E-03       3.55912E-03       6.28153E-01       7.72999E-02       5.23489E-02
       1.25892E-01       1.31826E-01       1.28859E-01       5.93400E-03       3.74035E-03       6.30325E-01       8.12230E-02       5.60893E-02
       1.31826E-01       1.38038E-01       1.34932E-01       6.21200E-03       3.93110E-03       6.32823E-01       8.53881E-02       6.00204E-02
       1.38038E-01       1.44544E-01       1.41291E-01       6.50600E-03       4.13215E-03       6.35130E-01       8.97381E-02       6.41525E-02
       1.44544E-01       1.51356E-01       1.47950E-01       6.81200E-03       4.34387E-03       6.37679E-01       9.43447E-02       6.84964E-02
       1.51356E-01       1.58489E-01       1.54923E-01       7.13300E-03       4.56717E-03       6.40287E-01       9.91949E-02       7.30636E-02
       1.58489E-01       1.65959E-01       1.62224E-01       7.47000E-03       4.80246E-03       6.42900E-01       1.04294E-01       7.78661E-02
       1.65959E-01       1.73780E-01       1.69869E-01       7.82100E-03       5.05057E-03       6.45770E-01       1.09697E-01       8.29166E-02
       1.73780E-01       1.81970E-01       1.77875E-01       8.19000E-03       5.31234E-03       6.48637E-01       1.15376E-01       8.82290E-02
       1.81970E-01       1.90546E-01       1.86258E-01       8.57600E-03       5.58860E-03       6.51656E-01       1.21376E-01       9.38176E-02
       1.90546E-01       1.99526E-01       1.95036E-01       8.98000E-03       5.88020E-03       6.54810E-01       1.27712E-01       9.96978E-02
       1.99526E-01       2.08930E-01       2.04228E-01       9.40400E-03       6.18831E-03       6.58051E-01       1.34392E-01       1.05886E-01
       2.08930E-01       2.18776E-01       2.13853E-01       9.84600E-03       6.51386E-03       6.61574E-01       1.41480E-01       1.12400E-01
       2.18776E-01       2.29087E-01       2.23931E-01       1.03110E-02       6.85802E-03       6.65117E-01       1.48941E-01       1.19258E-01
       2.29087E-01       2.39883E-01       2.34485E-01       1.07960E-02       7.22213E-03       6.68964E-01       1.56862E-01       1.26480E-01
       2.39883E-01       2.51189E-01       2.45536E-01       1.13060E-02       7.60753E-03       6.72876E-01       1.65215E-01       1.34088E-01
       2.51189E-01       2.63027E-01       2.57108E-01       1.18380E-02       8.01588E-03       6.77131E-01       1.74096E-01       1.42103E-01
       2.63027E-01       2.75423E-01       2.69225E-01       1.23960E-02       8.44852E-03       6.81552E-01       1.83491E-01       1.50552E-01
       2.75423E-01       2.88403E-01       2.81913E-01       1.29800E-02       8.90734E-03       6.86235E-01       1.93459E-01       1.59459E-01
       2.88403E-01       3.01995E-01       2.95199E-01       1.35920E-02       9.39411E-03       6.91150E-01       2.04027E-01       1.68853E-01
       3.01995E-01       3.16228E-01       3.09112E-01       1.42330E-02       9.91093E-03       6.96335E-01       2.15245E-01       1.78764E-01
       3.16228E-01       3.31131E-01       3.23680E-01       1.49030E-02       1.04598E-02       7.01862E-01       2.27178E-01       1.89224E-01
       3.31131E-01       3.46737E-01       3.38934E-01       1.56060E-02       1.10432E-02       7.07627E-01       2.39839E-01       2.00267E-01
       3.46737E-01       3.63078E-01       3.54908E-01       1.63410E-02       1.16631E-02       7.13735E-01       2.53310E-01       2.11931E-01
       3.63078E-01       3.80189E-01       3.71633E-01       1.71110E-02       1.23221E-02       7.20127E-01       2.67623E-01       2.24253E-01
       3.80189E-01       3.98107E-01       3.89148E-01       1.79180E-02       1.30226E-02       7.26788E-01       2.82828E-01       2.37275E-01
       3.98107E-01       4.16869E-01       4.07488E-01       1.87620E-02       1.37668E-02       7.33757E-01       2.98997E-01       2.51042E-01
       4.16869E-01       4.36516E-01       4.26692E-01       1.96470E-02       1.45570E-02       7.40927E-01       3.16148E-01       2.65599E-01
       4.36516E-01       4.57088E-01       4.46802E-01       2.05720E-02       1.53954E-02       7.48367E-01       3.34372E-01       2.80994E-01
       4.57088E-01       4.78630E-01       4.67859E-01       2.15420E-02       1.62835E-02       7.55894E-01       3.53652E-01       2.97278E-01
       4.78630E-01       5.01187E-01       4.89909E-01       2.25570E-02       1.72225E-02       7.63509E-01       3.74049E-01       3.14500E-01
       5.01187E-01       5.24808E-01       5.12998E-01       2.36210E-02       1.82131E-02       7.71055E-01       3.95549E-01       3.32714E-01
       5.24808E-01       5.49541E-01       5.37174E-01       2.47330E-02       1.92545E-02       7.78496E-01       4.18188E-01       3.51968E-01
       5.49541E-01       5.75440E-01       5.62490E-01       2.58990E-02       2.03456E-02       7.85576E-01       4.41879E-01       3.72314E-01
       5.75440E-01       6.02560E-01       5.89000E-01       2.71200E-02       2.14835E-02       7.92164E-01       4.66585E-01       3.93797E-01
       6.02560E-01       6.30957E-01       6.16758E-01       2.83970E-02       2.26633E-02       7.98090E-01       4.92228E-01       4.16461E-01
       6.30957E-01       6.60693E-01       6.45825E-01       2.97360E-02       2.38789E-02       8.03029E-01       5.18616E-01       4.40339E-01
       6.60693E-01       6.91831E-01       6.76262E-01       3.11380E-02       2.51216E-02       8.06782E-01       5.45596E-01       4.65461E-01
       6.91831E-01       7.24436E-01       7.08133E-01       3.26050E-02       2.63803E-02       8.09087E-01       5.72942E-01       4.91841E-01
       7.24436E-01       7.58578E-01       7.41507E-01       3.41420E-02       2.76423E-02       8.09628E-01       6.00345E-01       5.19484E-01
       7.58578E-01       7.94328E-01       7.76453E-01       3.57500E-02       2.88923E-02       8.08175E-01       6.27510E-01       5.48376E-01
       7.94328E-01       8.31764E-01       8.13046E-01       3.74360E-02       3.01137E-02       8.04404E-01       6.54018E-01       5.78490E-01
       8.31764E-01       8.70964E-01       8.51364E-01       3.92000E-02       3.12888E-02       7.98185E-01       6.79546E-01       6.09778E-01
       8.70964E-01       9.12011E-01       8.91487E-01       4.10470E-02       3.24015E-02       7.89375E-01       7.03718E-01       6.42180E-01
       9.12011E-01       9.54993E-01       9.33502E-01       4.29820E-02       3.34369E-02       7.77929E-01       7.26198E-01       6.75617E-01
       9.54993E-01       1.00000E+00       9.77497E-01       4.50070E-02       3.43855E-02       7.64004E-01       7.46811E-01       7.10002E-01
       1.00000E+00       1.04713E+00       1.02357E+00       4.71300E-02       3.52442E-02       7.47808E-01       7.65430E-01       7.45247E-01
       1.04713E+00       1.09648E+00       1.07181E+00       4.93500E-02       3.60171E-02       7.29830E-01       7.82235E-01       7.81264E-01
       1.09648E+00       1.14815E+00       1.12231E+00       5.16700E-02       3.67212E-02       7.10686E-01       7.97614E-01       8.17985E-01
       1.14815E+00       1.20226E+00       1.17520E+00       5.41100E-02       3.73715E-02       6.90657E-01       8.11664E-01       8.55356E-01
       1.20226E+00       1.25892E+00       1.23059E+00       5.66600E-02       3.79836E-02       6.70378E-01       8.24960E-01       8.93340E-01
       1.25892E+00       1.31826E+00       1.28859E+00       5.93400E-02       3.85361E-02       6.49412E-01       8.36825E-01       9.31876E-01
       1.31826E+00       1.38038E+00       1.34932E+00       6.21200E-02       3.89271E-02       6.26644E-01       8.45544E-01       9.70803E-01
       1.38038E+00       1.44544E+00       1.41291E+00       6.50600E-02       2.91971E-02       4.48772E-01       6.34075E-01       1.00000E+00

 Sum =                                                                         1.00000E+00
 Renormalization bin#   948 =                                                  4.55939E-03 barn        1.44000E+07        1.46000E+07        1.45000E+07
 Avg. Energy     bin#   948 =                                                  7.34798E-01 MeV         1.44000E+07        1.46000E+07
