"        MT=607 recoil spectrum "
" Initial neutron energy corresponds to the group:"
   1.18000E+01    1.20000E+01       0.00000E+00           794           869            76



          Low               High              Mid              Energy           Number             dn/de            E*dn/de          Cumulative
         Energy            Energy            Energy             Width          Fraction                               Sum   
         [MeV]             [MeV]             [MeV]              [MeV]

       3.63078E-02       3.80189E-02       3.71633E-02       1.71110E-03       0.00000E+00       0.00000E+00       0.00000E+00       0.00000E+00
       3.80189E-02       3.98107E-02       3.89148E-02       1.79180E-03       1.01474E-03       5.66323E-01       2.20384E-02       1.01474E-03
       3.98107E-02       4.16869E-02       4.07488E-02       1.87620E-03       1.55291E-03       8.27689E-01       3.37273E-02       2.56765E-03
       4.16869E-02       4.36516E-02       4.26693E-02       1.96470E-03       1.62900E-03       8.29131E-01       3.53784E-02       4.19664E-03
       4.36516E-02       4.57088E-02       4.46802E-02       2.05720E-03       1.70890E-03       8.30693E-01       3.71155E-02       5.90554E-03
       4.57088E-02       4.78630E-02       4.67859E-02       2.15420E-03       1.79283E-03       8.32248E-01       3.89375E-02       7.69837E-03
       4.78630E-02       5.01187E-02       4.89908E-02       2.25570E-03       1.88099E-03       8.33884E-01       4.08527E-02       9.57937E-03
       5.01187E-02       5.24808E-02       5.12998E-02       2.36210E-03       1.97371E-03       8.35576E-01       4.28648E-02       1.15531E-02
       5.24808E-02       5.49541E-02       5.37174E-02       2.47330E-03       2.07109E-03       8.37380E-01       4.49819E-02       1.36242E-02
       5.49541E-02       5.75440E-02       5.62491E-02       2.58990E-03       2.17341E-03       8.39189E-01       4.72036E-02       1.57976E-02
       5.75440E-02       6.02560E-02       5.89000E-02       2.71200E-03       2.28096E-03       8.41062E-01       4.95385E-02       1.80785E-02
       6.02560E-02       6.30957E-02       6.16758E-02       2.83970E-03       2.39408E-03       8.43076E-01       5.19974E-02       2.04726E-02
       6.30957E-02       6.60693E-02       6.45825E-02       2.97360E-03       2.51291E-03       8.45074E-01       5.45770E-02       2.29855E-02
       6.60693E-02       6.91831E-02       6.76262E-02       3.11380E-03       2.63785E-03       8.47147E-01       5.72894E-02       2.56234E-02
       6.91831E-02       7.24436E-02       7.08134E-02       3.26050E-03       2.76922E-03       8.49323E-01       6.01434E-02       2.83926E-02
       7.24436E-02       7.58578E-02       7.41507E-02       3.41420E-03       2.90736E-03       8.51551E-01       6.31431E-02       3.13000E-02
       7.58578E-02       7.94328E-02       7.76453E-02       3.57500E-03       3.05255E-03       8.53862E-01       6.62983E-02       3.43525E-02
       7.94328E-02       8.31764E-02       8.13046E-02       3.74360E-03       3.20525E-03       8.56195E-01       6.96126E-02       3.75578E-02
       8.31764E-02       8.70964E-02       8.51364E-02       3.92000E-03       3.36586E-03       8.58637E-01       7.31013E-02       4.09236E-02
       8.70964E-02       9.12011E-02       8.91488E-02       4.10470E-03       3.53470E-03       8.61134E-01       7.67690E-02       4.44583E-02
       9.12011E-02       9.54993E-02       9.33502E-02       4.29820E-03       3.71226E-03       8.63679E-01       8.06246E-02       4.81706E-02
       9.54993E-02       1.00000E-01       9.77497E-02       4.50070E-03       3.89897E-03       8.66303E-01       8.46808E-02       5.20696E-02
       1.00000E-01       1.04713E-01       1.02357E-01       4.71300E-03       4.09534E-03       8.68944E-01       8.89421E-02       5.61649E-02
       1.04713E-01       1.09648E-01       1.07180E-01       4.93500E-03       4.30168E-03       8.71668E-01       9.34259E-02       6.04666E-02
       1.09648E-01       1.14815E-01       1.12231E-01       5.16700E-03       4.51881E-03       8.74552E-01       9.81523E-02       6.49854E-02
       1.14815E-01       1.20226E-01       1.17520E-01       5.41100E-03       4.74687E-03       8.77263E-01       1.03096E-01       6.97323E-02
       1.20226E-01       1.25892E-01       1.23059E-01       5.66600E-03       4.98680E-03       8.80127E-01       1.08308E-01       7.47191E-02
       1.25892E-01       1.31826E-01       1.28859E-01       5.93400E-03       5.23896E-03       8.82871E-01       1.13766E-01       7.99580E-02
       1.31826E-01       1.38038E-01       1.34932E-01       6.21200E-03       5.50372E-03       8.85982E-01       1.19547E-01       8.54617E-02
       1.38038E-01       1.44544E-01       1.41291E-01       6.50600E-03       5.78210E-03       8.88733E-01       1.25570E-01       9.12438E-02
       1.44544E-01       1.51356E-01       1.47950E-01       6.81200E-03       6.07431E-03       8.91707E-01       1.31928E-01       9.73181E-02
       1.51356E-01       1.58489E-01       1.54923E-01       7.13300E-03       6.38130E-03       8.94617E-01       1.38596E-01       1.03699E-01
       1.58489E-01       1.65959E-01       1.62224E-01       7.47000E-03       6.70351E-03       8.97391E-01       1.45578E-01       1.10403E-01
       1.65959E-01       1.73780E-01       1.69869E-01       7.82100E-03       7.04158E-03       9.00342E-01       1.52941E-01       1.17445E-01
       1.73780E-01       1.81970E-01       1.77875E-01       8.19000E-03       7.39619E-03       9.03075E-01       1.60635E-01       1.24841E-01
       1.81970E-01       1.90546E-01       1.86258E-01       8.57600E-03       7.76804E-03       9.05788E-01       1.68710E-01       1.32609E-01
       1.90546E-01       1.99526E-01       1.95036E-01       8.98000E-03       8.15764E-03       9.08423E-01       1.77175E-01       1.40766E-01
       1.99526E-01       2.08930E-01       2.04228E-01       9.40400E-03       8.56582E-03       9.10870E-01       1.86025E-01       1.49332E-01
       2.08930E-01       2.18776E-01       2.13853E-01       9.84600E-03       8.99307E-03       9.13373E-01       1.95328E-01       1.58325E-01
       2.18776E-01       2.29087E-01       2.23931E-01       1.03110E-02       9.43999E-03       9.15526E-01       2.05015E-01       1.67765E-01
       2.29087E-01       2.39883E-01       2.34485E-01       1.07960E-02       9.90730E-03       9.17683E-01       2.15183E-01       1.77673E-01
       2.39883E-01       2.51189E-01       2.45536E-01       1.13060E-02       1.03956E-02       9.19476E-01       2.25764E-01       1.88068E-01
       2.51189E-01       2.63027E-01       2.57108E-01       1.18380E-02       1.09055E-02       9.21230E-01       2.36856E-01       1.98974E-01
       2.63027E-01       2.75423E-01       2.69225E-01       1.23960E-02       1.14375E-02       9.22677E-01       2.48408E-01       2.10411E-01
       2.75423E-01       2.88403E-01       2.81913E-01       1.29800E-02       1.19922E-02       9.23901E-01       2.60460E-01       2.22403E-01
       2.88403E-01       3.01995E-01       2.95199E-01       1.35920E-02       1.25703E-02       9.24834E-01       2.73010E-01       2.34974E-01
       3.01995E-01       3.16228E-01       3.09112E-01       1.42330E-02       1.31725E-02       9.25488E-01       2.86079E-01       2.48146E-01
       3.16228E-01       3.31131E-01       3.23680E-01       1.49030E-02       1.37992E-02       9.25932E-01       2.99705E-01       2.61945E-01
       3.31131E-01       3.46737E-01       3.38934E-01       1.56060E-02       1.44514E-02       9.26015E-01       3.13858E-01       2.76397E-01
       3.46737E-01       3.63078E-01       3.54908E-01       1.63410E-02       1.51297E-02       9.25872E-01       3.28599E-01       2.91526E-01
       3.63078E-01       3.80189E-01       3.71633E-01       1.71110E-02       1.58352E-02       9.25440E-01       3.43924E-01       3.07362E-01
       3.80189E-01       3.98107E-01       3.89148E-01       1.79180E-02       1.65694E-02       9.24733E-01       3.59858E-01       3.23931E-01
       3.98107E-01       4.16869E-01       4.07488E-01       1.87620E-02       1.73332E-02       9.23848E-01       3.76457E-01       3.41264E-01
       4.16869E-01       4.36516E-01       4.26692E-01       1.96470E-02       1.81290E-02       9.22734E-01       3.93724E-01       3.59393E-01
       4.36516E-01       4.57088E-01       4.46802E-01       2.05720E-02       1.89588E-02       9.21583E-01       4.11765E-01       3.78352E-01
       4.57088E-01       4.78630E-01       4.67859E-01       2.15420E-02       1.98252E-02       9.20305E-01       4.30573E-01       3.98177E-01
       4.78630E-01       5.01187E-01       4.89909E-01       2.25570E-02       2.07316E-02       9.19077E-01       4.50264E-01       4.18909E-01
       5.01187E-01       5.24808E-01       5.12998E-01       2.36210E-02       2.16822E-02       9.17922E-01       4.70892E-01       4.40591E-01
       5.24808E-01       5.49541E-01       5.37174E-01       2.47330E-02       2.26811E-02       9.17038E-01       4.92609E-01       4.63272E-01
       5.49541E-01       5.75440E-01       5.62490E-01       2.58990E-02       2.37338E-02       9.16399E-01       5.15465E-01       4.87006E-01
       5.75440E-01       6.02560E-01       5.89000E-01       2.71200E-02       2.48462E-02       9.16156E-01       5.39616E-01       5.11852E-01
       6.02560E-01       6.30957E-01       6.16758E-01       2.83970E-02       2.60236E-02       9.16421E-01       5.65210E-01       5.37876E-01
       6.30957E-01       6.60693E-01       6.45825E-01       2.97360E-02       2.72722E-02       9.17143E-01       5.92314E-01       5.65148E-01
       6.60693E-01       6.91831E-01       6.76262E-01       3.11380E-02       2.85966E-02       9.18381E-01       6.21066E-01       5.93745E-01
       6.91831E-01       7.24436E-01       7.08133E-01       3.26050E-02       2.99996E-02       9.20091E-01       6.51547E-01       6.23744E-01
       7.24436E-01       7.58578E-01       7.41507E-01       3.41420E-02       3.14807E-02       9.22051E-01       6.83707E-01       6.55225E-01
       7.58578E-01       7.94328E-01       7.76453E-01       3.57500E-02       3.30340E-02       9.24029E-01       7.17465E-01       6.88259E-01
       7.94328E-01       8.31764E-01       8.13046E-01       3.74360E-02       3.46461E-02       9.25475E-01       7.52454E-01       7.22905E-01
       8.31764E-01       8.70964E-01       8.51364E-01       3.92000E-02       3.62920E-02       9.25817E-01       7.88207E-01       7.59197E-01
       8.70964E-01       9.12011E-01       8.91487E-01       4.10470E-02       3.79333E-02       9.24142E-01       8.23861E-01       7.97130E-01
       9.12011E-01       9.54993E-01       9.33502E-01       4.29820E-02       3.95132E-02       9.19297E-01       8.58166E-01       8.36643E-01
       9.54993E-01       1.00000E+00       9.77497E-01       4.50070E-02       4.09539E-02       9.09945E-01       8.89468E-01       8.77597E-01
       1.00000E+00       1.04713E+00       1.02357E+00       4.71300E-02       4.21569E-02       8.94480E-01       9.15559E-01       9.19754E-01
       1.04713E+00       1.09648E+00       1.07181E+00       4.93500E-02       4.30020E-02       8.71368E-01       9.33937E-01       9.62756E-01
       1.09648E+00       1.14815E+00       1.12231E+00       5.16700E-02       3.64879E-02       7.06171E-01       7.92547E-01       9.99244E-01
       1.14815E+00       1.20226E+00       1.17520E+00       5.41100E-02       7.56061E-04       1.39727E-02       1.64207E-02       1.00000E+00

 Sum =                                                                         1.00000E+00
 Renormalization bin#   935 =                                                  9.32353E-03 barn        1.18000E+07        1.20000E+07        1.19000E+07
 Avg. Energy     bin#   935 =                                                  5.89826E-01 MeV         1.18000E+07        1.20000E+07
