"        MT=607 recoil spectrum "
" Initial neutron energy corresponds to the group:"
   1.00000E+01    1.02000E+01       0.00000E+00           799           863            65



          Low               High              Mid              Energy           Number             dn/de            E*dn/de          Cumulative
         Energy            Energy            Energy             Width          Fraction                               Sum   
         [MeV]             [MeV]             [MeV]              [MeV]

       4.57088E-02       4.78630E-02       4.67859E-02       2.15420E-03       0.00000E+00       0.00000E+00       0.00000E+00       0.00000E+00
       4.78630E-02       5.01187E-02       4.89908E-02       2.25570E-03       7.93144E-04       3.51618E-01       1.72261E-02       7.93144E-04
       5.01187E-02       5.24808E-02       5.12998E-02       2.36210E-03       2.52301E-03       1.06812E+00       5.47942E-02       3.31615E-03
       5.24808E-02       5.49541E-02       5.37174E-02       2.47330E-03       2.65143E-03       1.07202E+00       5.75862E-02       5.96758E-03
       5.49541E-02       5.75440E-02       5.62491E-02       2.58990E-03       2.78364E-03       1.07481E+00       6.04568E-02       8.75122E-03
       5.75440E-02       6.02560E-02       5.89000E-02       2.71200E-03       2.92271E-03       1.07770E+00       6.34764E-02       1.16739E-02
       6.02560E-02       6.30957E-02       6.16758E-02       2.83970E-03       3.06893E-03       1.08073E+00       6.66546E-02       1.47429E-02
       6.30957E-02       6.60693E-02       6.45825E-02       2.97360E-03       3.22276E-03       1.08379E+00       6.99940E-02       1.79656E-02
       6.60693E-02       6.91831E-02       6.76262E-02       3.11380E-03       3.38459E-03       1.08696E+00       7.35071E-02       2.13502E-02
       6.91831E-02       7.24436E-02       7.08134E-02       3.26050E-03       3.55483E-03       1.09027E+00       7.72057E-02       2.49050E-02
       7.24436E-02       7.58578E-02       7.41507E-02       3.41420E-03       3.73391E-03       1.09364E+00       8.10944E-02       2.86390E-02
       7.58578E-02       7.94328E-02       7.76453E-02       3.57500E-03       3.92232E-03       1.09715E+00       8.51888E-02       3.25613E-02
       7.94328E-02       8.31764E-02       8.13046E-02       3.74360E-03       4.12064E-03       1.10072E+00       8.94933E-02       3.66819E-02
       8.31764E-02       8.70964E-02       8.51364E-02       3.92000E-03       4.32927E-03       1.10441E+00       9.40251E-02       4.10112E-02
       8.70964E-02       9.12011E-02       8.91488E-02       4.10470E-03       4.54884E-03       1.10820E+00       9.87947E-02       4.55600E-02
       9.12011E-02       9.54993E-02       9.33502E-02       4.29820E-03       4.77988E-03       1.11207E+00       1.03812E-01       5.03399E-02
       9.54993E-02       1.00000E-01       9.77497E-02       4.50070E-03       5.02301E-03       1.11605E+00       1.09093E-01       5.53629E-02
       1.00000E-01       1.04713E-01       1.02357E-01       4.71300E-03       5.27893E-03       1.12008E+00       1.14647E-01       6.06418E-02
       1.04713E-01       1.09648E-01       1.07180E-01       4.93500E-03       5.54805E-03       1.12423E+00       1.20495E-01       6.61899E-02
       1.09648E-01       1.14815E-01       1.12231E-01       5.16700E-03       5.83153E-03       1.12861E+00       1.26666E-01       7.20214E-02
       1.14815E-01       1.20226E-01       1.17520E-01       5.41100E-03       6.12949E-03       1.13278E+00       1.33125E-01       7.81509E-02
       1.20226E-01       1.25892E-01       1.23059E-01       5.66600E-03       6.44329E-03       1.13718E+00       1.39941E-01       8.45942E-02
       1.25892E-01       1.31826E-01       1.28859E-01       5.93400E-03       6.77335E-03       1.14145E+00       1.47086E-01       9.13676E-02
       1.31826E-01       1.38038E-01       1.34932E-01       6.21200E-03       7.12048E-03       1.14625E+00       1.54665E-01       9.84880E-02
       1.38038E-01       1.44544E-01       1.41291E-01       6.50600E-03       7.48582E-03       1.15060E+00       1.62570E-01       1.05974E-01
       1.44544E-01       1.51356E-01       1.47950E-01       6.81200E-03       7.86982E-03       1.15529E+00       1.70925E-01       1.13844E-01
       1.51356E-01       1.58489E-01       1.54923E-01       7.13300E-03       8.27373E-03       1.15992E+00       1.79698E-01       1.22117E-01
       1.58489E-01       1.65959E-01       1.62224E-01       7.47000E-03       8.69846E-03       1.16445E+00       1.88902E-01       1.30816E-01
       1.65959E-01       1.73780E-01       1.69869E-01       7.82100E-03       9.14480E-03       1.16926E+00       1.98622E-01       1.39961E-01
       1.73780E-01       1.81970E-01       1.77875E-01       8.19000E-03       9.61386E-03       1.17385E+00       2.08799E-01       1.49575E-01
       1.81970E-01       1.90546E-01       1.86258E-01       8.57600E-03       1.01067E-02       1.17849E+00       2.19502E-01       1.59681E-01
       1.90546E-01       1.99526E-01       1.95036E-01       8.98000E-03       1.06243E-02       1.18310E+00       2.30748E-01       1.70305E-01
       1.99526E-01       2.08930E-01       2.04228E-01       9.40400E-03       1.11679E-02       1.18757E+00       2.42535E-01       1.81473E-01
       2.08930E-01       2.18776E-01       2.13853E-01       9.84600E-03       1.17385E-02       1.19221E+00       2.54958E-01       1.93212E-01
       2.18776E-01       2.29087E-01       2.23931E-01       1.03110E-02       1.23371E-02       1.19650E+00       2.67933E-01       2.05549E-01
       2.29087E-01       2.39883E-01       2.34485E-01       1.07960E-02       1.29650E-02       1.20091E+00       2.81595E-01       2.18514E-01
       2.39883E-01       2.51189E-01       2.45536E-01       1.13060E-02       1.36234E-02       1.20497E+00       2.95863E-01       2.32137E-01
       2.51189E-01       2.63027E-01       2.57108E-01       1.18380E-02       1.43135E-02       1.20912E+00       3.10874E-01       2.46451E-01
       2.63027E-01       2.75423E-01       2.69225E-01       1.23960E-02       1.50363E-02       1.21300E+00       3.26570E-01       2.61487E-01
       2.75423E-01       2.88403E-01       2.81913E-01       1.29800E-02       1.57932E-02       1.21673E+00       3.43013E-01       2.77280E-01
       2.88403E-01       3.01995E-01       2.95199E-01       1.35920E-02       1.65854E-02       1.22023E+00       3.60211E-01       2.93866E-01
       3.01995E-01       3.16228E-01       3.09112E-01       1.42330E-02       1.74141E-02       1.22350E+00       3.78198E-01       3.11280E-01
       3.16228E-01       3.31131E-01       3.23680E-01       1.49030E-02       1.82804E-02       1.22663E+00       3.97034E-01       3.29560E-01
       3.31131E-01       3.46737E-01       3.38934E-01       1.56060E-02       1.91859E-02       1.22939E+00       4.16684E-01       3.48746E-01
       3.46737E-01       3.63078E-01       3.54908E-01       1.63410E-02       2.01314E-02       1.23196E+00       4.37231E-01       3.68878E-01
       3.63078E-01       3.80189E-01       3.71633E-01       1.71110E-02       2.11182E-02       1.23419E+00       4.58667E-01       3.89996E-01
       3.80189E-01       3.98107E-01       3.89148E-01       1.79180E-02       2.21477E-02       1.23606E+00       4.81010E-01       4.12144E-01
       3.98107E-01       4.16869E-01       4.07488E-01       1.87620E-02       2.32206E-02       1.23764E+00       5.04324E-01       4.35364E-01
       4.16869E-01       4.36516E-01       4.26692E-01       1.96470E-02       2.43379E-02       1.23876E+00       5.28569E-01       4.59702E-01
       4.36516E-01       4.57088E-01       4.46802E-01       2.05720E-02       2.55004E-02       1.23957E+00       5.53841E-01       4.85203E-01
       4.57088E-01       4.78630E-01       4.67859E-01       2.15420E-02       2.67080E-02       1.23981E+00       5.80056E-01       5.11910E-01
       4.78630E-01       5.01187E-01       4.89909E-01       2.25570E-02       2.79607E-02       1.23956E+00       6.07269E-01       5.39871E-01
       5.01187E-01       5.24808E-01       5.12998E-01       2.36210E-02       2.92576E-02       1.23863E+00       6.35412E-01       5.69129E-01
       5.24808E-01       5.49541E-01       5.37174E-01       2.47330E-02       3.05962E-02       1.23706E+00       6.64517E-01       5.99725E-01
       5.49541E-01       5.75440E-01       5.62490E-01       2.58990E-02       3.19730E-02       1.23453E+00       6.94410E-01       6.31698E-01
       5.75440E-01       6.02560E-01       5.89000E-01       2.71200E-02       3.33823E-02       1.23091E+00       7.25007E-01       6.65080E-01
       6.02560E-01       6.30957E-01       6.16758E-01       2.83970E-02       3.48144E-02       1.22599E+00       7.56139E-01       6.99895E-01
       6.30957E-01       6.60693E-01       6.45825E-01       2.97360E-02       3.62565E-02       1.21928E+00       7.87441E-01       7.36151E-01
       6.60693E-01       6.91831E-01       6.76262E-01       3.11380E-02       3.76892E-02       1.21039E+00       8.18543E-01       7.73840E-01
       6.91831E-01       7.24436E-01       7.08133E-01       3.26050E-02       3.90855E-02       1.19876E+00       8.48880E-01       8.12926E-01
       7.24436E-01       7.58578E-01       7.41507E-01       3.41420E-02       4.04080E-02       1.18353E+00       8.77595E-01       8.53334E-01
       7.58578E-01       7.94328E-01       7.76453E-01       3.57500E-02       4.16058E-02       1.16380E+00       9.03635E-01       8.94940E-01
       7.94328E-01       8.31764E-01       8.13046E-01       3.74360E-02       4.26101E-02       1.13821E+00       9.25419E-01       9.37550E-01
       8.31764E-01       8.70964E-01       8.51364E-01       3.92000E-02       4.33289E-02       1.10533E+00       9.41037E-01       9.80879E-01
       8.70964E-01       9.12011E-01       8.91487E-01       4.10470E-02       1.91212E-02       4.65838E-01       4.15288E-01       1.00000E+00

 Sum =                                                                         1.00000E+00
 Renormalization bin#   926 =                                                  1.52709E-02 barn        1.00000E+07        1.02000E+07        1.01000E+07
 Avg. Energy     bin#   926 =                                                  4.69270E-01 MeV         1.00000E+07        1.02000E+07
