"        MT=649 recoil spectrum "
" Initial neutron energy corresponds to the group:"
   1.76000E+01    1.78000E+01       0.00000E+00           766           879           114



          Low               High              Mid              Energy           Number             dn/de            E*dn/de          Cumulative
         Energy            Energy            Energy             Width          Fraction                               Sum   
         [MeV]             [MeV]             [MeV]              [MeV]

       1.00000E-02       1.04713E-02       1.02357E-02       4.71300E-04       0.00000E+00       0.00000E+00       0.00000E+00       0.00000E+00
       1.04713E-02       1.09648E-02       1.07180E-02       4.93500E-04       7.07918E-09       1.43448E-05       1.53749E-07       7.07918E-09
       1.09648E-02       1.14815E-02       1.12232E-02       5.16700E-04       5.51765E-08       1.06786E-04       1.19848E-06       6.22557E-08
       1.14815E-02       1.20226E-02       1.17521E-02       5.41100E-04       1.16052E-07       2.14474E-04       2.52051E-06       1.78308E-07
       1.20226E-02       1.25892E-02       1.23059E-02       5.66601E-04       1.83923E-07       3.24608E-04       3.99460E-06       3.62231E-07
       1.25892E-02       1.31826E-02       1.28859E-02       5.93399E-04       2.59217E-07       4.36834E-04       5.62900E-06       6.21448E-07
       1.31826E-02       1.38038E-02       1.34932E-02       6.21200E-04       3.42315E-07       5.51054E-04       7.43548E-06       9.63763E-07
       1.38038E-02       1.44544E-02       1.41291E-02       6.50601E-04       4.36151E-07       6.70383E-04       9.47191E-06       1.39991E-06
       1.44544E-02       1.51356E-02       1.47950E-02       6.81199E-04       5.38841E-07       7.91019E-04       1.17031E-05       1.93876E-06
       1.51356E-02       1.58489E-02       1.54923E-02       7.13301E-04       6.49389E-07       9.10399E-04       1.41041E-05       2.58814E-06
       1.58489E-02       1.65959E-02       1.62224E-02       7.47000E-04       7.73240E-07       1.03513E-03       1.67922E-05       3.36138E-06
       1.65959E-02       1.73780E-02       1.69870E-02       7.82100E-04       9.11917E-07       1.16599E-03       1.98065E-05       4.27330E-06
       1.73780E-02       1.81970E-02       1.77875E-02       8.19000E-04       1.06705E-06       1.30287E-03       2.31747E-05       5.34035E-06
       1.81970E-02       1.90546E-02       1.86258E-02       8.57600E-04       2.10550E-06       2.45510E-03       4.57283E-05       7.44584E-06
       1.90546E-02       1.99526E-02       1.95036E-02       8.98000E-04       4.76529E-06       5.30656E-03       1.03497E-04       1.22111E-05
       1.99526E-02       2.08930E-02       2.04228E-02       9.40400E-04       7.77581E-06       8.26862E-03       1.68868E-04       1.99870E-05
       2.08930E-02       2.18776E-02       2.13853E-02       9.84600E-04       1.11242E-05       1.12982E-02       2.41616E-04       3.11112E-05
       2.18776E-02       2.29087E-02       2.23931E-02       1.03110E-03       1.48578E-05       1.44097E-02       3.22678E-04       4.59690E-05
       2.29087E-02       2.39883E-02       2.34485E-02       1.07960E-03       1.89256E-05       1.75302E-02       4.11057E-04       6.48946E-05
       2.39883E-02       2.51189E-02       2.45536E-02       1.13060E-03       2.34988E-05       2.07844E-02       5.10332E-04       8.83935E-05
       2.51189E-02       2.63027E-02       2.57108E-02       1.18380E-03       2.86286E-05       2.41837E-02       6.21782E-04       1.17022E-04
       2.63027E-02       2.75423E-02       2.69225E-02       1.23960E-03       3.41001E-05       2.75089E-02       7.40610E-04       1.51122E-04
       2.75423E-02       2.88403E-02       2.81913E-02       1.29800E-03       4.00897E-05       3.08858E-02       8.70710E-04       1.91212E-04
       2.88403E-02       3.01995E-02       2.95199E-02       1.35920E-03       4.69734E-05       3.45596E-02       1.02020E-03       2.38185E-04
       3.01995E-02       3.16228E-02       3.09112E-02       1.42330E-03       5.62020E-05       3.94871E-02       1.22059E-03       2.94387E-04
       3.16228E-02       3.31131E-02       3.23680E-02       1.49030E-03       6.69228E-05       4.49056E-02       1.45350E-03       3.61310E-04
       3.31131E-02       3.46737E-02       3.38934E-02       1.56060E-03       7.87849E-05       5.04838E-02       1.71107E-03       4.40095E-04
       3.46737E-02       3.63078E-02       3.54908E-02       1.63410E-03       9.14913E-05       5.59888E-02       1.98708E-03       5.31586E-04
       3.63078E-02       3.80189E-02       3.71633E-02       1.71110E-03       1.05601E-04       6.17151E-02       2.29354E-03       6.37187E-04
       3.80189E-02       3.98107E-02       3.89148E-02       1.79180E-03       1.21320E-04       6.77083E-02       2.63485E-03       7.58507E-04
       3.98107E-02       4.16869E-02       4.07488E-02       1.87620E-03       1.38807E-04       7.39829E-02       3.01471E-03       8.97313E-04
       4.16869E-02       4.36516E-02       4.26693E-02       1.96470E-03       1.58022E-04       8.04304E-02       3.43191E-03       1.05534E-03
       4.36516E-02       4.57088E-02       4.46802E-02       2.05720E-03       1.79239E-04       8.71274E-02       3.89287E-03       1.23457E-03
       4.57088E-02       4.78630E-02       4.67859E-02       2.15420E-03       2.02782E-04       9.41333E-02       4.40411E-03       1.43736E-03
       4.78630E-02       5.01187E-02       4.89908E-02       2.25570E-03       2.32313E-04       1.02989E-01       5.04554E-03       1.66967E-03
       5.01187E-02       5.24808E-02       5.12998E-02       2.36210E-03       2.90593E-04       1.23023E-01       6.31106E-03       1.96026E-03
       5.24808E-02       5.49541E-02       5.37174E-02       2.47330E-03       3.62193E-04       1.46441E-01       7.86644E-03       2.32245E-03
       5.49541E-02       5.75440E-02       5.62491E-02       2.58990E-03       4.42557E-04       1.70878E-01       9.61172E-03       2.76501E-03
       5.75440E-02       6.02560E-02       5.89000E-02       2.71200E-03       5.29791E-04       1.95351E-01       1.15061E-02       3.29480E-03
       6.02560E-02       6.30957E-02       6.16758E-02       2.83970E-03       6.26084E-04       2.20475E-01       1.35980E-02       3.92089E-03
       6.30957E-02       6.60693E-02       6.45825E-02       2.97360E-03       7.29734E-04       2.45405E-01       1.58488E-02       4.65062E-03
       6.60693E-02       6.91831E-02       6.76262E-02       3.11380E-03       8.38991E-04       2.69442E-01       1.82214E-02       5.48961E-03
       6.91831E-02       7.24436E-02       7.08134E-02       3.26050E-03       9.59724E-04       2.94349E-01       2.08438E-02       6.44934E-03
       7.24436E-02       7.58578E-02       7.41507E-02       3.41420E-03       1.09375E-03       3.20352E-01       2.37543E-02       7.54308E-03
       7.58578E-02       7.94328E-02       7.76453E-02       3.57500E-03       1.24250E-03       3.47551E-01       2.69857E-02       8.78558E-03
       7.94328E-02       8.31764E-02       8.13046E-02       3.74360E-03       1.40400E-03       3.75039E-01       3.04924E-02       1.01896E-02
       8.31764E-02       8.70964E-02       8.51364E-02       3.92000E-03       1.57710E-03       4.02322E-01       3.42522E-02       1.17667E-02
       8.70964E-02       9.12011E-02       8.91488E-02       4.10470E-03       1.76851E-03       4.30851E-01       3.84098E-02       1.35352E-02
       9.12011E-02       9.54993E-02       9.33502E-02       4.29820E-03       1.98020E-03       4.60704E-01       4.30068E-02       1.55154E-02
       9.54993E-02       1.00000E-01       9.77497E-02       4.50070E-03       2.20996E-03       4.91025E-01       4.79976E-02       1.77253E-02
       1.00000E-01       1.04713E-01       1.02357E-01       4.71300E-03       2.45246E-03       5.20360E-01       5.32622E-02       2.01778E-02
       1.04713E-01       1.09648E-01       1.07180E-01       4.93500E-03       2.64148E-03       5.35253E-01       5.73687E-02       2.28193E-02
       1.09648E-01       1.14815E-01       1.12231E-01       5.16700E-03       2.81734E-03       5.45256E-01       6.11949E-02       2.56366E-02
       1.14815E-01       1.20226E-01       1.17520E-01       5.41100E-03       2.99535E-03       5.53566E-01       6.50554E-02       2.86320E-02
       1.20226E-01       1.25892E-01       1.23059E-01       5.66600E-03       3.18054E-03       5.61338E-01       6.90777E-02       3.18125E-02
       1.25892E-01       1.31826E-01       1.28859E-01       5.93400E-03       3.37742E-03       5.69164E-01       7.33419E-02       3.51899E-02
       1.31826E-01       1.38038E-01       1.34932E-01       6.21200E-03       3.58800E-03       5.77592E-01       7.79356E-02       3.87779E-02
       1.38038E-01       1.44544E-01       1.41291E-01       6.50600E-03       3.81263E-03       5.86018E-01       8.27990E-02       4.25906E-02
       1.44544E-01       1.51356E-01       1.47950E-01       6.81200E-03       4.04666E-03       5.94048E-01       8.78894E-02       4.66372E-02
       1.51356E-01       1.58489E-01       1.54923E-01       7.13300E-03       4.29564E-03       6.02221E-01       9.32976E-02       5.09329E-02
       1.58489E-01       1.65959E-01       1.62224E-01       7.47000E-03       4.56197E-03       6.10706E-01       9.90711E-02       5.54948E-02
       1.65959E-01       1.73780E-01       1.69869E-01       7.82100E-03       4.84698E-03       6.19739E-01       1.05275E-01       6.03418E-02
       1.73780E-01       1.81970E-01       1.77875E-01       8.19000E-03       5.15218E-03       6.29082E-01       1.11898E-01       6.54940E-02
       1.81970E-01       1.90546E-01       1.86258E-01       8.57600E-03       5.47920E-03       6.38900E-01       1.19000E-01       7.09732E-02
       1.90546E-01       1.99526E-01       1.95036E-01       8.98000E-03       5.82969E-03       6.49186E-01       1.26615E-01       7.68029E-02
       1.99526E-01       2.08930E-01       2.04228E-01       9.40400E-03       6.18595E-03       6.57800E-01       1.34341E-01       8.29888E-02
       2.08930E-01       2.18776E-01       2.13853E-01       9.84600E-03       6.49085E-03       6.59237E-01       1.40980E-01       8.94797E-02
       2.18776E-01       2.29087E-01       2.23931E-01       1.03110E-02       6.80240E-03       6.59722E-01       1.47733E-01       9.62821E-02
       2.29087E-01       2.39883E-01       2.34485E-01       1.07960E-02       7.12921E-03       6.60356E-01       1.54844E-01       1.03411E-01
       2.39883E-01       2.51189E-01       2.45536E-01       1.13060E-02       7.47201E-03       6.60889E-01       1.62272E-01       1.10883E-01
       2.51189E-01       2.63027E-01       2.57108E-01       1.18380E-02       7.83170E-03       6.61573E-01       1.70096E-01       1.18715E-01
       2.63027E-01       2.75423E-01       2.69225E-01       1.23960E-02       8.20573E-03       6.61966E-01       1.78218E-01       1.26921E-01
       2.75423E-01       2.88403E-01       2.81913E-01       1.29800E-02       8.59263E-03       6.61990E-01       1.86623E-01       1.35513E-01
       2.88403E-01       3.01995E-01       2.95199E-01       1.35920E-02       8.99764E-03       6.61981E-01       1.95416E-01       1.44511E-01
       3.01995E-01       3.16228E-01       3.09112E-01       1.42330E-02       9.42175E-03       6.61965E-01       2.04621E-01       1.53933E-01
       3.16228E-01       3.31131E-01       3.23680E-01       1.49030E-02       9.86583E-03       6.62003E-01       2.14277E-01       1.63799E-01
       3.31131E-01       3.46737E-01       3.38934E-01       1.56060E-02       1.03310E-02       6.61990E-01       2.24371E-01       1.74130E-01
       3.46737E-01       3.63078E-01       3.54908E-01       1.63410E-02       1.08179E-02       6.62007E-01       2.34951E-01       1.84947E-01
       3.63078E-01       3.80189E-01       3.71633E-01       1.71110E-02       1.13278E-02       6.62019E-01       2.46029E-01       1.96275E-01
       3.80189E-01       3.98107E-01       3.89148E-01       1.79180E-02       1.18618E-02       6.62003E-01       2.57617E-01       2.08137E-01
       3.98107E-01       4.16869E-01       4.07488E-01       1.87620E-02       1.24209E-02       6.62026E-01       2.69768E-01       2.20558E-01
       4.16869E-01       4.36516E-01       4.26692E-01       1.96470E-02       1.30064E-02       6.62002E-01       2.82471E-01       2.33564E-01
       4.36516E-01       4.57088E-01       4.46802E-01       2.05720E-02       1.36196E-02       6.62044E-01       2.95803E-01       2.47184E-01
       4.57088E-01       4.78630E-01       4.67859E-01       2.15420E-02       1.42615E-02       6.62033E-01       3.09738E-01       2.61445E-01
       4.78630E-01       5.01187E-01       4.89909E-01       2.25570E-02       1.49338E-02       6.62046E-01       3.24342E-01       2.76379E-01
       5.01187E-01       5.24808E-01       5.12998E-01       2.36210E-02       1.56378E-02       6.62030E-01       3.39620E-01       2.92017E-01
       5.24808E-01       5.49541E-01       5.37174E-01       2.47330E-02       1.63746E-02       6.62053E-01       3.55638E-01       3.08392E-01
       5.49541E-01       5.75440E-01       5.62490E-01       2.58990E-02       1.71460E-02       6.62034E-01       3.72388E-01       3.25538E-01
       5.75440E-01       6.02560E-01       5.89000E-01       2.71200E-02       1.79540E-02       6.62020E-01       3.89930E-01       3.43492E-01
       6.02560E-01       6.30957E-01       6.16758E-01       2.83970E-02       1.87998E-02       6.62034E-01       4.08315E-01       3.62291E-01
       6.30957E-01       6.60693E-01       6.45825E-01       2.97360E-02       1.96856E-02       6.62012E-01       4.27544E-01       3.81977E-01
       6.60693E-01       6.91831E-01       6.76262E-01       3.11380E-02       2.06131E-02       6.61993E-01       4.47681E-01       4.02590E-01
       6.91831E-01       7.24436E-01       7.08133E-01       3.26050E-02       2.15842E-02       6.61989E-01       4.68777E-01       4.24174E-01
       7.24436E-01       7.58578E-01       7.41507E-01       3.41420E-02       2.26010E-02       6.61971E-01       4.90856E-01       4.46775E-01
       7.58578E-01       7.94328E-01       7.76453E-01       3.57500E-02       2.36658E-02       6.61980E-01       5.13997E-01       4.70441E-01
       7.94328E-01       8.31764E-01       8.13046E-01       3.74360E-02       2.47808E-02       6.61952E-01       5.38197E-01       4.95222E-01
       8.31764E-01       8.70964E-01       8.51364E-01       3.92000E-02       2.59481E-02       6.61942E-01       5.63554E-01       5.21170E-01
       8.70964E-01       9.12011E-01       8.91487E-01       4.10470E-02       2.71705E-02       6.61937E-01       5.90108E-01       5.48340E-01
       9.12011E-01       9.54993E-01       9.33502E-01       4.29820E-02       2.84506E-02       6.61918E-01       6.17902E-01       5.76791E-01
       9.54993E-01       1.00000E+00       9.77497E-01       4.50070E-02       2.97908E-02       6.61914E-01       6.47019E-01       6.06582E-01
       1.00000E+00       1.04713E+00       1.02357E+00       4.71300E-02       3.11944E-02       6.61879E-01       6.77477E-01       6.37776E-01
       1.04713E+00       1.09648E+00       1.07181E+00       4.93500E-02       3.26630E-02       6.61863E-01       7.09388E-01       6.70439E-01
       1.09648E+00       1.14815E+00       1.12231E+00       5.16700E-02       3.42017E-02       6.61926E-01       7.42889E-01       7.04641E-01
       1.14815E+00       1.20226E+00       1.17520E+00       5.41100E-02       3.57794E-02       6.61235E-01       7.77086E-01       7.40420E-01
       1.20226E+00       1.25892E+00       1.23059E+00       5.66600E-02       3.65826E-02       6.45651E-01       7.94532E-01       7.77003E-01
       1.25892E+00       1.31826E+00       1.28859E+00       5.93400E-02       3.68682E-02       6.21304E-01       8.00606E-01       8.13871E-01
       1.31826E+00       1.38038E+00       1.34932E+00       6.21200E-02       3.70078E-02       5.95746E-01       8.03852E-01       8.50879E-01
       1.38038E+00       1.44544E+00       1.41291E+00       6.50600E-02       3.68077E-02       5.65750E-01       7.99354E-01       8.87686E-01
       1.44544E+00       1.51356E+00       1.47950E+00       6.81200E-02       3.61585E-02       5.30806E-01       7.85327E-01       9.23845E-01
       1.51356E+00       1.58489E+00       1.54923E+00       7.13300E-02       3.12412E-02       4.37981E-01       6.78531E-01       9.55086E-01
       1.58489E+00       1.65959E+00       1.62224E+00       7.47000E-02       2.32612E-02       3.11395E-01       5.05157E-01       9.78347E-01
       1.65959E+00       1.73780E+00       1.69869E+00       7.82100E-02       1.40236E-02       1.79307E-01       3.04588E-01       9.92371E-01
       1.73780E+00       1.81970E+00       1.77875E+00       8.19000E-02       6.13046E-03       7.48529E-02       1.33145E-01       9.98501E-01
       1.81970E+00       1.90546E+00       1.86258E+00       8.57600E-02       1.49868E-03       1.74752E-02       3.25490E-02       1.00000E+00

 Sum =                                                                         1.00000E+00
 Renormalization bin#   964 =                                                  1.24167E-01 barn        1.76000E+07        1.78000E+07        1.77000E+07
 Avg. Energy     bin#   964 =                                                  8.47077E-01 MeV         1.76000E+07        1.78000E+07
