"        MT=608 recoil spectrum "
" Initial neutron energy corresponds to the group:"
   1.26000E+01    1.28000E+01       0.00000E+00           792           871            80



          Low               High              Mid              Energy           Number             dn/de            E*dn/de          Cumulative
         Energy            Energy            Energy             Width          Fraction                               Sum   
         [MeV]             [MeV]             [MeV]              [MeV]

       3.31131E-02       3.46737E-02       3.38934E-02       1.56060E-03       0.00000E+00       0.00000E+00       0.00000E+00       0.00000E+00
       3.46737E-02       3.63078E-02       3.54908E-02       1.63410E-03       2.91002E-04       1.78081E-01       6.32022E-03       2.91002E-04
       3.63078E-02       3.80189E-02       3.71633E-02       1.71110E-03       2.19024E-03       1.28002E+00       4.75698E-02       2.48124E-03
       3.80189E-02       3.98107E-02       3.89148E-02       1.79180E-03       2.31558E-03       1.29232E+00       5.02904E-02       4.79682E-03
       3.98107E-02       4.16869E-02       4.07488E-02       1.87620E-03       2.41380E-03       1.28654E+00       5.24248E-02       7.21062E-03
       4.16869E-02       4.36516E-02       4.26693E-02       1.96470E-03       2.51573E-03       1.28046E+00       5.46365E-02       9.72635E-03
       4.36516E-02       4.57088E-02       4.46802E-02       2.05720E-03       2.62142E-03       1.27427E+00       5.69345E-02       1.23478E-02
       4.57088E-02       4.78630E-02       4.67859E-02       2.15420E-03       2.73090E-03       1.26771E+00       5.93110E-02       1.50787E-02
       4.78630E-02       5.01187E-02       4.89908E-02       2.25570E-03       2.84433E-03       1.26095E+00       6.17752E-02       1.79230E-02
       5.01187E-02       5.24808E-02       5.12998E-02       2.36210E-03       2.96180E-03       1.25388E+00       6.43240E-02       2.08848E-02
       5.24808E-02       5.49541E-02       5.37174E-02       2.47330E-03       3.08330E-03       1.24663E+00       6.69659E-02       2.39681E-02
       5.49541E-02       5.75440E-02       5.62491E-02       2.58990E-03       3.20897E-03       1.23903E+00       6.96944E-02       2.71771E-02
       5.75440E-02       6.02560E-02       5.89000E-02       2.71200E-03       3.33891E-03       1.23116E+00       7.25154E-02       3.05160E-02
       6.02560E-02       6.30957E-02       6.16758E-02       2.83970E-03       3.47308E-03       1.22305E+00       7.54324E-02       3.39891E-02
       6.30957E-02       6.60693E-02       6.45825E-02       2.97360E-03       3.61165E-03       1.21457E+00       7.84400E-02       3.76007E-02
       6.60693E-02       6.91831E-02       6.76262E-02       3.11380E-03       3.75463E-03       1.20580E+00       8.15439E-02       4.13554E-02
       6.91831E-02       7.24436E-02       7.08134E-02       3.26050E-03       3.90201E-03       1.19675E+00       8.47460E-02       4.52574E-02
       7.24436E-02       7.58578E-02       7.41507E-02       3.41420E-03       4.05396E-03       1.18738E+00       8.80454E-02       4.93113E-02
       7.58578E-02       7.94328E-02       7.76453E-02       3.57500E-03       4.21036E-03       1.17772E+00       9.14446E-02       5.35217E-02
       7.94328E-02       8.31764E-02       8.13046E-02       3.74360E-03       4.37134E-03       1.16768E+00       9.49379E-02       5.78930E-02
       8.31764E-02       8.70964E-02       8.51364E-02       3.92000E-03       4.53679E-03       1.15735E+00       9.85322E-02       6.24298E-02
       8.70964E-02       9.12011E-02       8.91488E-02       4.10470E-03       4.70691E-03       1.14671E+00       1.02228E-01       6.71367E-02
       9.12011E-02       9.54993E-02       9.33502E-02       4.29820E-03       4.88151E-03       1.13571E+00       1.06019E-01       7.20182E-02
       9.54993E-02       1.00000E-01       9.77497E-02       4.50070E-03       5.06070E-03       1.12442E+00       1.09912E-01       7.70789E-02
       1.00000E-01       1.04713E-01       1.02357E-01       4.71300E-03       5.24440E-03       1.11275E+00       1.13897E-01       8.23233E-02
       1.04713E-01       1.09648E-01       1.07180E-01       4.93500E-03       5.43240E-03       1.10079E+00       1.17983E-01       8.77557E-02
       1.09648E-01       1.14815E-01       1.12231E-01       5.16700E-03       5.62510E-03       1.08866E+00       1.22182E-01       9.33808E-02
       1.14815E-01       1.20226E-01       1.17520E-01       5.41100E-03       5.82198E-03       1.07595E+00       1.26446E-01       9.92028E-02
       1.20226E-01       1.25892E-01       1.23059E-01       5.66600E-03       6.02340E-03       1.06308E+00       1.30821E-01       1.05226E-01
       1.25892E-01       1.31826E-01       1.28859E-01       5.93400E-03       6.22910E-03       1.04973E+00       1.35267E-01       1.11455E-01
       1.31826E-01       1.38038E-01       1.34932E-01       6.21200E-03       6.43883E-03       1.03652E+00       1.39859E-01       1.17894E-01
       1.38038E-01       1.44544E-01       1.41291E-01       6.50600E-03       6.65301E-03       1.02260E+00       1.44484E-01       1.24547E-01
       1.44544E-01       1.51356E-01       1.47950E-01       6.81200E-03       6.87117E-03       1.00869E+00       1.49235E-01       1.31418E-01
       1.51356E-01       1.58489E-01       1.54923E-01       7.13300E-03       7.09360E-03       9.94476E-01       1.54067E-01       1.38512E-01
       1.58489E-01       1.65959E-01       1.62224E-01       7.47000E-03       7.32005E-03       9.79927E-01       1.58968E-01       1.45832E-01
       1.65959E-01       1.73780E-01       1.69869E-01       7.82100E-03       7.55070E-03       9.65440E-01       1.63999E-01       1.53383E-01
       1.73780E-01       1.81970E-01       1.77875E-01       8.19000E-03       7.78559E-03       9.50621E-01       1.69092E-01       1.61168E-01
       1.81970E-01       1.90546E-01       1.86258E-01       8.57600E-03       8.02471E-03       9.35717E-01       1.74285E-01       1.69193E-01
       1.90546E-01       1.99526E-01       1.95036E-01       8.98000E-03       8.26823E-03       9.20738E-01       1.79577E-01       1.77461E-01
       1.99526E-01       2.08930E-01       2.04228E-01       9.40400E-03       8.51662E-03       9.05638E-01       1.84957E-01       1.85978E-01
       2.08930E-01       2.18776E-01       2.13853E-01       9.84600E-03       8.76985E-03       8.90702E-01       1.90479E-01       1.94748E-01
       2.18776E-01       2.29087E-01       2.23931E-01       1.03110E-02       9.02832E-03       8.75601E-01       1.96075E-01       2.03776E-01
       2.29087E-01       2.39883E-01       2.34485E-01       1.07960E-02       9.29271E-03       8.60755E-01       2.01834E-01       2.13069E-01
       2.39883E-01       2.51189E-01       2.45536E-01       1.13060E-02       9.56347E-03       8.45876E-01       2.07693E-01       2.22632E-01
       2.51189E-01       2.63027E-01       2.57108E-01       1.18380E-02       9.84148E-03       8.31346E-01       2.13746E-01       2.32474E-01
       2.63027E-01       2.75423E-01       2.69225E-01       1.23960E-02       1.01275E-02       8.16995E-01       2.19956E-01       2.42601E-01
       2.75423E-01       2.88403E-01       2.81913E-01       1.29800E-02       1.04225E-02       8.02967E-01       2.26367E-01       2.53024E-01
       2.88403E-01       3.01995E-01       2.95199E-01       1.35920E-02       1.07279E-02       7.89283E-01       2.32995E-01       2.63752E-01
       3.01995E-01       3.16228E-01       3.09112E-01       1.42330E-02       1.10451E-02       7.76024E-01       2.39878E-01       2.74797E-01
       3.16228E-01       3.31131E-01       3.23680E-01       1.49030E-02       1.13757E-02       7.63316E-01       2.47070E-01       2.86172E-01
       3.31131E-01       3.46737E-01       3.38934E-01       1.56060E-02       1.17217E-02       7.51099E-01       2.54573E-01       2.97894E-01
       3.46737E-01       3.63078E-01       3.54908E-01       1.63410E-02       1.20847E-02       7.39534E-01       2.62466E-01       3.09979E-01
       3.63078E-01       3.80189E-01       3.71633E-01       1.71110E-02       1.24675E-02       7.28624E-01       2.70781E-01       3.22446E-01
       3.80189E-01       3.98107E-01       3.89148E-01       1.79180E-02       1.28723E-02       7.18403E-01       2.79565E-01       3.35319E-01
       3.98107E-01       4.16869E-01       4.07488E-01       1.87620E-02       1.33020E-02       7.08984E-01       2.88902E-01       3.48621E-01
       4.16869E-01       4.36516E-01       4.26692E-01       1.96470E-02       1.37592E-02       7.00322E-01       2.98822E-01       3.62380E-01
       4.36516E-01       4.57088E-01       4.46802E-01       2.05720E-02       1.42473E-02       6.92557E-01       3.09436E-01       3.76627E-01
       4.57088E-01       4.78630E-01       4.67859E-01       2.15420E-02       1.47691E-02       6.85597E-01       3.20763E-01       3.91396E-01
       4.78630E-01       5.01187E-01       4.89909E-01       2.25570E-02       1.53284E-02       6.79542E-01       3.32913E-01       4.06725E-01
       5.01187E-01       5.24808E-01       5.12998E-01       2.36210E-02       1.59287E-02       6.74344E-01       3.45937E-01       4.22653E-01
       5.24808E-01       5.49541E-01       5.37174E-01       2.47330E-02       1.65736E-02       6.70101E-01       3.59961E-01       4.39227E-01
       5.49541E-01       5.75440E-01       5.62490E-01       2.58990E-02       1.72677E-02       6.66732E-01       3.75030E-01       4.56495E-01
       5.75440E-01       6.02560E-01       5.89000E-01       2.71200E-02       1.80159E-02       6.64302E-01       3.91274E-01       4.74510E-01
       6.02560E-01       6.30957E-01       6.16758E-01       2.83970E-02       1.88241E-02       6.62889E-01       4.08843E-01       4.93335E-01
       6.30957E-01       6.60693E-01       6.45825E-01       2.97360E-02       1.97001E-02       6.62499E-01       4.27859E-01       5.13035E-01
       6.60693E-01       6.91831E-01       6.76262E-01       3.11380E-02       2.06547E-02       6.63327E-01       4.48583E-01       5.33689E-01
       6.91831E-01       7.24436E-01       7.08133E-01       3.26050E-02       2.17020E-02       6.65603E-01       4.71336E-01       5.55391E-01
       7.24436E-01       7.58578E-01       7.41507E-01       3.41420E-02       2.28631E-02       6.69647E-01       4.96548E-01       5.78254E-01
       7.58578E-01       7.94328E-01       7.76453E-01       3.57500E-02       2.41677E-02       6.76019E-01       5.24897E-01       6.02422E-01
       7.94328E-01       8.31764E-01       8.13046E-01       3.74360E-02       2.56589E-02       6.85406E-01       5.57267E-01       6.28081E-01
       8.31764E-01       8.70964E-01       8.51364E-01       3.92000E-02       2.73975E-02       6.98917E-01       5.95033E-01       6.55478E-01
       8.70964E-01       9.12011E-01       8.91487E-01       4.10470E-02       2.94698E-02       7.17952E-01       6.40045E-01       6.84948E-01
       9.12011E-01       9.54993E-01       9.33502E-01       4.29820E-02       3.19962E-02       7.44409E-01       6.94907E-01       7.16944E-01
       9.54993E-01       1.00000E+00       9.77497E-01       4.50070E-02       3.51425E-02       7.80823E-01       7.63252E-01       7.52087E-01
       1.00000E+00       1.04713E+00       1.02357E+00       4.71300E-02       3.91346E-02       8.30355E-01       8.49923E-01       7.91222E-01
       1.04713E+00       1.09648E+00       1.07181E+00       4.93500E-02       4.42720E-02       8.97102E-01       9.61518E-01       8.35494E-01
       1.09648E+00       1.14815E+00       1.12231E+00       5.16700E-02       5.09537E-02       9.86138E-01       1.10676E+00       8.86447E-01
       1.14815E+00       1.20226E+00       1.17520E+00       5.41100E-02       5.96853E-02       1.10304E+00       1.29629E+00       9.46133E-01
       1.20226E+00       1.25892E+00       1.23059E+00       5.66600E-02       5.37765E-02       9.49109E-01       1.16796E+00       9.99909E-01
       1.25892E+00       1.31826E+00       1.28859E+00       5.93400E-02       9.06811E-05       1.52816E-03       1.96917E-03       1.00000E+00

 Sum =                                                                         1.00000E+00
 Renormalization bin#   939 =                                                  5.22003E-03 barn        1.26000E+07        1.28000E+07        1.27000E+07
 Avg. Energy     bin#   939 =                                                  6.41246E-01 MeV         1.26000E+07        1.28000E+07
