"        MT=602 recoil spectrum "
" Initial neutron energy corresponds to the group:"
   6.80000E+00    7.00000E+00       0.00000E+00           800           853            54



          Low               High              Mid              Energy           Number             dn/de            E*dn/de          Cumulative
         Energy            Energy            Energy             Width          Fraction                               Sum   
         [MeV]             [MeV]             [MeV]              [MeV]

       4.78630E-02       5.01187E-02       4.89908E-02       2.25570E-03       0.00000E+00       0.00000E+00       0.00000E+00       0.00000E+00
       5.01187E-02       5.24808E-02       5.12998E-02       2.36210E-03       5.88414E-04       2.49106E-01       1.27791E-02       5.88414E-04
       5.24808E-02       5.49541E-02       5.37174E-02       2.47330E-03       5.41051E-03       2.18757E+00       1.17511E-01       5.99893E-03
       5.49541E-02       5.75440E-02       5.62491E-02       2.58990E-03       7.44172E-03       2.87336E+00       1.61624E-01       1.34406E-02
       5.75440E-02       6.02560E-02       5.89000E-02       2.71200E-03       7.70999E-03       2.84292E+00       1.67448E-01       2.11506E-02
       6.02560E-02       6.30957E-02       6.16758E-02       2.83970E-03       7.98444E-03       2.81172E+00       1.73415E-01       2.91351E-02
       6.30957E-02       6.60693E-02       6.45825E-02       2.97360E-03       8.26511E-03       2.77950E+00       1.79507E-01       3.74002E-02
       6.60693E-02       6.91831E-02       6.76262E-02       3.11380E-03       8.55183E-03       2.74643E+00       1.85730E-01       4.59520E-02
       6.91831E-02       7.24436E-02       7.08134E-02       3.26050E-03       8.84443E-03       2.71260E+00       1.92088E-01       5.47964E-02
       7.24436E-02       7.58578E-02       7.41507E-02       3.41420E-03       9.14278E-03       2.67787E+00       1.98566E-01       6.39392E-02
       7.58578E-02       7.94328E-02       7.76453E-02       3.57500E-03       9.44673E-03       2.64244E+00       2.05173E-01       7.33859E-02
       7.94328E-02       8.31764E-02       8.13046E-02       3.74360E-03       9.75615E-03       2.60609E+00       2.11887E-01       8.31421E-02
       8.31764E-02       8.70964E-02       8.51364E-02       3.92000E-03       1.00708E-02       2.56908E+00       2.18722E-01       9.32129E-02
       8.70964E-02       9.12011E-02       8.91488E-02       4.10470E-03       1.03905E-02       2.53137E+00       2.25669E-01       1.03603E-01
       9.12011E-02       9.54993E-02       9.33502E-02       4.29820E-03       1.07153E-02       2.49297E+00       2.32719E-01       1.14319E-01
       9.54993E-02       1.00000E-01       9.77497E-02       4.50070E-03       1.10447E-02       2.45400E+00       2.39877E-01       1.25363E-01
       1.00000E-01       1.04713E-01       1.02357E-01       4.71300E-03       1.13790E-02       2.41439E+00       2.47129E-01       1.36742E-01
       1.04713E-01       1.09648E-01       1.07180E-01       4.93500E-03       1.17176E-02       2.37439E+00       2.54489E-01       1.48460E-01
       1.09648E-01       1.14815E-01       1.12231E-01       5.16700E-03       1.20614E-02       2.33431E+00       2.61984E-01       1.60521E-01
       1.14815E-01       1.20226E-01       1.17520E-01       5.41100E-03       1.24093E-02       2.29335E+00       2.69516E-01       1.72931E-01
       1.20226E-01       1.25892E-01       1.23059E-01       5.66600E-03       1.27626E-02       2.25249E+00       2.77189E-01       1.85693E-01
       1.25892E-01       1.31826E-01       1.28859E-01       5.93400E-03       1.31211E-02       2.21117E+00       2.84929E-01       1.98814E-01
       1.31826E-01       1.38038E-01       1.34932E-01       6.21200E-03       1.34848E-02       2.17076E+00       2.92905E-01       2.12299E-01
       1.38038E-01       1.44544E-01       1.41291E-01       6.50600E-03       1.38552E-02       2.12960E+00       3.00894E-01       2.26154E-01
       1.44544E-01       1.51356E-01       1.47950E-01       6.81200E-03       1.42323E-02       2.08930E+00       3.09112E-01       2.40387E-01
       1.51356E-01       1.58489E-01       1.54923E-01       7.13300E-03       1.46181E-02       2.04936E+00       3.17491E-01       2.55005E-01
       1.58489E-01       1.65959E-01       1.62224E-01       7.47000E-03       1.50134E-02       2.00983E+00       3.26042E-01       2.70018E-01
       1.65959E-01       1.73780E-01       1.69869E-01       7.82100E-03       1.54202E-02       1.97165E+00       3.34922E-01       2.85438E-01
       1.73780E-01       1.81970E-01       1.77875E-01       8.19000E-03       1.58409E-02       1.93417E+00       3.44041E-01       3.01279E-01
       1.81970E-01       1.90546E-01       1.86258E-01       8.57600E-03       1.62783E-02       1.89812E+00       3.53540E-01       3.17558E-01
       1.90546E-01       1.99526E-01       1.95036E-01       8.98000E-03       1.67357E-02       1.86366E+00       3.63482E-01       3.34293E-01
       1.99526E-01       2.08930E-01       2.04228E-01       9.40400E-03       1.72179E-02       1.83091E+00       3.73923E-01       3.51511E-01
       2.08930E-01       2.18776E-01       2.13853E-01       9.84600E-03       1.77295E-02       1.80068E+00       3.85080E-01       3.69241E-01
       2.18776E-01       2.29087E-01       2.23931E-01       1.03110E-02       1.82769E-02       1.77256E+00       3.96933E-01       3.87518E-01
       2.29087E-01       2.39883E-01       2.34485E-01       1.07960E-02       1.88678E-02       1.74767E+00       4.09801E-01       4.06385E-01
       2.39883E-01       2.51189E-01       2.45536E-01       1.13060E-02       1.95115E-02       1.72576E+00       4.23737E-01       4.25897E-01
       2.51189E-01       2.63027E-01       2.57108E-01       1.18380E-02       2.02190E-02       1.70797E+00       4.39134E-01       4.46116E-01
       2.63027E-01       2.75423E-01       2.69225E-01       1.23960E-02       2.10038E-02       1.69440E+00       4.56176E-01       4.67120E-01
       2.75423E-01       2.88403E-01       2.81913E-01       1.29800E-02       2.18821E-02       1.68583E+00       4.75258E-01       4.89002E-01
       2.88403E-01       3.01995E-01       2.95199E-01       1.35920E-02       2.28737E-02       1.68288E+00       4.96784E-01       5.11875E-01
       3.01995E-01       3.16228E-01       3.09112E-01       1.42330E-02       2.40033E-02       1.68645E+00       5.21303E-01       5.35879E-01
       3.16228E-01       3.31131E-01       3.23680E-01       1.49030E-02       2.53001E-02       1.69765E+00       5.49494E-01       5.61179E-01
       3.31131E-01       3.46737E-01       3.38934E-01       1.56060E-02       2.68016E-02       1.71739E+00       5.82082E-01       5.87980E-01
       3.46737E-01       3.63078E-01       3.54908E-01       1.63410E-02       2.85524E-02       1.74729E+00       6.20125E-01       6.16533E-01
       3.63078E-01       3.80189E-01       3.71633E-01       1.71110E-02       3.06096E-02       1.78889E+00       6.64810E-01       6.47142E-01
       3.80189E-01       3.98107E-01       3.89148E-01       1.79180E-02       3.30445E-02       1.84421E+00       7.17670E-01       6.80187E-01
       3.98107E-01       4.16869E-01       4.07488E-01       1.87620E-02       3.59462E-02       1.91590E+00       7.80707E-01       7.16133E-01
       4.16869E-01       4.36516E-01       4.26692E-01       1.96470E-02       3.94275E-02       2.00679E+00       8.56283E-01       7.55561E-01
       4.36516E-01       4.57088E-01       4.46802E-01       2.05720E-02       4.36324E-02       2.12096E+00       9.47650E-01       7.99193E-01
       4.57088E-01       4.78630E-01       4.67859E-01       2.15420E-02       4.87436E-02       2.26272E+00       1.05864E+00       8.47937E-01
       4.78630E-01       5.01187E-01       4.89909E-01       2.25570E-02       5.49956E-02       2.43807E+00       1.19443E+00       9.02932E-01
       5.01187E-01       5.24808E-01       5.12998E-01       2.36210E-02       6.23331E-02       2.63888E+00       1.35374E+00       9.65265E-01
       5.24808E-01       5.49541E-01       5.37174E-01       2.47330E-02       3.43902E-02       1.39046E+00       7.46918E-01       9.99655E-01
       5.49541E-01       5.75440E-01       5.62490E-01       2.58990E-02       3.44673E-04       1.33084E-02       7.48582E-03       1.00000E+00

 Sum =                                                                         1.00000E+00
 Renormalization bin#   910 =                                                  6.07904E-03 barn        6.80000E+06        7.00000E+06        6.90000E+06
 Avg. Energy     bin#   910 =                                                  2.95112E-01 MeV         6.80000E+06        7.00000E+06
