"        MT=603 recoil spectrum "
" Initial neutron energy corresponds to the group:"
   5.40000E+00    5.60000E+00       0.00000E+00           812           841            30



          Low               High              Mid              Energy           Number             dn/de            E*dn/de          Cumulative
         Energy            Energy            Energy             Width          Fraction                               Sum   
         [MeV]             [MeV]             [MeV]              [MeV]

       8.31764E-02       8.70964E-02       8.51364E-02       3.92000E-03       0.00000E+00       0.00000E+00       0.00000E+00       0.00000E+00
       8.70964E-02       9.12011E-02       8.91488E-02       4.10470E-03       1.20065E-03       2.92507E-01       2.60766E-02       1.20065E-03
       9.12011E-02       9.54993E-02       9.33502E-02       4.29820E-03       7.58012E-03       1.76356E+00       1.64629E-01       8.78077E-03
       9.54993E-02       1.00000E-01       9.77497E-02       4.50070E-03       1.53426E-02       3.40893E+00       3.33222E-01       2.41234E-02
       1.00000E-01       1.04713E-01       1.02357E-01       4.71300E-03       2.17153E-02       4.60753E+00       4.71611E-01       4.58387E-02
       1.04713E-01       1.09648E-01       1.07180E-01       4.93500E-03       2.30206E-02       4.66477E+00       4.99972E-01       6.88593E-02
       1.09648E-01       1.14815E-01       1.12231E-01       5.16700E-03       2.42120E-02       4.68590E+00       5.25905E-01       9.30713E-02
       1.14815E-01       1.20226E-01       1.17520E-01       5.41100E-03       2.54617E-02       4.70555E+00       5.52999E-01       1.18533E-01
       1.20226E-01       1.25892E-01       1.23059E-01       5.66600E-03       2.67743E-02       4.72544E+00       5.81508E-01       1.45307E-01
       1.25892E-01       1.31826E-01       1.28859E-01       5.93400E-03       2.81507E-02       4.74397E+00       6.11304E-01       1.73458E-01
       1.31826E-01       1.38038E-01       1.34932E-01       6.21200E-03       2.95921E-02       4.76370E+00       6.42776E-01       2.03050E-01
       1.38038E-01       1.44544E-01       1.41291E-01       6.50600E-03       3.11019E-02       4.78050E+00       6.75442E-01       2.34152E-01
       1.44544E-01       1.51356E-01       1.47950E-01       6.81200E-03       3.26796E-02       4.79736E+00       7.09769E-01       2.66832E-01
       1.51356E-01       1.58489E-01       1.54923E-01       7.13300E-03       3.43278E-02       4.81253E+00       7.45569E-01       3.01160E-01
       1.58489E-01       1.65959E-01       1.62224E-01       7.47000E-03       3.60465E-02       4.82550E+00       7.82812E-01       3.37206E-01
       1.65959E-01       1.73780E-01       1.69869E-01       7.82100E-03       3.78355E-02       4.83768E+00       8.21775E-01       3.75042E-01
       1.73780E-01       1.81970E-01       1.77875E-01       8.19000E-03       3.96943E-02       4.84668E+00       8.62103E-01       4.14736E-01
       1.81970E-01       1.90546E-01       1.86258E-01       8.57600E-03       4.16217E-02       4.85328E+00       9.03962E-01       4.56358E-01
       1.90546E-01       1.99526E-01       1.95036E-01       8.98000E-03       4.36143E-02       4.85682E+00       9.47255E-01       4.99972E-01
       1.99526E-01       2.08930E-01       2.04228E-01       9.40400E-03       4.56693E-02       4.85637E+00       9.91808E-01       5.45641E-01
       2.08930E-01       2.18776E-01       2.13853E-01       9.84600E-03       4.77808E-02       4.85281E+00       1.03779E+00       5.93422E-01
       2.18776E-01       2.29087E-01       2.23931E-01       1.03110E-02       4.99410E-02       4.84346E+00       1.08460E+00       6.43363E-01
       2.29087E-01       2.39883E-01       2.34485E-01       1.07960E-02       5.21413E-02       4.82968E+00       1.13249E+00       6.95504E-01
       2.39883E-01       2.51189E-01       2.45536E-01       1.13060E-02       5.43695E-02       4.80891E+00       1.18076E+00       7.49874E-01
       2.51189E-01       2.63027E-01       2.57108E-01       1.18380E-02       5.66111E-02       4.78215E+00       1.22953E+00       8.06485E-01
       2.63027E-01       2.75423E-01       2.69225E-01       1.23960E-02       5.88466E-02       4.74722E+00       1.27807E+00       8.65331E-01
       2.75423E-01       2.88403E-01       2.81913E-01       1.29800E-02       6.03881E-02       4.65240E+00       1.31157E+00       9.25719E-01
       2.88403E-01       3.01995E-01       2.95199E-01       1.35920E-02       4.58926E-02       3.37644E+00       9.96722E-01       9.71612E-01
       3.01995E-01       3.16228E-01       3.09112E-01       1.42330E-02       2.44756E-02       1.71964E+00       5.31559E-01       9.96087E-01
       3.16228E-01       3.31131E-01       3.23680E-01       1.49030E-02       3.91242E-03       2.62526E-01       8.49742E-02       1.00000E+00

 Sum =                                                                         1.00000E+00
 Renormalization bin#   903 =                                                  5.23244E-05 barn        5.40000E+06        5.60000E+06        5.50000E+06
 Avg. Energy     bin#   903 =                                                  1.99877E-01 MeV         5.40000E+06        5.60000E+06
