"        MT=605 recoil spectrum "
" Initial neutron energy corresponds to the group:"
   8.80000E+00    9.00000E+00       0.00000E+00           798           860            63



          Low               High              Mid              Energy           Number             dn/de            E*dn/de          Cumulative
         Energy            Energy            Energy             Width          Fraction                               Sum   
         [MeV]             [MeV]             [MeV]              [MeV]

       4.36516E-02       4.57088E-02       4.46802E-02       2.05720E-03       0.00000E+00       0.00000E+00       0.00000E+00       0.00000E+00
       4.57088E-02       4.78630E-02       4.67859E-02       2.15420E-03       4.45507E-04       2.06809E-01       9.67573E-03       4.45507E-04
       4.78630E-02       5.01187E-02       4.89908E-02       2.25570E-03       3.54281E-03       1.57060E+00       7.69452E-02       3.98832E-03
       5.01187E-02       5.24808E-02       5.12998E-02       2.36210E-03       4.01414E-03       1.69939E+00       8.71785E-02       8.00246E-03
       5.24808E-02       5.49541E-02       5.37174E-02       2.47330E-03       4.18647E-03       1.69266E+00       9.09256E-02       1.21889E-02
       5.49541E-02       5.75440E-02       5.62491E-02       2.58990E-03       4.36548E-03       1.68558E+00       9.48122E-02       1.65544E-02
       5.75440E-02       6.02560E-02       5.89000E-02       2.71200E-03       4.55140E-03       1.67824E+00       9.88486E-02       2.11058E-02
       6.02560E-02       6.30957E-02       6.16758E-02       2.83970E-03       4.74437E-03       1.67073E+00       1.03044E-01       2.58502E-02
       6.30957E-02       6.60693E-02       6.45825E-02       2.97360E-03       4.94464E-03       1.66285E+00       1.07391E-01       3.07948E-02
       6.60693E-02       6.91831E-02       6.76262E-02       3.11380E-03       5.15239E-03       1.65469E+00       1.11901E-01       3.59472E-02
       6.91831E-02       7.24436E-02       7.08134E-02       3.26050E-03       5.36782E-03       1.64632E+00       1.16581E-01       4.13150E-02
       7.24436E-02       7.58578E-02       7.41507E-02       3.41420E-03       5.59114E-03       1.63762E+00       1.21430E-01       4.69062E-02
       7.58578E-02       7.94328E-02       7.76453E-02       3.57500E-03       5.82258E-03       1.62869E+00       1.26460E-01       5.27287E-02
       7.94328E-02       8.31764E-02       8.13046E-02       3.74360E-03       6.06236E-03       1.61939E+00       1.31664E-01       5.87911E-02
       8.31764E-02       8.70964E-02       8.51364E-02       3.92000E-03       6.31064E-03       1.60986E+00       1.37057E-01       6.51018E-02
       8.70964E-02       9.12011E-02       8.91488E-02       4.10470E-03       6.56769E-03       1.60004E+00       1.42642E-01       7.16694E-02
       9.12011E-02       9.54993E-02       9.33502E-02       4.29820E-03       6.83372E-03       1.58990E+00       1.48418E-01       7.85032E-02
       9.54993E-02       1.00000E-01       9.77497E-02       4.50070E-03       7.10891E-03       1.57951E+00       1.54397E-01       8.56121E-02
       1.00000E-01       1.04713E-01       1.02357E-01       4.71300E-03       7.39357E-03       1.56876E+00       1.60573E-01       9.30056E-02
       1.04713E-01       1.09648E-01       1.07180E-01       4.93500E-03       7.68765E-03       1.55778E+00       1.66964E-01       1.00693E-01
       1.09648E-01       1.14815E-01       1.12231E-01       5.16700E-03       7.99193E-03       1.54673E+00       1.73591E-01       1.08685E-01
       1.14815E-01       1.20226E-01       1.17520E-01       5.41100E-03       8.30596E-03       1.53501E+00       1.80396E-01       1.16991E-01
       1.20226E-01       1.25892E-01       1.23059E-01       5.66600E-03       8.63075E-03       1.52325E+00       1.87450E-01       1.25622E-01
       1.25892E-01       1.31826E-01       1.28859E-01       5.93400E-03       8.96617E-03       1.51098E+00       1.94704E-01       1.34588E-01
       1.31826E-01       1.38038E-01       1.34932E-01       6.21200E-03       9.31227E-03       1.49908E+00       2.02274E-01       1.43900E-01
       1.38038E-01       1.44544E-01       1.41291E-01       6.50600E-03       9.67001E-03       1.48632E+00       2.10004E-01       1.53570E-01
       1.44544E-01       1.51356E-01       1.47950E-01       6.81200E-03       1.00391E-02       1.47373E+00       2.18039E-01       1.63609E-01
       1.51356E-01       1.58489E-01       1.54923E-01       7.13300E-03       1.04204E-02       1.46087E+00       2.26322E-01       1.74030E-01
       1.58489E-01       1.65959E-01       1.62224E-01       7.47000E-03       1.08142E-02       1.44769E+00       2.34850E-01       1.84844E-01
       1.65959E-01       1.73780E-01       1.69869E-01       7.82100E-03       1.12210E-02       1.43472E+00       2.43715E-01       1.96065E-01
       1.73780E-01       1.81970E-01       1.77875E-01       8.19000E-03       1.16414E-02       1.42141E+00       2.52833E-01       2.07706E-01
       1.81970E-01       1.90546E-01       1.86258E-01       8.57600E-03       1.20760E-02       1.40811E+00       2.62272E-01       2.19782E-01
       1.90546E-01       1.99526E-01       1.95036E-01       8.98000E-03       1.25255E-02       1.39482E+00       2.72040E-01       2.32308E-01
       1.99526E-01       2.08930E-01       2.04228E-01       9.40400E-03       1.29911E-02       1.38145E+00       2.82130E-01       2.45299E-01
       2.08930E-01       2.18776E-01       2.13853E-01       9.84600E-03       1.34736E-02       1.36844E+00       2.92645E-01       2.58773E-01
       2.18776E-01       2.29087E-01       2.23931E-01       1.03110E-02       1.39743E-02       1.35528E+00       3.03490E-01       2.72747E-01
       2.29087E-01       2.39883E-01       2.34485E-01       1.07960E-02       1.44946E-02       1.34259E+00       3.14816E-01       2.87241E-01
       2.39883E-01       2.51189E-01       2.45536E-01       1.13060E-02       1.50362E-02       1.32993E+00       3.26545E-01       3.02278E-01
       2.51189E-01       2.63027E-01       2.57108E-01       1.18380E-02       1.56012E-02       1.31789E+00       3.38841E-01       3.17879E-01
       2.63027E-01       2.75423E-01       2.69225E-01       1.23960E-02       1.61918E-02       1.30621E+00       3.51665E-01       3.34071E-01
       2.75423E-01       2.88403E-01       2.81913E-01       1.29800E-02       1.68109E-02       1.29514E+00       3.65117E-01       3.50882E-01
       2.88403E-01       3.01995E-01       2.95199E-01       1.35920E-02       1.74617E-02       1.28470E+00       3.79243E-01       3.68343E-01
       3.01995E-01       3.16228E-01       3.09112E-01       1.42330E-02       1.81481E-02       1.27507E+00       3.94140E-01       3.86491E-01
       3.16228E-01       3.31131E-01       3.23680E-01       1.49030E-02       1.88746E-02       1.26650E+00       4.09940E-01       4.05366E-01
       3.31131E-01       3.46737E-01       3.38934E-01       1.56060E-02       1.96471E-02       1.25894E+00       4.26699E-01       4.25013E-01
       3.46737E-01       3.63078E-01       3.54908E-01       1.63410E-02       2.04714E-02       1.25276E+00       4.44615E-01       4.45484E-01
       3.63078E-01       3.80189E-01       3.71633E-01       1.71110E-02       2.13554E-02       1.24805E+00       4.63818E-01       4.66840E-01
       3.80189E-01       3.98107E-01       3.89148E-01       1.79180E-02       2.23085E-02       1.24503E+00       4.84502E-01       4.89148E-01
       3.98107E-01       4.16869E-01       4.07488E-01       1.87620E-02       2.33411E-02       1.24406E+00       5.06941E-01       5.12489E-01
       4.16869E-01       4.36516E-01       4.26692E-01       1.96470E-02       2.44664E-02       1.24530E+00       5.31361E-01       5.36956E-01
       4.36516E-01       4.57088E-01       4.46802E-01       2.05720E-02       2.57001E-02       1.24928E+00       5.58179E-01       5.62656E-01
       4.57088E-01       4.78630E-01       4.67859E-01       2.15420E-02       2.70604E-02       1.25617E+00       5.87709E-01       5.89716E-01
       4.78630E-01       5.01187E-01       4.89909E-01       2.25570E-02       2.85700E-02       1.26657E+00       6.20502E-01       6.18286E-01
       5.01187E-01       5.24808E-01       5.12998E-01       2.36210E-02       3.02562E-02       1.28090E+00       6.57099E-01       6.48542E-01
       5.24808E-01       5.49541E-01       5.37174E-01       2.47330E-02       3.21514E-02       1.29994E+00       6.98294E-01       6.80694E-01
       5.49541E-01       5.75440E-01       5.62490E-01       2.58990E-02       3.42961E-02       1.32423E+00       7.44865E-01       7.14990E-01
       5.75440E-01       6.02560E-01       5.89000E-01       2.71200E-02       3.67394E-02       1.35470E+00       7.97918E-01       7.51729E-01
       6.02560E-01       6.30957E-01       6.16758E-01       2.83970E-02       3.95411E-02       1.39244E+00       8.58799E-01       7.91270E-01
       6.30957E-01       6.60693E-01       6.45825E-01       2.97360E-02       4.27757E-02       1.43852E+00       9.29030E-01       8.34046E-01
       6.60693E-01       6.91831E-01       6.76262E-01       3.11380E-02       4.65350E-02       1.49448E+00       1.01066E+00       8.80581E-01
       6.91831E-01       7.24436E-01       7.08133E-01       3.26050E-02       5.09324E-02       1.56210E+00       1.10618E+00       9.31514E-01
       7.24436E-01       7.58578E-01       7.41507E-01       3.41420E-02       5.47115E-02       1.60247E+00       1.18824E+00       9.86225E-01
       7.58578E-01       7.94328E-01       7.76453E-01       3.57500E-02       1.37750E-02       3.85313E-01       2.99178E-01       1.00000E+00

 Sum =                                                                         1.00000E+00
 Renormalization bin#   920 =                                                  1.47788E-02 barn        8.80000E+06        9.00000E+06        8.90000E+06
 Avg. Energy     bin#   920 =                                                  4.07020E-01 MeV         8.80000E+06        9.00000E+06
