"        MT= 56 recoil spectrum "
" Initial neutron energy corresponds to the group:"
   2.18776E+00    2.29087E+00       0.00000E+00           771           801            31
 Debug druck set-a:   771      0.00000E+00        5.93399E-04        0.00000E+00
 Debug druck set-a:   772      3.98889E-02        6.21200E-04        2.47790E-05
 Debug druck set-a:   773      1.88821E-01        6.50601E-04        1.22847E-04
 Debug druck set-a:   774      3.43519E-01        6.81199E-04        2.34005E-04
 Debug druck set-a:   775      4.60592E-01        7.13301E-04        3.28541E-04
 Debug druck set-a:   776      5.21150E-01        7.47000E-04        3.89299E-04
 Debug druck set-a:   777      5.32127E-01        7.82100E-04        4.16176E-04
 Debug druck set-a:   778      5.42878E-01        8.19000E-04        4.44617E-04
 Debug druck set-a:   779      5.53468E-01        8.57600E-04        4.74654E-04
 Debug druck set-a:   780      5.63808E-01        8.98000E-04        5.06300E-04
 Debug druck set-a:   781      5.73768E-01        9.40400E-04        5.39572E-04
 Debug druck set-a:   782      5.83429E-01        9.84600E-04        5.74444E-04
 Debug druck set-a:   783      5.92445E-01        1.03110E-03        6.10870E-04
 Debug druck set-a:   784      6.00949E-01        1.07960E-03        6.48785E-04
 Debug druck set-a:   785      6.08597E-01        1.13060E-03        6.88079E-04
 Debug druck set-a:   786      6.15474E-01        1.18380E-03        7.28598E-04
 Debug druck set-a:   787      6.21264E-01        1.23960E-03        7.70120E-04
 Debug druck set-a:   788      6.25860E-01        1.29800E-03        8.12366E-04
 Debug druck set-a:   789      6.29028E-01        1.35920E-03        8.54975E-04
 Debug druck set-a:   790      6.30568E-01        1.42330E-03        8.97488E-04
 Debug druck set-a:   791      6.30286E-01        1.49030E-03        9.39316E-04
 Debug druck set-a:   792      6.27808E-01        1.56060E-03        9.79756E-04
 Debug druck set-a:   793      6.22905E-01        1.63410E-03        1.01789E-03
 Debug druck set-a:   794      6.15184E-01        1.71110E-03        1.05264E-03
 Debug druck set-a:   795      6.04225E-01        1.79180E-03        1.08265E-03
 Debug druck set-a:   796      5.89639E-01        1.87620E-03        1.10628E-03
 Debug druck set-a:   797      5.70834E-01        1.96470E-03        1.12152E-03
 Debug druck set-a:   798      5.25258E-01        2.05720E-03        1.08056E-03
 Debug druck set-a:   799      4.03837E-01        2.15420E-03        8.69946E-04
 Debug druck set-a:   800      2.39046E-01        2.25570E-03        5.39217E-04
 Debug druck set-a:   801      7.74865E-02        2.36210E-03        1.83031E-04



          Low               High              Mid              Energy           Number             dn/de            E*dn/de          Cumulative
         Energy            Energy            Energy             Width          Fraction                               Sum   
         [MeV]             [MeV]             [MeV]              [MeV]

       1.25892E-02       1.31826E-02       1.28859E-02       5.93399E-04       0.00000E+00       0.00000E+00       0.00000E+00       0.00000E+00
       1.31826E-02       1.38038E-02       1.34932E-02       6.21200E-04       1.23652E-03       1.99053E+00       2.68586E-02       1.23652E-03
       1.38038E-02       1.44544E-02       1.41291E-02       6.50601E-04       6.13030E-03       9.42252E+00       1.33132E-01       7.36682E-03
       1.44544E-02       1.51356E-02       1.47950E-02       6.81199E-04       1.16773E-02       1.71423E+01       2.53620E-01       1.90441E-02
       1.51356E-02       1.58489E-02       1.54923E-02       7.13301E-04       1.63948E-02       2.29844E+01       3.56081E-01       3.54389E-02
       1.58489E-02       1.65959E-02       1.62224E-02       7.47000E-04       1.94268E-02       2.60064E+01       4.21886E-01       5.48657E-02
       1.65959E-02       1.73780E-02       1.69870E-02       7.82100E-04       2.07680E-02       2.65541E+01       4.51074E-01       7.56337E-02
       1.73780E-02       1.81970E-02       1.77875E-02       8.19000E-04       2.21872E-02       2.70906E+01       4.81875E-01       9.78209E-02
       1.81970E-02       1.90546E-02       1.86258E-02       8.57600E-04       2.36861E-02       2.76191E+01       5.14428E-01       1.21507E-01
       1.90546E-02       1.99526E-02       1.95036E-02       8.98000E-04       2.52653E-02       2.81351E+01       5.48736E-01       1.46772E-01
       1.99526E-02       2.08930E-02       2.04228E-02       9.40400E-04       2.69257E-02       2.86321E+01       5.84748E-01       1.73698E-01
       2.08930E-02       2.18776E-02       2.13853E-02       9.84600E-04       2.86658E-02       2.91142E+01       6.22616E-01       2.02364E-01
       2.18776E-02       2.29087E-02       2.23931E-02       1.03110E-03       3.04836E-02       2.95641E+01       6.62034E-01       2.32847E-01
       2.29087E-02       2.39883E-02       2.34485E-02       1.07960E-03       3.23756E-02       2.99885E+01       7.03185E-01       2.65223E-01
       2.39883E-02       2.51189E-02       2.45536E-02       1.13060E-03       3.43364E-02       3.03701E+01       7.45696E-01       2.99559E-01
       2.51189E-02       2.63027E-02       2.57108E-02       1.18380E-03       3.63584E-02       3.07133E+01       7.89665E-01       3.35918E-01
       2.63027E-02       2.75423E-02       2.69225E-02       1.23960E-03       3.84304E-02       3.10023E+01       8.34658E-01       3.74348E-01
       2.75423E-02       2.88403E-02       2.81913E-02       1.29800E-03       4.05386E-02       3.12316E+01       8.80459E-01       4.14887E-01
       2.88403E-02       3.01995E-02       2.95199E-02       1.35920E-03       4.26649E-02       3.13897E+01       9.26621E-01       4.57552E-01
       3.01995E-02       3.16228E-02       3.09112E-02       1.42330E-03       4.47863E-02       3.14665E+01       9.72667E-01       5.02338E-01
       3.16228E-02       3.31131E-02       3.23680E-02       1.49030E-03       4.68736E-02       3.14525E+01       1.01805E+00       5.49212E-01
       3.31131E-02       3.46737E-02       3.38934E-02       1.56060E-03       4.88917E-02       3.13288E+01       1.06184E+00       5.98103E-01
       3.46737E-02       3.63078E-02       3.54908E-02       1.63410E-03       5.07946E-02       3.10841E+01       1.10320E+00       6.48898E-01
       3.63078E-02       3.80189E-02       3.71633E-02       1.71110E-03       5.25287E-02       3.06989E+01       1.14087E+00       7.01427E-01
       3.80189E-02       3.98107E-02       3.89148E-02       1.79180E-03       5.40263E-02       3.01519E+01       1.17336E+00       7.55453E-01
       3.98107E-02       4.16869E-02       4.07488E-02       1.87620E-03       5.52055E-02       2.94241E+01       1.19900E+00       8.10659E-01
       4.16869E-02       4.36516E-02       4.26693E-02       1.96470E-03       5.59660E-02       2.84857E+01       1.21546E+00       8.66625E-01
       4.36516E-02       4.57088E-02       4.46802E-02       2.05720E-03       5.39220E-02       2.62114E+01       1.17113E+00       9.20547E-01
       4.57088E-02       4.78630E-02       4.67859E-02       2.15420E-03       4.34120E-02       2.01522E+01       9.42841E-01       9.63959E-01
       4.78630E-02       5.01187E-02       4.89908E-02       2.25570E-03       2.69079E-02       1.19289E+01       5.84406E-01       9.90866E-01
       5.01187E-02       5.24808E-02       5.12998E-02       2.36210E-03       9.13359E-03       3.86672E+00       1.98362E-01       1.00000E+00

 Sum =                                                                         1.00000E+00
 Renormalization bin#   883 =                                                  2.00393E-02 barn        2.18776E+06        2.29087E+06        2.23932E+06
 Avg. Energy     bin#   883 =                                                  3.16268E-02 MeV         2.18776E+06        2.29087E+06
