"        MT= 58 recoil spectrum "
" Initial neutron energy corresponds to the group:"
   2.39883E+00    2.51189E+00       0.00000E+00           776           802            27
 Debug druck set-a:   776      0.00000E+00        7.47000E-04        0.00000E+00
 Debug druck set-a:   777      7.28539E-02        7.82100E-04        5.69790E-05
 Debug druck set-a:   778      3.51451E-01        8.19000E-04        2.87838E-04
 Debug druck set-a:   779      5.91486E-01        8.57600E-04        5.07258E-04
 Debug druck set-a:   780      8.06851E-01        8.98000E-04        7.24552E-04
 Debug druck set-a:   781      9.56859E-01        9.40400E-04        8.99831E-04
 Debug druck set-a:   782      1.02109E+00        9.84600E-04        1.00536E-03
 Debug druck set-a:   783      1.02715E+00        1.03110E-03        1.05909E-03
 Debug druck set-a:   784      1.03311E+00        1.07960E-03        1.11535E-03
 Debug druck set-a:   785      1.03852E+00        1.13060E-03        1.17415E-03
 Debug druck set-a:   786      1.04369E+00        1.18380E-03        1.23552E-03
 Debug druck set-a:   787      1.04825E+00        1.23960E-03        1.29941E-03
 Debug druck set-a:   788      1.05223E+00        1.29800E-03        1.36580E-03
 Debug druck set-a:   789      1.05546E+00        1.35920E-03        1.43458E-03
 Debug druck set-a:   790      1.05786E+00        1.42330E-03        1.50565E-03
 Debug druck set-a:   791      1.05938E+00        1.49030E-03        1.57880E-03
 Debug druck set-a:   792      1.05972E+00        1.56060E-03        1.65379E-03
 Debug druck set-a:   793      1.05884E+00        1.63410E-03        1.73025E-03
 Debug druck set-a:   794      1.05649E+00        1.71110E-03        1.80776E-03
 Debug druck set-a:   795      1.05243E+00        1.79180E-03        1.88575E-03
 Debug druck set-a:   796      1.04652E+00        1.87620E-03        1.96348E-03
 Debug druck set-a:   797      1.03836E+00        1.96470E-03        2.04007E-03
 Debug druck set-a:   798      9.29861E-01        2.05720E-03        1.91291E-03
 Debug druck set-a:   799      7.39310E-01        2.15420E-03        1.59262E-03
 Debug druck set-a:   800      4.94720E-01        2.25570E-03        1.11594E-03
 Debug druck set-a:   801      2.56620E-01        2.36210E-03        6.06162E-04
 Debug druck set-a:   802      1.70495E-02        2.47330E-03        4.21686E-05



          Low               High              Mid              Energy           Number             dn/de            E*dn/de          Cumulative
         Energy            Energy            Energy             Width          Fraction                               Sum   
         [MeV]             [MeV]             [MeV]              [MeV]

       1.58489E-02       1.65959E-02       1.62224E-02       7.47000E-04       0.00000E+00       0.00000E+00       0.00000E+00       0.00000E+00
       1.65959E-02       1.73780E-02       1.69870E-02       7.82100E-04       1.80307E-03       2.30542E+00       3.91621E-02       1.80307E-03
       1.73780E-02       1.81970E-02       1.77875E-02       8.19000E-04       9.10849E-03       1.11215E+01       1.97823E-01       1.09116E-02
       1.81970E-02       1.90546E-02       1.86258E-02       8.57600E-04       1.60519E-02       1.87173E+01       3.48624E-01       2.69635E-02
       1.90546E-02       1.99526E-02       1.95036E-02       8.98000E-04       2.29281E-02       2.55324E+01       4.97973E-01       4.98916E-02
       1.99526E-02       2.08930E-02       2.04228E-02       9.40400E-04       2.84747E-02       3.02793E+01       6.18389E-01       7.83663E-02
       2.08930E-02       2.18776E-02       2.13853E-02       9.84600E-04       3.18141E-02       3.23117E+01       6.90996E-01       1.10180E-01
       2.18776E-02       2.29087E-02       2.23931E-02       1.03110E-03       3.35144E-02       3.25035E+01       7.27856E-01       1.43695E-01
       2.29087E-02       2.39883E-02       2.34485E-02       1.07960E-03       3.52947E-02       3.26923E+01       7.66586E-01       1.78989E-01
       2.39883E-02       2.51189E-02       2.45536E-02       1.13060E-03       3.71554E-02       3.28634E+01       8.06916E-01       2.16145E-01
       2.51189E-02       2.63027E-02       2.57108E-02       1.18380E-03       3.90974E-02       3.30271E+01       8.49152E-01       2.55242E-01
       2.63027E-02       2.75423E-02       2.69225E-02       1.23960E-03       4.11192E-02       3.31713E+01       8.93054E-01       2.96361E-01
       2.75423E-02       2.88403E-02       2.81913E-02       1.29800E-03       4.32201E-02       3.32974E+01       9.38698E-01       3.39581E-01
       2.88403E-02       3.01995E-02       2.95199E-02       1.35920E-03       4.53966E-02       3.33995E+01       9.85950E-01       3.84978E-01
       3.01995E-02       3.16228E-02       3.09112E-02       1.42330E-03       4.76455E-02       3.34754E+01       1.03476E+00       4.32624E-01
       3.16228E-02       3.31131E-02       3.23680E-02       1.49030E-03       4.99603E-02       3.35237E+01       1.08509E+00       4.82584E-01
       3.31131E-02       3.46737E-02       3.38934E-02       1.56060E-03       5.23334E-02       3.35342E+01       1.13659E+00       5.34917E-01
       3.46737E-02       3.63078E-02       3.54908E-02       1.63410E-03       5.47529E-02       3.35064E+01       1.18917E+00       5.89670E-01
       3.63078E-02       3.80189E-02       3.71633E-02       1.71110E-03       5.72057E-02       3.34321E+01       1.24245E+00       6.46876E-01
       3.80189E-02       3.98107E-02       3.89148E-02       1.79180E-03       5.96736E-02       3.33037E+01       1.29601E+00       7.06549E-01
       3.98107E-02       4.16869E-02       4.07488E-02       1.87620E-03       6.21333E-02       3.31166E+01       1.34946E+00       7.68683E-01
       4.16869E-02       4.36516E-02       4.26693E-02       1.96470E-03       6.45570E-02       3.28584E+01       1.40204E+00       8.33240E-01
       4.36516E-02       4.57088E-02       4.46802E-02       2.05720E-03       6.05331E-02       2.94250E+01       1.31471E+00       8.93773E-01
       4.57088E-02       4.78630E-02       4.67859E-02       2.15420E-03       5.03977E-02       2.33951E+01       1.09456E+00       9.44170E-01
       4.78630E-02       5.01187E-02       4.89908E-02       2.25570E-03       3.53134E-02       1.56552E+01       7.66960E-01       9.79484E-01
       5.01187E-02       5.24808E-02       5.12998E-02       2.36210E-03       1.91817E-02       8.12060E+00       4.16585E-01       9.98666E-01
       5.24808E-02       5.49541E-02       5.37174E-02       2.47330E-03       1.33440E-03       5.39524E-01       2.89818E-02       1.00000E+00

 Sum =                                                                         1.00000E+00
 Renormalization bin#   885 =                                                  3.16011E-02 barn        2.39883E+06        2.51189E+06        2.45536E+06
 Avg. Energy     bin#   885 =                                                  3.37516E-02 MeV         2.39883E+06        2.51189E+06
