"        MT= 67 recoil spectrum "
" Initial neutron energy corresponds to the group:"
   2.75423E+00    2.88403E+00       0.00000E+00           783           802            20
 Debug druck set-a:   783      0.00000E+00        1.03110E-03        0.00000E+00
 Debug druck set-a:   784      1.87113E-04        1.07960E-03        2.02007E-07
 Debug druck set-a:   785      2.63833E-02        1.13060E-03        2.98290E-05
 Debug druck set-a:   786      5.94126E-02        1.18380E-03        7.03326E-05
 Debug druck set-a:   787      9.24249E-02        1.23960E-03        1.14570E-04
 Debug druck set-a:   788      1.02771E-01        1.29800E-03        1.33397E-04
 Debug druck set-a:   789      1.24823E-01        1.35920E-03        1.69659E-04
 Debug druck set-a:   790      1.32085E-01        1.42330E-03        1.87997E-04
 Debug druck set-a:   791      1.38738E-01        1.49030E-03        2.06762E-04
 Debug druck set-a:   792      1.39779E-01        1.56060E-03        2.18139E-04
 Debug druck set-a:   793      1.40496E-01        1.63410E-03        2.29585E-04
 Debug druck set-a:   794      1.40831E-01        1.71110E-03        2.40975E-04
 Debug druck set-a:   795      1.40720E-01        1.79180E-03        2.52142E-04
 Debug druck set-a:   796      1.38798E-01        1.87620E-03        2.60412E-04
 Debug druck set-a:   797      1.29595E-01        1.96470E-03        2.54616E-04
 Debug druck set-a:   798      1.15049E-01        2.05720E-03        2.36679E-04
 Debug druck set-a:   799      1.00364E-01        2.15420E-03        2.16204E-04
 Debug druck set-a:   800      7.16487E-02        2.25570E-03        1.61618E-04
 Debug druck set-a:   801      4.48076E-02        2.36210E-03        1.05840E-04
 Debug druck set-a:   802      7.47859E-03        2.47330E-03        1.84968E-05



          Low               High              Mid              Energy           Number             dn/de            E*dn/de          Cumulative
         Energy            Energy            Energy             Width          Fraction                               Sum   
         [MeV]             [MeV]             [MeV]              [MeV]

       2.18776E-02       2.29087E-02       2.23931E-02       1.03110E-03       0.00000E+00       0.00000E+00       0.00000E+00       0.00000E+00
       2.29087E-02       2.39883E-02       2.34485E-02       1.07960E-03       6.50072E-05       6.02141E-02       1.41193E-03       6.50072E-05
       2.39883E-02       2.51189E-02       2.45536E-02       1.13060E-03       9.59917E-03       8.49034E+00       2.08468E-01       9.66418E-03
       2.51189E-02       2.63027E-02       2.57108E-02       1.18380E-03       2.26335E-02       1.91194E+01       4.91575E-01       3.22977E-02
       2.63027E-02       2.75423E-02       2.69225E-02       1.23960E-03       3.68694E-02       2.97429E+01       8.00754E-01       6.91671E-02
       2.75423E-02       2.88403E-02       2.81913E-02       1.29800E-03       4.29280E-02       3.30725E+01       9.32356E-01       1.12095E-01
       2.88403E-02       3.01995E-02       2.95199E-02       1.35920E-03       5.45974E-02       4.01688E+01       1.18578E+00       1.66693E-01
       3.01995E-02       3.16228E-02       3.09112E-02       1.42330E-03       6.04987E-02       4.25059E+01       1.31391E+00       2.27191E-01
       3.16228E-02       3.31131E-02       3.23680E-02       1.49030E-03       6.65374E-02       4.46470E+01       1.44513E+00       2.93729E-01
       3.31131E-02       3.46737E-02       3.38934E-02       1.56060E-03       7.01986E-02       4.49819E+01       1.52459E+00       3.63927E-01
       3.46737E-02       3.63078E-02       3.54908E-02       1.63410E-03       7.38820E-02       4.52126E+01       1.60463E+00       4.37809E-01
       3.63078E-02       3.80189E-02       3.71633E-02       1.71110E-03       7.75474E-02       4.53203E+01       1.68425E+00       5.15357E-01
       3.80189E-02       3.98107E-02       3.89148E-02       1.79180E-03       8.11410E-02       4.52846E+01       1.76224E+00       5.96498E-01
       3.98107E-02       4.16869E-02       4.07488E-02       1.87620E-03       8.38023E-02       4.46660E+01       1.82009E+00       6.80300E-01
       4.16869E-02       4.36516E-02       4.26693E-02       1.96470E-03       8.19371E-02       4.17046E+01       1.77950E+00       7.62237E-01
       4.36516E-02       4.57088E-02       4.46802E-02       2.05720E-03       7.61649E-02       3.70236E+01       1.65422E+00       8.38402E-01
       4.57088E-02       4.78630E-02       4.67859E-02       2.15420E-03       6.95759E-02       3.22978E+01       1.51108E+00       9.07978E-01
       4.78630E-02       5.01187E-02       4.89908E-02       2.25570E-03       5.20098E-02       2.30570E+01       1.12958E+00       9.59988E-01
       5.01187E-02       5.24808E-02       5.12998E-02       2.36210E-03       3.40600E-02       1.44194E+01       7.39710E-01       9.94048E-01
       5.24808E-02       5.49541E-02       5.37174E-02       2.47330E-03       5.95239E-03       2.40666E+00       1.29280E-01       1.00000E+00

 Sum =                                                                         1.00000E+00
 Renormalization bin#   888 =                                                  3.10746E-03 barn        2.75423E+06        2.88403E+06        2.81913E+06
 Avg. Energy     bin#   888 =                                                  3.78826E-02 MeV         2.75423E+06        2.88403E+06
