"        MT= 63 recoil spectrum "
" Initial neutron energy corresponds to the group:"
   2.75423E+00    2.88403E+00       0.00000E+00           778           805            28
 Debug druck set-a:   778      0.00000E+00        8.19000E-04        0.00000E+00
 Debug druck set-a:   779      1.28464E-01        8.57600E-04        1.10171E-04
 Debug druck set-a:   780      3.85004E-01        8.98000E-04        3.45734E-04
 Debug druck set-a:   781      6.17030E-01        9.40400E-04        5.80255E-04
 Debug druck set-a:   782      8.53501E-01        9.84600E-04        8.40357E-04
 Debug druck set-a:   783      9.48540E-01        1.03110E-03        9.78039E-04
 Debug druck set-a:   784      9.47729E-01        1.07960E-03        1.02317E-03
 Debug druck set-a:   785      9.45790E-01        1.13060E-03        1.06931E-03
 Debug druck set-a:   786      9.43978E-01        1.18380E-03        1.11748E-03
 Debug druck set-a:   787      9.42069E-01        1.23960E-03        1.16779E-03
 Debug druck set-a:   788      9.40200E-01        1.29800E-03        1.22038E-03
 Debug druck set-a:   789      9.38361E-01        1.35920E-03        1.27542E-03
 Debug druck set-a:   790      9.36633E-01        1.42330E-03        1.33311E-03
 Debug druck set-a:   791      9.35140E-01        1.49030E-03        1.39364E-03
 Debug druck set-a:   792      9.33796E-01        1.56060E-03        1.45728E-03
 Debug druck set-a:   793      9.32794E-01        1.63410E-03        1.52428E-03
 Debug druck set-a:   794      9.32121E-01        1.71110E-03        1.59495E-03
 Debug druck set-a:   795      9.31839E-01        1.79180E-03        1.66967E-03
 Debug druck set-a:   796      9.32087E-01        1.87620E-03        1.74878E-03
 Debug druck set-a:   797      9.32818E-01        1.96470E-03        1.83271E-03
 Debug druck set-a:   798      9.34236E-01        2.05720E-03        1.92191E-03
 Debug druck set-a:   799      9.36223E-01        2.15420E-03        2.01681E-03
 Debug druck set-a:   800      9.38875E-01        2.25570E-03        2.11782E-03
 Debug druck set-a:   801      9.42093E-01        2.36210E-03        2.22532E-03
 Debug druck set-a:   802      8.63369E-01        2.47330E-03        2.13537E-03
 Debug druck set-a:   803      6.47273E-01        2.58990E-03        1.67637E-03
 Debug druck set-a:   804      4.05365E-01        2.71200E-03        1.09935E-03
 Debug druck set-a:   805      1.57014E-01        2.83970E-03        4.45872E-04



          Low               High              Mid              Energy           Number             dn/de            E*dn/de          Cumulative
         Energy            Energy            Energy             Width          Fraction                               Sum   
         [MeV]             [MeV]             [MeV]              [MeV]

       1.73780E-02       1.81970E-02       1.77875E-02       8.19000E-04       0.00000E+00       0.00000E+00       0.00000E+00       0.00000E+00
       1.81970E-02       1.90546E-02       1.86258E-02       8.57600E-04       3.06701E-03       3.57627E+00       6.66108E-02       3.06701E-03
       1.90546E-02       1.99526E-02       1.95036E-02       8.98000E-04       9.62475E-03       1.07180E+01       2.09039E-01       1.26918E-02
       1.99526E-02       2.08930E-02       2.04228E-02       9.40400E-04       1.61535E-02       1.71772E+01       3.50807E-01       2.88452E-02
       2.08930E-02       2.18776E-02       2.13853E-02       9.84600E-04       2.33944E-02       2.37603E+01       5.08121E-01       5.22396E-02
       2.18776E-02       2.29087E-02       2.23931E-02       1.03110E-03       2.72272E-02       2.64060E+01       5.91314E-01       7.94668E-02
       2.29087E-02       2.39883E-02       2.34485E-02       1.07960E-03       2.84836E-02       2.63835E+01       6.18652E-01       1.07950E-01
       2.39883E-02       2.51189E-02       2.45536E-02       1.13060E-03       2.97681E-02       2.63295E+01       6.46483E-01       1.37719E-01
       2.51189E-02       2.63027E-02       2.57108E-02       1.18380E-03       3.11091E-02       2.62790E+01       6.75655E-01       1.68828E-01
       2.63027E-02       2.75423E-02       2.69225E-02       1.23960E-03       3.25096E-02       2.62259E+01       7.06066E-01       2.01337E-01
       2.75423E-02       2.88403E-02       2.81913E-02       1.29800E-03       3.39737E-02       2.61739E+01       7.37875E-01       2.35311E-01
       2.88403E-02       3.01995E-02       2.95199E-02       1.35920E-03       3.55059E-02       2.61227E+01       7.71138E-01       2.70817E-01
       3.01995E-02       3.16228E-02       3.09112E-02       1.42330E-03       3.71119E-02       2.60745E+01       8.05994E-01       3.07929E-01
       3.16228E-02       3.31131E-02       3.23680E-02       1.49030E-03       3.87970E-02       2.60330E+01       8.42634E-01       3.46726E-01
       3.31131E-02       3.46737E-02       3.38934E-02       1.56060E-03       4.05686E-02       2.59956E+01       8.81078E-01       3.87294E-01
       3.46737E-02       3.63078E-02       3.54908E-02       1.63410E-03       4.24338E-02       2.59677E+01       9.21612E-01       4.29728E-01
       3.63078E-02       3.80189E-02       3.71633E-02       1.71110E-03       4.44012E-02       2.59489E+01       9.64349E-01       4.74129E-01
       3.80189E-02       3.98107E-02       3.89148E-02       1.79180E-03       4.64813E-02       2.59411E+01       1.00949E+00       5.20611E-01
       3.98107E-02       4.16869E-02       4.07488E-02       1.87620E-03       4.86836E-02       2.59480E+01       1.05735E+00       5.69294E-01
       4.16869E-02       4.36516E-02       4.26693E-02       1.96470E-03       5.10201E-02       2.59683E+01       1.10805E+00       6.20314E-01
       4.36516E-02       4.57088E-02       4.46802E-02       2.05720E-03       5.35033E-02       2.60078E+01       1.16203E+00       6.73818E-01
       4.57088E-02       4.78630E-02       4.67859E-02       2.15420E-03       5.61452E-02       2.60631E+01       1.21939E+00       7.29963E-01
       4.78630E-02       5.01187E-02       4.89908E-02       2.25570E-03       5.89571E-02       2.61370E+01       1.28047E+00       7.88920E-01
       5.01187E-02       5.24808E-02       5.12998E-02       2.36210E-03       6.19498E-02       2.62266E+01       1.34542E+00       8.50870E-01
       5.24808E-02       5.49541E-02       5.37174E-02       2.47330E-03       5.94457E-02       2.40350E+01       1.29110E+00       9.10315E-01
       5.49541E-02       5.75440E-02       5.62491E-02       2.58990E-03       4.66678E-02       1.80192E+01       1.01356E+00       9.56983E-01
       5.75440E-02       6.02560E-02       5.89000E-02       2.71200E-03       3.06044E-02       1.12848E+01       6.64674E-01       9.87587E-01
       6.02560E-02       6.30957E-02       6.16758E-02       2.83970E-03       1.24125E-02       4.37104E+00       2.69588E-01       1.00000E+00

 Sum =                                                                         1.00000E+00
 Renormalization bin#   888 =                                                  3.59214E-02 barn        2.75423E+06        2.88403E+06        2.81913E+06
 Avg. Energy     bin#   888 =                                                  3.91383E-02 MeV         2.75423E+06        2.88403E+06
