"        MT= 66 recoil spectrum "
" Initial neutron energy corresponds to the group:"
   2.60000E+01    2.62000E+01       0.00000E+00           845           872            28
 Debug druck set-a:   845      0.00000E+00        1.79180E-02        0.00000E+00
 Debug druck set-a:   846      5.43439E-11        1.87620E-02        1.01960E-12
 Debug druck set-a:   847      5.36621E-11        1.96470E-02        1.05430E-12
 Debug druck set-a:   848      5.30770E-11        2.05720E-02        1.09190E-12
 Debug druck set-a:   849      5.25764E-11        2.15420E-02        1.13260E-12
 Debug druck set-a:   850      5.21479E-11        2.25570E-02        1.17630E-12
 Debug druck set-a:   851      5.17548E-11        2.36210E-02        1.22250E-12
 Debug druck set-a:   852      5.13686E-11        2.47330E-02        1.27050E-12
 Debug druck set-a:   853      5.09556E-11        2.58990E-02        1.31970E-12
 Debug druck set-a:   854      5.05236E-11        2.71200E-02        1.37020E-12
 Debug druck set-a:   855      5.01074E-11        2.83970E-02        1.42290E-12
 Debug druck set-a:   856      4.97612E-11        2.97360E-02        1.47970E-12
 Debug druck set-a:   857      4.95761E-11        3.11380E-02        1.54370E-12
 Debug druck set-a:   858      4.96120E-11        3.26050E-02        1.61760E-12
 Debug druck set-a:   859      4.98946E-11        3.41420E-02        1.70350E-12
 Debug druck set-a:   860      5.03804E-11        3.57500E-02        1.80110E-12
 Debug druck set-a:   861      5.09670E-11        3.74360E-02        1.90800E-12
 Debug druck set-a:   862      5.15867E-11        3.92000E-02        2.02220E-12
 Debug druck set-a:   863      5.22791E-11        4.10470E-02        2.14590E-12
 Debug druck set-a:   864      5.32432E-11        4.29820E-02        2.28850E-12
 Debug druck set-a:   865      5.47870E-11        4.50070E-02        2.46580E-12
 Debug druck set-a:   866      5.71122E-11        4.71300E-02        2.69170E-12
 Debug druck set-a:   867      6.02634E-11        4.93500E-02        2.97400E-12
 Debug druck set-a:   868      6.45578E-11        5.16700E-02        3.33570E-12
 Debug druck set-a:   869      7.13084E-11        5.41100E-02        3.85850E-12
 Debug druck set-a:   870      8.23615E-11        5.66600E-02        4.66660E-12
 Debug druck set-a:   871      1.03793E-10        5.93400E-02        6.15910E-12
 Debug druck set-a:   872      1.87041E-10        6.21200E-02        1.16190E-11



          Low               High              Mid              Energy           Number             dn/de            E*dn/de          Cumulative
         Energy            Energy            Energy             Width          Fraction                               Sum   
         [MeV]             [MeV]             [MeV]              [MeV]

       3.80189E-01       3.98107E-01       3.89148E-01       1.79180E-02       0.00000E+00       0.00000E+00       0.00000E+00       0.00000E+00
       3.98107E-01       4.16869E-01       4.07488E-01       1.87620E-02       1.53644E-02       8.18912E-01       3.33697E-01       1.53644E-02
       4.16869E-01       4.36516E-01       4.26692E-01       1.96470E-02       1.58873E-02       8.08638E-01       3.45040E-01       3.12517E-02
       4.36516E-01       4.57088E-01       4.46802E-01       2.05720E-02       1.64539E-02       7.99821E-01       3.57362E-01       4.77057E-02
       4.57088E-01       4.78630E-01       4.67859E-01       2.15420E-02       1.70672E-02       7.92277E-01       3.70674E-01       6.47729E-02
       4.78630E-01       5.01187E-01       4.89909E-01       2.25570E-02       1.77257E-02       7.85820E-01       3.84980E-01       8.24986E-02
       5.01187E-01       5.24808E-01       5.12998E-01       2.36210E-02       1.84219E-02       7.79897E-01       4.00085E-01       1.00921E-01
       5.24808E-01       5.49541E-01       5.37174E-01       2.47330E-02       1.91453E-02       7.74077E-01       4.15815E-01       1.20066E-01
       5.49541E-01       5.75440E-01       5.62490E-01       2.58990E-02       1.98867E-02       7.67854E-01       4.31911E-01       1.39952E-01
       5.75440E-01       6.02560E-01       5.89000E-01       2.71200E-02       2.06476E-02       7.61344E-01       4.48431E-01       1.60600E-01
       6.02560E-01       6.30957E-01       6.16758E-01       2.83970E-02       2.14418E-02       7.55072E-01       4.65697E-01       1.82042E-01
       6.30957E-01       6.60693E-01       6.45825E-01       2.97360E-02       2.22977E-02       7.49855E-01       4.84275E-01       2.04340E-01
       6.60693E-01       6.91831E-01       6.76262E-01       3.11380E-02       2.32621E-02       7.47065E-01       5.05212E-01       2.27602E-01
       6.91831E-01       7.24436E-01       7.08133E-01       3.26050E-02       2.43757E-02       7.47607E-01       5.29406E-01       2.51977E-01
       7.24436E-01       7.58578E-01       7.41507E-01       3.41420E-02       2.56702E-02       7.51865E-01       5.57513E-01       2.77648E-01
       7.58578E-01       7.94328E-01       7.76453E-01       3.57500E-02       2.71409E-02       7.59186E-01       5.89472E-01       3.04789E-01
       7.94328E-01       8.31764E-01       8.13046E-01       3.74360E-02       2.87518E-02       7.68025E-01       6.24440E-01       3.33540E-01
       8.31764E-01       8.70964E-01       8.51364E-01       3.92000E-02       3.04727E-02       7.77364E-01       6.61820E-01       3.64013E-01
       8.70964E-01       9.12011E-01       8.91487E-01       4.10470E-02       3.23367E-02       7.87797E-01       7.02311E-01       3.96350E-01
       9.12011E-01       9.54993E-01       9.33502E-01       4.29820E-02       3.44856E-02       8.02326E-01       7.48973E-01       4.30835E-01
       9.54993E-01       1.00000E+00       9.77497E-01       4.50070E-02       3.71573E-02       8.25590E-01       8.07011E-01       4.67993E-01
       1.00000E+00       1.04713E+00       1.02357E+00       4.71300E-02       4.05614E-02       8.60628E-01       8.80909E-01       5.08554E-01
       1.04713E+00       1.09648E+00       1.07181E+00       4.93500E-02       4.48154E-02       9.08114E-01       9.73321E-01       5.53369E-01
       1.09648E+00       1.14815E+00       1.12231E+00       5.16700E-02       5.02659E-02       9.72826E-01       1.09182E+00       6.03635E-01
       1.14815E+00       1.20226E+00       1.17520E+00       5.41100E-02       5.81440E-02       1.07455E+00       1.26282E+00       6.61779E-01
       1.20226E+00       1.25892E+00       1.23059E+00       5.66600E-02       7.03213E-02       1.24111E+00       1.52730E+00       7.32101E-01
       1.25892E+00       1.31826E+00       1.28859E+00       5.93400E-02       9.28119E-02       1.56407E+00       2.01544E+00       8.24913E-01
       1.31826E+00       1.38038E+00       1.34932E+00       6.21200E-02       1.75088E-01       2.81854E+00       3.80311E+00       1.00000E+00

 Sum =                                                                         1.00000E+00
 Renormalization bin#  1006 =                                                  6.63611E-11 barn        2.60000E+07        2.62000E+07        2.61000E+07
 Avg. Energy     bin#  1006 =                                                  9.84208E-01 MeV         2.60000E+07        2.62000E+07
