"        MT= 58 recoil spectrum "
" Initial neutron energy corresponds to the group:"
   2.90000E+01    2.92000E+01       0.00000E+00           859           875            17
 Debug druck set-a:   859      0.00000E+00        3.41420E-02        0.00000E+00
 Debug druck set-a:   860      2.79748E-11        3.57500E-02        1.00010E-12
 Debug druck set-a:   861      2.79918E-11        3.74360E-02        1.04790E-12
 Debug druck set-a:   862      2.80638E-11        3.92000E-02        1.10010E-12
 Debug druck set-a:   863      2.82067E-11        4.10470E-02        1.15780E-12
 Debug druck set-a:   864      2.84491E-11        4.29820E-02        1.22280E-12
 Debug druck set-a:   865      2.88244E-11        4.50070E-02        1.29730E-12
 Debug druck set-a:   866      2.93698E-11        4.71300E-02        1.38420E-12
 Debug druck set-a:   867      3.01236E-11        4.93500E-02        1.48660E-12
 Debug druck set-a:   868      3.11206E-11        5.16700E-02        1.60800E-12
 Debug druck set-a:   869      3.24136E-11        5.41100E-02        1.75390E-12
 Debug druck set-a:   870      3.42076E-11        5.66600E-02        1.93820E-12
 Debug druck set-a:   871      3.69515E-11        5.93400E-02        2.19270E-12
 Debug druck set-a:   872      4.14053E-11        6.21200E-02        2.57210E-12
 Debug druck set-a:   873      4.78128E-11        6.50600E-02        3.11070E-12
 Debug druck set-a:   874      5.37302E-11        6.81200E-02        3.66010E-12
 Debug druck set-a:   875      3.58138E-11        7.13300E-02        2.55460E-12



          Low               High              Mid              Energy           Number             dn/de            E*dn/de          Cumulative
         Energy            Energy            Energy             Width          Fraction                               Sum   
         [MeV]             [MeV]             [MeV]              [MeV]

       7.24436E-01       7.58578E-01       7.41507E-01       3.41420E-02       0.00000E+00       0.00000E+00       0.00000E+00       0.00000E+00
       7.58578E-01       7.94328E-01       7.76453E-01       3.57500E-02       3.43829E-02       9.61761E-01       7.46762E-01       3.43829E-02
       7.94328E-01       8.31764E-01       8.13046E-01       3.74360E-02       3.60263E-02       9.62343E-01       7.82429E-01       7.04092E-02
       8.31764E-01       8.70964E-01       8.51364E-01       3.92000E-02       3.78209E-02       9.64819E-01       8.21412E-01       1.08230E-01
       8.70964E-01       9.12011E-01       8.91487E-01       4.10470E-02       3.98046E-02       9.69732E-01       8.64504E-01       1.48035E-01
       9.12011E-01       9.54993E-01       9.33502E-01       4.29820E-02       4.20393E-02       9.78066E-01       9.13027E-01       1.90074E-01
       9.54993E-01       1.00000E+00       9.77497E-01       4.50070E-02       4.46005E-02       9.90969E-01       9.68668E-01       2.34674E-01
       1.00000E+00       1.04713E+00       1.02357E+00       4.71300E-02       4.75881E-02       1.00972E+00       1.03351E+00       2.82263E-01
       1.04713E+00       1.09648E+00       1.07181E+00       4.93500E-02       5.11086E-02       1.03563E+00       1.11000E+00       3.33371E-01
       1.09648E+00       1.14815E+00       1.12231E+00       5.16700E-02       5.52822E-02       1.06991E+00       1.20078E+00       3.88653E-01
       1.14815E+00       1.20226E+00       1.17520E+00       5.41100E-02       6.02982E-02       1.11436E+00       1.30961E+00       4.48952E-01
       1.20226E+00       1.25892E+00       1.23059E+00       5.66600E-02       6.66344E-02       1.17604E+00       1.44722E+00       5.15586E-01
       1.25892E+00       1.31826E+00       1.28859E+00       5.93400E-02       7.53839E-02       1.27037E+00       1.63699E+00       5.90970E-01
       1.31826E+00       1.38038E+00       1.34932E+00       6.21200E-02       8.84275E-02       1.42350E+00       1.92075E+00       6.79397E-01
       1.38038E+00       1.44544E+00       1.41291E+00       6.50600E-02       1.06944E-01       1.64378E+00       2.32251E+00       7.86342E-01
       1.44544E+00       1.51356E+00       1.47950E+00       6.81200E-02       1.25832E-01       1.84722E+00       2.73296E+00       9.12174E-01
       1.51356E+00       1.58489E+00       1.54923E+00       7.13300E-02       8.78259E-02       1.23126E+00       1.90750E+00       1.00000E+00

 Sum =                                                                         1.00000E+00
 Renormalization bin#  1021 =                                                  2.90871E-11 barn        2.90000E+07        2.92000E+07        2.91000E+07
 Avg. Energy     bin#  1021 =                                                  1.21470E+00 MeV         2.90000E+07        2.92000E+07
