"        MT= 66 recoil spectrum "
" Initial neutron energy corresponds to the group:"
   2.64000E+01    2.66000E+01       0.00000E+00           852           873            22
 Debug druck set-a:   852      0.00000E+00        2.47330E-02        0.00000E+00
 Debug druck set-a:   853      3.92679E-11        2.58990E-02        1.01700E-12
 Debug druck set-a:   854      3.89344E-11        2.71200E-02        1.05590E-12
 Debug druck set-a:   855      3.85991E-11        2.83970E-02        1.09610E-12
 Debug druck set-a:   856      3.82970E-11        2.97360E-02        1.13880E-12
 Debug druck set-a:   857      3.80949E-11        3.11380E-02        1.18620E-12
 Debug druck set-a:   858      3.80586E-11        3.26050E-02        1.24090E-12
 Debug druck set-a:   859      3.82169E-11        3.41420E-02        1.30480E-12
 Debug druck set-a:   860      3.85538E-11        3.57500E-02        1.37830E-12
 Debug druck set-a:   861      3.89972E-11        3.74360E-02        1.45990E-12
 Debug druck set-a:   862      3.94719E-11        3.92000E-02        1.54730E-12
 Debug druck set-a:   863      3.99615E-11        4.10470E-02        1.64030E-12
 Debug druck set-a:   864      4.05891E-11        4.29820E-02        1.74460E-12
 Debug druck set-a:   865      4.15913E-11        4.50070E-02        1.87190E-12
 Debug druck set-a:   866      4.31721E-11        4.71300E-02        2.03470E-12
 Debug druck set-a:   867      4.53860E-11        4.93500E-02        2.23980E-12
 Debug druck set-a:   868      4.82969E-11        5.16700E-02        2.49550E-12
 Debug druck set-a:   869      5.26058E-11        5.41100E-02        2.84650E-12
 Debug druck set-a:   870      5.98412E-11        5.66600E-02        3.39060E-12
 Debug druck set-a:   871      7.18605E-11        5.93400E-02        4.26420E-12
 Debug druck set-a:   872      1.19747E-10        6.21200E-02        7.43870E-12
 Debug druck set-a:   873      5.46987E-11        6.50600E-02        3.55870E-12



          Low               High              Mid              Energy           Number             dn/de            E*dn/de          Cumulative
         Energy            Energy            Energy             Width          Fraction                               Sum   
         [MeV]             [MeV]             [MeV]              [MeV]

       5.24808E-01       5.49541E-01       5.37174E-01       2.47330E-02       0.00000E+00       0.00000E+00       0.00000E+00       0.00000E+00
       5.49541E-01       5.75440E-01       5.62490E-01       2.58990E-02       2.21324E-02       8.54566E-01       4.80685E-01       2.21324E-02
       5.75440E-01       6.02560E-01       5.89000E-01       2.71200E-02       2.29790E-02       8.47307E-01       4.99064E-01       4.51114E-02
       6.02560E-01       6.30957E-01       6.16758E-01       2.83970E-02       2.38538E-02       8.40012E-01       5.18085E-01       6.89652E-02
       6.30957E-01       6.60693E-01       6.45825E-01       2.97360E-02       2.47831E-02       8.33437E-01       5.38254E-01       9.37483E-02
       6.60693E-01       6.91831E-01       6.76262E-01       3.11380E-02       2.58146E-02       8.29039E-01       5.60648E-01       1.19563E-01
       6.91831E-01       7.24436E-01       7.08133E-01       3.26050E-02       2.70050E-02       8.28248E-01       5.86510E-01       1.46568E-01
       7.24436E-01       7.58578E-01       7.41507E-01       3.41420E-02       2.83957E-02       8.31693E-01       6.16706E-01       1.74964E-01
       7.58578E-01       7.94328E-01       7.76453E-01       3.57500E-02       2.99952E-02       8.39026E-01       6.51464E-01       2.04959E-01
       7.94328E-01       8.31764E-01       8.13046E-01       3.74360E-02       3.17710E-02       8.48675E-01       6.90012E-01       2.36730E-01
       8.31764E-01       8.70964E-01       8.51364E-01       3.92000E-02       3.36730E-02       8.59006E-01       7.31327E-01       2.70403E-01
       8.70964E-01       9.12011E-01       8.91487E-01       4.10470E-02       3.56970E-02       8.69660E-01       7.75291E-01       3.06100E-01
       9.12011E-01       9.54993E-01       9.33502E-01       4.29820E-02       3.79668E-02       8.83318E-01       8.24579E-01       3.44067E-01
       9.54993E-01       1.00000E+00       9.77497E-01       4.50070E-02       4.07371E-02       9.05129E-01       8.84760E-01       3.84804E-01
       1.00000E+00       1.04713E+00       1.02357E+00       4.71300E-02       4.42801E-02       9.39530E-01       9.61670E-01       4.29084E-01
       1.04713E+00       1.09648E+00       1.07181E+00       4.93500E-02       4.87435E-02       9.87711E-01       1.05863E+00       4.77827E-01
       1.09648E+00       1.14815E+00       1.12231E+00       5.16700E-02       5.43082E-02       1.05106E+00       1.17962E+00       5.32136E-01
       1.14815E+00       1.20226E+00       1.17520E+00       5.41100E-02       6.19468E-02       1.14483E+00       1.34541E+00       5.94082E-01
       1.20226E+00       1.25892E+00       1.23059E+00       5.66600E-02       7.37878E-02       1.30229E+00       1.60259E+00       6.67870E-01
       1.25892E+00       1.31826E+00       1.28859E+00       5.93400E-02       9.27995E-02       1.56386E+00       2.01517E+00       7.60670E-01
       1.31826E+00       1.38038E+00       1.34932E+00       6.21200E-02       1.61884E-01       2.60599E+00       3.51632E+00       9.22554E-01
       1.38038E+00       1.44544E+00       1.41291E+00       6.50600E-02       7.74461E-02       1.19038E+00       1.68190E+00       1.00000E+00

 Sum =                                                                         1.00000E+00
 Renormalization bin#  1008 =                                                  4.59507E-11 barn        2.64000E+07        2.66000E+07        2.65000E+07
 Avg. Energy     bin#  1008 =                                                  1.06877E+00 MeV         2.64000E+07        2.66000E+07
