"        MT= 53 recoil spectrum "
" Initial neutron energy corresponds to the group:"
   1.81970E+00    1.90546E+00       0.00000E+00           770           798            29
 Debug druck set-a:   770      0.00000E+00        5.66601E-04        0.00000E+00
 Debug druck set-a:   771      4.02761E-02        5.93399E-04        2.38998E-05
 Debug druck set-a:   772      9.24047E-01        6.21200E-04        5.74018E-04
 Debug druck set-a:   773      2.00804E+00        6.50601E-04        1.30643E-03
 Debug druck set-a:   774      3.04162E+00        6.81199E-04        2.07195E-03
 Debug druck set-a:   775      3.71076E+00        7.13301E-04        2.64689E-03
 Debug druck set-a:   776      3.95100E+00        7.47000E-04        2.95140E-03
 Debug druck set-a:   777      3.95295E+00        7.82100E-04        3.09160E-03
 Debug druck set-a:   778      3.95385E+00        8.19000E-04        3.23820E-03
 Debug druck set-a:   779      3.95464E+00        8.57600E-04        3.39150E-03
 Debug druck set-a:   780      3.95523E+00        8.98000E-04        3.55180E-03
 Debug druck set-a:   781      3.95528E+00        9.40400E-04        3.71955E-03
 Debug druck set-a:   782      3.95599E+00        9.84600E-04        3.89507E-03
 Debug druck set-a:   783      3.95576E+00        1.03110E-03        4.07878E-03
 Debug druck set-a:   784      3.95627E+00        1.07960E-03        4.27119E-03
 Debug druck set-a:   785      3.95613E+00        1.13060E-03        4.47280E-03
 Debug druck set-a:   786      3.95696E+00        1.18380E-03        4.68424E-03
 Debug druck set-a:   787      3.95776E+00        1.23960E-03        4.90604E-03
 Debug druck set-a:   788      3.95911E+00        1.29800E-03        5.13892E-03
 Debug druck set-a:   789      3.96088E+00        1.35920E-03        5.38362E-03
 Debug druck set-a:   790      3.96332E+00        1.42330E-03        5.64099E-03
 Debug druck set-a:   791      3.96690E+00        1.49030E-03        5.91188E-03
 Debug druck set-a:   792      3.97113E+00        1.56060E-03        6.19733E-03
 Debug druck set-a:   793      3.97662E+00        1.63410E-03        6.49820E-03
 Debug druck set-a:   794      3.95742E+00        1.71110E-03        6.77154E-03
 Debug druck set-a:   795      3.48028E+00        1.79180E-03        6.23596E-03
 Debug druck set-a:   796      2.50654E+00        1.87620E-03        4.70277E-03
 Debug druck set-a:   797      1.52095E+00        1.96470E-03        2.98821E-03
 Debug druck set-a:   798      4.39026E-01        2.05720E-03        9.03163E-04



          Low               High              Mid              Energy           Number             dn/de            E*dn/de          Cumulative
         Energy            Energy            Energy             Width          Fraction                               Sum   
         [MeV]             [MeV]             [MeV]              [MeV]

       1.20226E-02       1.25892E-02       1.23059E-02       5.66601E-04       0.00000E+00       0.00000E+00       0.00000E+00       0.00000E+00
       1.25892E-02       1.31826E-02       1.28859E-02       5.93399E-04       2.18767E-04       3.68667E-01       4.75060E-03       2.18767E-04
       1.31826E-02       1.38038E-02       1.34932E-02       6.21200E-04       5.25427E-03       8.45825E+00       1.14129E-01       5.47303E-03
       1.38038E-02       1.44544E-02       1.41291E-02       6.50601E-04       1.19584E-02       1.83805E+01       2.59701E-01       1.74314E-02
       1.44544E-02       1.51356E-02       1.47950E-02       6.81199E-04       1.89656E-02       2.78415E+01       4.11914E-01       3.63970E-02
       1.51356E-02       1.58489E-02       1.54923E-02       7.13301E-04       2.42283E-02       3.39664E+01       5.26216E-01       6.06253E-02
       1.58489E-02       1.65959E-02       1.62224E-02       7.47000E-04       2.70156E-02       3.61655E+01       5.86691E-01       8.76409E-02
       1.65959E-02       1.73780E-02       1.69870E-02       7.82100E-04       2.82989E-02       3.61833E+01       6.14644E-01       1.15940E-01
       1.73780E-02       1.81970E-02       1.77875E-02       8.19000E-04       2.96408E-02       3.61915E+01       6.43756E-01       1.45581E-01
       1.81970E-02       1.90546E-02       1.86258E-02       8.57600E-04       3.10441E-02       3.61988E+01       6.74231E-01       1.76625E-01
       1.90546E-02       1.99526E-02       1.95036E-02       8.98000E-04       3.25114E-02       3.62042E+01       7.06112E-01       2.09136E-01
       1.99526E-02       2.08930E-02       2.04228E-02       9.40400E-04       3.40469E-02       3.62046E+01       7.39400E-01       2.43183E-01
       2.08930E-02       2.18776E-02       2.13853E-02       9.84600E-04       3.56535E-02       3.62112E+01       7.74386E-01       2.78836E-01
       2.18776E-02       2.29087E-02       2.23931E-02       1.03110E-03       3.73351E-02       3.62090E+01       8.10833E-01       3.16171E-01
       2.29087E-02       2.39883E-02       2.34485E-02       1.07960E-03       3.90963E-02       3.62136E+01       8.49155E-01       3.55268E-01
       2.39883E-02       2.51189E-02       2.45536E-02       1.13060E-03       4.09417E-02       3.62124E+01       8.89145E-01       3.96210E-01
       2.51189E-02       2.63027E-02       2.57108E-02       1.18380E-03       4.28771E-02       3.62200E+01       9.31244E-01       4.39087E-01
       2.63027E-02       2.75423E-02       2.69225E-02       1.23960E-03       4.49074E-02       3.62273E+01       9.75329E-01       4.83994E-01
       2.75423E-02       2.88403E-02       2.81913E-02       1.29800E-03       4.70391E-02       3.62396E+01       1.02164E+00       5.31033E-01
       2.88403E-02       3.01995E-02       2.95199E-02       1.35920E-03       4.92789E-02       3.62558E+01       1.07027E+00       5.80312E-01
       3.01995E-02       3.16228E-02       3.09112E-02       1.42330E-03       5.16347E-02       3.62782E+01       1.12140E+00       6.31947E-01
       3.16228E-02       3.31131E-02       3.23680E-02       1.49030E-03       5.41143E-02       3.63110E+01       1.17531E+00       6.86061E-01
       3.31131E-02       3.46737E-02       3.38934E-02       1.56060E-03       5.67272E-02       3.63497E+01       1.23201E+00       7.42788E-01
       3.46737E-02       3.63078E-02       3.54908E-02       1.63410E-03       5.94812E-02       3.63999E+01       1.29186E+00       8.02270E-01
       3.63078E-02       3.80189E-02       3.71633E-02       1.71110E-03       6.19832E-02       3.62243E+01       1.34621E+00       8.64253E-01
       3.80189E-02       3.98107E-02       3.89148E-02       1.79180E-03       5.70808E-02       3.18567E+01       1.23970E+00       9.21334E-01
       3.98107E-02       4.16869E-02       4.07488E-02       1.87620E-03       4.30468E-02       2.29436E+01       9.34924E-01       9.64380E-01
       4.16869E-02       4.36516E-02       4.26693E-02       1.96470E-03       2.73526E-02       1.39220E+01       5.94040E-01       9.91733E-01
       4.36516E-02       4.57088E-02       4.46802E-02       2.05720E-03       8.26709E-03       4.01862E+00       1.79553E-01       1.00000E+00

 Sum =                                                                         1.00000E+00
 Renormalization bin#   879 =                                                  1.09248E-01 barn        1.81970E+06        1.90546E+06        1.86258E+06
 Avg. Energy     bin#   879 =                                                  2.80620E-02 MeV         1.81970E+06        1.90546E+06
