"        MT=107 recoil spectrum "
" Initial neutron energy corresponds to the group:"
   1.58489E-01    1.65959E-01       5.65200E-11           813           831            19
 Debug druck set-a:   813      0.00000E+00        4.10470E-03        0.00000E+00
 Debug druck set-a:   814      5.12517E-10        4.29820E-03        2.20290E-12
 Debug druck set-a:   815      8.21960E-10        4.50070E-03        3.69940E-12
 Debug druck set-a:   816      4.98663E-09        4.71300E-03        2.35020E-11
 Debug druck set-a:   817      5.13252E-09        4.93500E-03        2.53290E-11
 Debug druck set-a:   818      6.91852E-09        5.16700E-03        3.57480E-11
 Debug druck set-a:   819      7.03345E-09        5.41100E-03        3.80580E-11
 Debug druck set-a:   820      7.18443E-09        5.66600E-03        4.07070E-11
 Debug druck set-a:   821      7.22632E-09        5.93400E-03        4.28810E-11
 Debug druck set-a:   822      7.30425E-09        6.21200E-03        4.53740E-11
 Debug druck set-a:   823      7.36290E-09        6.50600E-03        4.79030E-11
 Debug druck set-a:   824      7.39885E-09        6.81200E-03        5.04010E-11
 Debug druck set-a:   825      7.47918E-09        7.13300E-03        5.33490E-11
 Debug druck set-a:   826      7.56626E-09        7.47000E-03        5.65200E-11
 Debug druck set-a:   827      7.99501E-09        7.82100E-03        6.25290E-11
 Debug druck set-a:   828      1.24884E-08        8.19000E-03        1.02280E-10
 Debug druck set-a:   829      2.13736E-08        8.57600E-03        1.83300E-10
 Debug druck set-a:   830      3.62194E-08        8.98000E-03        3.25250E-10
 Debug druck set-a:   831      1.47108E-09        9.40400E-03        1.38340E-11



          Low               High              Mid              Energy           Number             dn/de            E*dn/de          Cumulative
         Energy            Energy            Energy             Width          Fraction                               Sum   
         [MeV]             [MeV]             [MeV]              [MeV]

       8.70964E-02       9.12011E-02       8.91488E-02       4.10470E-03       0.00000E+00       0.00000E+00       0.00000E+00       0.00000E+00
       9.12011E-02       9.54993E-02       9.33502E-02       4.29820E-03       1.91080E-03       4.44559E-01       4.14997E-02       1.91080E-03
       9.54993E-02       1.00000E-01       9.77497E-02       4.50070E-03       3.20887E-03       7.12970E-01       6.96926E-02       5.11967E-03
       1.00000E-01       1.04713E-01       1.02357E-01       4.71300E-03       2.03857E-02       4.32542E+00       4.42735E-01       2.55054E-02
       1.04713E-01       1.09648E-01       1.07180E-01       4.93500E-03       2.19704E-02       4.45196E+00       4.77164E-01       4.74758E-02
       1.09648E-01       1.14815E-01       1.12231E-01       5.16700E-03       3.10079E-02       6.00114E+00       6.73517E-01       7.84837E-02
       1.14815E-01       1.20226E-01       1.17520E-01       5.41100E-03       3.30116E-02       6.10083E+00       7.16973E-01       1.11495E-01
       1.20226E-01       1.25892E-01       1.23059E-01       5.66600E-03       3.53094E-02       6.23180E+00       7.66879E-01       1.46805E-01
       1.25892E-01       1.31826E-01       1.28859E-01       5.93400E-03       3.71951E-02       6.26813E+00       8.07705E-01       1.84000E-01
       1.31826E-01       1.38038E-01       1.34932E-01       6.21200E-03       3.93575E-02       6.33572E+00       8.54892E-01       2.23357E-01
       1.38038E-01       1.44544E-01       1.41291E-01       6.50600E-03       4.15512E-02       6.38659E+00       9.02368E-01       2.64908E-01
       1.44544E-01       1.51356E-01       1.47950E-01       6.81200E-03       4.37180E-02       6.41778E+00       9.49511E-01       3.08626E-01
       1.51356E-01       1.58489E-01       1.54923E-01       7.13300E-03       4.62751E-02       6.48746E+00       1.00505E+00       3.54901E-01
       1.58489E-01       1.65959E-01       1.62224E-01       7.47000E-03       4.90256E-02       6.56300E+00       1.06468E+00       4.03927E-01
       1.65959E-01       1.73780E-01       1.69869E-01       7.82100E-03       5.42378E-02       6.93489E+00       1.17803E+00       4.58165E-01
       1.73780E-01       1.81970E-01       1.77875E-01       8.19000E-03       8.87179E-02       1.08325E+01       1.92683E+00       5.46883E-01
       1.81970E-01       1.90546E-01       1.86258E-01       8.57600E-03       1.58995E-01       1.85395E+01       3.45313E+00       7.05878E-01
       1.90546E-01       1.99526E-01       1.95036E-01       8.98000E-03       2.82123E-01       3.14168E+01       6.12740E+00       9.88000E-01
       1.99526E-01       2.08930E-01       2.04228E-01       9.40400E-03       1.19996E-02       1.27602E+00       2.60598E-01       1.00000E+00

 Sum =                                                                         1.00000E+00
 Renormalization bin#   826 =                                                  1.15287E-09 barn        1.58489E+05        1.65959E+05        1.62224E+05
 Avg. Energy     bin#   826 =                                                  1.66286E-01 MeV         1.58489E+05        1.65959E+05
