"        MT= 60 recoil spectrum "
" Initial neutron energy corresponds to the group:"
   2.63027E+00    2.75423E+00       0.00000E+00           782           804            23
 Debug druck set-a:   782      0.00000E+00        9.84600E-04        0.00000E+00
 Debug druck set-a:   783      4.64642E-02        1.03110E-03        4.79092E-05
 Debug druck set-a:   784      2.02006E-01        1.07960E-03        2.18086E-04
 Debug druck set-a:   785      3.66468E-01        1.13060E-03        4.14329E-04
 Debug druck set-a:   786      5.46144E-01        1.18380E-03        6.46525E-04
 Debug druck set-a:   787      6.43714E-01        1.23960E-03        7.97949E-04
 Debug druck set-a:   788      7.39262E-01        1.29800E-03        9.59562E-04
 Debug druck set-a:   789      7.85727E-01        1.35920E-03        1.06796E-03
 Debug druck set-a:   790      8.08332E-01        1.42330E-03        1.15050E-03
 Debug druck set-a:   791      8.10441E-01        1.49030E-03        1.20780E-03
 Debug druck set-a:   792      8.12138E-01        1.56060E-03        1.26742E-03
 Debug druck set-a:   793      8.13493E-01        1.63410E-03        1.32933E-03
 Debug druck set-a:   794      8.14384E-01        1.71110E-03        1.39349E-03
 Debug druck set-a:   795      8.14728E-01        1.79180E-03        1.45983E-03
 Debug druck set-a:   796      8.14524E-01        1.87620E-03        1.52821E-03
 Debug druck set-a:   797      8.13578E-01        1.96470E-03        1.59844E-03
 Debug druck set-a:   798      8.00671E-01        2.05720E-03        1.64714E-03
 Debug druck set-a:   799      7.45210E-01        2.15420E-03        1.60533E-03
 Debug druck set-a:   800      6.69393E-01        2.25570E-03        1.50995E-03
 Debug druck set-a:   801      5.69400E-01        2.36210E-03        1.34498E-03
 Debug druck set-a:   802      3.89048E-01        2.47330E-03        9.62233E-04
 Debug druck set-a:   803      2.29930E-01        2.58990E-03        5.95496E-04
 Debug druck set-a:   804      6.10557E-02        2.71200E-03        1.65583E-04



          Low               High              Mid              Energy           Number             dn/de            E*dn/de          Cumulative
         Energy            Energy            Energy             Width          Fraction                               Sum   
         [MeV]             [MeV]             [MeV]              [MeV]

       2.08930E-02       2.18776E-02       2.13853E-02       9.84600E-04       0.00000E+00       0.00000E+00       0.00000E+00       0.00000E+00
       2.18776E-02       2.29087E-02       2.23931E-02       1.03110E-03       2.09046E-03       2.02741E+00       4.54000E-02       2.09046E-03
       2.29087E-02       2.39883E-02       2.34485E-02       1.07960E-03       9.51590E-03       8.81427E+00       2.06682E-01       1.16064E-02
       2.39883E-02       2.51189E-02       2.45536E-02       1.13060E-03       1.80787E-02       1.59904E+01       3.92621E-01       2.96851E-02
       2.51189E-02       2.63027E-02       2.57108E-02       1.18380E-03       2.82103E-02       2.38303E+01       6.12696E-01       5.78954E-02
       2.63027E-02       2.75423E-02       2.69225E-02       1.23960E-03       3.48175E-02       2.80876E+01       7.56190E-01       9.27128E-02
       2.75423E-02       2.88403E-02       2.81913E-02       1.29800E-03       4.18693E-02       3.22567E+01       9.09360E-01       1.34582E-01
       2.88403E-02       3.01995E-02       2.95199E-02       1.35920E-03       4.65991E-02       3.42842E+01       1.01207E+00       1.81181E-01
       3.01995E-02       3.16228E-02       3.09112E-02       1.42330E-03       5.02006E-02       3.52705E+01       1.09025E+00       2.31382E-01
       3.16228E-02       3.31131E-02       3.23680E-02       1.49030E-03       5.27008E-02       3.53625E+01       1.14461E+00       2.84083E-01
       3.31131E-02       3.46737E-02       3.38934E-02       1.56060E-03       5.53023E-02       3.54366E+01       1.20107E+00       3.39385E-01
       3.46737E-02       3.63078E-02       3.54908E-02       1.63410E-03       5.80036E-02       3.54957E+01       1.25977E+00       3.97388E-01
       3.63078E-02       3.80189E-02       3.71633E-02       1.71110E-03       6.08032E-02       3.55346E+01       1.32058E+00       4.58192E-01
       3.80189E-02       3.98107E-02       3.89148E-02       1.79180E-03       6.36978E-02       3.55496E+01       1.38341E+00       5.21889E-01
       3.98107E-02       4.16869E-02       4.07488E-02       1.87620E-03       6.66815E-02       3.55407E+01       1.44824E+00       5.88571E-01
       4.16869E-02       4.36516E-02       4.26693E-02       1.96470E-03       6.97459E-02       3.54995E+01       1.51474E+00       6.58317E-01
       4.36516E-02       4.57088E-02       4.46802E-02       2.05720E-03       7.18708E-02       3.49363E+01       1.56096E+00       7.30188E-01
       4.57088E-02       4.78630E-02       4.67859E-02       2.15420E-03       7.00465E-02       3.25163E+01       1.52130E+00       8.00234E-01
       4.78630E-02       5.01187E-02       4.89908E-02       2.25570E-03       6.58847E-02       2.92081E+01       1.43093E+00       8.66119E-01
       5.01187E-02       5.24808E-02       5.12998E-02       2.36210E-03       5.86865E-02       2.48450E+01       1.27454E+00       9.24806E-01
       5.24808E-02       5.49541E-02       5.37174E-02       2.47330E-03       4.19858E-02       1.69756E+01       9.11887E-01       9.66791E-01
       5.49541E-02       5.75440E-02       5.62491E-02       2.58990E-03       2.59837E-02       1.00327E+01       5.64331E-01       9.92775E-01
       5.75440E-02       6.02560E-02       5.89000E-02       2.71200E-03       7.22500E-03       2.66409E+00       1.56915E-01       1.00000E+00

 Sum =                                                                         1.00000E+00
 Renormalization bin#   887 =                                                  2.29181E-02 barn        2.63027E+06        2.75423E+06        2.69225E+06
 Avg. Energy     bin#   887 =                                                  3.94239E-02 MeV         2.63027E+06        2.75423E+06
