"        MT=103 recoil spectrum "
" Initial neutron energy corresponds to the group:"
   1.72000E+01    1.74000E+01       0.00000E+00           206           881           676



          Low               High              Mid              Energy           Number             dn/de            E*dn/de          Cumulative
         Energy            Energy            Energy             Width          Fraction                               Sum   
         [MeV]             [MeV]             [MeV]              [MeV]

       1.25892E-07       1.31826E-07       1.28859E-07       5.93400E-09       0.00000E+00       0.00000E+00       0.00000E+00       0.00000E+00
       1.31826E-07       1.38038E-07       1.34932E-07       6.21200E-09       6.46931E-12       1.04142E-03       1.40521E-10       6.46931E-12
       1.38038E-07       1.44544E-07       1.41291E-07       6.50601E-09       6.77398E-12       1.04119E-03       1.47111E-10       1.32433E-11
       1.44544E-07       1.51356E-07       1.47950E-07       6.81199E-09       7.09366E-12       1.04135E-03       1.54068E-10       2.03370E-11
       1.51356E-07       1.58489E-07       1.54923E-07       7.13301E-09       7.42773E-12       1.04132E-03       1.61324E-10       2.77647E-11
       1.58489E-07       1.65959E-07       1.62224E-07       7.47000E-09       7.77807E-12       1.04124E-03       1.68914E-10       3.55428E-11
       1.65959E-07       1.73780E-07       1.69869E-07       7.82099E-09       8.14467E-12       1.04139E-03       1.76900E-10       4.36874E-11
       1.73780E-07       1.81970E-07       1.77875E-07       8.19001E-09       8.52816E-12       1.04129E-03       1.85219E-10       5.22156E-11
       1.81970E-07       1.90546E-07       1.86258E-07       8.57601E-09       8.93042E-12       1.04133E-03       1.93955E-10       6.11460E-11
       1.90546E-07       1.99526E-07       1.95036E-07       8.97999E-09       9.35082E-12       1.04130E-03       2.03090E-10       7.04968E-11
       1.99526E-07       2.08930E-07       2.04228E-07       9.40400E-09       9.79187E-12       1.04124E-03       2.12651E-10       8.02887E-11
       2.08930E-07       2.18776E-07       2.13853E-07       9.84600E-09       1.02536E-11       1.04139E-03       2.22705E-10       9.05422E-11
       2.18776E-07       2.29087E-07       2.23931E-07       1.03110E-08       1.07365E-11       1.04127E-03       2.33173E-10       1.01279E-10
       2.29087E-07       2.39883E-07       2.34485E-07       1.07960E-08       1.12426E-11       1.04137E-03       2.44185E-10       1.12521E-10
       2.39883E-07       2.51189E-07       2.45536E-07       1.13060E-08       1.17719E-11       1.04121E-03       2.55654E-10       1.24293E-10
       2.51189E-07       2.63027E-07       2.57108E-07       1.18380E-08       1.23268E-11       1.04129E-03       2.67724E-10       1.36620E-10
       2.63027E-07       2.75423E-07       2.69225E-07       1.23960E-08       1.29080E-11       1.04130E-03       2.80345E-10       1.49528E-10
       2.75423E-07       2.88403E-07       2.81913E-07       1.29800E-08       1.35161E-11       1.04130E-03       2.93555E-10       1.63044E-10
       2.88403E-07       3.01995E-07       2.95199E-07       1.35920E-08       1.41535E-11       1.04131E-03       3.07395E-10       1.77198E-10
       3.01995E-07       3.16228E-07       3.09111E-07       1.42330E-08       1.48204E-11       1.04127E-03       3.21869E-10       1.92018E-10
       3.16228E-07       3.31131E-07       3.23680E-07       1.49030E-08       1.55186E-11       1.04131E-03       3.37050E-10       2.07537E-10
       3.31131E-07       3.46737E-07       3.38934E-07       1.56060E-08       1.62505E-11       1.04130E-03       3.52933E-10       2.23787E-10
       3.46737E-07       3.63078E-07       3.54908E-07       1.63410E-08       1.70163E-11       1.04132E-03       3.69574E-10       2.40804E-10
       3.63078E-07       3.80189E-07       3.71633E-07       1.71110E-08       1.78177E-11       1.04130E-03       3.86982E-10       2.58621E-10
       3.80189E-07       3.98107E-07       3.89148E-07       1.79180E-08       1.86579E-11       1.04129E-03       4.05216E-10       2.77279E-10
       3.98107E-07       4.16869E-07       4.07488E-07       1.87620E-08       1.95368E-11       1.04130E-03       4.24316E-10       2.96816E-10
       4.16869E-07       4.36516E-07       4.26693E-07       1.96470E-08       2.04577E-11       1.04126E-03       4.44300E-10       3.17274E-10
       4.36516E-07       4.57088E-07       4.46802E-07       2.05720E-08       2.14217E-11       1.04131E-03       4.65257E-10       3.38695E-10
       4.57088E-07       4.78630E-07       4.67859E-07       2.15420E-08       2.24315E-11       1.04129E-03       4.87176E-10       3.61127E-10
       4.78630E-07       5.01187E-07       4.89909E-07       2.25570E-08       2.34887E-11       1.04130E-03       5.10144E-10       3.84615E-10
       5.01187E-07       5.24807E-07       5.12997E-07       2.36200E-08       2.45960E-11       1.04132E-03       5.34196E-10       4.09212E-10
       5.24807E-07       5.50000E-07       5.37403E-07       2.51930E-08       2.62326E-11       1.04126E-03       5.59579E-10       4.35444E-10
       5.50000E-07       5.75000E-07       5.62500E-07       2.50000E-08       2.60324E-11       1.04130E-03       5.85730E-10       4.61477E-10
       5.75000E-07       6.00000E-07       5.87500E-07       2.50000E-08       2.60324E-11       1.04129E-03       6.11761E-10       4.87509E-10
       6.00000E-07       6.25000E-07       6.12500E-07       2.50000E-08       2.60324E-11       1.04130E-03       6.37795E-10       5.13541E-10
       6.25000E-07       6.50000E-07       6.37500E-07       2.50000E-08       2.60324E-11       1.04130E-03       6.63827E-10       5.39574E-10
       6.50000E-07       6.75000E-07       6.62500E-07       2.50000E-08       2.60324E-11       1.04129E-03       6.89858E-10       5.65606E-10
       6.75000E-07       7.00000E-07       6.87500E-07       2.50000E-08       2.60324E-11       1.04130E-03       7.15892E-10       5.91639E-10
       7.00000E-07       7.25000E-07       7.12500E-07       2.50000E-08       2.60324E-11       1.04129E-03       7.41922E-10       6.17671E-10
       7.25000E-07       7.50000E-07       7.37500E-07       2.50000E-08       2.60324E-11       1.04130E-03       7.67957E-10       6.43703E-10
       7.50000E-07       7.75000E-07       7.62500E-07       2.50000E-08       2.60324E-11       1.04130E-03       7.93989E-10       6.69736E-10
       7.75000E-07       8.00000E-07       7.87500E-07       2.50000E-08       2.60324E-11       1.04129E-03       8.20020E-10       6.95768E-10
       8.00000E-07       8.25000E-07       8.12500E-07       2.50000E-08       2.60324E-11       1.04130E-03       8.46054E-10       7.21801E-10
       8.25000E-07       8.50000E-07       8.37500E-07       2.50000E-08       2.60324E-11       1.04129E-03       8.72084E-10       7.47833E-10
       8.50000E-07       8.75000E-07       8.62500E-07       2.50000E-08       2.60324E-11       1.04130E-03       8.98119E-10       7.73865E-10
       8.75000E-07       9.00000E-07       8.87500E-07       2.50000E-08       2.60324E-11       1.04130E-03       9.24151E-10       7.99898E-10
       9.00000E-07       9.25000E-07       9.12500E-07       2.50000E-08       2.60324E-11       1.04129E-03       9.50181E-10       8.25930E-10
       9.25000E-07       9.50000E-07       9.37500E-07       2.50000E-08       2.60324E-11       1.04130E-03       9.76216E-10       8.51963E-10
       9.50000E-07       9.75000E-07       9.62500E-07       2.50000E-08       2.60324E-11       1.04129E-03       1.00225E-09       8.77995E-10
       9.75000E-07       1.00000E-06       9.87500E-07       2.50000E-08       2.60324E-11       1.04130E-03       1.02828E-09       9.04027E-10
       1.00000E-06       1.02500E-06       1.01250E-06       2.50000E-08       2.60324E-11       1.04130E-03       1.05431E-09       9.30060E-10
       1.02500E-06       1.05000E-06       1.03750E-06       2.50000E-08       2.60324E-11       1.04130E-03       1.08035E-09       9.56092E-10
       1.05000E-06       1.07500E-06       1.06250E-06       2.50001E-08       2.60324E-11       1.04129E-03       1.10637E-09       9.82124E-10
       1.07500E-06       1.10000E-06       1.08750E-06       2.50000E-08       2.60324E-11       1.04130E-03       1.13241E-09       1.00816E-09
       1.10000E-06       1.12500E-06       1.11250E-06       2.50000E-08       2.60324E-11       1.04130E-03       1.15844E-09       1.03419E-09
       1.12500E-06       1.15000E-06       1.13750E-06       2.50000E-08       2.60324E-11       1.04130E-03       1.18448E-09       1.06022E-09
       1.15000E-06       1.17500E-06       1.16250E-06       2.50000E-08       2.60324E-11       1.04130E-03       1.21051E-09       1.08625E-09
       1.17500E-06       1.20000E-06       1.18750E-06       2.50001E-08       2.60324E-11       1.04129E-03       1.23653E-09       1.11229E-09
       1.20000E-06       1.22500E-06       1.21250E-06       2.50000E-08       2.60324E-11       1.04130E-03       1.26257E-09       1.13832E-09
       1.22500E-06       1.25000E-06       1.23750E-06       2.50000E-08       2.60324E-11       1.04130E-03       1.28861E-09       1.16435E-09
       1.25000E-06       1.27500E-06       1.26250E-06       2.50000E-08       2.60324E-11       1.04130E-03       1.31464E-09       1.19038E-09
       1.27500E-06       1.30000E-06       1.28750E-06       2.50000E-08       2.60324E-11       1.04130E-03       1.34067E-09       1.21642E-09
       1.30000E-06       1.32500E-06       1.31250E-06       2.50001E-08       2.60324E-11       1.04129E-03       1.36670E-09       1.24245E-09
       1.32500E-06       1.35000E-06       1.33750E-06       2.50000E-08       2.60324E-11       1.04130E-03       1.39274E-09       1.26848E-09
       1.35000E-06       1.37500E-06       1.36250E-06       2.50000E-08       2.60324E-11       1.04130E-03       1.41877E-09       1.29451E-09
       1.37500E-06       1.40000E-06       1.38750E-06       2.50000E-08       2.60324E-11       1.04130E-03       1.44480E-09       1.32055E-09
       1.40000E-06       1.42500E-06       1.41250E-06       2.50000E-08       2.60324E-11       1.04130E-03       1.47083E-09       1.34658E-09
       1.42500E-06       1.45000E-06       1.43750E-06       2.50001E-08       2.60324E-11       1.04129E-03       1.49686E-09       1.37261E-09
       1.45000E-06       1.47500E-06       1.46250E-06       2.50000E-08       2.60324E-11       1.04130E-03       1.52290E-09       1.39864E-09
       1.47500E-06       1.50000E-06       1.48750E-06       2.50000E-08       2.60324E-11       1.04130E-03       1.54893E-09       1.42468E-09
       1.50000E-06       1.52500E-06       1.51250E-06       2.50000E-08       2.60324E-11       1.04130E-03       1.57496E-09       1.45071E-09
       1.52500E-06       1.55000E-06       1.53750E-06       2.50000E-08       2.60324E-11       1.04130E-03       1.60099E-09       1.47674E-09
       1.55000E-06       1.57500E-06       1.56250E-06       2.50001E-08       2.60324E-11       1.04129E-03       1.62702E-09       1.50277E-09
       1.57500E-06       1.60000E-06       1.58750E-06       2.50000E-08       2.60324E-11       1.04130E-03       1.65306E-09       1.52880E-09
       1.60000E-06       1.62500E-06       1.61250E-06       2.50000E-08       2.60324E-11       1.04130E-03       1.67909E-09       1.55484E-09
       1.62500E-06       1.65000E-06       1.63750E-06       2.50000E-08       2.60324E-11       1.04130E-03       1.70512E-09       1.58087E-09
       1.65000E-06       1.67500E-06       1.66250E-06       2.50000E-08       2.60324E-11       1.04130E-03       1.73116E-09       1.60690E-09
       1.67500E-06       1.70000E-06       1.68750E-06       2.50001E-08       2.60324E-11       1.04129E-03       1.75718E-09       1.63293E-09
       1.70000E-06       1.72500E-06       1.71250E-06       2.50000E-08       2.60324E-11       1.04130E-03       1.78322E-09       1.65897E-09
       1.72500E-06       1.75000E-06       1.73750E-06       2.50000E-08       2.60324E-11       1.04130E-03       1.80925E-09       1.68500E-09
       1.75000E-06       1.77500E-06       1.76250E-06       2.50000E-08       2.60324E-11       1.04130E-03       1.83529E-09       1.71103E-09
       1.77500E-06       1.80000E-06       1.78750E-06       2.50000E-08       2.60324E-11       1.04130E-03       1.86132E-09       1.73706E-09
       1.80000E-06       1.82500E-06       1.81250E-06       2.50001E-08       2.60324E-11       1.04129E-03       1.88734E-09       1.76310E-09
       1.82500E-06       1.85000E-06       1.83750E-06       2.50000E-08       2.60324E-11       1.04130E-03       1.91338E-09       1.78913E-09
       1.85000E-06       1.87500E-06       1.86250E-06       2.50000E-08       2.60324E-11       1.04130E-03       1.93942E-09       1.81516E-09
       1.87500E-06       1.90000E-06       1.88750E-06       2.50000E-08       2.60324E-11       1.04130E-03       1.96545E-09       1.84119E-09
       1.90000E-06       1.92500E-06       1.91250E-06       2.50000E-08       2.60324E-11       1.04130E-03       1.99148E-09       1.86723E-09
       1.92500E-06       1.95000E-06       1.93750E-06       2.50001E-08       2.60324E-11       1.04129E-03       2.01750E-09       1.89326E-09
       1.95000E-06       1.97500E-06       1.96250E-06       2.50000E-08       2.60324E-11       1.04130E-03       2.04355E-09       1.91929E-09
       1.97500E-06       2.00000E-06       1.98750E-06       2.50000E-08       2.60324E-11       1.04130E-03       2.06958E-09       1.94532E-09
       2.00000E-06       2.02500E-06       2.01250E-06       2.50001E-08       2.60324E-11       1.04129E-03       2.09560E-09       1.97136E-09
       2.02500E-06       2.05000E-06       2.03750E-06       2.49999E-08       2.60324E-11       1.04130E-03       2.12165E-09       1.99739E-09
       2.05000E-06       2.07500E-06       2.06250E-06       2.50001E-08       2.60324E-11       1.04129E-03       2.14767E-09       2.02342E-09
       2.07500E-06       2.10000E-06       2.08750E-06       2.49999E-08       2.60324E-11       1.04130E-03       2.17372E-09       2.04945E-09
       2.10000E-06       2.12500E-06       2.11250E-06       2.50001E-08       2.60324E-11       1.04129E-03       2.19973E-09       2.07549E-09
       2.12500E-06       2.15000E-06       2.13750E-06       2.50001E-08       2.60324E-11       1.04129E-03       2.22576E-09       2.10152E-09
       2.15000E-06       2.17500E-06       2.16250E-06       2.49999E-08       2.60324E-11       1.04130E-03       2.25182E-09       2.12755E-09
       2.17500E-06       2.20000E-06       2.18750E-06       2.50001E-08       2.60324E-11       1.04129E-03       2.27783E-09       2.15358E-09
       2.20000E-06       2.22500E-06       2.21250E-06       2.49999E-08       2.60324E-11       1.04130E-03       2.30388E-09       2.17962E-09
       2.22500E-06       2.25000E-06       2.23750E-06       2.50001E-08       2.60324E-11       1.04129E-03       2.32989E-09       2.20565E-09
       2.25000E-06       2.27500E-06       2.26250E-06       2.50001E-08       2.60324E-11       1.04129E-03       2.35592E-09       2.23168E-09
       2.27500E-06       2.30000E-06       2.28750E-06       2.49999E-08       2.60324E-11       1.04130E-03       2.38198E-09       2.25771E-09
       2.30000E-06       2.32500E-06       2.31250E-06       2.50001E-08       2.60324E-11       1.04129E-03       2.40799E-09       2.28375E-09
       2.32500E-06       2.35000E-06       2.33750E-06       2.49999E-08       2.60324E-11       1.04130E-03       2.43404E-09       2.30978E-09
       2.35000E-06       2.37500E-06       2.36250E-06       2.50001E-08       2.60324E-11       1.04129E-03       2.46005E-09       2.33581E-09
       2.37500E-06       2.40000E-06       2.38750E-06       2.50001E-08       2.60324E-11       1.04129E-03       2.48609E-09       2.36184E-09
       2.40000E-06       2.42500E-06       2.41250E-06       2.49999E-08       2.60324E-11       1.04130E-03       2.51214E-09       2.38788E-09
       2.42500E-06       2.45000E-06       2.43750E-06       2.50001E-08       2.60324E-11       1.04129E-03       2.53815E-09       2.41391E-09
       2.45000E-06       2.47500E-06       2.46250E-06       2.49999E-08       2.60324E-11       1.04130E-03       2.56421E-09       2.43994E-09
       2.47500E-06       2.50000E-06       2.48750E-06       2.50001E-08       2.60324E-11       1.04129E-03       2.59021E-09       2.46597E-09
       2.50000E-06       2.52500E-06       2.51250E-06       2.50001E-08       2.60324E-11       1.04129E-03       2.61625E-09       2.49201E-09
       2.52500E-06       2.55000E-06       2.53750E-06       2.49999E-08       2.60324E-11       1.04130E-03       2.64230E-09       2.51804E-09
       2.55000E-06       2.57500E-06       2.56250E-06       2.50001E-08       2.60324E-11       1.04129E-03       2.66831E-09       2.54407E-09
       2.57500E-06       2.60000E-06       2.58750E-06       2.49999E-08       2.60324E-11       1.04130E-03       2.69437E-09       2.57010E-09
       2.60000E-06       2.62500E-06       2.61250E-06       2.50001E-08       2.60324E-11       1.04129E-03       2.72038E-09       2.59614E-09
       2.62500E-06       2.65000E-06       2.63750E-06       2.50001E-08       2.60324E-11       1.04129E-03       2.74641E-09       2.62217E-09
       2.65000E-06       2.67500E-06       2.66250E-06       2.49999E-08       2.60324E-11       1.04130E-03       2.77247E-09       2.64820E-09
       2.67500E-06       2.70000E-06       2.68750E-06       2.50001E-08       2.60324E-11       1.04129E-03       2.79847E-09       2.67423E-09
       2.70000E-06       2.72500E-06       2.71250E-06       2.49999E-08       2.60324E-11       1.04130E-03       2.82453E-09       2.70027E-09
       2.72500E-06       2.75000E-06       2.73750E-06       2.50001E-08       2.60324E-11       1.04129E-03       2.85054E-09       2.72630E-09
       2.75000E-06       2.77500E-06       2.76250E-06       2.50001E-08       2.60324E-11       1.04129E-03       2.87657E-09       2.75233E-09
       2.77500E-06       2.80000E-06       2.78750E-06       2.49999E-08       2.60324E-11       1.04130E-03       2.90263E-09       2.77836E-09
       2.80000E-06       2.82500E-06       2.81250E-06       2.50001E-08       2.60324E-11       1.04129E-03       2.92863E-09       2.80440E-09
       2.82500E-06       2.85000E-06       2.83750E-06       2.49999E-08       2.60324E-11       1.04130E-03       2.95470E-09       2.83043E-09
       2.85000E-06       2.87500E-06       2.86250E-06       2.50001E-08       2.60324E-11       1.04129E-03       2.98070E-09       2.85646E-09
       2.87500E-06       2.90000E-06       2.88750E-06       2.50001E-08       2.60324E-11       1.04129E-03       3.00673E-09       2.88249E-09
       2.90000E-06       2.92500E-06       2.91250E-06       2.49999E-08       2.60324E-11       1.04130E-03       3.03279E-09       2.90853E-09
       2.92500E-06       2.95000E-06       2.93750E-06       2.50001E-08       2.60324E-11       1.04129E-03       3.05880E-09       2.93456E-09
       2.95000E-06       2.97500E-06       2.96250E-06       2.49999E-08       2.60324E-11       1.04130E-03       3.08486E-09       2.96059E-09
       2.97500E-06       3.00000E-06       2.98750E-06       2.50001E-08       2.60324E-11       1.04129E-03       3.11086E-09       2.98662E-09
       3.00000E-06       3.02500E-06       3.01250E-06       2.50001E-08       2.60324E-11       1.04129E-03       3.13689E-09       3.01266E-09
       3.02500E-06       3.05000E-06       3.03750E-06       2.49999E-08       2.60324E-11       1.04130E-03       3.16296E-09       3.03869E-09
       3.05000E-06       3.07500E-06       3.06250E-06       2.50001E-08       2.60324E-11       1.04129E-03       3.18896E-09       3.06472E-09
       3.07500E-06       3.10000E-06       3.08750E-06       2.49999E-08       2.60324E-11       1.04130E-03       3.21502E-09       3.09075E-09
       3.10000E-06       3.12500E-06       3.11250E-06       2.50001E-08       2.60324E-11       1.04129E-03       3.24102E-09       3.11679E-09
       3.12500E-06       3.15000E-06       3.13750E-06       2.50001E-08       2.60324E-11       1.04129E-03       3.26705E-09       3.14282E-09
       3.15000E-06       3.17500E-06       3.16250E-06       2.49999E-08       2.60324E-11       1.04130E-03       3.29312E-09       3.16885E-09
       3.17500E-06       3.20000E-06       3.18750E-06       2.50001E-08       2.60324E-11       1.04129E-03       3.31912E-09       3.19488E-09
       3.20000E-06       3.22500E-06       3.21250E-06       2.49999E-08       2.60324E-11       1.04130E-03       3.34518E-09       3.22092E-09
       3.22500E-06       3.25000E-06       3.23750E-06       2.50001E-08       2.60324E-11       1.04129E-03       3.37118E-09       3.24695E-09
       3.25000E-06       3.27500E-06       3.26250E-06       2.50001E-08       2.60324E-11       1.04129E-03       3.39722E-09       3.27298E-09
       3.27500E-06       3.30000E-06       3.28750E-06       2.49999E-08       2.60324E-11       1.04130E-03       3.42328E-09       3.29901E-09
       3.30000E-06       3.32500E-06       3.31250E-06       2.50001E-08       2.60324E-11       1.04129E-03       3.44928E-09       3.32505E-09
       3.32500E-06       3.35000E-06       3.33750E-06       2.49999E-08       2.60324E-11       1.04130E-03       3.47535E-09       3.35108E-09
       3.35000E-06       3.37500E-06       3.36250E-06       2.50001E-08       2.60324E-11       1.04129E-03       3.50135E-09       3.37711E-09
       3.37500E-06       3.40000E-06       3.38750E-06       2.50001E-08       2.60324E-11       1.04129E-03       3.52738E-09       3.40314E-09
       3.40000E-06       3.42500E-06       3.41250E-06       2.49999E-08       2.60324E-11       1.04130E-03       3.55344E-09       3.42918E-09
       3.42500E-06       3.45000E-06       3.43750E-06       2.50001E-08       2.60324E-11       1.04129E-03       3.57944E-09       3.45521E-09
       3.45000E-06       3.47500E-06       3.46250E-06       2.49999E-08       2.60324E-11       1.04130E-03       3.60551E-09       3.48124E-09
       3.47500E-06       3.50000E-06       3.48750E-06       2.50001E-08       2.60324E-11       1.04129E-03       3.63151E-09       3.50727E-09
       3.50000E-06       3.52500E-06       3.51250E-06       2.50001E-08       2.60324E-11       1.04129E-03       3.65754E-09       3.53331E-09
       3.52500E-06       3.55000E-06       3.53750E-06       2.49999E-08       2.60324E-11       1.04130E-03       3.68361E-09       3.55934E-09
       3.55000E-06       3.57500E-06       3.56250E-06       2.50001E-08       2.60324E-11       1.04129E-03       3.70960E-09       3.58537E-09
       3.57500E-06       3.60000E-06       3.58750E-06       2.49999E-08       2.60324E-11       1.04130E-03       3.73567E-09       3.61140E-09
       3.60000E-06       3.62500E-06       3.61250E-06       2.50001E-08       2.60324E-11       1.04129E-03       3.76167E-09       3.63744E-09
       3.62500E-06       3.65000E-06       3.63750E-06       2.50001E-08       2.60324E-11       1.04129E-03       3.78770E-09       3.66347E-09
       3.65000E-06       3.67500E-06       3.66250E-06       2.49999E-08       2.60324E-11       1.04130E-03       3.81377E-09       3.68950E-09
       3.67500E-06       3.70000E-06       3.68750E-06       2.50001E-08       2.60324E-11       1.04129E-03       3.83977E-09       3.71553E-09
       3.70000E-06       3.72500E-06       3.71250E-06       2.49999E-08       2.60324E-11       1.04130E-03       3.86583E-09       3.74157E-09
       3.72500E-06       3.75000E-06       3.73750E-06       2.50001E-08       2.60324E-11       1.04129E-03       3.89183E-09       3.76760E-09
       3.75000E-06       3.77500E-06       3.76250E-06       2.50001E-08       2.60324E-11       1.04129E-03       3.91786E-09       3.79363E-09
       3.77500E-06       3.80000E-06       3.78750E-06       2.49999E-08       2.60324E-11       1.04130E-03       3.94393E-09       3.81966E-09
       3.80000E-06       3.82500E-06       3.81250E-06       2.50001E-08       2.60324E-11       1.04129E-03       3.96993E-09       3.84570E-09
       3.82500E-06       3.85000E-06       3.83750E-06       2.49999E-08       2.60324E-11       1.04130E-03       3.99600E-09       3.87173E-09
       3.85000E-06       3.87500E-06       3.86250E-06       2.50001E-08       2.60324E-11       1.04129E-03       4.02199E-09       3.89776E-09
       3.87500E-06       3.90000E-06       3.88750E-06       2.50001E-08       2.60324E-11       1.04129E-03       4.04802E-09       3.92379E-09
       3.90000E-06       3.92500E-06       3.91250E-06       2.49999E-08       2.60324E-11       1.04130E-03       4.07409E-09       3.94983E-09
       3.92500E-06       3.95000E-06       3.93750E-06       2.50001E-08       2.60324E-11       1.04129E-03       4.10009E-09       3.97586E-09
       3.95000E-06       3.97500E-06       3.96250E-06       2.49999E-08       2.60324E-11       1.04130E-03       4.12616E-09       4.00189E-09
       3.97500E-06       4.00000E-06       3.98750E-06       2.50001E-08       2.60324E-11       1.04129E-03       4.15215E-09       4.02792E-09
       4.00000E-06       4.02500E-06       4.01250E-06       2.50001E-08       2.60324E-11       1.04129E-03       4.17819E-09       4.05396E-09
       4.02500E-06       4.05000E-06       4.03750E-06       2.50001E-08       2.60324E-11       1.04129E-03       4.20422E-09       4.07999E-09
       4.05000E-06       4.07500E-06       4.06250E-06       2.49996E-08       2.60324E-11       1.04131E-03       4.23033E-09       4.10602E-09
       4.07500E-06       4.10000E-06       4.08750E-06       2.50001E-08       2.60324E-11       1.04129E-03       4.25628E-09       4.13205E-09
       4.10000E-06       4.12500E-06       4.11250E-06       2.50001E-08       2.60324E-11       1.04129E-03       4.28231E-09       4.15809E-09
       4.12500E-06       4.15000E-06       4.13750E-06       2.50001E-08       2.60324E-11       1.04129E-03       4.30835E-09       4.18412E-09
       4.15000E-06       4.17500E-06       4.16250E-06       2.50001E-08       2.60324E-11       1.04129E-03       4.33438E-09       4.21015E-09
       4.17500E-06       4.20000E-06       4.18750E-06       2.49996E-08       2.60324E-11       1.04131E-03       4.36050E-09       4.23618E-09
       4.20000E-06       4.22500E-06       4.21250E-06       2.50001E-08       2.60324E-11       1.04129E-03       4.38644E-09       4.26222E-09
       4.22500E-06       4.25000E-06       4.23750E-06       2.50001E-08       2.60324E-11       1.04129E-03       4.41248E-09       4.28825E-09
       4.25000E-06       4.27500E-06       4.26250E-06       2.50001E-08       2.60324E-11       1.04129E-03       4.43851E-09       4.31428E-09
       4.27500E-06       4.30000E-06       4.28750E-06       2.50001E-08       2.60324E-11       1.04129E-03       4.46454E-09       4.34031E-09
       4.30000E-06       4.32500E-06       4.31250E-06       2.49996E-08       2.60324E-11       1.04131E-03       4.49066E-09       4.36635E-09
       4.32500E-06       4.35000E-06       4.33750E-06       2.50001E-08       2.60324E-11       1.04129E-03       4.51661E-09       4.39238E-09
       4.35000E-06       4.37500E-06       4.36250E-06       2.50001E-08       2.60324E-11       1.04129E-03       4.54264E-09       4.41841E-09
       4.37500E-06       4.40000E-06       4.38750E-06       2.50001E-08       2.60324E-11       1.04129E-03       4.56867E-09       4.44444E-09
       4.40000E-06       4.42500E-06       4.41250E-06       2.50001E-08       2.60324E-11       1.04129E-03       4.59470E-09       4.47048E-09
       4.42500E-06       4.45000E-06       4.43750E-06       2.49996E-08       2.60324E-11       1.04131E-03       4.62082E-09       4.49651E-09
       4.45000E-06       4.47500E-06       4.46250E-06       2.50001E-08       2.60324E-11       1.04129E-03       4.64677E-09       4.52254E-09
       4.47500E-06       4.50000E-06       4.48750E-06       2.50001E-08       2.60324E-11       1.04129E-03       4.67280E-09       4.54857E-09
       4.50000E-06       4.52500E-06       4.51250E-06       2.50001E-08       2.60324E-11       1.04129E-03       4.69883E-09       4.57461E-09
       4.52500E-06       4.55000E-06       4.53750E-06       2.50001E-08       2.60324E-11       1.04129E-03       4.72486E-09       4.60064E-09
       4.55000E-06       4.57500E-06       4.56250E-06       2.49996E-08       2.60324E-11       1.04131E-03       4.75099E-09       4.62667E-09
       4.57500E-06       4.60000E-06       4.58750E-06       2.50001E-08       2.60324E-11       1.04129E-03       4.77693E-09       4.65270E-09
       4.60000E-06       4.62500E-06       4.61250E-06       2.50001E-08       2.60324E-11       1.04129E-03       4.80296E-09       4.67874E-09
       4.62500E-06       4.65000E-06       4.63750E-06       2.50001E-08       2.60324E-11       1.04129E-03       4.82899E-09       4.70477E-09
       4.65000E-06       4.67500E-06       4.66250E-06       2.50001E-08       2.60324E-11       1.04129E-03       4.85503E-09       4.73080E-09
       4.67500E-06       4.70000E-06       4.68750E-06       2.49996E-08       2.60324E-11       1.04131E-03       4.88115E-09       4.75683E-09
       4.70000E-06       4.72500E-06       4.71250E-06       2.50001E-08       2.60324E-11       1.04129E-03       4.90709E-09       4.78287E-09
       4.72500E-06       4.75000E-06       4.73750E-06       2.50001E-08       2.60324E-11       1.04129E-03       4.93312E-09       4.80890E-09
       4.75000E-06       4.77500E-06       4.76250E-06       2.50001E-08       2.60324E-11       1.04129E-03       4.95915E-09       4.83493E-09
       4.77500E-06       4.80000E-06       4.78750E-06       2.50001E-08       2.60324E-11       1.04129E-03       4.98519E-09       4.86096E-09
       4.80000E-06       4.82500E-06       4.81250E-06       2.49996E-08       2.60324E-11       1.04131E-03       5.01132E-09       4.88700E-09
       4.82500E-06       4.85000E-06       4.83750E-06       2.50001E-08       2.60324E-11       1.04129E-03       5.03725E-09       4.91303E-09
       4.85000E-06       4.87500E-06       4.86250E-06       2.50001E-08       2.60324E-11       1.04129E-03       5.06328E-09       4.93906E-09
       4.87500E-06       4.90000E-06       4.88750E-06       2.50001E-08       2.60324E-11       1.04129E-03       5.08932E-09       4.96509E-09
       4.90000E-06       4.92500E-06       4.91250E-06       2.50001E-08       2.60324E-11       1.04129E-03       5.11535E-09       4.99113E-09
       4.92500E-06       4.95000E-06       4.93750E-06       2.49996E-08       2.60324E-11       1.04131E-03       5.14148E-09       5.01716E-09
       4.95000E-06       4.97500E-06       4.96250E-06       2.50001E-08       2.60324E-11       1.04129E-03       5.16741E-09       5.04319E-09
       4.97500E-06       5.00000E-06       4.98750E-06       2.50001E-08       2.60324E-11       1.04129E-03       5.19345E-09       5.06922E-09
       5.00000E-06       5.02500E-06       5.01250E-06       2.50001E-08       2.60324E-11       1.04129E-03       5.21948E-09       5.09526E-09
       5.02500E-06       5.05000E-06       5.03750E-06       2.50001E-08       2.60324E-11       1.04129E-03       5.24551E-09       5.12129E-09
       5.05000E-06       5.07500E-06       5.06250E-06       2.49996E-08       2.60324E-11       1.04131E-03       5.27164E-09       5.14732E-09
       5.07500E-06       5.10000E-06       5.08750E-06       2.50001E-08       2.60324E-11       1.04129E-03       5.29757E-09       5.17335E-09
       5.10000E-06       5.12500E-06       5.11250E-06       2.50001E-08       2.60324E-11       1.04129E-03       5.32361E-09       5.19939E-09
       5.12500E-06       5.15000E-06       5.13750E-06       2.50001E-08       2.60324E-11       1.04129E-03       5.34964E-09       5.22542E-09
       5.15000E-06       5.17500E-06       5.16250E-06       2.50001E-08       2.60324E-11       1.04129E-03       5.37567E-09       5.25145E-09
       5.17500E-06       5.20000E-06       5.18750E-06       2.49996E-08       2.60324E-11       1.04131E-03       5.40181E-09       5.27748E-09
       5.20000E-06       5.22500E-06       5.21250E-06       2.50001E-08       2.60324E-11       1.04129E-03       5.42774E-09       5.30352E-09
       5.22500E-06       5.25000E-06       5.23750E-06       2.50001E-08       2.60324E-11       1.04129E-03       5.45377E-09       5.32955E-09
       5.25000E-06       5.27500E-06       5.26250E-06       2.50001E-08       2.60324E-11       1.04129E-03       5.47980E-09       5.35558E-09
       5.27500E-06       5.30000E-06       5.28750E-06       2.50001E-08       2.60324E-11       1.04129E-03       5.50583E-09       5.38161E-09
       5.30000E-06       5.32500E-06       5.31250E-06       2.49996E-08       2.60324E-11       1.04131E-03       5.53197E-09       5.40765E-09
       5.32500E-06       5.35000E-06       5.33750E-06       2.50001E-08       2.60324E-11       1.04129E-03       5.55790E-09       5.43368E-09
       5.35000E-06       5.37500E-06       5.36250E-06       2.50001E-08       2.60324E-11       1.04129E-03       5.58393E-09       5.45971E-09
       5.37500E-06       5.40000E-06       5.38750E-06       2.50001E-08       2.60324E-11       1.04129E-03       5.60996E-09       5.48574E-09
       5.40000E-06       5.42500E-06       5.41250E-06       2.50001E-08       2.60324E-11       1.04129E-03       5.63600E-09       5.51178E-09
       5.42500E-06       5.45000E-06       5.43750E-06       2.49996E-08       2.60324E-11       1.04131E-03       5.66214E-09       5.53781E-09
       5.45000E-06       5.47500E-06       5.46250E-06       2.50001E-08       2.60324E-11       1.04129E-03       5.68806E-09       5.56384E-09
       5.47500E-06       5.50000E-06       5.48750E-06       2.50001E-08       2.60324E-11       1.04129E-03       5.71409E-09       5.58987E-09
       5.50000E-06       5.52500E-06       5.51250E-06       2.50001E-08       2.60324E-11       1.04129E-03       5.74012E-09       5.61591E-09
       5.52500E-06       5.55000E-06       5.53750E-06       2.50001E-08       2.60324E-11       1.04129E-03       5.76616E-09       5.64194E-09
       5.55000E-06       5.57500E-06       5.56250E-06       2.49996E-08       2.60324E-11       1.04131E-03       5.79230E-09       5.66797E-09
       5.57500E-06       5.60000E-06       5.58750E-06       2.50001E-08       2.60324E-11       1.04129E-03       5.81822E-09       5.69400E-09
       5.60000E-06       5.62500E-06       5.61250E-06       2.50001E-08       2.60324E-11       1.04129E-03       5.84425E-09       5.72004E-09
       5.62500E-06       5.65000E-06       5.63750E-06       2.50001E-08       2.60324E-11       1.04129E-03       5.87029E-09       5.74607E-09
       5.65000E-06       5.67500E-06       5.66250E-06       2.50001E-08       2.60324E-11       1.04129E-03       5.89632E-09       5.77210E-09
       5.67500E-06       5.70000E-06       5.68750E-06       2.49996E-08       2.60324E-11       1.04131E-03       5.92246E-09       5.79813E-09
       5.70000E-06       5.72500E-06       5.71250E-06       2.50001E-08       2.60324E-11       1.04129E-03       5.94838E-09       5.82417E-09
       5.72500E-06       5.75000E-06       5.73750E-06       2.50001E-08       2.60324E-11       1.04129E-03       5.97441E-09       5.85020E-09
       5.75000E-06       5.77500E-06       5.76250E-06       2.50001E-08       2.60324E-11       1.04129E-03       6.00045E-09       5.87623E-09
       5.77500E-06       5.80000E-06       5.78750E-06       2.50001E-08       2.60324E-11       1.04129E-03       6.02648E-09       5.90226E-09
       5.80000E-06       5.82500E-06       5.81250E-06       2.49996E-08       2.60324E-11       1.04131E-03       6.05263E-09       5.92830E-09
       5.82500E-06       5.85000E-06       5.83750E-06       2.50001E-08       2.60324E-11       1.04129E-03       6.07854E-09       5.95433E-09
       5.85000E-06       5.87500E-06       5.86250E-06       2.50001E-08       2.60324E-11       1.04129E-03       6.10458E-09       5.98036E-09
       5.87500E-06       5.90000E-06       5.88750E-06       2.50001E-08       2.60324E-11       1.04129E-03       6.13061E-09       6.00639E-09
       5.90000E-06       5.92500E-06       5.91250E-06       2.50001E-08       2.60324E-11       1.04129E-03       6.15664E-09       6.03243E-09
       5.92500E-06       5.95000E-06       5.93750E-06       2.49996E-08       2.60324E-11       1.04131E-03       6.18279E-09       6.05846E-09
       5.95000E-06       5.97500E-06       5.96250E-06       2.50001E-08       2.60324E-11       1.04129E-03       6.20871E-09       6.08449E-09
       5.97500E-06       6.00000E-06       5.98750E-06       2.50001E-08       2.60324E-11       1.04129E-03       6.23474E-09       6.11052E-09
       6.00000E-06       6.02500E-06       6.01250E-06       2.50001E-08       2.60324E-11       1.04129E-03       6.26077E-09       6.13656E-09
       6.02500E-06       6.05000E-06       6.03750E-06       2.50001E-08       2.60324E-11       1.04129E-03       6.28680E-09       6.16259E-09
       6.05000E-06       6.07500E-06       6.06250E-06       2.49996E-08       2.60324E-11       1.04131E-03       6.31296E-09       6.18862E-09
       6.07500E-06       6.10000E-06       6.08750E-06       2.50001E-08       2.60324E-11       1.04129E-03       6.33887E-09       6.21466E-09
       6.10000E-06       6.12500E-06       6.11250E-06       2.50001E-08       2.60324E-11       1.04129E-03       6.36490E-09       6.24069E-09
       6.12500E-06       6.15000E-06       6.13750E-06       2.50001E-08       2.60324E-11       1.04129E-03       6.39093E-09       6.26672E-09
       6.15000E-06       6.17500E-06       6.16250E-06       2.50001E-08       2.60324E-11       1.04129E-03       6.41696E-09       6.29275E-09
       6.17500E-06       6.20000E-06       6.18750E-06       2.49996E-08       2.60324E-11       1.04131E-03       6.44312E-09       6.31879E-09
       6.20000E-06       6.22500E-06       6.21250E-06       2.50001E-08       2.60324E-11       1.04129E-03       6.46903E-09       6.34482E-09
       6.22500E-06       6.25000E-06       6.23750E-06       2.50001E-08       2.60324E-11       1.04129E-03       6.49506E-09       6.37085E-09
       6.25000E-06       6.27500E-06       6.26250E-06       2.50001E-08       2.60324E-11       1.04129E-03       6.52109E-09       6.39688E-09
       6.27500E-06       6.30000E-06       6.28750E-06       2.50001E-08       2.60324E-11       1.04129E-03       6.54713E-09       6.42292E-09
       6.30000E-06       6.32500E-06       6.31250E-06       2.49996E-08       2.60324E-11       1.04131E-03       6.57328E-09       6.44895E-09
       6.32500E-06       6.35000E-06       6.33750E-06       2.50001E-08       2.60324E-11       1.04129E-03       6.59919E-09       6.47498E-09
       6.35000E-06       6.37500E-06       6.36250E-06       2.50001E-08       2.60324E-11       1.04129E-03       6.62522E-09       6.50101E-09
       6.37500E-06       6.40000E-06       6.38750E-06       2.50001E-08       2.60324E-11       1.04129E-03       6.65125E-09       6.52705E-09
       6.40000E-06       6.42500E-06       6.41250E-06       2.50001E-08       2.60324E-11       1.04129E-03       6.67729E-09       6.55308E-09
       6.42500E-06       6.45000E-06       6.43750E-06       2.49996E-08       2.60324E-11       1.04131E-03       6.70345E-09       6.57911E-09
       6.45000E-06       6.47500E-06       6.46250E-06       2.50001E-08       2.60324E-11       1.04129E-03       6.72935E-09       6.60514E-09
       6.47500E-06       6.50000E-06       6.48750E-06       2.50001E-08       2.60324E-11       1.04129E-03       6.75538E-09       6.63118E-09
       6.50000E-06       6.52500E-06       6.51250E-06       2.50001E-08       2.60324E-11       1.04129E-03       6.78142E-09       6.65721E-09
       6.52500E-06       6.55000E-06       6.53750E-06       2.50001E-08       2.60324E-11       1.04129E-03       6.80745E-09       6.68324E-09
       6.55000E-06       6.57500E-06       6.56250E-06       2.49996E-08       2.60324E-11       1.04131E-03       6.83361E-09       6.70927E-09
       6.57500E-06       6.60000E-06       6.58750E-06       2.50001E-08       2.60324E-11       1.04129E-03       6.85951E-09       6.73531E-09
       6.60000E-06       6.62500E-06       6.61250E-06       2.50001E-08       2.60324E-11       1.04129E-03       6.88555E-09       6.76134E-09
       6.62500E-06       6.65000E-06       6.63750E-06       2.50001E-08       2.60324E-11       1.04129E-03       6.91158E-09       6.78737E-09
       6.65000E-06       6.67500E-06       6.66250E-06       2.50001E-08       2.60324E-11       1.04129E-03       6.93761E-09       6.81340E-09
       6.67500E-06       6.70000E-06       6.68750E-06       2.49996E-08       2.60324E-11       1.04131E-03       6.96378E-09       6.83944E-09
       6.70000E-06       6.72500E-06       6.71250E-06       2.50001E-08       2.60324E-11       1.04129E-03       6.98967E-09       6.86547E-09
       6.72500E-06       6.75000E-06       6.73750E-06       2.50001E-08       2.60324E-11       1.04129E-03       7.01571E-09       6.89150E-09
       6.75000E-06       6.77500E-06       6.76250E-06       2.50001E-08       2.60324E-11       1.04129E-03       7.04174E-09       6.91753E-09
       6.77500E-06       6.80000E-06       6.78750E-06       2.50001E-08       2.60324E-11       1.04129E-03       7.06777E-09       6.94357E-09
       6.80000E-06       6.82500E-06       6.81250E-06       2.49996E-08       2.60324E-11       1.04131E-03       7.09394E-09       6.96960E-09
       6.82500E-06       6.85000E-06       6.83750E-06       2.50001E-08       2.60324E-11       1.04129E-03       7.11984E-09       6.99563E-09
       6.85000E-06       6.87500E-06       6.86250E-06       2.50001E-08       2.60324E-11       1.04129E-03       7.14587E-09       7.02166E-09
       6.87500E-06       6.90000E-06       6.88750E-06       2.50001E-08       2.60324E-11       1.04129E-03       7.17190E-09       7.04770E-09
       6.90000E-06       6.92500E-06       6.91250E-06       2.50001E-08       2.60324E-11       1.04129E-03       7.19793E-09       7.07373E-09
       6.92500E-06       6.95000E-06       6.93750E-06       2.49996E-08       2.60324E-11       1.04131E-03       7.22410E-09       7.09976E-09
       6.95000E-06       6.97500E-06       6.96250E-06       2.50001E-08       2.60324E-11       1.04129E-03       7.25000E-09       7.12579E-09
       6.97500E-06       7.00000E-06       6.98750E-06       2.50001E-08       2.60324E-11       1.04129E-03       7.27603E-09       7.15183E-09
       7.00000E-06       7.02500E-06       7.01250E-06       2.50001E-08       2.60324E-11       1.04129E-03       7.30206E-09       7.17786E-09
       7.02500E-06       7.05000E-06       7.03750E-06       2.50001E-08       2.60324E-11       1.04129E-03       7.32809E-09       7.20389E-09
       7.05000E-06       7.07500E-06       7.06250E-06       2.49996E-08       2.60324E-11       1.04131E-03       7.35427E-09       7.22992E-09
       7.07500E-06       7.10000E-06       7.08750E-06       2.50001E-08       2.60324E-11       1.04129E-03       7.38016E-09       7.25596E-09
       7.10000E-06       7.12500E-06       7.11250E-06       2.50001E-08       2.60324E-11       1.04129E-03       7.40619E-09       7.28199E-09
       7.12500E-06       7.15000E-06       7.13750E-06       2.50001E-08       2.60324E-11       1.04129E-03       7.43222E-09       7.30802E-09
       7.15000E-06       7.17500E-06       7.16250E-06       2.50001E-08       2.60324E-11       1.04129E-03       7.45826E-09       7.33405E-09
       7.17500E-06       7.20000E-06       7.18750E-06       2.49996E-08       2.60324E-11       1.04131E-03       7.48443E-09       7.36009E-09
       7.20000E-06       7.22500E-06       7.21250E-06       2.50001E-08       2.60324E-11       1.04129E-03       7.51032E-09       7.38612E-09
       7.22500E-06       7.25000E-06       7.23750E-06       2.50001E-08       2.60324E-11       1.04129E-03       7.53635E-09       7.41215E-09
       7.25000E-06       7.27500E-06       7.26250E-06       2.50001E-08       2.60324E-11       1.04129E-03       7.56239E-09       7.43818E-09
       7.27500E-06       7.30000E-06       7.28750E-06       2.50001E-08       2.60324E-11       1.04129E-03       7.58842E-09       7.46422E-09
       7.30000E-06       7.32500E-06       7.31250E-06       2.49996E-08       2.60324E-11       1.04131E-03       7.61460E-09       7.49025E-09
       7.32500E-06       7.35000E-06       7.33750E-06       2.50001E-08       2.60324E-11       1.04129E-03       7.64048E-09       7.51628E-09
       7.35000E-06       7.37500E-06       7.36250E-06       2.50001E-08       2.60324E-11       1.04129E-03       7.66651E-09       7.54231E-09
       7.37500E-06       7.40000E-06       7.38750E-06       2.50001E-08       2.60324E-11       1.04129E-03       7.69255E-09       7.56835E-09
       7.40000E-06       7.42500E-06       7.41250E-06       2.50001E-08       2.60324E-11       1.04129E-03       7.71858E-09       7.59438E-09
       7.42500E-06       7.45000E-06       7.43750E-06       2.49996E-08       2.60324E-11       1.04131E-03       7.74476E-09       7.62041E-09
       7.45000E-06       7.47500E-06       7.46250E-06       2.50001E-08       2.60324E-11       1.04129E-03       7.77064E-09       7.64644E-09
       7.47500E-06       7.50000E-06       7.48750E-06       2.50001E-08       2.60324E-11       1.04129E-03       7.79668E-09       7.67248E-09
       7.50000E-06       7.52500E-06       7.51250E-06       2.50001E-08       2.60324E-11       1.04129E-03       7.82271E-09       7.69851E-09
       7.52500E-06       7.55000E-06       7.53750E-06       2.50001E-08       2.60324E-11       1.04129E-03       7.84874E-09       7.72454E-09
       7.55000E-06       7.57500E-06       7.56250E-06       2.49996E-08       2.60324E-11       1.04131E-03       7.87492E-09       7.75057E-09
       7.57500E-06       7.60000E-06       7.58750E-06       2.50001E-08       2.60324E-11       1.04129E-03       7.90081E-09       7.77661E-09
       7.60000E-06       7.62500E-06       7.61250E-06       2.50001E-08       2.60324E-11       1.04129E-03       7.92684E-09       7.80264E-09
       7.62500E-06       7.65000E-06       7.63750E-06       2.50001E-08       2.60324E-11       1.04129E-03       7.95287E-09       7.82867E-09
       7.65000E-06       7.67500E-06       7.66250E-06       2.50001E-08       2.60324E-11       1.04129E-03       7.97890E-09       7.85470E-09
       7.67500E-06       7.70000E-06       7.68750E-06       2.49996E-08       2.60324E-11       1.04131E-03       8.00509E-09       7.88074E-09
       7.70000E-06       7.72500E-06       7.71250E-06       2.50001E-08       2.60324E-11       1.04129E-03       8.03097E-09       7.90677E-09
       7.72500E-06       7.75000E-06       7.73750E-06       2.50001E-08       2.60324E-11       1.04129E-03       8.05700E-09       7.93280E-09
       7.75000E-06       7.77500E-06       7.76250E-06       2.50001E-08       2.60324E-11       1.04129E-03       8.08303E-09       7.95883E-09
       7.77500E-06       7.80000E-06       7.78750E-06       2.50001E-08       2.60324E-11       1.04129E-03       8.10906E-09       7.98487E-09
       7.80000E-06       7.82500E-06       7.81250E-06       2.49996E-08       2.60324E-11       1.04131E-03       8.13525E-09       8.01090E-09
       7.82500E-06       7.85000E-06       7.83750E-06       2.50001E-08       2.60324E-11       1.04129E-03       8.16113E-09       8.03693E-09
       7.85000E-06       7.87500E-06       7.86250E-06       2.50001E-08       2.60324E-11       1.04129E-03       8.18716E-09       8.06296E-09
       7.87500E-06       7.90000E-06       7.88750E-06       2.50001E-08       2.60324E-11       1.04129E-03       8.21319E-09       8.08900E-09
       7.90000E-06       7.92500E-06       7.91250E-06       2.50001E-08       2.60324E-11       1.04129E-03       8.23923E-09       8.11503E-09
       7.92500E-06       7.95000E-06       7.93750E-06       2.49996E-08       2.60324E-11       1.04131E-03       8.26542E-09       8.14106E-09
       7.95000E-06       7.97500E-06       7.96250E-06       2.50001E-08       2.60324E-11       1.04129E-03       8.29129E-09       8.16709E-09
       7.97500E-06       8.00000E-06       7.98750E-06       2.50001E-08       2.60324E-11       1.04129E-03       8.31732E-09       8.19313E-09
       8.00000E-06       8.02500E-06       8.01250E-06       2.49996E-08       2.60324E-11       1.04131E-03       8.34351E-09       8.21916E-09
       8.02500E-06       8.05000E-06       8.03750E-06       2.50006E-08       2.60324E-11       1.04127E-03       8.36923E-09       8.24519E-09
       8.05000E-06       8.07500E-06       8.06250E-06       2.49996E-08       2.60324E-11       1.04131E-03       8.39558E-09       8.27122E-09
       8.07500E-06       8.10000E-06       8.08750E-06       2.50006E-08       2.60324E-11       1.04127E-03       8.42129E-09       8.29726E-09
       8.10000E-06       8.12500E-06       8.11250E-06       2.49996E-08       2.60324E-11       1.04131E-03       8.44765E-09       8.32329E-09
       8.12500E-06       8.15000E-06       8.13750E-06       2.49996E-08       2.60324E-11       1.04131E-03       8.47368E-09       8.34932E-09
       8.15000E-06       8.17500E-06       8.16250E-06       2.50006E-08       2.60324E-11       1.04127E-03       8.49939E-09       8.37535E-09
       8.17500E-06       8.20000E-06       8.18750E-06       2.49996E-08       2.60324E-11       1.04131E-03       8.52574E-09       8.40139E-09
       8.20000E-06       8.22500E-06       8.21250E-06       2.50006E-08       2.60324E-11       1.04127E-03       8.55145E-09       8.42742E-09
       8.22500E-06       8.25000E-06       8.23750E-06       2.49996E-08       2.60324E-11       1.04131E-03       8.57781E-09       8.45345E-09
       8.25000E-06       8.27500E-06       8.26250E-06       2.49996E-08       2.60324E-11       1.04131E-03       8.60384E-09       8.47948E-09
       8.27500E-06       8.30000E-06       8.28750E-06       2.50006E-08       2.60324E-11       1.04127E-03       8.62954E-09       8.50552E-09
       8.30000E-06       8.32500E-06       8.31250E-06       2.49996E-08       2.60324E-11       1.04131E-03       8.65591E-09       8.53155E-09
       8.32500E-06       8.35000E-06       8.33750E-06       2.50006E-08       2.60324E-11       1.04127E-03       8.68161E-09       8.55758E-09
       8.35000E-06       8.37500E-06       8.36250E-06       2.49996E-08       2.60324E-11       1.04131E-03       8.70797E-09       8.58361E-09
       8.37500E-06       8.40000E-06       8.38750E-06       2.49996E-08       2.60324E-11       1.04131E-03       8.73401E-09       8.60965E-09
       8.40000E-06       8.42500E-06       8.41250E-06       2.50006E-08       2.60324E-11       1.04127E-03       8.75970E-09       8.63568E-09
       8.42500E-06       8.45000E-06       8.43750E-06       2.49996E-08       2.60324E-11       1.04131E-03       8.78607E-09       8.66171E-09
       8.45000E-06       8.47500E-06       8.46250E-06       2.50006E-08       2.60324E-11       1.04127E-03       8.81177E-09       8.68774E-09
       8.47500E-06       8.50000E-06       8.48750E-06       2.49996E-08       2.60324E-11       1.04131E-03       8.83814E-09       8.71378E-09
       8.50000E-06       8.52500E-06       8.51250E-06       2.49996E-08       2.60324E-11       1.04131E-03       8.86417E-09       8.73981E-09
       8.52500E-06       8.55000E-06       8.53750E-06       2.50006E-08       2.60324E-11       1.04127E-03       8.88986E-09       8.76584E-09
       8.55000E-06       8.57500E-06       8.56250E-06       2.49996E-08       2.60324E-11       1.04131E-03       8.91624E-09       8.79187E-09
       8.57500E-06       8.60000E-06       8.58750E-06       2.50006E-08       2.60324E-11       1.04127E-03       8.94193E-09       8.81791E-09
       8.60000E-06       8.62500E-06       8.61250E-06       2.49996E-08       2.60324E-11       1.04131E-03       8.96830E-09       8.84394E-09
       8.62500E-06       8.65000E-06       8.63750E-06       2.49996E-08       2.60324E-11       1.04131E-03       8.99434E-09       8.86997E-09
       8.65000E-06       8.67500E-06       8.66250E-06       2.50006E-08       2.60324E-11       1.04127E-03       9.02002E-09       8.89600E-09
       8.67500E-06       8.70000E-06       8.68750E-06       2.49996E-08       2.60324E-11       1.04131E-03       9.04640E-09       8.92204E-09
       8.70000E-06       8.72500E-06       8.71250E-06       2.50006E-08       2.60324E-11       1.04127E-03       9.07209E-09       8.94807E-09
       8.72500E-06       8.75000E-06       8.73750E-06       2.49996E-08       2.60324E-11       1.04131E-03       9.09847E-09       8.97410E-09
       8.75000E-06       8.77500E-06       8.76250E-06       2.49996E-08       2.60324E-11       1.04131E-03       9.12450E-09       9.00013E-09
       8.77500E-06       8.80000E-06       8.78750E-06       2.50006E-08       2.60324E-11       1.04127E-03       9.15018E-09       9.02617E-09
       8.80000E-06       8.82500E-06       8.81250E-06       2.49996E-08       2.60324E-11       1.04131E-03       9.17656E-09       9.05220E-09
       8.82500E-06       8.85000E-06       8.83750E-06       2.50006E-08       2.60324E-11       1.04127E-03       9.20225E-09       9.07823E-09
       8.85000E-06       8.87500E-06       8.86250E-06       2.49996E-08       2.60324E-11       1.04131E-03       9.22863E-09       9.10426E-09
       8.87500E-06       8.90000E-06       8.88750E-06       2.49996E-08       2.60324E-11       1.04131E-03       9.25466E-09       9.13030E-09
       8.90000E-06       8.92500E-06       8.91250E-06       2.50006E-08       2.60324E-11       1.04127E-03       9.28034E-09       9.15633E-09
       8.92500E-06       8.95000E-06       8.93750E-06       2.49996E-08       2.60324E-11       1.04131E-03       9.30673E-09       9.18236E-09
       8.95000E-06       8.97500E-06       8.96250E-06       2.50006E-08       2.60324E-11       1.04127E-03       9.33240E-09       9.20839E-09
       8.97500E-06       9.00000E-06       8.98750E-06       2.49996E-08       2.60324E-11       1.04131E-03       9.35879E-09       9.23443E-09
       9.00000E-06       9.02500E-06       9.01250E-06       2.49996E-08       2.60324E-11       1.04131E-03       9.38483E-09       9.26046E-09
       9.02500E-06       9.05000E-06       9.03750E-06       2.50006E-08       2.60324E-11       1.04127E-03       9.41050E-09       9.28649E-09
       9.05000E-06       9.07500E-06       9.06250E-06       2.49996E-08       2.60324E-11       1.04131E-03       9.43689E-09       9.31252E-09
       9.07500E-06       9.10000E-06       9.08750E-06       2.50006E-08       2.60324E-11       1.04127E-03       9.46256E-09       9.33856E-09
       9.10000E-06       9.12500E-06       9.11250E-06       2.49996E-08       2.60324E-11       1.04131E-03       9.48896E-09       9.36459E-09
       9.12500E-06       9.15000E-06       9.13750E-06       2.49996E-08       2.60324E-11       1.04131E-03       9.51499E-09       9.39062E-09
       9.15000E-06       9.17500E-06       9.16250E-06       2.50006E-08       2.60324E-11       1.04127E-03       9.54066E-09       9.41665E-09
       9.17500E-06       9.20000E-06       9.18750E-06       2.49996E-08       2.60324E-11       1.04131E-03       9.56706E-09       9.44269E-09
       9.20000E-06       9.22500E-06       9.21250E-06       2.50006E-08       2.60324E-11       1.04127E-03       9.59272E-09       9.46872E-09
       9.22500E-06       9.25000E-06       9.23750E-06       2.49996E-08       2.60324E-11       1.04131E-03       9.61912E-09       9.49475E-09
       9.25000E-06       9.27500E-06       9.26250E-06       2.49996E-08       2.60324E-11       1.04131E-03       9.64515E-09       9.52078E-09
       9.27500E-06       9.30000E-06       9.28750E-06       2.50006E-08       2.60324E-11       1.04127E-03       9.67082E-09       9.54682E-09
       9.30000E-06       9.32500E-06       9.31250E-06       2.49996E-08       2.60324E-11       1.04131E-03       9.69722E-09       9.57285E-09
       9.32500E-06       9.35000E-06       9.33750E-06       2.50006E-08       2.60324E-11       1.04127E-03       9.72288E-09       9.59888E-09
       9.35000E-06       9.37500E-06       9.36250E-06       2.49996E-08       2.60324E-11       1.04131E-03       9.74929E-09       9.62491E-09
       9.37500E-06       9.40000E-06       9.38750E-06       2.49996E-08       2.60324E-11       1.04131E-03       9.77532E-09       9.65095E-09
       9.40000E-06       9.42500E-06       9.41250E-06       2.50006E-08       2.60324E-11       1.04127E-03       9.80098E-09       9.67698E-09
       9.42500E-06       9.45000E-06       9.43750E-06       2.49996E-08       2.60324E-11       1.04131E-03       9.82738E-09       9.70301E-09
       9.45000E-06       9.47500E-06       9.46250E-06       2.50006E-08       2.60324E-11       1.04127E-03       9.85304E-09       9.72904E-09
       9.47500E-06       9.50000E-06       9.48750E-06       2.49996E-08       2.60324E-11       1.04131E-03       9.87945E-09       9.75508E-09
       9.50000E-06       9.52500E-06       9.51250E-06       2.49996E-08       2.60324E-11       1.04131E-03       9.90548E-09       9.78111E-09
       9.52500E-06       9.55000E-06       9.53750E-06       2.50006E-08       2.60324E-11       1.04127E-03       9.93114E-09       9.80714E-09
       9.55000E-06       9.57500E-06       9.56250E-06       2.49996E-08       2.60324E-11       1.04131E-03       9.95755E-09       9.83317E-09
       9.57500E-06       9.60000E-06       9.58750E-06       2.50006E-08       2.60324E-11       1.04127E-03       9.98320E-09       9.85921E-09
       9.60000E-06       9.62500E-06       9.61250E-06       2.49996E-08       2.60324E-11       1.04131E-03       1.00096E-08       9.88524E-09
       9.62500E-06       9.65000E-06       9.63750E-06       2.49996E-08       2.60324E-11       1.04131E-03       1.00356E-08       9.91127E-09
       9.65000E-06       9.67500E-06       9.66250E-06       2.50006E-08       2.60324E-11       1.04127E-03       1.00613E-08       9.93730E-09
       9.67500E-06       9.70000E-06       9.68750E-06       2.49996E-08       2.60324E-11       1.04131E-03       1.00877E-08       9.96334E-09
       9.70000E-06       9.72500E-06       9.71250E-06       2.50006E-08       2.60324E-11       1.04127E-03       1.01134E-08       9.98937E-09
       9.72500E-06       9.75000E-06       9.73750E-06       2.49996E-08       2.60324E-11       1.04131E-03       1.01398E-08       1.00154E-08
       9.75000E-06       9.77500E-06       9.76250E-06       2.49996E-08       2.60324E-11       1.04131E-03       1.01658E-08       1.00414E-08
       9.77500E-06       9.80000E-06       9.78750E-06       2.50006E-08       2.60324E-11       1.04127E-03       1.01915E-08       1.00675E-08
       9.80000E-06       9.82500E-06       9.81250E-06       2.49996E-08       2.60324E-11       1.04131E-03       1.02179E-08       1.00935E-08
       9.82500E-06       9.85000E-06       9.83750E-06       2.50006E-08       2.60324E-11       1.04127E-03       1.02435E-08       1.01195E-08
       9.85000E-06       9.87500E-06       9.86250E-06       2.49996E-08       2.60324E-11       1.04131E-03       1.02699E-08       1.01456E-08
       9.87500E-06       9.90000E-06       9.88750E-06       2.49996E-08       2.60324E-11       1.04131E-03       1.02960E-08       1.01716E-08
       9.90000E-06       9.92500E-06       9.91250E-06       2.50006E-08       2.60324E-11       1.04127E-03       1.03216E-08       1.01976E-08
       9.92500E-06       9.95000E-06       9.93750E-06       2.49996E-08       2.60324E-11       1.04131E-03       1.03480E-08       1.02237E-08
       9.95000E-06       9.97500E-06       9.96250E-06       2.50006E-08       2.60324E-11       1.04127E-03       1.03737E-08       1.02497E-08
       9.97500E-06       1.00000E-05       9.98750E-06       2.49996E-08       2.60324E-11       1.04131E-03       1.04001E-08       1.02757E-08
       1.00000E-05       1.04713E-05       1.02356E-05       4.71300E-07       4.90751E-10       1.04127E-03       1.06581E-08       1.07665E-08
       1.04713E-05       1.09648E-05       1.07180E-05       4.93500E-07       5.13873E-10       1.04128E-03       1.11605E-08       1.12803E-08
       1.09648E-05       1.14815E-05       1.12232E-05       5.16700E-07       5.38102E-10       1.04142E-03       1.16880E-08       1.18185E-08
       1.14815E-05       1.20226E-05       1.17521E-05       5.41101E-07       5.63445E-10       1.04130E-03       1.22374E-08       1.23819E-08
       1.20226E-05       1.25892E-05       1.23059E-05       5.66600E-07       5.90008E-10       1.04131E-03       1.28143E-08       1.29719E-08
       1.25892E-05       1.31826E-05       1.28859E-05       5.93400E-07       6.17822E-10       1.04116E-03       1.34162E-08       1.35897E-08
       1.31826E-05       1.38038E-05       1.34932E-05       6.21200E-07       6.46932E-10       1.04142E-03       1.40521E-08       1.42367E-08
       1.38038E-05       1.44544E-05       1.41291E-05       6.50600E-07       6.77398E-10       1.04119E-03       1.47111E-08       1.49141E-08
       1.44544E-05       1.51356E-05       1.47950E-05       6.81200E-07       7.09366E-10       1.04135E-03       1.54067E-08       1.56234E-08
       1.51356E-05       1.58489E-05       1.54922E-05       7.13300E-07       7.42773E-10       1.04132E-03       1.61324E-08       1.63662E-08
       1.58489E-05       1.65959E-05       1.62224E-05       7.47000E-07       7.77807E-10       1.04124E-03       1.68914E-08       1.71440E-08
       1.65959E-05       1.73780E-05       1.69869E-05       7.82101E-07       8.14467E-10       1.04138E-03       1.76899E-08       1.79585E-08
       1.73780E-05       1.81970E-05       1.77875E-05       8.19000E-07       8.52816E-10       1.04129E-03       1.85219E-08       1.88113E-08
       1.81970E-05       1.90546E-05       1.86258E-05       8.57599E-07       8.93042E-10       1.04133E-03       1.93956E-08       1.97043E-08
       1.90546E-05       1.99526E-05       1.95036E-05       8.98001E-07       9.35082E-10       1.04129E-03       2.03090E-08       2.06394E-08
       1.99526E-05       2.08930E-05       2.04228E-05       9.40399E-07       9.79187E-10       1.04125E-03       2.12652E-08       2.16186E-08
       2.08930E-05       2.18776E-05       2.13853E-05       9.84600E-07       1.02536E-09       1.04139E-03       2.22705E-08       2.26440E-08
       2.18776E-05       2.29087E-05       2.23932E-05       1.03110E-06       1.07365E-09       1.04127E-03       2.33173E-08       2.37176E-08
       2.29087E-05       2.39883E-05       2.34485E-05       1.07960E-06       1.12426E-09       1.04137E-03       2.44186E-08       2.48419E-08
       2.39883E-05       2.51189E-05       2.45536E-05       1.13060E-06       1.17719E-09       1.04121E-03       2.55654E-08       2.60191E-08
       2.51189E-05       2.63027E-05       2.57108E-05       1.18380E-06       1.23268E-09       1.04129E-03       2.67724E-08       2.72517E-08
       2.63027E-05       2.75423E-05       2.69225E-05       1.23960E-06       1.29080E-09       1.04130E-03       2.80345E-08       2.85425E-08
       2.75423E-05       2.88403E-05       2.81913E-05       1.29800E-06       1.35161E-09       1.04130E-03       2.93556E-08       2.98941E-08
       2.88403E-05       3.01995E-05       2.95199E-05       1.35920E-06       1.41535E-09       1.04131E-03       3.07395E-08       3.13095E-08
       3.01995E-05       3.16228E-05       3.09111E-05       1.42330E-06       1.48204E-09       1.04127E-03       3.21869E-08       3.27915E-08
       3.16228E-05       3.31131E-05       3.23679E-05       1.49030E-06       1.55186E-09       1.04131E-03       3.37050E-08       3.43434E-08
       3.31131E-05       3.46737E-05       3.38934E-05       1.56060E-06       1.62505E-09       1.04130E-03       3.52932E-08       3.59684E-08
       3.46737E-05       3.63078E-05       3.54907E-05       1.63410E-06       1.70163E-09       1.04132E-03       3.69573E-08       3.76701E-08
       3.63078E-05       3.80189E-05       3.71634E-05       1.71110E-06       1.78177E-09       1.04130E-03       3.86981E-08       3.94518E-08
       3.80189E-05       3.98107E-05       3.89148E-05       1.79180E-06       1.86579E-09       1.04129E-03       4.05217E-08       4.13176E-08
       3.98107E-05       4.16869E-05       4.07488E-05       1.87620E-06       1.95368E-09       1.04130E-03       4.24316E-08       4.32713E-08
       4.16869E-05       4.36516E-05       4.26692E-05       1.96470E-06       2.04577E-09       1.04126E-03       4.44299E-08       4.53171E-08
       4.36516E-05       4.57088E-05       4.46802E-05       2.05720E-06       2.14217E-09       1.04131E-03       4.65257E-08       4.74593E-08
       4.57088E-05       4.78630E-05       4.67859E-05       2.15420E-06       2.24315E-09       1.04129E-03       4.87177E-08       4.97024E-08
       4.78630E-05       5.01187E-05       4.89908E-05       2.25570E-06       2.34887E-09       1.04131E-03       5.10144E-08       5.20513E-08
       5.01187E-05       5.24808E-05       5.12998E-05       2.36210E-06       2.45960E-09       1.04128E-03       5.34173E-08       5.45109E-08
       5.24808E-05       5.49541E-05       5.37174E-05       2.47330E-06       2.57546E-09       1.04131E-03       5.59363E-08       5.70863E-08
       5.49541E-05       5.75440E-05       5.62490E-05       2.58990E-06       2.69683E-09       1.04129E-03       5.85715E-08       5.97832E-08
       5.75440E-05       6.02560E-05       5.89000E-05       2.71200E-06       2.82395E-09       1.04128E-03       6.13314E-08       6.26071E-08
       6.02560E-05       6.30957E-05       6.16758E-05       2.83970E-06       2.95702E-09       1.04131E-03       6.42239E-08       6.55642E-08
       6.30957E-05       6.60693E-05       6.45825E-05       2.97360E-06       3.09640E-09       1.04130E-03       6.72496E-08       6.86606E-08
       6.60693E-05       6.91831E-05       6.76262E-05       3.11380E-06       3.24235E-09       1.04128E-03       7.04181E-08       7.19029E-08
       6.91831E-05       7.24436E-05       7.08134E-05       3.26051E-06       3.39512E-09       1.04129E-03       7.37370E-08       7.52980E-08
       7.24436E-05       7.58578E-05       7.41507E-05       3.41420E-06       3.55515E-09       1.04128E-03       7.72119E-08       7.88532E-08
       7.58578E-05       7.94328E-05       7.76453E-05       3.57500E-06       3.72269E-09       1.04131E-03       8.08530E-08       8.25759E-08
       7.94328E-05       8.31764E-05       8.13046E-05       3.74360E-06       3.89817E-09       1.04129E-03       8.46616E-08       8.64740E-08
       8.31764E-05       8.70964E-05       8.51364E-05       3.92000E-06       4.08184E-09       1.04129E-03       8.86514E-08       9.05559E-08
       8.70964E-05       9.12011E-05       8.91488E-05       4.10471E-06       4.27421E-09       1.04130E-03       9.28303E-08       9.48301E-08
       9.12011E-05       9.54993E-05       9.33502E-05       4.29820E-06       4.47566E-09       1.04129E-03       9.72044E-08       9.93057E-08
       9.54993E-05       1.00000E-04       9.77497E-05       4.50070E-06       4.68661E-09       1.04131E-03       1.01787E-07       1.03992E-07
       1.00000E-04       1.04713E-04       1.02356E-04       4.71300E-06       4.90751E-09       1.04127E-03       1.06581E-07       1.08900E-07
       1.04713E-04       1.09648E-04       1.07181E-04       4.93501E-06       5.13873E-09       1.04128E-03       1.11605E-07       1.14039E-07
       1.09648E-04       1.14815E-04       1.12232E-04       5.16700E-06       5.38102E-09       1.04142E-03       1.16880E-07       1.19420E-07
       1.14815E-04       1.20226E-04       1.17520E-04       5.41100E-06       5.63445E-09       1.04130E-03       1.22374E-07       1.25054E-07
       1.20226E-04       1.25892E-04       1.23059E-04       5.66600E-06       5.90008E-09       1.04131E-03       1.28143E-07       1.30954E-07
       1.25892E-04       1.31826E-04       1.28859E-04       5.93401E-06       6.17822E-09       1.04116E-03       1.34162E-07       1.37132E-07
       1.31826E-04       1.38038E-04       1.34932E-04       6.21199E-06       6.46925E-09       1.04141E-03       1.40520E-07       1.43602E-07
       1.38038E-04       1.44544E-04       1.41291E-04       6.50601E-06       6.77429E-09       1.04124E-03       1.47117E-07       1.50376E-07
       1.44544E-04       1.51356E-04       1.47950E-04       6.81200E-06       7.09341E-09       1.04131E-03       1.54062E-07       1.57469E-07
       1.51356E-04       1.58489E-04       1.54922E-04       7.13300E-06       7.42779E-09       1.04133E-03       1.61325E-07       1.64897E-07
       1.58489E-04       1.65959E-04       1.62224E-04       7.47000E-06       7.77788E-09       1.04122E-03       1.68910E-07       1.72675E-07
       1.65959E-04       1.73780E-04       1.69870E-04       7.82100E-06       8.14442E-09       1.04135E-03       1.76894E-07       1.80819E-07
       1.73780E-04       1.81970E-04       1.77875E-04       8.19000E-06       8.52822E-09       1.04130E-03       1.85221E-07       1.89348E-07
       1.81970E-04       1.90546E-04       1.86258E-04       8.57600E-06       8.93017E-09       1.04130E-03       1.93950E-07       1.98278E-07
       1.90546E-04       1.99526E-04       1.95036E-04       8.98000E-06       9.35095E-09       1.04131E-03       2.03093E-07       2.07629E-07
       1.99526E-04       2.08930E-04       2.04228E-04       9.40399E-06       9.79174E-09       1.04123E-03       2.12649E-07       2.17420E-07
       2.08930E-04       2.18776E-04       2.13853E-04       9.84601E-06       1.02532E-08       1.04136E-03       2.22698E-07       2.27674E-07
       2.18776E-04       2.29087E-04       2.23932E-04       1.03110E-05       1.07364E-08       1.04126E-03       2.33170E-07       2.38410E-07
       2.29087E-04       2.39883E-04       2.34485E-04       1.07960E-05       1.12424E-08       1.04135E-03       2.44180E-07       2.49653E-07
       2.39883E-04       2.51189E-04       2.45536E-04       1.13060E-05       1.17722E-08       1.04123E-03       2.55661E-07       2.61425E-07
       2.51189E-04       2.63027E-04       2.57108E-04       1.18380E-05       1.23271E-08       1.04132E-03       2.67731E-07       2.73752E-07
       2.63027E-04       2.75423E-04       2.69225E-04       1.23960E-05       1.29080E-08       1.04131E-03       2.80346E-07       2.86660E-07
       2.75423E-04       2.88403E-04       2.81913E-04       1.29800E-05       1.35164E-08       1.04132E-03       2.93562E-07       3.00176E-07
       2.88403E-04       3.01995E-04       2.95199E-04       1.35920E-05       1.41534E-08       1.04130E-03       3.07391E-07       3.14330E-07
       3.01995E-04       3.16228E-04       3.09111E-04       1.42330E-05       1.48204E-08       1.04127E-03       3.21868E-07       3.29150E-07
       3.16228E-04       3.31131E-04       3.23680E-04       1.49030E-05       1.55188E-08       1.04132E-03       3.37053E-07       3.44669E-07
       3.31131E-04       3.46737E-04       3.38934E-04       1.56060E-05       1.62503E-08       1.04129E-03       3.52927E-07       3.60919E-07
       3.46737E-04       3.63078E-04       3.54908E-04       1.63410E-05       1.70161E-08       1.04131E-03       3.69570E-07       3.77935E-07
       3.63078E-04       3.80189E-04       3.71634E-04       1.71110E-05       1.78180E-08       1.04132E-03       3.86989E-07       3.95753E-07
       3.80189E-04       3.98107E-04       3.89148E-04       1.79180E-05       1.86578E-08       1.04129E-03       4.05215E-07       4.14411E-07
       3.98107E-04       4.16869E-04       4.07488E-04       1.87620E-05       1.95371E-08       1.04131E-03       4.24322E-07       4.33948E-07
       4.16869E-04       4.36516E-04       4.26692E-04       1.96470E-05       2.04578E-08       1.04127E-03       4.44300E-07       4.54406E-07
       4.36516E-04       4.57088E-04       4.46802E-04       2.05720E-05       2.14220E-08       1.04132E-03       4.65263E-07       4.75828E-07
       4.57088E-04       4.78630E-04       4.67859E-04       2.15420E-05       2.24315E-08       1.04129E-03       4.87178E-07       4.98259E-07
       4.78630E-04       5.01187E-04       4.89909E-04       2.25570E-05       2.34887E-08       1.04130E-03       5.10143E-07       5.21748E-07
       5.01187E-04       5.24808E-04       5.12998E-04       2.36210E-05       2.45958E-08       1.04127E-03       5.34168E-07       5.46344E-07
       5.24808E-04       5.49541E-04       5.37175E-04       2.47330E-05       2.57548E-08       1.04131E-03       5.59367E-07       5.72099E-07
       5.49541E-04       5.75440E-04       5.62491E-04       2.58990E-05       2.69686E-08       1.04130E-03       5.85721E-07       5.99067E-07
       5.75440E-04       6.02560E-04       5.89000E-04       2.71200E-05       2.82397E-08       1.04129E-03       6.13318E-07       6.27307E-07
       6.02560E-04       6.30957E-04       6.16758E-04       2.83970E-05       2.95705E-08       1.04133E-03       6.42246E-07       6.56877E-07
       6.30957E-04       6.60693E-04       6.45825E-04       2.97360E-05       3.09641E-08       1.04130E-03       6.72498E-07       6.87842E-07
       6.60693E-04       6.91831E-04       6.76262E-04       3.11380E-05       3.24235E-08       1.04128E-03       7.04181E-07       7.20265E-07
       6.91831E-04       7.24436E-04       7.08133E-04       3.26050E-05       3.39515E-08       1.04130E-03       7.37379E-07       7.54217E-07
       7.24436E-04       7.58578E-04       7.41507E-04       3.41420E-05       3.55516E-08       1.04128E-03       7.72120E-07       7.89768E-07
       7.58578E-04       7.94328E-04       7.76453E-04       3.57500E-05       3.72271E-08       1.04132E-03       8.08533E-07       8.26995E-07
       7.94328E-04       8.31764E-04       8.13046E-04       3.74360E-05       3.89816E-08       1.04129E-03       8.46615E-07       8.65977E-07
       8.31764E-04       8.70964E-04       8.51364E-04       3.92000E-05       4.08187E-08       1.04129E-03       8.86519E-07       9.06796E-07
       8.70964E-04       9.12011E-04       8.91487E-04       4.10470E-05       4.27424E-08       1.04130E-03       9.28309E-07       9.49538E-07
       9.12011E-04       9.54993E-04       9.33502E-04       4.29820E-05       4.47569E-08       1.04129E-03       9.72050E-07       9.94295E-07
       9.54993E-04       1.00000E-03       9.77497E-04       4.50070E-05       4.68661E-08       1.04131E-03       1.01787E-06       1.04116E-06
       1.00000E-03       1.04713E-03       1.02356E-03       4.71300E-05       4.90753E-08       1.04128E-03       1.06581E-06       1.09024E-06
       1.04713E-03       1.09648E-03       1.07180E-03       4.93500E-05       5.13870E-08       1.04128E-03       1.11605E-06       1.14162E-06
       1.09648E-03       1.14815E-03       1.12231E-03       5.16700E-05       5.38101E-08       1.04142E-03       1.16880E-06       1.19543E-06
       1.14815E-03       1.20226E-03       1.17520E-03       5.41100E-05       5.63447E-08       1.04130E-03       1.22374E-06       1.25178E-06
       1.20226E-03       1.25892E-03       1.23059E-03       5.66600E-05       5.90010E-08       1.04132E-03       1.28143E-06       1.31078E-06
       1.25892E-03       1.31826E-03       1.28859E-03       5.93400E-05       6.17823E-08       1.04116E-03       1.34163E-06       1.37256E-06
       1.31826E-03       1.38038E-03       1.34932E-03       6.21200E-05       6.46925E-08       1.04141E-03       1.40520E-06       1.43725E-06
       1.38038E-03       1.44544E-03       1.41291E-03       6.50599E-05       6.77429E-08       1.04124E-03       1.47118E-06       1.50500E-06
       1.44544E-03       1.51356E-03       1.47950E-03       6.81201E-05       7.09341E-08       1.04131E-03       1.54062E-06       1.57593E-06
       1.51356E-03       1.58489E-03       1.54923E-03       7.13300E-05       7.42779E-08       1.04133E-03       1.61325E-06       1.65021E-06
       1.58489E-03       1.65959E-03       1.62224E-03       7.47000E-05       7.77788E-08       1.04122E-03       1.68910E-06       1.72799E-06
       1.65959E-03       1.73780E-03       1.69870E-03       7.82101E-05       8.14442E-08       1.04135E-03       1.76894E-06       1.80943E-06
       1.73780E-03       1.81970E-03       1.77875E-03       8.18999E-05       8.52822E-08       1.04130E-03       1.85221E-06       1.89471E-06
       1.81970E-03       1.90546E-03       1.86258E-03       8.57600E-05       8.93017E-08       1.04130E-03       1.93950E-06       1.98402E-06
       1.90546E-03       1.99526E-03       1.95036E-03       8.98001E-05       9.35095E-08       1.04131E-03       2.03092E-06       2.07753E-06
       1.99526E-03       2.08930E-03       2.04228E-03       9.40400E-05       9.79174E-08       1.04123E-03       2.12649E-06       2.17544E-06
       2.08930E-03       2.18776E-03       2.13853E-03       9.84600E-05       1.02532E-07       1.04136E-03       2.22698E-06       2.27797E-06
       2.18776E-03       2.29087E-03       2.23932E-03       1.03110E-04       1.07364E-07       1.04126E-03       2.33170E-06       2.38534E-06
       2.29087E-03       2.39883E-03       2.34485E-03       1.07960E-04       1.12424E-07       1.04135E-03       2.44180E-06       2.49776E-06
       2.39883E-03       2.51189E-03       2.45536E-03       1.13060E-04       1.17722E-07       1.04124E-03       2.55661E-06       2.61548E-06
       2.51189E-03       2.63027E-03       2.57108E-03       1.18380E-04       1.23271E-07       1.04132E-03       2.67731E-06       2.73876E-06
       2.63027E-03       2.75423E-03       2.69225E-03       1.23960E-04       1.29080E-07       1.04131E-03       2.80346E-06       2.86784E-06
       2.75423E-03       2.88403E-03       2.81913E-03       1.29800E-04       1.35164E-07       1.04132E-03       2.93562E-06       3.00300E-06
       2.88403E-03       3.01995E-03       2.95199E-03       1.35920E-04       1.41534E-07       1.04130E-03       3.07391E-06       3.14453E-06
       3.01995E-03       3.16228E-03       3.09112E-03       1.42330E-04       1.48204E-07       1.04127E-03       3.21868E-06       3.29274E-06
       3.16228E-03       3.31131E-03       3.23679E-03       1.49030E-04       1.55188E-07       1.04132E-03       3.37054E-06       3.44792E-06
       3.31131E-03       3.46737E-03       3.38934E-03       1.56060E-04       1.62503E-07       1.04128E-03       3.52927E-06       3.61043E-06
       3.46737E-03       3.63078E-03       3.54907E-03       1.63410E-04       1.70161E-07       1.04131E-03       3.69570E-06       3.78059E-06
       3.63078E-03       3.80189E-03       3.71633E-03       1.71110E-04       1.78180E-07       1.04132E-03       3.86989E-06       3.95877E-06
       3.80189E-03       3.98107E-03       3.89148E-03       1.79180E-04       1.86578E-07       1.04129E-03       4.05215E-06       4.14535E-06
       3.98107E-03       4.16869E-03       4.07488E-03       1.87620E-04       1.95371E-07       1.04131E-03       4.24322E-06       4.34072E-06
       4.16869E-03       4.36516E-03       4.26693E-03       1.96470E-04       2.04578E-07       1.04127E-03       4.44300E-06       4.54530E-06
       4.36516E-03       4.57088E-03       4.46802E-03       2.05720E-04       2.14220E-07       1.04132E-03       4.65264E-06       4.75952E-06
       4.57088E-03       4.78630E-03       4.67859E-03       2.15420E-04       2.24315E-07       1.04129E-03       4.87178E-06       4.98383E-06
       4.78630E-03       5.01187E-03       4.89909E-03       2.25570E-04       2.34887E-07       1.04130E-03       5.10142E-06       5.21872E-06
       5.01187E-03       5.24807E-03       5.12997E-03       2.36200E-04       2.45958E-07       1.04131E-03       5.34190E-06       5.46467E-06
       5.24807E-03       5.49541E-03       5.37174E-03       2.47340E-04       2.57548E-07       1.04127E-03       5.59344E-06       5.72222E-06
       5.49541E-03       5.75440E-03       5.62491E-03       2.58990E-04       2.69686E-07       1.04130E-03       5.85722E-06       5.99191E-06
       5.75440E-03       6.02560E-03       5.89000E-03       2.71200E-04       2.82397E-07       1.04129E-03       6.13318E-06       6.27431E-06
       6.02560E-03       6.30957E-03       6.16759E-03       2.83970E-04       2.95705E-07       1.04132E-03       6.42246E-06       6.57001E-06
       6.30957E-03       6.60693E-03       6.45825E-03       2.97360E-04       3.09641E-07       1.04130E-03       6.72497E-06       6.87965E-06
       6.60693E-03       6.91831E-03       6.76262E-03       3.11380E-04       3.24235E-07       1.04128E-03       7.04182E-06       7.20389E-06
       6.91831E-03       7.24436E-03       7.08133E-03       3.26050E-04       3.39515E-07       1.04130E-03       7.37379E-06       7.54340E-06
       7.24436E-03       7.58578E-03       7.41507E-03       3.41420E-04       3.55516E-07       1.04129E-03       7.72121E-06       7.89892E-06
       7.58578E-03       7.94328E-03       7.76453E-03       3.57500E-04       3.72271E-07       1.04132E-03       8.08533E-06       8.27119E-06
       7.94328E-03       8.31764E-03       8.13046E-03       3.74360E-04       3.89816E-07       1.04129E-03       8.46614E-06       8.66101E-06
       8.31764E-03       8.70964E-03       8.51364E-03       3.92000E-04       4.08187E-07       1.04129E-03       8.86519E-06       9.06919E-06
       8.70964E-03       9.12011E-03       8.91487E-03       4.10471E-04       5.45021E-07       1.32780E-03       1.18371E-05       9.61421E-06
       9.12011E-03       9.54993E-03       9.33502E-03       4.29819E-04       5.51243E-06       1.28250E-02       1.19722E-04       1.51266E-05
       9.54993E-03       1.00000E-02       9.77496E-03       4.50070E-04       7.41184E-06       1.64682E-02       1.60976E-04       2.25385E-05
       1.00000E-02       1.04713E-02       1.02357E-02       4.71300E-04       7.76313E-06       1.64717E-02       1.68599E-04       3.03016E-05
       1.04713E-02       1.09648E-02       1.07180E-02       4.93500E-04       8.13165E-06       1.64775E-02       1.76607E-04       3.84333E-05
       1.09648E-02       1.14815E-02       1.12232E-02       5.16700E-04       8.51750E-06       1.64844E-02       1.85007E-04       4.69508E-05
       1.14815E-02       1.20226E-02       1.17521E-02       5.41100E-04       8.92132E-06       1.64874E-02       1.93761E-04       5.58721E-05
       1.20226E-02       1.25892E-02       1.23059E-02       5.66601E-04       9.34564E-06       1.64942E-02       2.02976E-04       6.52177E-05
       1.25892E-02       1.31826E-02       1.28859E-02       5.93399E-04       9.78851E-06       1.64957E-02       2.12561E-04       7.50062E-05
       1.31826E-02       1.38038E-02       1.34932E-02       6.21200E-04       1.02543E-05       1.65073E-02       2.22736E-04       8.52606E-05
       1.38038E-02       1.44544E-02       1.41291E-02       6.50601E-04       1.07409E-05       1.65093E-02       2.33261E-04       9.60015E-05
       1.44544E-02       1.51356E-02       1.47950E-02       6.81199E-04       1.37413E-05       2.01722E-02       2.98448E-04       1.09743E-04
       1.51356E-02       1.58489E-02       1.54923E-02       7.13301E-04       2.03810E-05       2.85728E-02       4.42657E-04       1.30124E-04
       1.58489E-02       1.65959E-02       1.62224E-02       7.47000E-04       2.13400E-05       2.85676E-02       4.63436E-04       1.51464E-04
       1.65959E-02       1.73780E-02       1.69870E-02       7.82100E-04       2.23447E-05       2.85701E-02       4.85319E-04       1.73809E-04
       1.73780E-02       1.81970E-02       1.77875E-02       8.19000E-04       2.77139E-05       3.38387E-02       6.01905E-04       2.01522E-04
       1.81970E-02       1.90546E-02       1.86258E-02       8.57600E-04       2.98461E-05       3.48019E-02       6.48213E-04       2.31368E-04
       1.90546E-02       1.99526E-02       1.95036E-02       8.98000E-04       4.06174E-05       4.52309E-02       8.82166E-04       2.71986E-04
       1.99526E-02       2.08930E-02       2.04228E-02       9.40400E-04       4.77192E-05       5.07435E-02       1.03632E-03       3.19705E-04
       2.08930E-02       2.18776E-02       2.13853E-02       9.84600E-04       4.99192E-05       5.07000E-02       1.08423E-03       3.69624E-04
       2.18776E-02       2.29087E-02       2.23931E-02       1.03110E-03       5.22175E-05       5.06425E-02       1.13405E-03       4.21842E-04
       2.29087E-02       2.39883E-02       2.34485E-02       1.07960E-03       5.61824E-05       5.20399E-02       1.22026E-03       4.78024E-04
       2.39883E-02       2.51189E-02       2.45536E-02       1.13060E-03       7.29728E-05       6.45434E-02       1.58477E-03       5.50997E-04
       2.51189E-02       2.63027E-02       2.57108E-02       1.18380E-03       8.42610E-05       7.11785E-02       1.83006E-03       6.35258E-04
       2.63027E-02       2.75423E-02       2.69225E-02       1.23960E-03       9.55223E-05       7.70589E-02       2.07462E-03       7.30780E-04
       2.75423E-02       2.88403E-02       2.81913E-02       1.29800E-03       1.13427E-04       8.73858E-02       2.46352E-03       8.44207E-04
       2.88403E-02       3.01995E-02       2.95199E-02       1.35920E-03       1.26050E-04       9.27385E-02       2.73763E-03       9.70257E-04
       3.01995E-02       3.16228E-02       3.09112E-02       1.42330E-03       1.32006E-04       9.27464E-02       2.86690E-03       1.10226E-03
       3.16228E-02       3.31131E-02       3.23680E-02       1.49030E-03       1.46174E-04       9.80835E-02       3.17476E-03       1.24844E-03
       3.31131E-02       3.46737E-02       3.38934E-02       1.56060E-03       1.54297E-04       9.88703E-02       3.35105E-03       1.40273E-03
       3.46737E-02       3.63078E-02       3.54908E-02       1.63410E-03       1.61402E-04       9.87712E-02       3.50546E-03       1.56414E-03
       3.63078E-02       3.80189E-02       3.71633E-02       1.71110E-03       1.68826E-04       9.86653E-02       3.66673E-03       1.73296E-03
       3.80189E-02       3.98107E-02       3.89148E-02       1.79180E-03       1.76584E-04       9.85509E-02       3.83509E-03       1.90955E-03
       3.98107E-02       4.16869E-02       4.07488E-02       1.87620E-03       1.84688E-04       9.84375E-02       4.01121E-03       2.09423E-03
       4.16869E-02       4.36516E-02       4.26693E-02       1.96470E-03       1.93154E-04       9.83119E-02       4.19489E-03       2.28739E-03
       4.36516E-02       4.57088E-02       4.46802E-02       2.05720E-03       2.01999E-04       9.81912E-02       4.38720E-03       2.48939E-03
       4.57088E-02       4.78630E-02       4.67859E-02       2.15420E-03       2.11236E-04       9.80576E-02       4.58771E-03       2.70062E-03
       4.78630E-02       5.01187E-02       4.89908E-02       2.25570E-03       2.20880E-04       9.79210E-02       4.79723E-03       2.92150E-03
       5.01187E-02       5.24808E-02       5.12998E-02       2.36210E-03       2.30956E-04       9.77754E-02       5.01586E-03       3.15246E-03
       5.24808E-02       5.49541E-02       5.37174E-02       2.47330E-03       2.41472E-04       9.76316E-02       5.24452E-03       3.39393E-03
       5.49541E-02       5.75440E-02       5.62491E-02       2.58990E-03       2.52454E-04       9.74763E-02       5.48295E-03       3.64638E-03
       5.75440E-02       6.02560E-02       5.89000E-02       2.71200E-03       2.63918E-04       9.73148E-02       5.73184E-03       3.91030E-03
       6.02560E-02       6.30957E-02       6.16758E-02       2.83970E-03       2.75881E-04       9.71516E-02       5.99191E-03       4.18618E-03
       6.30957E-02       6.60693E-02       6.45825E-02       2.97360E-03       2.88367E-04       9.69759E-02       6.26295E-03       4.47455E-03
       6.60693E-02       6.91831E-02       6.76262E-02       3.11380E-03       3.01395E-04       9.67932E-02       6.54576E-03       4.77594E-03
       6.91831E-02       7.24436E-02       7.08134E-02       3.26050E-03       3.14987E-04       9.66069E-02       6.84106E-03       5.09093E-03
       7.24436E-02       7.58578E-02       7.41507E-02       3.41420E-03       3.29168E-04       9.64116E-02       7.14898E-03       5.42010E-03
       7.58578E-02       7.94328E-02       7.76453E-02       3.57500E-03       3.43956E-04       9.62114E-02       7.47037E-03       5.76406E-03
       7.94328E-02       8.31764E-02       8.13046E-02       3.74360E-03       3.59384E-04       9.59996E-02       7.80520E-03       6.12344E-03
       8.31764E-02       8.70964E-02       8.51364E-02       3.92000E-03       3.75465E-04       9.57819E-02       8.15452E-03       6.49890E-03
       8.70964E-02       9.12011E-02       8.91488E-02       4.10470E-03       3.92233E-04       9.55570E-02       8.51879E-03       6.89114E-03
       9.12011E-02       9.54993E-02       9.33502E-02       4.29820E-03       4.57351E-04       1.06405E-01       9.93296E-03       7.34849E-03
       9.54993E-02       1.00000E-01       9.77497E-02       4.50070E-03       4.46642E-03       9.92383E-01       9.70051E-02       1.18149E-02
       1.00000E-01       1.04713E-01       1.02357E-01       4.71300E-03       6.30890E-03       1.33862E+00       1.37016E-01       1.81238E-02
       1.04713E-01       1.09648E-01       1.07180E-01       4.93500E-03       6.60479E-03       1.33836E+00       1.43446E-01       2.47286E-02
       1.09648E-01       1.14815E-01       1.12231E-01       5.16700E-03       6.91483E-03       1.33827E+00       1.50196E-01       3.16434E-02
       1.14815E-01       1.20226E-01       1.17520E-01       5.41100E-03       7.23906E-03       1.33784E+00       1.57224E-01       3.88825E-02
       1.20226E-01       1.25892E-01       1.23059E-01       5.66600E-03       7.57871E-03       1.33758E+00       1.64601E-01       4.64612E-02
       1.25892E-01       1.31826E-01       1.28859E-01       5.93400E-03       9.94989E-03       1.67676E+00       2.16066E-01       5.64111E-02
       1.31826E-01       1.38038E-01       1.34932E-01       6.21200E-03       1.15931E-02       1.86624E+00       2.51816E-01       6.80042E-02
       1.38038E-01       1.44544E-01       1.41291E-01       6.50600E-03       1.21376E-02       1.86560E+00       2.63592E-01       8.01418E-02
       1.44544E-01       1.51356E-01       1.47950E-01       6.81200E-03       1.27072E-02       1.86542E+00       2.75988E-01       9.28490E-02
       1.51356E-01       1.58489E-01       1.54923E-01       7.13300E-03       1.33038E-02       1.86511E+00       2.88947E-01       1.06153E-01
       1.58489E-01       1.65959E-01       1.62224E-01       7.47000E-03       1.39283E-02       1.86457E+00       3.02477E-01       1.20081E-01
       1.65959E-01       1.73780E-01       1.69869E-01       7.82100E-03       1.45819E-02       1.86446E+00       3.16714E-01       1.34663E-01
       1.73780E-01       1.81970E-01       1.77875E-01       8.19000E-03       1.52661E-02       1.86400E+00       3.31558E-01       1.49929E-01
       1.81970E-01       1.90546E-01       1.86258E-01       8.57600E-03       1.61353E-02       1.88145E+00       3.50435E-01       1.66064E-01
       1.90546E-01       1.99526E-01       1.95036E-01       8.98000E-03       4.06587E-02       4.52769E+00       8.83063E-01       2.06723E-01
       1.99526E-01       2.08930E-01       2.04228E-01       9.40400E-03       5.46578E-02       5.81219E+00       1.18701E+00       2.61381E-01
       2.08930E-01       2.18776E-01       2.13853E-01       9.84600E-03       5.72300E-02       5.81251E+00       1.24302E+00       3.18611E-01
       2.18776E-01       2.29087E-01       2.23931E-01       1.03110E-02       5.99226E-02       5.81152E+00       1.30138E+00       3.78534E-01
       2.29087E-01       2.39883E-01       2.34485E-01       1.07960E-02       6.27421E-02       5.81160E+00       1.36273E+00       4.41276E-01
       2.39883E-01       2.51189E-01       2.45536E-01       1.13060E-02       6.56941E-02       5.81055E+00       1.42670E+00       5.06970E-01
       2.51189E-01       2.63027E-01       2.57108E-01       1.18380E-02       6.75766E-02       5.70845E+00       1.46769E+00       5.74546E-01
       2.63027E-01       2.75423E-01       2.69225E-01       1.23960E-02       6.98793E-02       5.63724E+00       1.51769E+00       6.44426E-01
       2.75423E-01       2.88403E-01       2.81913E-01       1.29800E-02       6.83731E-02       5.26757E+00       1.48500E+00       7.12799E-01
       2.88403E-01       3.01995E-01       2.95199E-01       1.35920E-02       3.31303E-02       2.43748E+00       7.19542E-01       7.45929E-01
       3.01995E-01       3.16228E-01       3.09112E-01       1.42330E-02       2.22380E-02       1.56243E+00       4.82964E-01       7.68167E-01
       3.16228E-01       3.31131E-01       3.23680E-01       1.49030E-02       2.32791E-02       1.56204E+00       5.05601E-01       7.91446E-01
       3.31131E-01       3.46737E-01       3.38934E-01       1.56060E-02       2.43693E-02       1.56153E+00       5.29256E-01       8.15815E-01
       3.46737E-01       3.63078E-01       3.54908E-01       1.63410E-02       2.55100E-02       1.56111E+00       5.54048E-01       8.41325E-01
       3.63078E-01       3.80189E-01       3.71633E-01       1.71110E-02       2.66818E-02       1.55934E+00       5.79502E-01       8.68007E-01
       3.80189E-01       3.98107E-01       3.89148E-01       1.79180E-02       1.03565E-02       5.77996E-01       2.24926E-01       8.78364E-01
       3.98107E-01       4.16869E-01       4.07488E-01       1.87620E-02       1.54350E-03       8.22675E-02       3.35230E-02       8.79907E-01
       4.16869E-01       4.36516E-01       4.26692E-01       1.96470E-02       1.60716E-03       8.18019E-02       3.49042E-02       8.81515E-01
       4.36516E-01       4.57088E-01       4.46802E-01       2.05720E-02       1.67348E-03       8.13474E-02       3.63462E-02       8.83188E-01
       4.57088E-01       4.78630E-01       4.67859E-01       2.15420E-02       1.74257E-03       8.08916E-02       3.78459E-02       8.84931E-01
       4.78630E-01       5.01187E-01       4.89909E-01       2.25570E-02       1.81460E-03       8.04449E-02       3.94107E-02       8.86745E-01
       5.01187E-01       5.24808E-01       5.12998E-01       2.36210E-02       1.88974E-03       8.00025E-02       4.10411E-02       8.88635E-01
       5.24808E-01       5.49541E-01       5.37174E-01       2.47330E-02       1.96815E-03       7.95759E-02       4.27461E-02       8.90603E-01
       5.49541E-01       5.75440E-01       5.62490E-01       2.58990E-02       2.05005E-03       7.91555E-02       4.45242E-02       8.92653E-01
       5.75440E-01       6.02560E-01       5.89000E-01       2.71200E-02       2.13566E-03       7.87484E-02       4.63828E-02       8.94789E-01
       6.02560E-01       6.30957E-01       6.16758E-01       2.83970E-02       2.22518E-03       7.83596E-02       4.83290E-02       8.97014E-01
       6.30957E-01       6.60693E-01       6.45825E-01       2.97360E-02       2.31891E-03       7.79832E-02       5.03635E-02       8.99333E-01
       6.60693E-01       6.91831E-01       6.76262E-01       3.11380E-02       2.41712E-03       7.76261E-02       5.24956E-02       9.01750E-01
       6.91831E-01       7.24436E-01       7.08133E-01       3.26050E-02       2.52012E-03       7.72923E-02       5.47333E-02       9.04270E-01
       7.24436E-01       7.58578E-01       7.41507E-01       3.41420E-02       2.62827E-03       7.69805E-02       5.70816E-02       9.06898E-01
       7.58578E-01       7.94328E-01       7.76453E-01       3.57500E-02       2.74196E-03       7.66983E-02       5.95526E-02       9.09640E-01
       7.94328E-01       8.31764E-01       8.13046E-01       3.74360E-02       2.86168E-03       7.64419E-02       6.21507E-02       9.12502E-01
       8.31764E-01       8.70964E-01       8.51364E-01       3.92000E-02       2.98789E-03       7.62218E-02       6.48925E-02       9.15490E-01
       8.70964E-01       9.12011E-01       8.91487E-01       4.10470E-02       3.12123E-03       7.60405E-02       6.77892E-02       9.18611E-01
       9.12011E-01       9.54993E-01       9.33502E-01       4.29820E-02       3.26240E-03       7.59016E-02       7.08543E-02       9.21874E-01
       9.54993E-01       1.00000E+00       9.77497E-01       4.50070E-02       3.41222E-03       7.58152E-02       7.41091E-02       9.25286E-01
       1.00000E+00       1.04713E+00       1.02357E+00       4.71300E-02       3.57174E-03       7.57848E-02       7.75707E-02       9.28858E-01
       1.04713E+00       1.09648E+00       1.07181E+00       4.93500E-02       3.74206E-03       7.58268E-02       8.12716E-02       9.32600E-01
       1.09648E+00       1.14815E+00       1.12231E+00       5.16700E-02       3.92499E-03       7.59627E-02       8.52541E-02       9.36525E-01
       1.14815E+00       1.20226E+00       1.17520E+00       5.41100E-02       4.12213E-03       7.61806E-02       8.95279E-02       9.40647E-01
       1.20226E+00       1.25892E+00       1.23059E+00       5.66600E-02       4.33633E-03       7.65325E-02       9.41802E-02       9.44983E-01
       1.25892E+00       1.31826E+00       1.28859E+00       5.93400E-02       4.57062E-03       7.70243E-02       9.92527E-02       9.49554E-01
       1.31826E+00       1.38038E+00       1.34932E+00       6.21200E-02       4.82908E-03       7.77380E-02       1.04893E-01       9.54383E-01
       1.38038E+00       1.44544E+00       1.41291E+00       6.50600E-02       5.11760E-03       7.86596E-02       1.11139E-01       9.59500E-01
       1.44544E+00       1.51356E+00       1.47950E+00       6.81200E-02       5.44324E-03       7.99067E-02       1.18222E-01       9.64944E-01
       1.51356E+00       1.58489E+00       1.54923E+00       7.13300E-02       5.81623E-03       8.15397E-02       1.26323E-01       9.70760E-01
       1.58489E+00       1.65959E+00       1.62224E+00       7.47000E-02       6.24982E-03       8.36656E-02       1.35726E-01       9.77010E-01
       1.65959E+00       1.73780E+00       1.69869E+00       7.82100E-02       6.76225E-03       8.64627E-02       1.46874E-01       9.83772E-01
       1.73780E+00       1.81970E+00       1.77875E+00       8.19000E-02       7.31401E-03       8.93041E-02       1.58850E-01       9.91086E-01
       1.81970E+00       1.90546E+00       1.86258E+00       8.57600E-02       5.65287E-03       6.59150E-02       1.22772E-01       9.96739E-01
       1.90546E+00       1.99526E+00       1.95036E+00       8.98000E-02       2.55065E-03       2.84037E-02       5.53974E-02       9.99289E-01
       1.99526E+00       2.08930E+00       2.04228E+00       9.40400E-02       7.10700E-04       7.55742E-03       1.54344E-02       1.00000E+00

 Sum =                                                                         1.00000E+00
 Renormalization bin#   962 =                                                  1.59847E-01 barn        1.72000E+07        1.74000E+07        1.73000E+07
 Avg. Energy     bin#   962 =                                                  3.53385E-01 MeV         1.72000E+07        1.74000E+07
