"        MT=103 recoil spectrum "
" Initial neutron energy corresponds to the group:"
   1.86000E+01    1.88000E+01       0.00000E+00           227           883           657



          Low               High              Mid              Energy           Number             dn/de            E*dn/de          Cumulative
         Energy            Energy            Energy             Width          Fraction                               Sum   
         [MeV]             [MeV]             [MeV]              [MeV]

       3.31131E-07       3.46737E-07       3.38934E-07       1.56060E-08       0.00000E+00       0.00000E+00       0.00000E+00       0.00000E+00
       3.46737E-07       3.63078E-07       3.54908E-07       1.63410E-08       8.64234E-12       5.28874E-04       1.87701E-10       8.64234E-12
       3.63078E-07       3.80189E-07       3.71633E-07       1.71110E-08       9.04957E-12       5.28874E-04       1.96547E-10       1.76919E-11
       3.80189E-07       3.98107E-07       3.89148E-07       1.79180E-08       9.47575E-12       5.28840E-04       2.05797E-10       2.71677E-11
       3.98107E-07       4.16869E-07       4.07488E-07       1.87620E-08       9.92259E-12       5.28866E-04       2.15506E-10       3.70902E-11
       4.16869E-07       4.36516E-07       4.26693E-07       1.96470E-08       1.03901E-11       5.28839E-04       2.25652E-10       4.74803E-11
       4.36516E-07       4.57088E-07       4.46802E-07       2.05720E-08       1.08800E-11       5.28873E-04       2.36301E-10       5.83603E-11
       4.57088E-07       4.78630E-07       4.67859E-07       2.15420E-08       1.13931E-11       5.28879E-04       2.47441E-10       6.97534E-11
       4.78630E-07       5.01187E-07       4.89909E-07       2.25570E-08       1.19295E-11       5.28859E-04       2.59093E-10       8.16829E-11
       5.01187E-07       5.24807E-07       5.12997E-07       2.36200E-08       1.24917E-11       5.28862E-04       2.71305E-10       9.41746E-11
       5.24807E-07       5.50000E-07       5.37403E-07       2.51930E-08       1.33234E-11       5.28852E-04       2.84207E-10       1.07498E-10
       5.50000E-07       5.75000E-07       5.62500E-07       2.50000E-08       1.32218E-11       5.28872E-04       2.97491E-10       1.20720E-10
       5.75000E-07       6.00000E-07       5.87500E-07       2.50000E-08       1.32218E-11       5.28871E-04       3.10712E-10       1.33942E-10
       6.00000E-07       6.25000E-07       6.12500E-07       2.50000E-08       1.32218E-11       5.28872E-04       3.23934E-10       1.47163E-10
       6.25000E-07       6.50000E-07       6.37500E-07       2.50000E-08       1.32218E-11       5.28872E-04       3.37156E-10       1.60385E-10
       6.50000E-07       6.75000E-07       6.62500E-07       2.50000E-08       1.32218E-11       5.28871E-04       3.50377E-10       1.73607E-10
       6.75000E-07       7.00000E-07       6.87500E-07       2.50000E-08       1.32218E-11       5.28872E-04       3.63600E-10       1.86829E-10
       7.00000E-07       7.25000E-07       7.12500E-07       2.50000E-08       1.32218E-11       5.28871E-04       3.76821E-10       2.00051E-10
       7.25000E-07       7.50000E-07       7.37500E-07       2.50000E-08       1.32218E-11       5.28872E-04       3.90043E-10       2.13272E-10
       7.50000E-07       7.75000E-07       7.62500E-07       2.50000E-08       1.32218E-11       5.28872E-04       4.03265E-10       2.26494E-10
       7.75000E-07       8.00000E-07       7.87500E-07       2.50000E-08       1.32218E-11       5.28871E-04       4.16486E-10       2.39716E-10
       8.00000E-07       8.25000E-07       8.12500E-07       2.50000E-08       1.32218E-11       5.28872E-04       4.29709E-10       2.52938E-10
       8.25000E-07       8.50000E-07       8.37500E-07       2.50000E-08       1.32218E-11       5.28871E-04       4.42929E-10       2.66160E-10
       8.50000E-07       8.75000E-07       8.62500E-07       2.50000E-08       1.32218E-11       5.28872E-04       4.56152E-10       2.79381E-10
       8.75000E-07       9.00000E-07       8.87500E-07       2.50000E-08       1.32218E-11       5.28872E-04       4.69374E-10       2.92603E-10
       9.00000E-07       9.25000E-07       9.12500E-07       2.50000E-08       1.32218E-11       5.28871E-04       4.82595E-10       3.05825E-10
       9.25000E-07       9.50000E-07       9.37500E-07       2.50000E-08       1.32218E-11       5.28872E-04       4.95818E-10       3.19047E-10
       9.50000E-07       9.75000E-07       9.62500E-07       2.50000E-08       1.32218E-11       5.28871E-04       5.09038E-10       3.32268E-10
       9.75000E-07       1.00000E-06       9.87500E-07       2.50000E-08       1.32218E-11       5.28872E-04       5.22261E-10       3.45490E-10
       1.00000E-06       1.02500E-06       1.01250E-06       2.50000E-08       1.32218E-11       5.28872E-04       5.35483E-10       3.58712E-10
       1.02500E-06       1.05000E-06       1.03750E-06       2.50000E-08       1.32218E-11       5.28872E-04       5.48705E-10       3.71934E-10
       1.05000E-06       1.07500E-06       1.06250E-06       2.50001E-08       1.32218E-11       5.28870E-04       5.61924E-10       3.85156E-10
       1.07500E-06       1.10000E-06       1.08750E-06       2.50000E-08       1.32218E-11       5.28872E-04       5.75149E-10       3.98377E-10
       1.10000E-06       1.12500E-06       1.11250E-06       2.50000E-08       1.32218E-11       5.28872E-04       5.88370E-10       4.11599E-10
       1.12500E-06       1.15000E-06       1.13750E-06       2.50000E-08       1.32218E-11       5.28872E-04       6.01592E-10       4.24821E-10
       1.15000E-06       1.17500E-06       1.16250E-06       2.50000E-08       1.32218E-11       5.28872E-04       6.14814E-10       4.38043E-10
       1.17500E-06       1.20000E-06       1.18750E-06       2.50001E-08       1.32218E-11       5.28870E-04       6.28033E-10       4.51265E-10
       1.20000E-06       1.22500E-06       1.21250E-06       2.50000E-08       1.32218E-11       5.28872E-04       6.41258E-10       4.64486E-10
       1.22500E-06       1.25000E-06       1.23750E-06       2.50000E-08       1.32218E-11       5.28872E-04       6.54479E-10       4.77708E-10
       1.25000E-06       1.27500E-06       1.26250E-06       2.50000E-08       1.32218E-11       5.28872E-04       6.67701E-10       4.90930E-10
       1.27500E-06       1.30000E-06       1.28750E-06       2.50000E-08       1.32218E-11       5.28872E-04       6.80923E-10       5.04152E-10
       1.30000E-06       1.32500E-06       1.31250E-06       2.50001E-08       1.32218E-11       5.28870E-04       6.94141E-10       5.17374E-10
       1.32500E-06       1.35000E-06       1.33750E-06       2.50000E-08       1.32218E-11       5.28872E-04       7.07367E-10       5.30595E-10
       1.35000E-06       1.37500E-06       1.36250E-06       2.50000E-08       1.32218E-11       5.28872E-04       7.20588E-10       5.43817E-10
       1.37500E-06       1.40000E-06       1.38750E-06       2.50000E-08       1.32218E-11       5.28872E-04       7.33810E-10       5.57039E-10
       1.40000E-06       1.42500E-06       1.41250E-06       2.50000E-08       1.32218E-11       5.28872E-04       7.47032E-10       5.70261E-10
       1.42500E-06       1.45000E-06       1.43750E-06       2.50001E-08       1.32218E-11       5.28870E-04       7.60250E-10       5.83483E-10
       1.45000E-06       1.47500E-06       1.46250E-06       2.50000E-08       1.32218E-11       5.28872E-04       7.73476E-10       5.96704E-10
       1.47500E-06       1.50000E-06       1.48750E-06       2.50000E-08       1.32218E-11       5.28872E-04       7.86697E-10       6.09926E-10
       1.50000E-06       1.52500E-06       1.51250E-06       2.50000E-08       1.32218E-11       5.28872E-04       7.99919E-10       6.23148E-10
       1.52500E-06       1.55000E-06       1.53750E-06       2.50000E-08       1.32218E-11       5.28872E-04       8.13141E-10       6.36370E-10
       1.55000E-06       1.57500E-06       1.56250E-06       2.50001E-08       1.32218E-11       5.28870E-04       8.26359E-10       6.49592E-10
       1.57500E-06       1.60000E-06       1.58750E-06       2.50000E-08       1.32218E-11       5.28872E-04       8.39585E-10       6.62813E-10
       1.60000E-06       1.62500E-06       1.61250E-06       2.50000E-08       1.32218E-11       5.28872E-04       8.52806E-10       6.76035E-10
       1.62500E-06       1.65000E-06       1.63750E-06       2.50000E-08       1.32218E-11       5.28872E-04       8.66028E-10       6.89257E-10
       1.65000E-06       1.67500E-06       1.66250E-06       2.50000E-08       1.32218E-11       5.28872E-04       8.79250E-10       7.02479E-10
       1.67500E-06       1.70000E-06       1.68750E-06       2.50001E-08       1.32218E-11       5.28870E-04       8.92468E-10       7.15701E-10
       1.70000E-06       1.72500E-06       1.71250E-06       2.50000E-08       1.32218E-11       5.28872E-04       9.05694E-10       7.28923E-10
       1.72500E-06       1.75000E-06       1.73750E-06       2.50000E-08       1.32218E-11       5.28872E-04       9.18916E-10       7.42144E-10
       1.75000E-06       1.77500E-06       1.76250E-06       2.50000E-08       1.32218E-11       5.28872E-04       9.32137E-10       7.55366E-10
       1.77500E-06       1.80000E-06       1.78750E-06       2.50000E-08       1.32218E-11       5.28872E-04       9.45359E-10       7.68588E-10
       1.80000E-06       1.82500E-06       1.81250E-06       2.50001E-08       1.32218E-11       5.28870E-04       9.58576E-10       7.81810E-10
       1.82500E-06       1.85000E-06       1.83750E-06       2.50000E-08       1.32218E-11       5.28872E-04       9.71803E-10       7.95032E-10
       1.85000E-06       1.87500E-06       1.86250E-06       2.50000E-08       1.32218E-11       5.28872E-04       9.85025E-10       8.08253E-10
       1.87500E-06       1.90000E-06       1.88750E-06       2.50000E-08       1.32218E-11       5.28872E-04       9.98246E-10       8.21475E-10
       1.90000E-06       1.92500E-06       1.91250E-06       2.50000E-08       1.32218E-11       5.28872E-04       1.01147E-09       8.34697E-10
       1.92500E-06       1.95000E-06       1.93750E-06       2.50001E-08       1.32218E-11       5.28870E-04       1.02469E-09       8.47919E-10
       1.95000E-06       1.97500E-06       1.96250E-06       2.50000E-08       1.32218E-11       5.28872E-04       1.03791E-09       8.61141E-10
       1.97500E-06       2.00000E-06       1.98750E-06       2.50000E-08       1.32218E-11       5.28872E-04       1.05113E-09       8.74362E-10
       2.00000E-06       2.02500E-06       2.01250E-06       2.50001E-08       1.32218E-11       5.28870E-04       1.06435E-09       8.87584E-10
       2.02500E-06       2.05000E-06       2.03750E-06       2.49999E-08       1.32218E-11       5.28875E-04       1.07758E-09       9.00806E-10
       2.05000E-06       2.07500E-06       2.06250E-06       2.50001E-08       1.32218E-11       5.28870E-04       1.09079E-09       9.14028E-10
       2.07500E-06       2.10000E-06       2.08750E-06       2.49999E-08       1.32218E-11       5.28875E-04       1.10403E-09       9.27250E-10
       2.10000E-06       2.12500E-06       2.11250E-06       2.50001E-08       1.32218E-11       5.28870E-04       1.11724E-09       9.40471E-10
       2.12500E-06       2.15000E-06       2.13750E-06       2.50001E-08       1.32218E-11       5.28870E-04       1.13046E-09       9.53693E-10
       2.15000E-06       2.17500E-06       2.16250E-06       2.49999E-08       1.32218E-11       5.28875E-04       1.14369E-09       9.66915E-10
       2.17500E-06       2.20000E-06       2.18750E-06       2.50001E-08       1.32218E-11       5.28870E-04       1.15690E-09       9.80137E-10
       2.20000E-06       2.22500E-06       2.21250E-06       2.49999E-08       1.32218E-11       5.28875E-04       1.17014E-09       9.93359E-10
       2.22500E-06       2.25000E-06       2.23750E-06       2.50001E-08       1.32218E-11       5.28870E-04       1.18335E-09       1.00658E-09
       2.25000E-06       2.27500E-06       2.26250E-06       2.50001E-08       1.32218E-11       5.28870E-04       1.19657E-09       1.01980E-09
       2.27500E-06       2.30000E-06       2.28750E-06       2.49999E-08       1.32218E-11       5.28875E-04       1.20980E-09       1.03302E-09
       2.30000E-06       2.32500E-06       2.31250E-06       2.50001E-08       1.32218E-11       5.28870E-04       1.22301E-09       1.04625E-09
       2.32500E-06       2.35000E-06       2.33750E-06       2.49999E-08       1.32218E-11       5.28875E-04       1.23624E-09       1.05947E-09
       2.35000E-06       2.37500E-06       2.36250E-06       2.50001E-08       1.32218E-11       5.28870E-04       1.24945E-09       1.07269E-09
       2.37500E-06       2.40000E-06       2.38750E-06       2.50001E-08       1.32218E-11       5.28870E-04       1.26268E-09       1.08591E-09
       2.40000E-06       2.42500E-06       2.41250E-06       2.49999E-08       1.32218E-11       5.28875E-04       1.27591E-09       1.09913E-09
       2.42500E-06       2.45000E-06       2.43750E-06       2.50001E-08       1.32218E-11       5.28870E-04       1.28912E-09       1.11235E-09
       2.45000E-06       2.47500E-06       2.46250E-06       2.49999E-08       1.32218E-11       5.28875E-04       1.30235E-09       1.12558E-09
       2.47500E-06       2.50000E-06       2.48750E-06       2.50001E-08       1.32218E-11       5.28870E-04       1.31556E-09       1.13880E-09
       2.50000E-06       2.52500E-06       2.51250E-06       2.50001E-08       1.32218E-11       5.28870E-04       1.32879E-09       1.15202E-09
       2.52500E-06       2.55000E-06       2.53750E-06       2.49999E-08       1.32218E-11       5.28875E-04       1.34202E-09       1.16524E-09
       2.55000E-06       2.57500E-06       2.56250E-06       2.50001E-08       1.32218E-11       5.28870E-04       1.35523E-09       1.17846E-09
       2.57500E-06       2.60000E-06       2.58750E-06       2.49999E-08       1.32218E-11       5.28875E-04       1.36846E-09       1.19168E-09
       2.60000E-06       2.62500E-06       2.61250E-06       2.50001E-08       1.32218E-11       5.28870E-04       1.38167E-09       1.20491E-09
       2.62500E-06       2.65000E-06       2.63750E-06       2.50001E-08       1.32218E-11       5.28870E-04       1.39489E-09       1.21813E-09
       2.65000E-06       2.67500E-06       2.66250E-06       2.49999E-08       1.32218E-11       5.28875E-04       1.40813E-09       1.23135E-09
       2.67500E-06       2.70000E-06       2.68750E-06       2.50001E-08       1.32218E-11       5.28870E-04       1.42134E-09       1.24457E-09
       2.70000E-06       2.72500E-06       2.71250E-06       2.49999E-08       1.32218E-11       5.28875E-04       1.43457E-09       1.25779E-09
       2.72500E-06       2.75000E-06       2.73750E-06       2.50001E-08       1.32218E-11       5.28870E-04       1.44778E-09       1.27102E-09
       2.75000E-06       2.77500E-06       2.76250E-06       2.50001E-08       1.32218E-11       5.28870E-04       1.46100E-09       1.28424E-09
       2.77500E-06       2.80000E-06       2.78750E-06       2.49999E-08       1.32218E-11       5.28875E-04       1.47424E-09       1.29746E-09
       2.80000E-06       2.82500E-06       2.81250E-06       2.50001E-08       1.32218E-11       5.28870E-04       1.48745E-09       1.31068E-09
       2.82500E-06       2.85000E-06       2.83750E-06       2.49999E-08       1.32218E-11       5.28875E-04       1.50068E-09       1.32390E-09
       2.85000E-06       2.87500E-06       2.86250E-06       2.50001E-08       1.32218E-11       5.28870E-04       1.51389E-09       1.33712E-09
       2.87500E-06       2.90000E-06       2.88750E-06       2.50001E-08       1.32218E-11       5.28870E-04       1.52711E-09       1.35035E-09
       2.90000E-06       2.92500E-06       2.91250E-06       2.49999E-08       1.32218E-11       5.28875E-04       1.54035E-09       1.36357E-09
       2.92500E-06       2.95000E-06       2.93750E-06       2.50001E-08       1.32218E-11       5.28870E-04       1.55355E-09       1.37679E-09
       2.95000E-06       2.97500E-06       2.96250E-06       2.49999E-08       1.32218E-11       5.28875E-04       1.56679E-09       1.39001E-09
       2.97500E-06       3.00000E-06       2.98750E-06       2.50001E-08       1.32218E-11       5.28870E-04       1.58000E-09       1.40323E-09
       3.00000E-06       3.02500E-06       3.01250E-06       2.50001E-08       1.32218E-11       5.28870E-04       1.59322E-09       1.41645E-09
       3.02500E-06       3.05000E-06       3.03750E-06       2.49999E-08       1.32218E-11       5.28875E-04       1.60646E-09       1.42968E-09
       3.05000E-06       3.07500E-06       3.06250E-06       2.50001E-08       1.32218E-11       5.28870E-04       1.61966E-09       1.44290E-09
       3.07500E-06       3.10000E-06       3.08750E-06       2.49999E-08       1.32218E-11       5.28875E-04       1.63290E-09       1.45612E-09
       3.10000E-06       3.12500E-06       3.11250E-06       2.50001E-08       1.32218E-11       5.28870E-04       1.64611E-09       1.46934E-09
       3.12500E-06       3.15000E-06       3.13750E-06       2.50001E-08       1.32218E-11       5.28870E-04       1.65933E-09       1.48256E-09
       3.15000E-06       3.17500E-06       3.16250E-06       2.49999E-08       1.32218E-11       5.28875E-04       1.67257E-09       1.49579E-09
       3.17500E-06       3.20000E-06       3.18750E-06       2.50001E-08       1.32218E-11       5.28870E-04       1.68577E-09       1.50901E-09
       3.20000E-06       3.22500E-06       3.21250E-06       2.49999E-08       1.32218E-11       5.28875E-04       1.69901E-09       1.52223E-09
       3.22500E-06       3.25000E-06       3.23750E-06       2.50001E-08       1.32218E-11       5.28870E-04       1.71222E-09       1.53545E-09
       3.25000E-06       3.27500E-06       3.26250E-06       2.50001E-08       1.32218E-11       5.28870E-04       1.72544E-09       1.54867E-09
       3.27500E-06       3.30000E-06       3.28750E-06       2.49999E-08       1.32218E-11       5.28875E-04       1.73868E-09       1.56189E-09
       3.30000E-06       3.32500E-06       3.31250E-06       2.50001E-08       1.32218E-11       5.28870E-04       1.75188E-09       1.57512E-09
       3.32500E-06       3.35000E-06       3.33750E-06       2.49999E-08       1.32218E-11       5.28875E-04       1.76512E-09       1.58834E-09
       3.35000E-06       3.37500E-06       3.36250E-06       2.50001E-08       1.32218E-11       5.28870E-04       1.77832E-09       1.60156E-09
       3.37500E-06       3.40000E-06       3.38750E-06       2.50001E-08       1.32218E-11       5.28870E-04       1.79155E-09       1.61478E-09
       3.40000E-06       3.42500E-06       3.41250E-06       2.49999E-08       1.32218E-11       5.28875E-04       1.80479E-09       1.62800E-09
       3.42500E-06       3.45000E-06       3.43750E-06       2.50001E-08       1.32218E-11       5.28870E-04       1.81799E-09       1.64122E-09
       3.45000E-06       3.47500E-06       3.46250E-06       2.49999E-08       1.32218E-11       5.28875E-04       1.83123E-09       1.65445E-09
       3.47500E-06       3.50000E-06       3.48750E-06       2.50001E-08       1.32218E-11       5.28870E-04       1.84443E-09       1.66767E-09
       3.50000E-06       3.52500E-06       3.51250E-06       2.50001E-08       1.32218E-11       5.28870E-04       1.85765E-09       1.68089E-09
       3.52500E-06       3.55000E-06       3.53750E-06       2.49999E-08       1.32218E-11       5.28875E-04       1.87089E-09       1.69411E-09
       3.55000E-06       3.57500E-06       3.56250E-06       2.50001E-08       1.32218E-11       5.28870E-04       1.88410E-09       1.70733E-09
       3.57500E-06       3.60000E-06       3.58750E-06       2.49999E-08       1.32218E-11       5.28875E-04       1.89734E-09       1.72056E-09
       3.60000E-06       3.62500E-06       3.61250E-06       2.50001E-08       1.32218E-11       5.28870E-04       1.91054E-09       1.73378E-09
       3.62500E-06       3.65000E-06       3.63750E-06       2.50001E-08       1.32218E-11       5.28870E-04       1.92376E-09       1.74700E-09
       3.65000E-06       3.67500E-06       3.66250E-06       2.49999E-08       1.32218E-11       5.28875E-04       1.93700E-09       1.76022E-09
       3.67500E-06       3.70000E-06       3.68750E-06       2.50001E-08       1.32218E-11       5.28870E-04       1.95021E-09       1.77344E-09
       3.70000E-06       3.72500E-06       3.71250E-06       2.49999E-08       1.32218E-11       5.28875E-04       1.96345E-09       1.78666E-09
       3.72500E-06       3.75000E-06       3.73750E-06       2.50001E-08       1.32218E-11       5.28870E-04       1.97665E-09       1.79989E-09
       3.75000E-06       3.77500E-06       3.76250E-06       2.50001E-08       1.32218E-11       5.28870E-04       1.98987E-09       1.81311E-09
       3.77500E-06       3.80000E-06       3.78750E-06       2.49999E-08       1.32218E-11       5.28875E-04       2.00311E-09       1.82633E-09
       3.80000E-06       3.82500E-06       3.81250E-06       2.50001E-08       1.32218E-11       5.28870E-04       2.01632E-09       1.83955E-09
       3.82500E-06       3.85000E-06       3.83750E-06       2.49999E-08       1.32218E-11       5.28875E-04       2.02956E-09       1.85277E-09
       3.85000E-06       3.87500E-06       3.86250E-06       2.50001E-08       1.32218E-11       5.28870E-04       2.04276E-09       1.86599E-09
       3.87500E-06       3.90000E-06       3.88750E-06       2.50001E-08       1.32218E-11       5.28870E-04       2.05598E-09       1.87922E-09
       3.90000E-06       3.92500E-06       3.91250E-06       2.49999E-08       1.32218E-11       5.28875E-04       2.06922E-09       1.89244E-09
       3.92500E-06       3.95000E-06       3.93750E-06       2.50001E-08       1.32218E-11       5.28870E-04       2.08242E-09       1.90566E-09
       3.95000E-06       3.97500E-06       3.96250E-06       2.49999E-08       1.32218E-11       5.28875E-04       2.09567E-09       1.91888E-09
       3.97500E-06       4.00000E-06       3.98750E-06       2.50001E-08       1.32218E-11       5.28870E-04       2.10887E-09       1.93210E-09
       4.00000E-06       4.02500E-06       4.01250E-06       2.50001E-08       1.32218E-11       5.28870E-04       2.12209E-09       1.94533E-09
       4.02500E-06       4.05000E-06       4.03750E-06       2.50001E-08       1.32218E-11       5.28870E-04       2.13531E-09       1.95855E-09
       4.05000E-06       4.07500E-06       4.06250E-06       2.49996E-08       1.32218E-11       5.28880E-04       2.14857E-09       1.97177E-09
       4.07500E-06       4.10000E-06       4.08750E-06       2.50001E-08       1.32218E-11       5.28870E-04       2.16175E-09       1.98499E-09
       4.10000E-06       4.12500E-06       4.11250E-06       2.50001E-08       1.32218E-11       5.28870E-04       2.17498E-09       1.99821E-09
       4.12500E-06       4.15000E-06       4.13750E-06       2.50001E-08       1.32218E-11       5.28870E-04       2.18820E-09       2.01144E-09
       4.15000E-06       4.17500E-06       4.16250E-06       2.50001E-08       1.32218E-11       5.28870E-04       2.20142E-09       2.02466E-09
       4.17500E-06       4.20000E-06       4.18750E-06       2.49996E-08       1.32218E-11       5.28880E-04       2.21468E-09       2.03788E-09
       4.20000E-06       4.22500E-06       4.21250E-06       2.50001E-08       1.32218E-11       5.28870E-04       2.22786E-09       2.05110E-09
       4.22500E-06       4.25000E-06       4.23750E-06       2.50001E-08       1.32218E-11       5.28870E-04       2.24109E-09       2.06432E-09
       4.25000E-06       4.27500E-06       4.26250E-06       2.50001E-08       1.32218E-11       5.28870E-04       2.25431E-09       2.07754E-09
       4.27500E-06       4.30000E-06       4.28750E-06       2.50001E-08       1.32218E-11       5.28870E-04       2.26753E-09       2.09077E-09
       4.30000E-06       4.32500E-06       4.31250E-06       2.49996E-08       1.32218E-11       5.28880E-04       2.28079E-09       2.10399E-09
       4.32500E-06       4.35000E-06       4.33750E-06       2.50001E-08       1.32218E-11       5.28870E-04       2.29397E-09       2.11721E-09
       4.35000E-06       4.37500E-06       4.36250E-06       2.50001E-08       1.32218E-11       5.28870E-04       2.30719E-09       2.13043E-09
       4.37500E-06       4.40000E-06       4.38750E-06       2.50001E-08       1.32218E-11       5.28870E-04       2.32042E-09       2.14365E-09
       4.40000E-06       4.42500E-06       4.41250E-06       2.50001E-08       1.32218E-11       5.28870E-04       2.33364E-09       2.15688E-09
       4.42500E-06       4.45000E-06       4.43750E-06       2.49996E-08       1.32218E-11       5.28880E-04       2.34690E-09       2.17010E-09
       4.45000E-06       4.47500E-06       4.46250E-06       2.50001E-08       1.32218E-11       5.28870E-04       2.36008E-09       2.18332E-09
       4.47500E-06       4.50000E-06       4.48750E-06       2.50001E-08       1.32218E-11       5.28870E-04       2.37330E-09       2.19654E-09
       4.50000E-06       4.52500E-06       4.51250E-06       2.50001E-08       1.32218E-11       5.28870E-04       2.38652E-09       2.20976E-09
       4.52500E-06       4.55000E-06       4.53750E-06       2.50001E-08       1.32218E-11       5.28870E-04       2.39975E-09       2.22298E-09
       4.55000E-06       4.57500E-06       4.56250E-06       2.49996E-08       1.32218E-11       5.28880E-04       2.41301E-09       2.23621E-09
       4.57500E-06       4.60000E-06       4.58750E-06       2.50001E-08       1.32218E-11       5.28870E-04       2.42619E-09       2.24943E-09
       4.60000E-06       4.62500E-06       4.61250E-06       2.50001E-08       1.32218E-11       5.28870E-04       2.43941E-09       2.26265E-09
       4.62500E-06       4.65000E-06       4.63750E-06       2.50001E-08       1.32218E-11       5.28870E-04       2.45263E-09       2.27587E-09
       4.65000E-06       4.67500E-06       4.66250E-06       2.50001E-08       1.32218E-11       5.28870E-04       2.46585E-09       2.28909E-09
       4.67500E-06       4.70000E-06       4.68750E-06       2.49996E-08       1.32218E-11       5.28880E-04       2.47912E-09       2.30232E-09
       4.70000E-06       4.72500E-06       4.71250E-06       2.50001E-08       1.32218E-11       5.28870E-04       2.49230E-09       2.31554E-09
       4.72500E-06       4.75000E-06       4.73750E-06       2.50001E-08       1.32218E-11       5.28870E-04       2.50552E-09       2.32876E-09
       4.75000E-06       4.77500E-06       4.76250E-06       2.50001E-08       1.32218E-11       5.28870E-04       2.51874E-09       2.34198E-09
       4.77500E-06       4.80000E-06       4.78750E-06       2.50001E-08       1.32218E-11       5.28870E-04       2.53196E-09       2.35520E-09
       4.80000E-06       4.82500E-06       4.81250E-06       2.49996E-08       1.32218E-11       5.28880E-04       2.54523E-09       2.36843E-09
       4.82500E-06       4.85000E-06       4.83750E-06       2.50001E-08       1.32218E-11       5.28870E-04       2.55841E-09       2.38165E-09
       4.85000E-06       4.87500E-06       4.86250E-06       2.50001E-08       1.32218E-11       5.28870E-04       2.57163E-09       2.39487E-09
       4.87500E-06       4.90000E-06       4.88750E-06       2.50001E-08       1.32218E-11       5.28870E-04       2.58485E-09       2.40809E-09
       4.90000E-06       4.92500E-06       4.91250E-06       2.50001E-08       1.32218E-11       5.28870E-04       2.59807E-09       2.42131E-09
       4.92500E-06       4.95000E-06       4.93750E-06       2.49996E-08       1.32218E-11       5.28880E-04       2.61134E-09       2.43453E-09
       4.95000E-06       4.97500E-06       4.96250E-06       2.50001E-08       1.32218E-11       5.28870E-04       2.62452E-09       2.44776E-09
       4.97500E-06       5.00000E-06       4.98750E-06       2.50001E-08       1.32218E-11       5.28870E-04       2.63774E-09       2.46098E-09
       5.00000E-06       5.02500E-06       5.01250E-06       2.50001E-08       1.32218E-11       5.28870E-04       2.65096E-09       2.47420E-09
       5.02500E-06       5.05000E-06       5.03750E-06       2.50001E-08       1.32218E-11       5.28870E-04       2.66418E-09       2.48742E-09
       5.05000E-06       5.07500E-06       5.06250E-06       2.49996E-08       1.32218E-11       5.28880E-04       2.67745E-09       2.50064E-09
       5.07500E-06       5.10000E-06       5.08750E-06       2.50001E-08       1.32218E-11       5.28870E-04       2.69062E-09       2.51387E-09
       5.10000E-06       5.12500E-06       5.11250E-06       2.50001E-08       1.32218E-11       5.28870E-04       2.70385E-09       2.52709E-09
       5.12500E-06       5.15000E-06       5.13750E-06       2.50001E-08       1.32218E-11       5.28870E-04       2.71707E-09       2.54031E-09
       5.15000E-06       5.17500E-06       5.16250E-06       2.50001E-08       1.32218E-11       5.28870E-04       2.73029E-09       2.55353E-09
       5.17500E-06       5.20000E-06       5.18750E-06       2.49996E-08       1.32218E-11       5.28880E-04       2.74356E-09       2.56675E-09
       5.20000E-06       5.22500E-06       5.21250E-06       2.50001E-08       1.32218E-11       5.28870E-04       2.75673E-09       2.57998E-09
       5.22500E-06       5.25000E-06       5.23750E-06       2.50001E-08       1.32218E-11       5.28870E-04       2.76995E-09       2.59320E-09
       5.25000E-06       5.27500E-06       5.26250E-06       2.50001E-08       1.32218E-11       5.28870E-04       2.78318E-09       2.60642E-09
       5.27500E-06       5.30000E-06       5.28750E-06       2.50001E-08       1.32218E-11       5.28870E-04       2.79640E-09       2.61964E-09
       5.30000E-06       5.32500E-06       5.31250E-06       2.49996E-08       1.32218E-11       5.28880E-04       2.80967E-09       2.63286E-09
       5.32500E-06       5.35000E-06       5.33750E-06       2.50001E-08       1.32218E-11       5.28870E-04       2.82284E-09       2.64608E-09
       5.35000E-06       5.37500E-06       5.36250E-06       2.50001E-08       1.32218E-11       5.28870E-04       2.83606E-09       2.65931E-09
       5.37500E-06       5.40000E-06       5.38750E-06       2.50001E-08       1.32218E-11       5.28870E-04       2.84929E-09       2.67253E-09
       5.40000E-06       5.42500E-06       5.41250E-06       2.50001E-08       1.32218E-11       5.28870E-04       2.86251E-09       2.68575E-09
       5.42500E-06       5.45000E-06       5.43750E-06       2.49996E-08       1.32218E-11       5.28880E-04       2.87578E-09       2.69897E-09
       5.45000E-06       5.47500E-06       5.46250E-06       2.50001E-08       1.32218E-11       5.28870E-04       2.88895E-09       2.71219E-09
       5.47500E-06       5.50000E-06       5.48750E-06       2.50001E-08       1.32218E-11       5.28870E-04       2.90217E-09       2.72542E-09
       5.50000E-06       5.52500E-06       5.51250E-06       2.50001E-08       1.32218E-11       5.28870E-04       2.91539E-09       2.73864E-09
       5.52500E-06       5.55000E-06       5.53750E-06       2.50001E-08       1.32218E-11       5.28870E-04       2.92862E-09       2.75186E-09
       5.55000E-06       5.57500E-06       5.56250E-06       2.49996E-08       1.32218E-11       5.28880E-04       2.94189E-09       2.76508E-09
       5.57500E-06       5.60000E-06       5.58750E-06       2.50001E-08       1.32218E-11       5.28870E-04       2.95506E-09       2.77830E-09
       5.60000E-06       5.62500E-06       5.61250E-06       2.50001E-08       1.32218E-11       5.28870E-04       2.96828E-09       2.79153E-09
       5.62500E-06       5.65000E-06       5.63750E-06       2.50001E-08       1.32218E-11       5.28870E-04       2.98150E-09       2.80475E-09
       5.65000E-06       5.67500E-06       5.66250E-06       2.50001E-08       1.32218E-11       5.28870E-04       2.99472E-09       2.81797E-09
       5.67500E-06       5.70000E-06       5.68750E-06       2.49996E-08       1.32218E-11       5.28880E-04       3.00800E-09       2.83119E-09
       5.70000E-06       5.72500E-06       5.71250E-06       2.50001E-08       1.32218E-11       5.28870E-04       3.02117E-09       2.84441E-09
       5.72500E-06       5.75000E-06       5.73750E-06       2.50001E-08       1.32218E-11       5.28870E-04       3.03439E-09       2.85763E-09
       5.75000E-06       5.77500E-06       5.76250E-06       2.50001E-08       1.32218E-11       5.28870E-04       3.04761E-09       2.87086E-09
       5.77500E-06       5.80000E-06       5.78750E-06       2.50001E-08       1.32218E-11       5.28870E-04       3.06083E-09       2.88408E-09
       5.80000E-06       5.82500E-06       5.81250E-06       2.49996E-08       1.32218E-11       5.28880E-04       3.07411E-09       2.89730E-09
       5.82500E-06       5.85000E-06       5.83750E-06       2.50001E-08       1.32218E-11       5.28870E-04       3.08728E-09       2.91052E-09
       5.85000E-06       5.87500E-06       5.86250E-06       2.50001E-08       1.32218E-11       5.28870E-04       3.10050E-09       2.92374E-09
       5.87500E-06       5.90000E-06       5.88750E-06       2.50001E-08       1.32218E-11       5.28870E-04       3.11372E-09       2.93697E-09
       5.90000E-06       5.92500E-06       5.91250E-06       2.50001E-08       1.32218E-11       5.28870E-04       3.12694E-09       2.95019E-09
       5.92500E-06       5.95000E-06       5.93750E-06       2.49996E-08       1.32218E-11       5.28880E-04       3.14022E-09       2.96341E-09
       5.95000E-06       5.97500E-06       5.96250E-06       2.50001E-08       1.32218E-11       5.28870E-04       3.15339E-09       2.97663E-09
       5.97500E-06       6.00000E-06       5.98750E-06       2.50001E-08       1.32218E-11       5.28870E-04       3.16661E-09       2.98985E-09
       6.00000E-06       6.02500E-06       6.01250E-06       2.50001E-08       1.32218E-11       5.28870E-04       3.17983E-09       3.00308E-09
       6.02500E-06       6.05000E-06       6.03750E-06       2.50001E-08       1.32218E-11       5.28870E-04       3.19305E-09       3.01630E-09
       6.05000E-06       6.07500E-06       6.06250E-06       2.49996E-08       1.32218E-11       5.28880E-04       3.20633E-09       3.02952E-09
       6.07500E-06       6.10000E-06       6.08750E-06       2.50001E-08       1.32218E-11       5.28870E-04       3.21949E-09       3.04274E-09
       6.10000E-06       6.12500E-06       6.11250E-06       2.50001E-08       1.32218E-11       5.28870E-04       3.23272E-09       3.05596E-09
       6.12500E-06       6.15000E-06       6.13750E-06       2.50001E-08       1.32218E-11       5.28870E-04       3.24594E-09       3.06918E-09
       6.15000E-06       6.17500E-06       6.16250E-06       2.50001E-08       1.32218E-11       5.28870E-04       3.25916E-09       3.08241E-09
       6.17500E-06       6.20000E-06       6.18750E-06       2.49996E-08       1.32218E-11       5.28880E-04       3.27244E-09       3.09563E-09
       6.20000E-06       6.22500E-06       6.21250E-06       2.50001E-08       1.32218E-11       5.28870E-04       3.28560E-09       3.10885E-09
       6.22500E-06       6.25000E-06       6.23750E-06       2.50001E-08       1.32218E-11       5.28870E-04       3.29882E-09       3.12207E-09
       6.25000E-06       6.27500E-06       6.26250E-06       2.50001E-08       1.32218E-11       5.28870E-04       3.31205E-09       3.13529E-09
       6.27500E-06       6.30000E-06       6.28750E-06       2.50001E-08       1.32218E-11       5.28870E-04       3.32527E-09       3.14852E-09
       6.30000E-06       6.32500E-06       6.31250E-06       2.49996E-08       1.32218E-11       5.28880E-04       3.33855E-09       3.16174E-09
       6.32500E-06       6.35000E-06       6.33750E-06       2.50001E-08       1.32218E-11       5.28870E-04       3.35171E-09       3.17496E-09
       6.35000E-06       6.37500E-06       6.36250E-06       2.50001E-08       1.32218E-11       5.28870E-04       3.36493E-09       3.18818E-09
       6.37500E-06       6.40000E-06       6.38750E-06       2.50001E-08       1.32218E-11       5.28870E-04       3.37816E-09       3.20140E-09
       6.40000E-06       6.42500E-06       6.41250E-06       2.50001E-08       1.32218E-11       5.28870E-04       3.39138E-09       3.21463E-09
       6.42500E-06       6.45000E-06       6.43750E-06       2.49996E-08       1.32218E-11       5.28880E-04       3.40466E-09       3.22785E-09
       6.45000E-06       6.47500E-06       6.46250E-06       2.50001E-08       1.32218E-11       5.28870E-04       3.41782E-09       3.24107E-09
       6.47500E-06       6.50000E-06       6.48750E-06       2.50001E-08       1.32218E-11       5.28870E-04       3.43104E-09       3.25429E-09
       6.50000E-06       6.52500E-06       6.51250E-06       2.50001E-08       1.32218E-11       5.28870E-04       3.44426E-09       3.26751E-09
       6.52500E-06       6.55000E-06       6.53750E-06       2.50001E-08       1.32218E-11       5.28870E-04       3.45749E-09       3.28073E-09
       6.55000E-06       6.57500E-06       6.56250E-06       2.49996E-08       1.32218E-11       5.28880E-04       3.47077E-09       3.29396E-09
       6.57500E-06       6.60000E-06       6.58750E-06       2.50001E-08       1.32218E-11       5.28870E-04       3.48393E-09       3.30718E-09
       6.60000E-06       6.62500E-06       6.61250E-06       2.50001E-08       1.32218E-11       5.28870E-04       3.49715E-09       3.32040E-09
       6.62500E-06       6.65000E-06       6.63750E-06       2.50001E-08       1.32218E-11       5.28870E-04       3.51037E-09       3.33362E-09
       6.65000E-06       6.67500E-06       6.66250E-06       2.50001E-08       1.32218E-11       5.28870E-04       3.52359E-09       3.34684E-09
       6.67500E-06       6.70000E-06       6.68750E-06       2.49996E-08       1.32218E-11       5.28880E-04       3.53688E-09       3.36007E-09
       6.70000E-06       6.72500E-06       6.71250E-06       2.50001E-08       1.32218E-11       5.28870E-04       3.55004E-09       3.37329E-09
       6.72500E-06       6.75000E-06       6.73750E-06       2.50001E-08       1.32218E-11       5.28870E-04       3.56326E-09       3.38651E-09
       6.75000E-06       6.77500E-06       6.76250E-06       2.50001E-08       1.32218E-11       5.28870E-04       3.57648E-09       3.39973E-09
       6.77500E-06       6.80000E-06       6.78750E-06       2.50001E-08       1.32218E-11       5.28870E-04       3.58970E-09       3.41295E-09
       6.80000E-06       6.82500E-06       6.81250E-06       2.49996E-08       1.32218E-11       5.28880E-04       3.60299E-09       3.42617E-09
       6.82500E-06       6.85000E-06       6.83750E-06       2.50001E-08       1.32218E-11       5.28870E-04       3.61615E-09       3.43940E-09
       6.85000E-06       6.87500E-06       6.86250E-06       2.50001E-08       1.32218E-11       5.28870E-04       3.62937E-09       3.45262E-09
       6.87500E-06       6.90000E-06       6.88750E-06       2.50001E-08       1.32218E-11       5.28870E-04       3.64259E-09       3.46584E-09
       6.90000E-06       6.92500E-06       6.91250E-06       2.50001E-08       1.32218E-11       5.28870E-04       3.65581E-09       3.47906E-09
       6.92500E-06       6.95000E-06       6.93750E-06       2.49996E-08       1.32218E-11       5.28880E-04       3.66910E-09       3.49228E-09
       6.95000E-06       6.97500E-06       6.96250E-06       2.50001E-08       1.32218E-11       5.28870E-04       3.68226E-09       3.50551E-09
       6.97500E-06       7.00000E-06       6.98750E-06       2.50001E-08       1.32218E-11       5.28870E-04       3.69548E-09       3.51873E-09
       7.00000E-06       7.02500E-06       7.01250E-06       2.50001E-08       1.32218E-11       5.28870E-04       3.70870E-09       3.53195E-09
       7.02500E-06       7.05000E-06       7.03750E-06       2.50001E-08       1.32218E-11       5.28870E-04       3.72192E-09       3.54517E-09
       7.05000E-06       7.07500E-06       7.06250E-06       2.49996E-08       1.32218E-11       5.28880E-04       3.73521E-09       3.55839E-09
       7.07500E-06       7.10000E-06       7.08750E-06       2.50001E-08       1.32218E-11       5.28870E-04       3.74836E-09       3.57162E-09
       7.10000E-06       7.12500E-06       7.11250E-06       2.50001E-08       1.32218E-11       5.28870E-04       3.76159E-09       3.58484E-09
       7.12500E-06       7.15000E-06       7.13750E-06       2.50001E-08       1.32218E-11       5.28870E-04       3.77481E-09       3.59806E-09
       7.15000E-06       7.17500E-06       7.16250E-06       2.50001E-08       1.32218E-11       5.28870E-04       3.78803E-09       3.61128E-09
       7.17500E-06       7.20000E-06       7.18750E-06       2.49996E-08       1.32218E-11       5.28880E-04       3.80132E-09       3.62450E-09
       7.20000E-06       7.22500E-06       7.21250E-06       2.50001E-08       1.32218E-11       5.28870E-04       3.81447E-09       3.63772E-09
       7.22500E-06       7.25000E-06       7.23750E-06       2.50001E-08       1.32218E-11       5.28870E-04       3.82769E-09       3.65095E-09
       7.25000E-06       7.27500E-06       7.26250E-06       2.50001E-08       1.32218E-11       5.28870E-04       3.84092E-09       3.66417E-09
       7.27500E-06       7.30000E-06       7.28750E-06       2.50001E-08       1.32218E-11       5.28870E-04       3.85414E-09       3.67739E-09
       7.30000E-06       7.32500E-06       7.31250E-06       2.49996E-08       1.32218E-11       5.28880E-04       3.86743E-09       3.69061E-09
       7.32500E-06       7.35000E-06       7.33750E-06       2.50001E-08       1.32218E-11       5.28870E-04       3.88058E-09       3.70383E-09
       7.35000E-06       7.37500E-06       7.36250E-06       2.50001E-08       1.32218E-11       5.28870E-04       3.89380E-09       3.71706E-09
       7.37500E-06       7.40000E-06       7.38750E-06       2.50001E-08       1.32218E-11       5.28870E-04       3.90702E-09       3.73028E-09
       7.40000E-06       7.42500E-06       7.41250E-06       2.50001E-08       1.32218E-11       5.28870E-04       3.92025E-09       3.74350E-09
       7.42500E-06       7.45000E-06       7.43750E-06       2.49996E-08       1.32218E-11       5.28880E-04       3.93354E-09       3.75672E-09
       7.45000E-06       7.47500E-06       7.46250E-06       2.50001E-08       1.32218E-11       5.28870E-04       3.94669E-09       3.76994E-09
       7.47500E-06       7.50000E-06       7.48750E-06       2.50001E-08       1.32218E-11       5.28870E-04       3.95991E-09       3.78317E-09
       7.50000E-06       7.52500E-06       7.51250E-06       2.50001E-08       1.32218E-11       5.28870E-04       3.97313E-09       3.79639E-09
       7.52500E-06       7.55000E-06       7.53750E-06       2.50001E-08       1.32218E-11       5.28870E-04       3.98636E-09       3.80961E-09
       7.55000E-06       7.57500E-06       7.56250E-06       2.49996E-08       1.32218E-11       5.28880E-04       3.99965E-09       3.82283E-09
       7.57500E-06       7.60000E-06       7.58750E-06       2.50001E-08       1.32218E-11       5.28870E-04       4.01280E-09       3.83605E-09
       7.60000E-06       7.62500E-06       7.61250E-06       2.50001E-08       1.32218E-11       5.28870E-04       4.02602E-09       3.84927E-09
       7.62500E-06       7.65000E-06       7.63750E-06       2.50001E-08       1.32218E-11       5.28870E-04       4.03924E-09       3.86250E-09
       7.65000E-06       7.67500E-06       7.66250E-06       2.50001E-08       1.32218E-11       5.28870E-04       4.05246E-09       3.87572E-09
       7.67500E-06       7.70000E-06       7.68750E-06       2.49996E-08       1.32218E-11       5.28880E-04       4.06576E-09       3.88894E-09
       7.70000E-06       7.72500E-06       7.71250E-06       2.50001E-08       1.32218E-11       5.28870E-04       4.07891E-09       3.90216E-09
       7.72500E-06       7.75000E-06       7.73750E-06       2.50001E-08       1.32218E-11       5.28870E-04       4.09213E-09       3.91538E-09
       7.75000E-06       7.77500E-06       7.76250E-06       2.50001E-08       1.32218E-11       5.28870E-04       4.10535E-09       3.92861E-09
       7.77500E-06       7.80000E-06       7.78750E-06       2.50001E-08       1.32218E-11       5.28870E-04       4.11857E-09       3.94183E-09
       7.80000E-06       7.82500E-06       7.81250E-06       2.49996E-08       1.32218E-11       5.28880E-04       4.13187E-09       3.95505E-09
       7.82500E-06       7.85000E-06       7.83750E-06       2.50001E-08       1.32218E-11       5.28870E-04       4.14502E-09       3.96827E-09
       7.85000E-06       7.87500E-06       7.86250E-06       2.50001E-08       1.32218E-11       5.28870E-04       4.15824E-09       3.98149E-09
       7.87500E-06       7.90000E-06       7.88750E-06       2.50001E-08       1.32218E-11       5.28870E-04       4.17146E-09       3.99472E-09
       7.90000E-06       7.92500E-06       7.91250E-06       2.50001E-08       1.32218E-11       5.28870E-04       4.18468E-09       4.00794E-09
       7.92500E-06       7.95000E-06       7.93750E-06       2.49996E-08       1.32218E-11       5.28880E-04       4.19798E-09       4.02116E-09
       7.95000E-06       7.97500E-06       7.96250E-06       2.50001E-08       1.32218E-11       5.28870E-04       4.21112E-09       4.03438E-09
       7.97500E-06       8.00000E-06       7.98750E-06       2.50001E-08       1.32218E-11       5.28870E-04       4.22435E-09       4.04760E-09
       8.00000E-06       8.02500E-06       8.01250E-06       2.49996E-08       1.32218E-11       5.28880E-04       4.23765E-09       4.06082E-09
       8.02500E-06       8.05000E-06       8.03750E-06       2.50006E-08       1.32218E-11       5.28860E-04       4.25071E-09       4.07405E-09
       8.05000E-06       8.07500E-06       8.06250E-06       2.49996E-08       1.32218E-11       5.28880E-04       4.26409E-09       4.08727E-09
       8.07500E-06       8.10000E-06       8.08750E-06       2.50006E-08       1.32218E-11       5.28860E-04       4.27715E-09       4.10049E-09
       8.10000E-06       8.12500E-06       8.11250E-06       2.49996E-08       1.32218E-11       5.28880E-04       4.29054E-09       4.11371E-09
       8.12500E-06       8.15000E-06       8.13750E-06       2.49996E-08       1.32218E-11       5.28880E-04       4.30376E-09       4.12693E-09
       8.15000E-06       8.17500E-06       8.16250E-06       2.50006E-08       1.32218E-11       5.28860E-04       4.31682E-09       4.14016E-09
       8.17500E-06       8.20000E-06       8.18750E-06       2.49996E-08       1.32218E-11       5.28880E-04       4.33020E-09       4.15338E-09
       8.20000E-06       8.22500E-06       8.21250E-06       2.50006E-08       1.32218E-11       5.28860E-04       4.34326E-09       4.16660E-09
       8.22500E-06       8.25000E-06       8.23750E-06       2.49996E-08       1.32218E-11       5.28880E-04       4.35665E-09       4.17982E-09
       8.25000E-06       8.27500E-06       8.26250E-06       2.49996E-08       1.32218E-11       5.28880E-04       4.36987E-09       4.19304E-09
       8.27500E-06       8.30000E-06       8.28750E-06       2.50006E-08       1.32218E-11       5.28860E-04       4.38292E-09       4.20627E-09
       8.30000E-06       8.32500E-06       8.31250E-06       2.49996E-08       1.32218E-11       5.28880E-04       4.39631E-09       4.21949E-09
       8.32500E-06       8.35000E-06       8.33750E-06       2.50006E-08       1.32218E-11       5.28860E-04       4.40937E-09       4.23271E-09
       8.35000E-06       8.37500E-06       8.36250E-06       2.49996E-08       1.32218E-11       5.28880E-04       4.42276E-09       4.24593E-09
       8.37500E-06       8.40000E-06       8.38750E-06       2.49996E-08       1.32218E-11       5.28880E-04       4.43598E-09       4.25915E-09
       8.40000E-06       8.42500E-06       8.41250E-06       2.50006E-08       1.32218E-11       5.28860E-04       4.44903E-09       4.27237E-09
       8.42500E-06       8.45000E-06       8.43750E-06       2.49996E-08       1.32218E-11       5.28880E-04       4.46242E-09       4.28560E-09
       8.45000E-06       8.47500E-06       8.46250E-06       2.50006E-08       1.32218E-11       5.28860E-04       4.47547E-09       4.29882E-09
       8.47500E-06       8.50000E-06       8.48750E-06       2.49996E-08       1.32218E-11       5.28880E-04       4.48887E-09       4.31204E-09
       8.50000E-06       8.52500E-06       8.51250E-06       2.49996E-08       1.32218E-11       5.28880E-04       4.50209E-09       4.32526E-09
       8.52500E-06       8.55000E-06       8.53750E-06       2.50006E-08       1.32218E-11       5.28860E-04       4.51514E-09       4.33848E-09
       8.55000E-06       8.57500E-06       8.56250E-06       2.49996E-08       1.32218E-11       5.28880E-04       4.52853E-09       4.35171E-09
       8.57500E-06       8.60000E-06       8.58750E-06       2.50006E-08       1.32218E-11       5.28860E-04       4.54158E-09       4.36493E-09
       8.60000E-06       8.62500E-06       8.61250E-06       2.49996E-08       1.32218E-11       5.28880E-04       4.55498E-09       4.37815E-09
       8.62500E-06       8.65000E-06       8.63750E-06       2.49996E-08       1.32218E-11       5.28880E-04       4.56820E-09       4.39137E-09
       8.65000E-06       8.67500E-06       8.66250E-06       2.50006E-08       1.32218E-11       5.28860E-04       4.58125E-09       4.40459E-09
       8.67500E-06       8.70000E-06       8.68750E-06       2.49996E-08       1.32218E-11       5.28880E-04       4.59464E-09       4.41782E-09
       8.70000E-06       8.72500E-06       8.71250E-06       2.50006E-08       1.32218E-11       5.28860E-04       4.60769E-09       4.43104E-09
       8.72500E-06       8.75000E-06       8.73750E-06       2.49996E-08       1.32218E-11       5.28880E-04       4.62109E-09       4.44426E-09
       8.75000E-06       8.77500E-06       8.76250E-06       2.49996E-08       1.32218E-11       5.28880E-04       4.63431E-09       4.45748E-09
       8.77500E-06       8.80000E-06       8.78750E-06       2.50006E-08       1.32218E-11       5.28860E-04       4.64735E-09       4.47070E-09
       8.80000E-06       8.82500E-06       8.81250E-06       2.49996E-08       1.32218E-11       5.28880E-04       4.66075E-09       4.48392E-09
       8.82500E-06       8.85000E-06       8.83750E-06       2.50006E-08       1.32218E-11       5.28860E-04       4.67380E-09       4.49715E-09
       8.85000E-06       8.87500E-06       8.86250E-06       2.49996E-08       1.32218E-11       5.28880E-04       4.68720E-09       4.51037E-09
       8.87500E-06       8.90000E-06       8.88750E-06       2.49996E-08       1.32218E-11       5.28880E-04       4.70042E-09       4.52359E-09
       8.90000E-06       8.92500E-06       8.91250E-06       2.50006E-08       1.32218E-11       5.28860E-04       4.71346E-09       4.53681E-09
       8.92500E-06       8.95000E-06       8.93750E-06       2.49996E-08       1.32218E-11       5.28880E-04       4.72686E-09       4.55003E-09
       8.95000E-06       8.97500E-06       8.96250E-06       2.50006E-08       1.32218E-11       5.28860E-04       4.73990E-09       4.56326E-09
       8.97500E-06       9.00000E-06       8.98750E-06       2.49996E-08       1.32218E-11       5.28880E-04       4.75331E-09       4.57648E-09
       9.00000E-06       9.02500E-06       9.01250E-06       2.49996E-08       1.32218E-11       5.28880E-04       4.76653E-09       4.58970E-09
       9.02500E-06       9.05000E-06       9.03750E-06       2.50006E-08       1.32218E-11       5.28860E-04       4.77957E-09       4.60292E-09
       9.05000E-06       9.07500E-06       9.06250E-06       2.49996E-08       1.32218E-11       5.28880E-04       4.79297E-09       4.61614E-09
       9.07500E-06       9.10000E-06       9.08750E-06       2.50006E-08       1.32218E-11       5.28860E-04       4.80601E-09       4.62936E-09
       9.10000E-06       9.12500E-06       9.11250E-06       2.49996E-08       1.32218E-11       5.28880E-04       4.81942E-09       4.64259E-09
       9.12500E-06       9.15000E-06       9.13750E-06       2.49996E-08       1.32218E-11       5.28880E-04       4.83264E-09       4.65581E-09
       9.15000E-06       9.17500E-06       9.16250E-06       2.50006E-08       1.32218E-11       5.28860E-04       4.84568E-09       4.66903E-09
       9.17500E-06       9.20000E-06       9.18750E-06       2.49996E-08       1.32218E-11       5.28880E-04       4.85908E-09       4.68225E-09
       9.20000E-06       9.22500E-06       9.21250E-06       2.50006E-08       1.32218E-11       5.28860E-04       4.87212E-09       4.69547E-09
       9.22500E-06       9.25000E-06       9.23750E-06       2.49996E-08       1.32218E-11       5.28880E-04       4.88553E-09       4.70870E-09
       9.25000E-06       9.27500E-06       9.26250E-06       2.49996E-08       1.32218E-11       5.28880E-04       4.89875E-09       4.72192E-09
       9.27500E-06       9.30000E-06       9.28750E-06       2.50006E-08       1.32218E-11       5.28860E-04       4.91178E-09       4.73514E-09
       9.30000E-06       9.32500E-06       9.31250E-06       2.49996E-08       1.32218E-11       5.28880E-04       4.92519E-09       4.74836E-09
       9.32500E-06       9.35000E-06       9.33750E-06       2.50006E-08       1.32218E-11       5.28860E-04       4.93823E-09       4.76158E-09
       9.35000E-06       9.37500E-06       9.36250E-06       2.49996E-08       1.32218E-11       5.28880E-04       4.95164E-09       4.77481E-09
       9.37500E-06       9.40000E-06       9.38750E-06       2.49996E-08       1.32218E-11       5.28880E-04       4.96486E-09       4.78803E-09
       9.40000E-06       9.42500E-06       9.41250E-06       2.50006E-08       1.32218E-11       5.28860E-04       4.97789E-09       4.80125E-09
       9.42500E-06       9.45000E-06       9.43750E-06       2.49996E-08       1.32218E-11       5.28880E-04       4.99130E-09       4.81447E-09
       9.45000E-06       9.47500E-06       9.46250E-06       2.50006E-08       1.32218E-11       5.28860E-04       5.00433E-09       4.82769E-09
       9.47500E-06       9.50000E-06       9.48750E-06       2.49996E-08       1.32218E-11       5.28880E-04       5.01775E-09       4.84091E-09
       9.50000E-06       9.52500E-06       9.51250E-06       2.49996E-08       1.32218E-11       5.28880E-04       5.03097E-09       4.85414E-09
       9.52500E-06       9.55000E-06       9.53750E-06       2.50006E-08       1.32218E-11       5.28860E-04       5.04400E-09       4.86736E-09
       9.55000E-06       9.57500E-06       9.56250E-06       2.49996E-08       1.32218E-11       5.28880E-04       5.05741E-09       4.88058E-09
       9.57500E-06       9.60000E-06       9.58750E-06       2.50006E-08       1.32218E-11       5.28860E-04       5.07044E-09       4.89380E-09
       9.60000E-06       9.62500E-06       9.61250E-06       2.49996E-08       1.32218E-11       5.28880E-04       5.08386E-09       4.90702E-09
       9.62500E-06       9.65000E-06       9.63750E-06       2.49996E-08       1.32218E-11       5.28880E-04       5.09708E-09       4.92025E-09
       9.65000E-06       9.67500E-06       9.66250E-06       2.50006E-08       1.32218E-11       5.28860E-04       5.11011E-09       4.93347E-09
       9.67500E-06       9.70000E-06       9.68750E-06       2.49996E-08       1.32218E-11       5.28880E-04       5.12352E-09       4.94669E-09
       9.70000E-06       9.72500E-06       9.71250E-06       2.50006E-08       1.32218E-11       5.28860E-04       5.13655E-09       4.95991E-09
       9.72500E-06       9.75000E-06       9.73750E-06       2.49996E-08       1.32218E-11       5.28880E-04       5.14997E-09       4.97313E-09
       9.75000E-06       9.77500E-06       9.76250E-06       2.49996E-08       1.32218E-11       5.28880E-04       5.16319E-09       4.98636E-09
       9.77500E-06       9.80000E-06       9.78750E-06       2.50006E-08       1.32218E-11       5.28860E-04       5.17621E-09       4.99958E-09
       9.80000E-06       9.82500E-06       9.81250E-06       2.49996E-08       1.32218E-11       5.28880E-04       5.18963E-09       5.01280E-09
       9.82500E-06       9.85000E-06       9.83750E-06       2.50006E-08       1.32218E-11       5.28860E-04       5.20266E-09       5.02602E-09
       9.85000E-06       9.87500E-06       9.86250E-06       2.49996E-08       1.32218E-11       5.28880E-04       5.21608E-09       5.03924E-09
       9.87500E-06       9.90000E-06       9.88750E-06       2.49996E-08       1.32218E-11       5.28880E-04       5.22930E-09       5.05246E-09
       9.90000E-06       9.92500E-06       9.91250E-06       2.50006E-08       1.32218E-11       5.28860E-04       5.24232E-09       5.06569E-09
       9.92500E-06       9.95000E-06       9.93750E-06       2.49996E-08       1.32218E-11       5.28880E-04       5.25574E-09       5.07891E-09
       9.95000E-06       9.97500E-06       9.96250E-06       2.50006E-08       1.32218E-11       5.28860E-04       5.26876E-09       5.09213E-09
       9.97500E-06       1.00000E-05       9.98750E-06       2.49996E-08       1.32218E-11       5.28880E-04       5.28219E-09       5.10535E-09
       1.00000E-05       1.04713E-05       1.02356E-05       4.71300E-07       2.49249E-10       5.28853E-04       5.41315E-09       5.35460E-09
       1.04713E-05       1.09648E-05       1.07180E-05       4.93500E-07       2.60992E-10       5.28859E-04       5.66834E-09       5.61559E-09
       1.09648E-05       1.14815E-05       1.12232E-05       5.16700E-07       2.73295E-10       5.28925E-04       5.93620E-09       5.88889E-09
       1.14815E-05       1.20226E-05       1.17521E-05       5.41101E-07       2.86167E-10       5.28860E-04       6.21519E-09       6.17505E-09
       1.20226E-05       1.25892E-05       1.23059E-05       5.66600E-07       2.99658E-10       5.28870E-04       6.50822E-09       6.47471E-09
       1.25892E-05       1.31826E-05       1.28859E-05       5.93400E-07       3.13786E-10       5.28794E-04       6.81398E-09       6.78850E-09
       1.31826E-05       1.38038E-05       1.34932E-05       6.21200E-07       3.28569E-10       5.28927E-04       7.13691E-09       7.11707E-09
       1.38038E-05       1.44544E-05       1.41291E-05       6.50600E-07       3.44058E-10       5.28831E-04       7.47190E-09       7.46113E-09
       1.44544E-05       1.51356E-05       1.47950E-05       6.81200E-07       3.60270E-10       5.28875E-04       7.82470E-09       7.82140E-09
       1.51356E-05       1.58489E-05       1.54922E-05       7.13300E-07       3.77248E-10       5.28877E-04       8.19349E-09       8.19864E-09
       1.58489E-05       1.65959E-05       1.62224E-05       7.47000E-07       3.95027E-10       5.28818E-04       8.57869E-09       8.59367E-09
       1.65959E-05       1.73780E-05       1.69869E-05       7.82101E-07       4.13649E-10       5.28895E-04       8.98431E-09       9.00732E-09
       1.73780E-05       1.81970E-05       1.77875E-05       8.19000E-07       4.33141E-10       5.28866E-04       9.40720E-09       9.44046E-09
       1.81970E-05       1.90546E-05       1.86258E-05       8.57599E-07       4.53555E-10       5.28866E-04       9.85055E-09       9.89401E-09
       1.90546E-05       1.99526E-05       1.95036E-05       8.98001E-07       4.74924E-10       5.28868E-04       1.03148E-08       1.03689E-08
       1.99526E-05       2.08930E-05       2.04228E-05       9.40399E-07       4.97309E-10       5.28827E-04       1.08001E-08       1.08662E-08
       2.08930E-05       2.18776E-05       2.13853E-05       9.84600E-07       5.20753E-10       5.28898E-04       1.13106E-08       1.13870E-08
       2.18776E-05       2.29087E-05       2.23932E-05       1.03110E-06       5.45290E-10       5.28843E-04       1.18425E-08       1.19323E-08
       2.29087E-05       2.39883E-05       2.34485E-05       1.07960E-06       5.70990E-10       5.28891E-04       1.24017E-08       1.25033E-08
       2.39883E-05       2.51189E-05       2.45536E-05       1.13060E-06       5.97895E-10       5.28830E-04       1.29847E-08       1.31012E-08
       2.51189E-05       2.63027E-05       2.57108E-05       1.18380E-06       6.26083E-10       5.28876E-04       1.35978E-08       1.37273E-08
       2.63027E-05       2.75423E-05       2.69225E-05       1.23960E-06       6.55588E-10       5.28871E-04       1.42385E-08       1.43828E-08
       2.75423E-05       2.88403E-05       2.81913E-05       1.29800E-06       6.86479E-10       5.28875E-04       1.49097E-08       1.50693E-08
       2.88403E-05       3.01995E-05       2.95199E-05       1.35920E-06       7.18834E-10       5.28866E-04       1.56121E-08       1.57882E-08
       3.01995E-05       3.16228E-05       3.09111E-05       1.42330E-06       7.52713E-10       5.28850E-04       1.63474E-08       1.65409E-08
       3.16228E-05       3.31131E-05       3.23679E-05       1.49030E-06       7.88185E-10       5.28878E-04       1.71187E-08       1.73291E-08
       3.31131E-05       3.46737E-05       3.38934E-05       1.56060E-06       8.25335E-10       5.28858E-04       1.79248E-08       1.81544E-08
       3.46737E-05       3.63078E-05       3.54907E-05       1.63410E-06       8.64234E-10       5.28874E-04       1.87701E-08       1.90186E-08
       3.63078E-05       3.80189E-05       3.71634E-05       1.71110E-06       9.04957E-10       5.28874E-04       1.96547E-08       1.99236E-08
       3.80189E-05       3.98107E-05       3.89148E-05       1.79180E-06       9.47575E-10       5.28840E-04       2.05797E-08       2.08712E-08
       3.98107E-05       4.16869E-05       4.07488E-05       1.87620E-06       9.92259E-10       5.28866E-04       2.15506E-08       2.18634E-08
       4.16869E-05       4.36516E-05       4.26692E-05       1.96470E-06       1.03901E-09       5.28839E-04       2.25652E-08       2.29024E-08
       4.36516E-05       4.57088E-05       4.46802E-05       2.05720E-06       1.08800E-09       5.28873E-04       2.36301E-08       2.39904E-08
       4.57088E-05       4.78630E-05       4.67859E-05       2.15420E-06       1.13931E-09       5.28880E-04       2.47441E-08       2.51297E-08
       4.78630E-05       5.01187E-05       4.89908E-05       2.25570E-06       1.19295E-09       5.28860E-04       2.59093E-08       2.63227E-08
       5.01187E-05       5.24808E-05       5.12998E-05       2.36210E-06       1.24917E-09       5.28838E-04       2.71293E-08       2.75719E-08
       5.24808E-05       5.49541E-05       5.37174E-05       2.47330E-06       1.30806E-09       5.28872E-04       2.84097E-08       2.88799E-08
       5.49541E-05       5.75440E-05       5.62490E-05       2.58990E-06       1.36970E-09       5.28864E-04       2.97481E-08       3.02496E-08
       5.75440E-05       6.02560E-05       5.89000E-05       2.71200E-06       1.43428E-09       5.28863E-04       3.11500E-08       3.16839E-08
       6.02560E-05       6.30957E-05       6.16758E-05       2.83970E-06       1.50186E-09       5.28881E-04       3.26192E-08       3.31858E-08
       6.30957E-05       6.60693E-05       6.45825E-05       2.97360E-06       1.57263E-09       5.28865E-04       3.41554E-08       3.47584E-08
       6.60693E-05       6.91831E-05       6.76262E-05       3.11380E-06       1.64676E-09       5.28859E-04       3.57647E-08       3.64052E-08
       6.91831E-05       7.24436E-05       7.08134E-05       3.26051E-06       1.72433E-09       5.28855E-04       3.74500E-08       3.81295E-08
       7.24436E-05       7.58578E-05       7.41507E-05       3.41420E-06       1.80561E-09       5.28853E-04       3.92148E-08       3.99351E-08
       7.58578E-05       7.94328E-05       7.76453E-05       3.57500E-06       1.89076E-09       5.28884E-04       4.10654E-08       4.18259E-08
       7.94328E-05       8.31764E-05       8.13046E-05       3.74360E-06       1.97987E-09       5.28868E-04       4.29994E-08       4.38057E-08
       8.31764E-05       8.70964E-05       8.51364E-05       3.92000E-06       2.07311E-09       5.28855E-04       4.50248E-08       4.58788E-08
       8.70964E-05       9.12011E-05       8.91488E-05       4.10471E-06       2.17083E-09       5.28864E-04       4.71475E-08       4.80497E-08
       9.12011E-05       9.54993E-05       9.33502E-05       4.29820E-06       2.27311E-09       5.28853E-04       4.93685E-08       5.03228E-08
       9.54993E-05       1.00000E-04       9.77497E-05       4.50070E-06       2.38030E-09       5.28873E-04       5.16972E-08       5.27031E-08
       1.00000E-04       1.04713E-04       1.02356E-04       4.71300E-06       2.49249E-09       5.28854E-04       5.41316E-08       5.51956E-08
       1.04713E-04       1.09648E-04       1.07181E-04       4.93501E-06       2.60992E-09       5.28859E-04       5.66833E-08       5.78055E-08
       1.09648E-04       1.14815E-04       1.12232E-04       5.16700E-06       2.73295E-09       5.28924E-04       5.93620E-08       6.05384E-08
       1.14815E-04       1.20226E-04       1.17520E-04       5.41100E-06       2.86167E-09       5.28861E-04       6.21520E-08       6.34001E-08
       1.20226E-04       1.25892E-04       1.23059E-04       5.66600E-06       2.99658E-09       5.28870E-04       6.50822E-08       6.63967E-08
       1.25892E-04       1.31826E-04       1.28859E-04       5.93401E-06       3.13786E-09       5.28793E-04       6.81398E-08       6.95345E-08
       1.31826E-04       1.38038E-04       1.34932E-04       6.21199E-06       3.28569E-09       5.28927E-04       7.13692E-08       7.28202E-08
       1.38038E-04       1.44544E-04       1.41291E-04       6.50601E-06       3.44058E-09       5.28830E-04       7.47190E-08       7.62608E-08
       1.44544E-04       1.51356E-04       1.47950E-04       6.81200E-06       3.60270E-09       5.28875E-04       7.82471E-08       7.98635E-08
       1.51356E-04       1.58489E-04       1.54922E-04       7.13300E-06       3.77248E-09       5.28877E-04       8.19349E-08       8.36360E-08
       1.58489E-04       1.65959E-04       1.62224E-04       7.47000E-06       3.95027E-09       5.28817E-04       8.57869E-08       8.75862E-08
       1.65959E-04       1.73780E-04       1.69870E-04       7.82100E-06       4.13649E-09       5.28896E-04       8.98432E-08       9.17227E-08
       1.73780E-04       1.81970E-04       1.77875E-04       8.19000E-06       4.33141E-09       5.28866E-04       9.40720E-08       9.60542E-08
       1.81970E-04       1.90546E-04       1.86258E-04       8.57600E-06       4.53555E-09       5.28865E-04       9.85053E-08       1.00590E-07
       1.90546E-04       1.99526E-04       1.95036E-04       8.98000E-06       4.74924E-09       5.28869E-04       1.03148E-07       1.05339E-07
       1.99526E-04       2.08930E-04       2.04228E-04       9.40399E-06       4.97309E-09       5.28827E-04       1.08001E-07       1.10312E-07
       2.08930E-04       2.18776E-04       2.13853E-04       9.84601E-06       5.20753E-09       5.28897E-04       1.13106E-07       1.15520E-07
       2.18776E-04       2.29087E-04       2.23932E-04       1.03110E-05       5.45290E-09       5.28843E-04       1.18425E-07       1.20972E-07
       2.29087E-04       2.39883E-04       2.34485E-04       1.07960E-05       5.70990E-09       5.28891E-04       1.24017E-07       1.26682E-07
       2.39883E-04       2.51189E-04       2.45536E-04       1.13060E-05       5.97895E-09       5.28830E-04       1.29847E-07       1.32661E-07
       2.51189E-04       2.63027E-04       2.57108E-04       1.18380E-05       6.26083E-09       5.28875E-04       1.35978E-07       1.38922E-07
       2.63027E-04       2.75423E-04       2.69225E-04       1.23960E-05       6.55588E-09       5.28871E-04       1.42385E-07       1.45478E-07
       2.75423E-04       2.88403E-04       2.81913E-04       1.29800E-05       6.86479E-09       5.28874E-04       1.49097E-07       1.52343E-07
       2.88403E-04       3.01995E-04       2.95199E-04       1.35920E-05       7.18834E-09       5.28867E-04       1.56121E-07       1.59531E-07
       3.01995E-04       3.16228E-04       3.09111E-04       1.42330E-05       7.52713E-09       5.28851E-04       1.63474E-07       1.67058E-07
       3.16228E-04       3.31131E-04       3.23680E-04       1.49030E-05       7.88185E-09       5.28876E-04       1.71186E-07       1.74940E-07
       3.31131E-04       3.46737E-04       3.38934E-04       1.56060E-05       8.25335E-09       5.28858E-04       1.79248E-07       1.83193E-07
       3.46737E-04       3.63078E-04       3.54908E-04       1.63410E-05       8.64225E-09       5.28869E-04       1.87700E-07       1.91836E-07
       3.63078E-04       3.80189E-04       3.71634E-04       1.71110E-05       9.04957E-09       5.28875E-04       1.96548E-07       2.00885E-07
       3.80189E-04       3.98107E-04       3.89148E-04       1.79180E-05       9.47609E-09       5.28859E-04       2.05804E-07       2.10361E-07
       3.98107E-04       4.16869E-04       4.07488E-04       1.87620E-05       9.92267E-09       5.28871E-04       2.15509E-07       2.20284E-07
       4.16869E-04       4.36516E-04       4.26692E-04       1.96470E-05       1.03903E-08       5.28847E-04       2.25655E-07       2.30674E-07
       4.36516E-04       4.57088E-04       4.46802E-04       2.05720E-05       1.08800E-08       5.28872E-04       2.36301E-07       2.41554E-07
       4.57088E-04       4.78630E-04       4.67859E-04       2.15420E-05       1.13928E-08       5.28863E-04       2.47433E-07       2.52947E-07
       4.78630E-04       5.01187E-04       4.89909E-04       2.25570E-05       1.19297E-08       5.28867E-04       2.59097E-07       2.64877E-07
       5.01187E-04       5.24808E-04       5.12998E-04       2.36210E-05       1.24920E-08       5.28850E-04       2.71299E-07       2.77369E-07
       5.24808E-04       5.49541E-04       5.37175E-04       2.47330E-05       1.30806E-08       5.28871E-04       2.84096E-07       2.90449E-07
       5.49541E-04       5.75440E-04       5.62491E-04       2.58990E-05       1.36970E-08       5.28864E-04       2.97481E-07       3.04146E-07
       5.75440E-04       6.02560E-04       5.89000E-04       2.71200E-05       1.43426E-08       5.28857E-04       3.11497E-07       3.18489E-07
       6.02560E-04       6.30957E-04       6.16758E-04       2.83970E-05       1.50185E-08       5.28878E-04       3.26190E-07       3.33508E-07
       6.30957E-04       6.60693E-04       6.45825E-04       2.97360E-05       1.57263E-08       5.28865E-04       3.41554E-07       3.49234E-07
       6.60693E-04       6.91831E-04       6.76262E-04       3.11380E-05       1.64675E-08       5.28857E-04       3.57646E-07       3.65701E-07
       6.91831E-04       7.24436E-04       7.08133E-04       3.26050E-05       1.72436E-08       5.28864E-04       3.74506E-07       3.82945E-07
       7.24436E-04       7.58578E-04       7.41507E-04       3.41420E-05       1.80563E-08       5.28858E-04       3.92152E-07       4.01001E-07
       7.58578E-04       7.94328E-04       7.76453E-04       3.57500E-05       1.89072E-08       5.28874E-04       4.10646E-07       4.19908E-07
       7.94328E-04       8.31764E-04       8.13046E-04       3.74360E-05       1.97983E-08       5.28859E-04       4.29986E-07       4.39707E-07
       8.31764E-04       8.70964E-04       8.51364E-04       3.92000E-05       2.07314E-08       5.28861E-04       4.50253E-07       4.60438E-07
       8.70964E-04       9.12011E-04       8.91487E-04       4.10470E-05       2.17084E-08       5.28866E-04       4.71478E-07       4.82147E-07
       9.12011E-04       9.54993E-04       9.33502E-04       4.29820E-05       2.27315E-08       5.28862E-04       4.93694E-07       5.04878E-07
       9.54993E-04       1.00000E-03       9.77497E-04       4.50070E-05       2.38028E-08       5.28868E-04       5.16966E-07       5.28681E-07
       1.00000E-03       1.04713E-03       1.02356E-03       4.71300E-05       2.49248E-08       5.28853E-04       5.41316E-07       5.53606E-07
       1.04713E-03       1.09648E-03       1.07180E-03       4.93500E-05       2.60989E-08       5.28854E-04       5.66829E-07       5.79705E-07
       1.09648E-03       1.14815E-03       1.12231E-03       5.16700E-05       2.73296E-08       5.28925E-04       5.93621E-07       6.07034E-07
       1.14815E-03       1.20226E-03       1.17520E-03       5.41100E-05       2.86168E-08       5.28864E-04       6.21524E-07       6.35651E-07
       1.20226E-03       1.25892E-03       1.23059E-03       5.66600E-05       2.99660E-08       5.28873E-04       6.50826E-07       6.65617E-07
       1.25892E-03       1.31826E-03       1.28859E-03       5.93400E-05       3.13785E-08       5.28793E-04       6.81397E-07       6.96996E-07
       1.31826E-03       1.38038E-03       1.34932E-03       6.21200E-05       3.28567E-08       5.28923E-04       7.13687E-07       7.29852E-07
       1.38038E-03       1.44544E-03       1.41291E-03       6.50599E-05       3.44058E-08       5.28832E-04       7.47192E-07       7.64258E-07
       1.44544E-03       1.51356E-03       1.47950E-03       6.81201E-05       3.60268E-08       5.28871E-04       7.82465E-07       8.00285E-07
       1.51356E-03       1.58489E-03       1.54923E-03       7.13300E-05       3.77249E-08       5.28879E-04       8.19353E-07       8.38010E-07
       1.58489E-03       1.65959E-03       1.62224E-03       7.47000E-05       3.95030E-08       5.28822E-04       8.57877E-07       8.77513E-07
       1.65959E-03       1.73780E-03       1.69870E-03       7.82101E-05       4.13646E-08       5.28891E-04       8.98424E-07       9.18877E-07
       1.73780E-03       1.81970E-03       1.77875E-03       8.18999E-05       4.33140E-08       5.28865E-04       9.40718E-07       9.62191E-07
       1.81970E-03       1.90546E-03       1.86258E-03       8.57600E-05       4.53554E-08       5.28864E-04       9.85052E-07       1.00755E-06
       1.90546E-03       1.99526E-03       1.95036E-03       8.98001E-05       4.74925E-08       5.28869E-04       1.03149E-06       1.05504E-06
       1.99526E-03       2.08930E-03       2.04228E-03       9.40400E-05       4.97312E-08       5.28830E-04       1.08002E-06       1.10477E-06
       2.08930E-03       2.18776E-03       2.13853E-03       9.84600E-05       5.20751E-08       5.28896E-04       1.13106E-06       1.15685E-06
       2.18776E-03       2.29087E-03       2.23932E-03       1.03110E-04       5.45290E-08       5.28843E-04       1.18425E-06       1.21137E-06
       2.29087E-03       2.39883E-03       2.34485E-03       1.07960E-04       5.70988E-08       5.28889E-04       1.24017E-06       1.26847E-06
       2.39883E-03       2.51189E-03       2.45536E-03       1.13060E-04       5.97897E-08       5.28832E-04       1.29847E-06       1.32826E-06
       2.51189E-03       2.63027E-03       2.57108E-03       1.18380E-04       6.26080E-08       5.28872E-04       1.35977E-06       1.39087E-06
       2.63027E-03       2.75423E-03       2.69225E-03       1.23960E-04       6.55585E-08       5.28868E-04       1.42385E-06       1.45643E-06
       2.75423E-03       2.88403E-03       2.81913E-03       1.29800E-04       6.86481E-08       5.28876E-04       1.49097E-06       1.52508E-06
       2.88403E-03       3.01995E-03       2.95199E-03       1.35920E-04       7.18832E-08       5.28864E-04       1.56120E-06       1.59696E-06
       3.01995E-03       3.16228E-03       3.09112E-03       1.42330E-04       7.52711E-08       5.28849E-04       1.63473E-06       1.67223E-06
       3.16228E-03       3.31131E-03       3.23679E-03       1.49030E-04       7.88181E-08       5.28874E-04       1.71186E-06       1.75105E-06
       3.31131E-03       3.46737E-03       3.38934E-03       1.56060E-04       8.25335E-08       5.28857E-04       1.79248E-06       1.83358E-06
       3.46737E-03       3.63078E-03       3.54907E-03       1.63410E-04       8.64225E-08       5.28869E-04       1.87700E-06       1.92001E-06
       3.63078E-03       3.80189E-03       3.71633E-03       1.71110E-04       9.04957E-08       5.28875E-04       1.96548E-06       2.01050E-06
       3.80189E-03       3.98107E-03       3.89148E-03       1.79180E-04       9.47609E-08       5.28858E-04       2.05804E-06       2.10526E-06
       3.98107E-03       4.16869E-03       4.07488E-03       1.87620E-04       9.92267E-08       5.28871E-04       2.15509E-06       2.20449E-06
       4.16869E-03       4.36516E-03       4.26693E-03       1.96470E-04       1.03903E-07       5.28847E-04       2.25655E-06       2.30839E-06
       4.36516E-03       4.57088E-03       4.46802E-03       2.05720E-04       1.08800E-07       5.28874E-04       2.36302E-06       2.41719E-06
       4.57088E-03       4.78630E-03       4.67859E-03       2.15420E-04       1.13928E-07       5.28863E-04       2.47433E-06       2.53112E-06
       4.78630E-03       5.01187E-03       4.89909E-03       2.25570E-04       1.19297E-07       5.28867E-04       2.59096E-06       2.65042E-06
       5.01187E-03       5.24807E-03       5.12997E-03       2.36200E-04       1.24920E-07       5.28873E-04       2.71310E-06       2.77534E-06
       5.24807E-03       5.49541E-03       5.37174E-03       2.47340E-04       1.30806E-07       5.28850E-04       2.84085E-06       2.90614E-06
       5.49541E-03       5.75440E-03       5.62491E-03       2.58990E-04       1.36970E-07       5.28864E-04       2.97481E-06       3.04311E-06
       5.75440E-03       6.02560E-03       5.89000E-03       2.71200E-04       1.43426E-07       5.28856E-04       3.11496E-06       3.18654E-06
       6.02560E-03       6.30957E-03       6.16759E-03       2.83970E-04       1.50185E-07       5.28878E-04       3.26190E-06       3.33672E-06
       6.30957E-03       6.60693E-03       6.45825E-03       2.97360E-04       1.57263E-07       5.28865E-04       3.41554E-06       3.49399E-06
       6.60693E-03       6.91831E-03       6.76262E-03       3.11380E-04       1.64675E-07       5.28857E-04       3.57646E-06       3.65866E-06
       6.91831E-03       7.24436E-03       7.08133E-03       3.26050E-04       1.72436E-07       5.28864E-04       3.74506E-06       3.83110E-06
       7.24436E-03       7.58578E-03       7.41507E-03       3.41420E-04       1.80563E-07       5.28858E-04       3.92152E-06       4.01166E-06
       7.58578E-03       7.94328E-03       7.76453E-03       3.57500E-04       1.89072E-07       5.28874E-04       4.10646E-06       4.20073E-06
       7.94328E-03       8.31764E-03       8.13046E-03       3.74360E-04       1.97983E-07       5.28858E-04       4.29986E-06       4.39872E-06
       8.31764E-03       8.70964E-03       8.51364E-03       3.92000E-04       3.39704E-06       8.66591E-03       7.37784E-05       7.79575E-06
       8.70964E-03       9.12011E-03       8.91487E-03       4.10471E-04       5.28149E-06       1.28669E-02       1.14707E-04       1.30772E-05
       9.12011E-03       9.54993E-03       9.33502E-03       4.29819E-04       5.53177E-06       1.28700E-02       1.20142E-04       1.86090E-05
       9.54993E-03       1.00000E-02       9.77496E-03       4.50070E-04       5.79481E-06       1.28753E-02       1.25856E-04       2.44038E-05
       1.00000E-02       1.04713E-02       1.02357E-02       4.71300E-04       6.07063E-06       1.28806E-02       1.31841E-04       3.04744E-05
       1.04713E-02       1.09648E-02       1.07180E-02       4.93500E-04       6.35861E-06       1.28847E-02       1.38099E-04       3.68331E-05
       1.09648E-02       1.14815E-02       1.12232E-02       5.16700E-04       6.66097E-06       1.28914E-02       1.44682E-04       4.34940E-05
       1.14815E-02       1.20226E-02       1.17521E-02       5.41100E-04       6.97605E-06       1.28924E-02       1.51512E-04       5.04701E-05
       1.20226E-02       1.25892E-02       1.23059E-02       5.66601E-04       7.30873E-06       1.28993E-02       1.58737E-04       5.77788E-05
       1.25892E-02       1.31826E-02       1.28859E-02       5.93399E-04       7.65643E-06       1.29027E-02       1.66262E-04       6.54352E-05
       1.31826E-02       1.38038E-02       1.34932E-02       6.21200E-04       9.34102E-06       1.50370E-02       2.02898E-04       7.47762E-05
       1.38038E-02       1.44544E-02       1.41291E-02       6.50601E-04       1.50261E-05       2.30958E-02       3.26322E-04       8.98024E-05
       1.44544E-02       1.51356E-02       1.47950E-02       6.81199E-04       1.57599E-05       2.31355E-02       3.42290E-04       1.05562E-04
       1.51356E-02       1.58489E-02       1.54923E-02       7.13301E-04       1.65049E-05       2.31387E-02       3.58471E-04       1.22067E-04
       1.58489E-02       1.65959E-02       1.62224E-02       7.47000E-04       1.96945E-05       2.63648E-02       4.27701E-04       1.41762E-04
       1.65959E-02       1.73780E-02       1.69870E-02       7.82100E-04       2.12099E-05       2.71192E-02       4.60672E-04       1.62972E-04
       1.73780E-02       1.81970E-02       1.77875E-02       8.19000E-04       2.92559E-05       3.57215E-02       6.35397E-04       1.92228E-04
       1.81970E-02       1.90546E-02       1.86258E-02       8.57600E-04       3.46694E-05       4.04260E-02       7.52967E-04       2.26897E-04
       1.90546E-02       1.99526E-02       1.95036E-02       8.98000E-04       3.62726E-05       4.03927E-02       7.87802E-04       2.63169E-04
       1.99526E-02       2.08930E-02       2.04228E-02       9.40400E-04       3.79501E-05       4.03553E-02       8.24167E-04       3.01120E-04
       2.08930E-02       2.18776E-02       2.13853E-02       9.84600E-04       4.07170E-05       4.13538E-02       8.84364E-04       3.41837E-04
       2.18776E-02       2.29087E-02       2.23931E-02       1.03110E-03       5.47036E-05       5.30537E-02       1.18804E-03       3.96540E-04
       2.29087E-02       2.39883E-02       2.34485E-02       1.07960E-03       6.32705E-05       5.86054E-02       1.37421E-03       4.59811E-04
       2.39883E-02       2.51189E-02       2.45536E-02       1.13060E-03       7.33921E-05       6.49143E-02       1.59388E-03       5.33203E-04
       2.51189E-02       2.63027E-02       2.57108E-02       1.18380E-03       8.87880E-05       7.50026E-02       1.92838E-03       6.21991E-04
       2.63027E-02       2.75423E-02       2.69225E-02       1.23960E-03       9.80042E-05       7.90610E-02       2.12852E-03       7.19995E-04
       2.75423E-02       2.88403E-02       2.81913E-02       1.29800E-03       1.02882E-04       7.92618E-02       2.23449E-03       8.22877E-04
       2.88403E-02       3.01995E-02       2.95199E-02       1.35920E-03       1.15041E-04       8.46390E-02       2.49853E-03       9.37918E-04
       3.01995E-02       3.16228E-02       3.09112E-02       1.42330E-03       1.20688E-04       8.47945E-02       2.62110E-03       1.05861E-03
       3.16228E-02       3.31131E-02       3.23680E-02       1.49030E-03       1.26264E-04       8.47239E-02       2.74234E-03       1.18487E-03
       3.31131E-02       3.46737E-02       3.38934E-02       1.56060E-03       1.32089E-04       8.46403E-02       2.86875E-03       1.31696E-03
       3.46737E-02       3.63078E-02       3.54908E-02       1.63410E-03       1.38177E-04       8.45585E-02       3.00105E-03       1.45514E-03
       3.63078E-02       3.80189E-02       3.71633E-02       1.71110E-03       1.44542E-04       8.44732E-02       3.13931E-03       1.59968E-03
       3.80189E-02       3.98107E-02       3.89148E-02       1.79180E-03       1.51192E-04       8.43797E-02       3.28362E-03       1.75087E-03
       3.98107E-02       4.16869E-02       4.07488E-02       1.87620E-03       1.58139E-04       8.42871E-02       3.43460E-03       1.90901E-03
       4.16869E-02       4.36516E-02       4.26693E-02       1.96470E-03       1.65398E-04       8.41848E-02       3.59210E-03       2.07441E-03
       4.36516E-02       4.57088E-02       4.46802E-02       2.05720E-03       1.72984E-04       8.40870E-02       3.75703E-03       2.24739E-03
       4.57088E-02       4.78630E-02       4.67859E-02       2.15420E-03       1.80906E-04       8.39782E-02       3.92900E-03       2.42830E-03
       4.78630E-02       5.01187E-02       4.89908E-02       2.25570E-03       1.89181E-04       8.38680E-02       4.10876E-03       2.61748E-03
       5.01187E-02       5.24808E-02       5.12998E-02       2.36210E-03       1.97824E-04       8.37493E-02       4.29632E-03       2.81530E-03
       5.24808E-02       5.49541E-02       5.37174E-02       2.47330E-03       2.06848E-04       8.36323E-02       4.49251E-03       3.02215E-03
       5.49541E-02       5.75440E-02       5.62491E-02       2.58990E-03       2.16273E-04       8.35065E-02       4.69716E-03       3.23842E-03
       5.75440E-02       6.02560E-02       5.89000E-02       2.71200E-03       2.26113E-04       8.33748E-02       4.91078E-03       3.46454E-03
       6.02560E-02       6.30957E-02       6.16758E-02       2.83970E-03       2.36384E-04       8.32426E-02       5.13406E-03       3.70092E-03
       6.30957E-02       6.60693E-02       6.45825E-02       2.97360E-03       2.47105E-04       8.30998E-02       5.36679E-03       3.94803E-03
       6.60693E-02       6.91831E-02       6.76262E-02       3.11380E-03       2.58294E-04       8.29514E-02       5.60968E-03       4.20632E-03
       6.91831E-02       7.24436E-02       7.08134E-02       3.26050E-03       2.69972E-04       8.28009E-02       5.86341E-03       4.47629E-03
       7.24436E-02       7.58578E-02       7.41507E-02       3.41420E-03       2.82156E-04       8.26420E-02       6.12796E-03       4.75845E-03
       7.58578E-02       7.94328E-02       7.76453E-02       3.57500E-03       2.94867E-04       8.24803E-02       6.40421E-03       5.05331E-03
       7.94328E-02       8.31764E-02       8.13046E-02       3.74360E-03       3.08129E-04       8.23081E-02       6.69203E-03       5.36144E-03
       8.31764E-02       8.70964E-02       8.51364E-02       3.92000E-03       3.21959E-04       8.21323E-02       6.99245E-03       5.68340E-03
       8.70964E-02       9.12011E-02       8.91488E-02       4.10470E-03       3.45114E-04       8.40777E-02       7.49542E-03       6.02852E-03
       9.12011E-02       9.54993E-02       9.33502E-02       4.29820E-03       3.75179E-04       8.72876E-02       8.14832E-03       6.40370E-03
       9.54993E-02       1.00000E-01       9.77497E-02       4.50070E-03       3.91978E-04       8.70926E-02       8.51327E-03       6.79567E-03
       1.00000E-01       1.04713E-01       1.02357E-01       4.71300E-03       4.09497E-04       8.68868E-02       8.89343E-03       7.20517E-03
       1.04713E-01       1.09648E-01       1.07180E-01       4.93500E-03       4.27749E-04       8.66766E-02       9.29005E-03       7.63292E-03
       1.09648E-01       1.14815E-01       1.12231E-01       5.16700E-03       2.32063E-03       4.49125E-01       5.04060E-02       9.95355E-03
       1.14815E-01       1.20226E-01       1.17520E-01       5.41100E-03       3.99867E-03       7.38989E-01       8.68464E-02       1.39522E-02
       1.20226E-01       1.25892E-01       1.23059E-01       5.66600E-03       4.18587E-03       7.38770E-01       9.09122E-02       1.81381E-02
       1.25892E-01       1.31826E-01       1.28859E-01       5.93400E-03       4.38177E-03       7.38418E-01       9.51519E-02       2.25199E-02
       1.31826E-01       1.38038E-01       1.34932E-01       6.21200E-03       4.58665E-03       7.38354E-01       9.96275E-02       2.71065E-02
       1.38038E-01       1.44544E-01       1.41291E-01       6.50600E-03       4.80124E-03       7.37971E-01       1.04269E-01       3.19078E-02
       1.44544E-01       1.51356E-01       1.47950E-01       6.81200E-03       5.02565E-03       7.37764E-01       1.09152E-01       3.69334E-02
       1.51356E-01       1.58489E-01       1.54923E-01       7.13300E-03       5.26062E-03       7.37505E-01       1.14256E-01       4.21940E-02
       1.58489E-01       1.65959E-01       1.62224E-01       7.47000E-03       5.50649E-03       7.37147E-01       1.19583E-01       4.77005E-02
       1.65959E-01       1.73780E-01       1.69869E-01       7.82100E-03       5.76375E-03       7.36959E-01       1.25187E-01       5.34643E-02
       1.73780E-01       1.81970E-01       1.77875E-01       8.19000E-03       9.13726E-03       1.11566E+00       1.98448E-01       6.26015E-02
       1.81970E-01       1.90546E-01       1.86258E-01       8.57600E-03       1.60739E-02       1.87429E+00       3.49101E-01       7.86754E-02
       1.90546E-01       1.99526E-01       1.95036E-01       8.98000E-03       1.68285E-02       1.87399E+00       3.65496E-01       9.55039E-02
       1.99526E-01       2.08930E-01       2.04228E-01       9.40400E-03       1.76188E-02       1.87354E+00       3.82629E-01       1.13123E-01
       2.08930E-01       2.18776E-01       2.13853E-01       9.84600E-03       1.84460E-02       1.87345E+00       4.00642E-01       1.31569E-01
       2.18776E-01       2.29087E-01       2.23931E-01       1.03110E-02       3.00848E-02       2.91774E+00       6.53374E-01       1.61653E-01
       2.29087E-01       2.39883E-01       2.34485E-01       1.07960E-02       4.25973E-02       3.94565E+00       9.25196E-01       2.04251E-01
       2.39883E-01       2.51189E-01       2.45536E-01       1.13060E-02       4.46008E-02       3.94488E+00       9.68611E-01       2.48852E-01
       2.51189E-01       2.63027E-01       2.57108E-01       1.18380E-02       4.66991E-02       3.94484E+00       1.01425E+00       2.95551E-01
       2.63027E-01       2.75423E-01       2.69225E-01       1.23960E-02       6.17092E-02       4.97815E+00       1.34024E+00       3.57260E-01
       2.75423E-01       2.88403E-01       2.81913E-01       1.29800E-02       7.65510E-02       5.89761E+00       1.66261E+00       4.33811E-01
       2.88403E-01       3.01995E-01       2.95199E-01       1.35920E-02       8.01535E-02       5.89711E+00       1.74082E+00       5.13964E-01
       3.01995E-01       3.16228E-01       3.09112E-01       1.42330E-02       8.39259E-02       5.89657E+00       1.82270E+00       5.97890E-01
       3.16228E-01       3.31131E-01       3.23680E-01       1.49030E-02       8.78750E-02       5.89647E+00       1.90856E+00       6.85765E-01
       3.31131E-01       3.46737E-01       3.38934E-01       1.56060E-02       6.87046E-02       4.40245E+00       1.49214E+00       7.54470E-01
       3.46737E-01       3.63078E-01       3.54908E-01       1.63410E-02       4.86484E-02       2.97708E+00       1.05659E+00       8.03118E-01
       3.63078E-01       3.80189E-01       3.71633E-01       1.71110E-02       1.67665E-02       9.79865E-01       3.64151E-01       8.19885E-01
       3.80189E-01       3.98107E-01       3.89148E-01       1.79180E-02       1.75497E-02       9.79446E-01       3.81149E-01       8.37434E-01
       3.98107E-01       4.16869E-01       4.07488E-01       1.87620E-02       1.83694E-02       9.79076E-01       3.98962E-01       8.55804E-01
       4.16869E-01       4.36516E-01       4.26692E-01       1.96470E-02       1.92274E-02       9.78641E-01       4.17579E-01       8.75031E-01
       4.36516E-01       4.57088E-01       4.46802E-01       2.05720E-02       1.17805E-02       5.72646E-01       2.55859E-01       8.86812E-01
       4.57088E-01       4.78630E-01       4.67859E-01       2.15420E-02       1.51343E-03       7.02551E-02       3.28695E-02       8.88325E-01
       4.78630E-01       5.01187E-01       4.89909E-01       2.25570E-02       1.57593E-03       6.98642E-02       3.42271E-02       8.89901E-01
       5.01187E-01       5.24808E-01       5.12998E-01       2.36210E-02       1.64102E-03       6.94729E-02       3.56394E-02       8.91542E-01
       5.24808E-01       5.49541E-01       5.37174E-01       2.47330E-02       1.70882E-03       6.90905E-02       3.71137E-02       8.93251E-01
       5.49541E-01       5.75440E-01       5.62490E-01       2.58990E-02       1.77948E-03       6.87086E-02       3.86479E-02       8.95030E-01
       5.75440E-01       6.02560E-01       5.89000E-01       2.71200E-02       1.85319E-03       6.83330E-02       4.02481E-02       8.96884E-01
       6.02560E-01       6.30957E-01       6.16758E-01       2.83970E-02       1.93009E-03       6.79681E-02       4.19199E-02       8.98814E-01
       6.30957E-01       6.60693E-01       6.45825E-01       2.97360E-02       2.01040E-03       6.76082E-02       4.36631E-02       9.00824E-01
       6.60693E-01       6.91831E-01       6.76262E-01       3.11380E-02       2.09432E-03       6.72594E-02       4.54850E-02       9.02918E-01
       6.91831E-01       7.24436E-01       7.08133E-01       3.26050E-02       2.18210E-03       6.69254E-02       4.73921E-02       9.05101E-01
       7.24436E-01       7.58578E-01       7.41507E-01       3.41420E-02       2.27401E-03       6.66046E-02       4.93877E-02       9.07375E-01
       7.58578E-01       7.94328E-01       7.76453E-01       3.57500E-02       2.37037E-03       6.63041E-02       5.14820E-02       9.09745E-01
       7.94328E-01       8.31764E-01       8.13046E-01       3.74360E-02       2.47154E-03       6.60203E-02       5.36775E-02       9.12216E-01
       8.31764E-01       8.70964E-01       8.51364E-01       3.92000E-02       2.57789E-03       6.57625E-02       5.59878E-02       9.14794E-01
       8.70964E-01       9.12011E-01       8.91487E-01       4.10470E-02       2.68991E-03       6.55325E-02       5.84214E-02       9.17484E-01
       9.12011E-01       9.54993E-01       9.33502E-01       4.29820E-02       2.80816E-03       6.53334E-02       6.09888E-02       9.20292E-01
       9.54993E-01       1.00000E+00       9.77497E-01       4.50070E-02       2.93323E-03       6.51728E-02       6.37062E-02       9.23226E-01
       1.00000E+00       1.04713E+00       1.02357E+00       4.71300E-02       3.06592E-03       6.50523E-02       6.65853E-02       9.26292E-01
       1.04713E+00       1.09648E+00       1.07181E+00       4.93500E-02       3.20694E-03       6.49837E-02       6.96498E-02       9.29499E-01
       1.09648E+00       1.14815E+00       1.12231E+00       5.16700E-02       3.35759E-03       6.49815E-02       7.29297E-02       9.32856E-01
       1.14815E+00       1.20226E+00       1.17520E+00       5.41100E-02       3.51877E-03       6.50299E-02       7.64234E-02       9.36375E-01
       1.20226E+00       1.25892E+00       1.23059E+00       5.66600E-02       3.69227E-03       6.51653E-02       8.01918E-02       9.40067E-01
       1.25892E+00       1.31826E+00       1.28859E+00       5.93400E-02       3.87974E-03       6.53815E-02       8.42500E-02       9.43947E-01
       1.31826E+00       1.38038E+00       1.34932E+00       6.21200E-02       4.08332E-03       6.57328E-02       8.86946E-02       9.48030E-01
       1.38038E+00       1.44544E+00       1.41291E+00       6.50600E-02       4.30612E-03       6.61868E-02       9.35160E-02       9.52336E-01
       1.44544E+00       1.51356E+00       1.47950E+00       6.81200E-02       4.55151E-03       6.68160E-02       9.88543E-02       9.56888E-01
       1.51356E+00       1.58489E+00       1.54923E+00       7.13300E-02       4.82459E-03       6.76375E-02       1.04786E-01       9.61712E-01
       1.58489E+00       1.65959E+00       1.62224E+00       7.47000E-02       5.13183E-03       6.86992E-02       1.11447E-01       9.66844E-01
       1.65959E+00       1.73780E+00       1.69869E+00       7.82100E-02       5.48242E-03       7.00987E-02       1.19076E-01       9.72327E-01
       1.73780E+00       1.81970E+00       1.77875E+00       8.19000E-02       5.88945E-03       7.19103E-02       1.27910E-01       9.78216E-01
       1.81970E+00       1.90546E+00       1.86258E+00       8.57600E-02       6.37189E-03       7.42991E-02       1.38388E-01       9.84588E-01
       1.90546E+00       1.99526E+00       1.95036E+00       8.98000E-02       6.94799E-03       7.73718E-02       1.50903E-01       9.91536E-01
       1.99526E+00       2.08930E+00       2.04228E+00       9.40400E-02       5.61672E-03       5.97269E-02       1.21979E-01       9.97153E-01
       2.08930E+00       2.18776E+00       2.13853E+00       9.84600E-02       2.32473E-03       2.36109E-02       5.04927E-02       9.99478E-01
       2.18776E+00       2.29087E+00       2.23932E+00       1.03110E-01       5.22822E-04       5.07052E-03       1.13545E-02       1.00000E+00

 Sum =                                                                         1.00000E+00
 Renormalization bin#   969 =                                                  1.16149E-01 barn        1.86000E+07        1.88000E+07        1.87000E+07
 Avg. Energy     bin#   969 =                                                  4.00334E-01 MeV         1.86000E+07        1.88000E+07
