"        MT=107 recoil spectrum "
" Initial neutron energy corresponds to the group:"
   3.31131E+00    3.46737E+00       0.00000E+00           674           846           173



          Low               High              Mid              Energy           Number             dn/de            E*dn/de          Cumulative
         Energy            Energy            Energy             Width          Fraction                               Sum   
         [MeV]             [MeV]             [MeV]              [MeV]

       1.44544E-04       1.51356E-04       1.47950E-04       6.81200E-06       0.00000E+00       0.00000E+00       0.00000E+00       0.00000E+00
       1.51356E-04       1.58489E-04       1.54922E-04       7.13300E-06       6.73834E-08       9.44672E-03       1.46351E-06       6.73834E-08
       1.58489E-04       1.65959E-04       1.62224E-04       7.47000E-06       1.78374E-07       2.38788E-02       3.87371E-06       2.45758E-07
       1.65959E-04       1.73780E-04       1.69870E-04       7.82100E-06       4.22909E-07       5.40735E-02       9.18543E-06       6.68666E-07
       1.73780E-04       1.81970E-04       1.77875E-04       8.19000E-06       5.77070E-07       7.04602E-02       1.25331E-05       1.24574E-06
       1.81970E-04       1.90546E-04       1.86258E-04       8.57600E-06       8.51574E-07       9.92973E-02       1.84949E-05       2.09731E-06
       1.90546E-04       1.99526E-04       1.95036E-04       8.98000E-06       1.19830E-06       1.33441E-01       2.60258E-05       3.29561E-06
       1.99526E-04       2.08930E-04       2.04228E-04       9.40399E-06       1.35773E-06       1.44378E-01       2.94861E-05       4.65334E-06
       2.08930E-04       2.18776E-04       2.13853E-04       9.84601E-06       1.81960E-06       1.84805E-01       3.95212E-05       6.47294E-06
       2.18776E-04       2.29087E-04       2.23932E-04       1.03110E-05       2.01933E-06       1.95842E-01       4.38552E-05       8.49227E-06
       2.29087E-04       2.39883E-04       2.34485E-04       1.07960E-05       2.59033E-06       2.39935E-01       5.62611E-05       1.10826E-05
       2.39883E-04       2.51189E-04       2.45536E-04       1.13060E-05       2.84195E-06       2.51366E-01       6.17195E-05       1.39245E-05
       2.51189E-04       2.63027E-04       2.57108E-04       1.18380E-05       3.45194E-06       2.91598E-01       7.49721E-05       1.73765E-05
       2.63027E-04       2.75423E-04       2.69225E-04       1.23960E-05       3.98933E-06       3.21824E-01       8.66431E-05       2.13658E-05
       2.75423E-04       2.88403E-04       2.81913E-04       1.29800E-05       4.44188E-06       3.42210E-01       9.64733E-05       2.58077E-05
       2.88403E-04       3.01995E-04       2.95199E-04       1.35920E-05       5.15902E-06       3.79563E-01       1.12047E-04       3.09667E-05
       3.01995E-04       3.16228E-04       3.09111E-04       1.42330E-05       5.79579E-06       4.07208E-01       1.25873E-04       3.67625E-05
       3.16228E-04       3.31131E-04       3.23680E-04       1.49030E-05       6.55305E-06       4.39713E-01       1.42326E-04       4.33155E-05
       3.31131E-04       3.46737E-04       3.38934E-04       1.56060E-05       7.39335E-06       4.73751E-01       1.60570E-04       5.07089E-05
       3.46737E-04       3.63078E-04       3.54908E-04       1.63410E-05       8.23200E-06       5.03763E-01       1.78789E-04       5.89409E-05
       3.63078E-04       3.80189E-04       3.71634E-04       1.71110E-05       9.25576E-06       5.40925E-01       2.01026E-04       6.81966E-05
       3.80189E-04       3.98107E-04       3.89148E-04       1.79180E-05       1.02604E-05       5.72628E-01       2.22837E-04       7.84570E-05
       3.98107E-04       4.16869E-04       4.07488E-04       1.87620E-05       1.13882E-05       6.06984E-01       2.47339E-04       8.98452E-05
       4.16869E-04       4.36516E-04       4.26692E-04       1.96470E-05       1.26049E-05       6.41570E-01       2.73753E-04       1.02450E-04
       4.36516E-04       4.57088E-04       4.46802E-04       2.05720E-05       1.39512E-05       6.78163E-01       3.03005E-04       1.16401E-04
       4.57088E-04       4.78630E-04       4.67859E-04       2.15420E-05       1.54311E-05       7.16325E-01       3.35139E-04       1.31832E-04
       4.78630E-04       5.01187E-04       4.89909E-04       2.25570E-05       1.71029E-05       7.58206E-01       3.71452E-04       1.48935E-04
       5.01187E-04       5.24808E-04       5.12998E-04       2.36210E-05       1.88639E-05       7.98609E-01       4.09685E-04       1.67799E-04
       5.24808E-04       5.49541E-04       5.37175E-04       2.47330E-05       2.08627E-05       8.43516E-01       4.53115E-04       1.88662E-04
       5.49541E-04       5.75440E-04       5.62491E-04       2.58990E-05       2.29703E-05       8.86917E-01       4.98883E-04       2.11632E-04
       5.75440E-04       6.02560E-04       5.89000E-04       2.71200E-05       2.52995E-05       9.32871E-01       5.49461E-04       2.36932E-04
       6.02560E-04       6.30957E-04       6.16758E-04       2.83970E-05       2.78769E-05       9.81685E-01       6.05462E-04       2.64809E-04
       6.30957E-04       6.60693E-04       6.45825E-04       2.97360E-05       3.08639E-05       1.03793E+00       6.70322E-04       2.95672E-04
       6.60693E-04       6.91831E-04       6.76262E-04       3.11380E-05       3.39272E-05       1.08957E+00       7.36838E-04       3.29600E-04
       6.91831E-04       7.24436E-04       7.08133E-04       3.26050E-05       3.72465E-05       1.14236E+00       8.08940E-04       3.66846E-04
       7.24436E-04       7.58578E-04       7.41507E-04       3.41420E-05       4.10991E-05       1.20377E+00       8.92604E-04       4.07945E-04
       7.58578E-04       7.94328E-04       7.76453E-04       3.57500E-05       4.53196E-05       1.26768E+00       9.84295E-04       4.53265E-04
       7.94328E-04       8.31764E-04       8.13046E-04       3.74360E-05       4.96914E-05       1.32737E+00       1.07921E-03       5.02956E-04
       8.31764E-04       8.70964E-04       8.51364E-04       3.92000E-05       5.46323E-05       1.39368E+00       1.18653E-03       5.57589E-04
       8.70964E-04       9.12011E-04       8.91487E-04       4.10470E-05       6.01666E-05       1.46580E+00       1.30674E-03       6.17755E-04
       9.12011E-04       9.54993E-04       9.33502E-04       4.29820E-05       6.60703E-05       1.53716E+00       1.43494E-03       6.83826E-04
       9.54993E-04       1.00000E-03       9.77497E-04       4.50070E-05       7.27514E-05       1.61645E+00       1.58007E-03       7.56577E-04
       1.00000E-03       1.04713E-03       1.02356E-03       4.71300E-05       7.94677E-05       1.68614E+00       1.72587E-03       8.36045E-04
       1.04713E-03       1.09648E-03       1.07180E-03       4.93500E-05       8.76477E-05       1.77604E+00       1.90357E-03       9.23692E-04
       1.09648E-03       1.14815E-03       1.12231E-03       5.16700E-05       9.63640E-05       1.86499E+00       2.09310E-03       1.02006E-03
       1.14815E-03       1.20226E-03       1.17520E-03       5.41100E-05       1.05872E-04       1.95660E+00       2.29941E-03       1.12593E-03
       1.20226E-03       1.25892E-03       1.23059E-03       5.66600E-05       1.16410E-04       2.05454E+00       2.52830E-03       1.24234E-03
       1.25892E-03       1.31826E-03       1.28859E-03       5.93400E-05       1.27433E-04       2.14750E+00       2.76725E-03       1.36977E-03
       1.31826E-03       1.38038E-03       1.34932E-03       6.21200E-05       1.39518E-04       2.24595E+00       3.03051E-03       1.50929E-03
       1.38038E-03       1.44544E-03       1.41291E-03       6.50599E-05       1.53563E-04       2.36032E+00       3.33493E-03       1.66285E-03
       1.44544E-03       1.51356E-03       1.47950E-03       6.81201E-05       1.67580E-04       2.46007E+00       3.63968E-03       1.83043E-03
       1.51356E-03       1.58489E-03       1.54923E-03       7.13300E-05       1.83468E-04       2.57210E+00       3.98477E-03       2.01390E-03
       1.58489E-03       1.65959E-03       1.62224E-03       7.47000E-05       2.00269E-04       2.68097E+00       4.34918E-03       2.21417E-03
       1.65959E-03       1.73780E-03       1.69870E-03       7.82101E-05       2.13574E-04       2.73078E+00       4.63876E-03       2.42774E-03
       1.73780E-03       1.81970E-03       1.77875E-03       8.18999E-05       2.23629E-04       2.73051E+00       4.85690E-03       2.65137E-03
       1.81970E-03       1.90546E-03       1.86258E-03       8.57600E-05       2.34170E-04       2.73052E+00       5.08581E-03       2.88554E-03
       1.90546E-03       1.99526E-03       1.95036E-03       8.98001E-05       2.45198E-04       2.73048E+00       5.32543E-03       3.13074E-03
       1.99526E-03       2.08930E-03       2.04228E-03       9.40400E-05       2.56745E-04       2.73017E+00       5.57576E-03       3.38748E-03
       2.08930E-03       2.18776E-03       2.13853E-03       9.84600E-05       2.68840E-04       2.73045E+00       5.83914E-03       3.65632E-03
       2.18776E-03       2.29087E-03       2.23932E-03       1.03110E-04       2.81499E-04       2.73008E+00       6.11352E-03       3.93782E-03
       2.29087E-03       2.39883E-03       2.34485E-03       1.07960E-04       2.94753E-04       2.73021E+00       6.40192E-03       4.23258E-03
       2.39883E-03       2.51189E-03       2.45536E-03       1.13060E-04       3.08632E-04       2.72981E+00       6.70267E-03       4.54121E-03
       2.51189E-03       2.63027E-03       2.57108E-03       1.18380E-04       3.23167E-04       2.72991E+00       7.01880E-03       4.86438E-03
       2.63027E-03       2.75423E-03       2.69225E-03       1.23960E-04       3.38386E-04       2.72980E+00       7.34932E-03       5.20276E-03
       2.75423E-03       2.88403E-03       2.81913E-03       1.29800E-04       3.54312E-04       2.72967E+00       7.69530E-03       5.55707E-03
       2.88403E-03       3.01995E-03       2.95199E-03       1.35920E-04       3.70986E-04       2.72945E+00       8.05730E-03       5.92806E-03
       3.01995E-03       3.16228E-03       3.09112E-03       1.42330E-04       3.88464E-04       2.72932E+00       8.43663E-03       6.31652E-03
       3.16228E-03       3.31131E-03       3.23679E-03       1.49030E-04       4.06751E-04       2.72932E+00       8.83426E-03       6.72327E-03
       3.31131E-03       3.46737E-03       3.38934E-03       1.56060E-04       4.25901E-04       2.72908E+00       9.24979E-03       7.14917E-03
       3.46737E-03       3.63078E-03       3.54907E-03       1.63410E-04       4.45946E-04       2.72901E+00       9.68544E-03       7.59512E-03
       3.63078E-03       3.80189E-03       3.71633E-03       1.71110E-04       4.66940E-04       2.72889E+00       1.01415E-02       8.06206E-03
       3.80189E-03       3.98107E-03       3.89148E-03       1.79180E-04       4.88920E-04       2.72865E+00       1.06185E-02       8.55098E-03
       3.98107E-03       4.16869E-03       4.07488E-03       1.87620E-04       5.11923E-04       2.72851E+00       1.11184E-02       9.06291E-03
       4.16869E-03       4.36516E-03       4.26693E-03       1.96470E-04       5.36020E-04       2.72825E+00       1.16412E-02       9.59893E-03
       4.36516E-03       4.57088E-03       4.46802E-03       2.05720E-04       5.61243E-04       2.72819E+00       1.21896E-02       1.01602E-02
       4.57088E-03       4.78630E-03       4.67859E-03       2.15420E-04       5.87663E-04       2.72799E+00       1.27631E-02       1.07478E-02
       4.78630E-03       5.01187E-03       4.89909E-03       2.25570E-04       6.15306E-04       2.72778E+00       1.33636E-02       1.13631E-02
       5.01187E-03       5.24807E-03       5.12997E-03       2.36200E-04       6.44260E-04       2.72761E+00       1.39925E-02       1.20074E-02
       5.24807E-03       5.49541E-03       5.37174E-03       2.47340E-04       6.74572E-04       2.72730E+00       1.46504E-02       1.26820E-02
       5.49541E-03       5.75440E-03       5.62491E-03       2.58990E-04       7.06304E-04       2.72715E+00       1.53400E-02       1.33883E-02
       5.75440E-03       6.02560E-03       5.89000E-03       2.71200E-04       7.39531E-04       2.72688E+00       1.60613E-02       1.41278E-02
       6.02560E-03       6.30957E-03       6.16759E-03       2.83970E-04       7.74314E-04       2.72675E+00       1.68175E-02       1.49021E-02
       6.30957E-03       6.60693E-03       6.45825E-03       2.97360E-04       8.10734E-04       2.72644E+00       1.76080E-02       1.57129E-02
       6.60693E-03       6.91831E-03       6.76262E-03       3.11380E-04       8.48861E-04       2.72613E+00       1.84358E-02       1.65617E-02
       6.91831E-03       7.24436E-03       7.08133E-03       3.26050E-04       8.88773E-04       2.72588E+00       1.93029E-02       1.74505E-02
       7.24436E-03       7.58578E-03       7.41507E-03       3.41420E-04       9.30561E-04       2.72556E+00       2.02102E-02       1.83810E-02
       7.58578E-03       7.94328E-03       7.76453E-03       3.57500E-04       9.74299E-04       2.72531E+00       2.11608E-02       1.93553E-02
       7.94328E-03       8.31764E-03       8.13046E-03       3.74360E-04       1.02011E-03       2.72494E+00       2.21550E-02       2.03755E-02
       8.31764E-03       8.70964E-03       8.51364E-03       3.92000E-04       1.06804E-03       2.72460E+00       2.31963E-02       2.14435E-02
       8.70964E-03       9.12011E-03       8.91487E-03       4.10471E-04       1.11824E-03       2.72429E+00       2.42867E-02       2.25617E-02
       9.12011E-03       9.54993E-03       9.33502E-03       4.29819E-04       1.17079E-03       2.72390E+00       2.54277E-02       2.37325E-02
       9.54993E-03       1.00000E-02       9.77496E-03       4.50070E-04       1.22579E-03       2.72355E+00       2.66226E-02       2.49583E-02
       1.00000E-02       1.04713E-02       1.02357E-02       4.71300E-04       1.28339E-03       2.72308E+00       2.78725E-02       2.62417E-02
       1.04713E-02       1.09648E-02       1.07180E-02       4.93500E-04       1.34363E-03       2.72266E+00       2.91816E-02       2.75853E-02
       1.09648E-02       1.14815E-02       1.12232E-02       5.16700E-04       1.40677E-03       2.72260E+00       3.05561E-02       2.89921E-02
       1.14815E-02       1.20226E-02       1.17521E-02       5.41100E-04       1.47278E-03       2.72183E+00       3.19871E-02       3.04649E-02
       1.20226E-02       1.25892E-02       1.23059E-02       5.66601E-04       1.54196E-03       2.72142E+00       3.34895E-02       3.20068E-02
       1.25892E-02       1.31826E-02       1.28859E-02       5.93399E-04       1.61436E-03       2.72053E+00       3.50565E-02       3.36212E-02
       1.31826E-02       1.38038E-02       1.34932E-02       6.21200E-04       1.69009E-03       2.72068E+00       3.67107E-02       3.53113E-02
       1.38038E-02       1.44544E-02       1.41291E-02       6.50601E-04       1.76942E-03       2.71967E+00       3.84265E-02       3.70807E-02
       1.44544E-02       1.51356E-02       1.47950E-02       6.81199E-04       1.85241E-03       2.71933E+00       4.02325E-02       3.89331E-02
       1.51356E-02       1.58489E-02       1.54923E-02       7.13301E-04       1.93931E-03       2.71878E+00       4.21200E-02       4.08724E-02
       1.58489E-02       1.65959E-02       1.62224E-02       7.47000E-04       2.03025E-03       2.71788E+00       4.40905E-02       4.29027E-02
       1.65959E-02       1.73780E-02       1.69870E-02       7.82100E-04       2.12544E-03       2.71761E+00       4.61639E-02       4.50281E-02
       1.73780E-02       1.81970E-02       1.77875E-02       8.19000E-04       2.22506E-03       2.71680E+00       4.83251E-02       4.72532E-02
       1.81970E-02       1.90546E-02       1.86258E-02       8.57600E-04       2.32933E-03       2.71611E+00       5.05897E-02       4.95825E-02
       1.90546E-02       1.99526E-02       1.95036E-02       8.98000E-04       2.43845E-03       2.71543E+00       5.29606E-02       5.20210E-02
       1.99526E-02       2.08930E-02       2.04228E-02       9.40400E-04       2.55269E-03       2.71447E+00       5.54371E-02       5.45737E-02
       2.08930E-02       2.18776E-02       2.13853E-02       9.84600E-04       2.67224E-03       2.71403E+00       5.80404E-02       5.72459E-02
       2.18776E-02       2.29087E-02       2.23931E-02       1.03110E-03       2.79734E-03       2.71297E+00       6.07519E-02       6.00432E-02
       2.29087E-02       2.39883E-02       2.34485E-02       1.07960E-03       2.92826E-03       2.71235E+00       6.36006E-02       6.29715E-02
       2.39883E-02       2.51189E-02       2.45536E-02       1.13060E-03       3.06526E-03       2.71118E+00       6.65692E-02       6.60367E-02
       2.51189E-02       2.63027E-02       2.57108E-02       1.18380E-03       3.20868E-03       2.71049E+00       6.96889E-02       6.92454E-02
       2.63027E-02       2.75423E-02       2.69225E-02       1.23960E-03       3.35872E-03       2.70952E+00       7.29470E-02       7.26041E-02
       2.75423E-02       2.88403E-02       2.81913E-02       1.29800E-03       3.51575E-03       2.70859E+00       7.63586E-02       7.61199E-02
       2.88403E-02       3.01995E-02       2.95199E-02       1.35920E-03       3.68004E-03       2.70751E+00       7.99254E-02       7.97999E-02
       3.01995E-02       3.16228E-02       3.09112E-02       1.42330E-03       3.85196E-03       2.70635E+00       8.36565E-02       8.36519E-02
       3.16228E-02       3.31131E-02       3.23680E-02       1.49030E-03       4.03187E-03       2.70541E+00       8.75684E-02       8.76838E-02
       3.31131E-02       3.46737E-02       3.38934E-02       1.56060E-03       4.22012E-03       2.70417E+00       9.16535E-02       9.19039E-02
       3.46737E-02       3.63078E-02       3.54908E-02       1.63410E-03       4.41706E-03       2.70305E+00       9.59334E-02       9.63209E-02
       3.63078E-02       3.80189E-02       3.71633E-02       1.71110E-03       4.62314E-03       2.70186E+00       1.00410E-01       1.00944E-01
       3.80189E-02       3.98107E-02       3.89148E-02       1.79180E-03       4.83959E-03       2.70097E+00       1.05108E-01       1.05784E-01
       3.98107E-02       4.16869E-02       4.07488E-02       1.87620E-03       5.07917E-03       2.70716E+00       1.10313E-01       1.10863E-01
       4.16869E-02       4.36516E-02       4.26693E-02       1.96470E-03       5.33463E-03       2.71523E+00       1.15857E-01       1.16197E-01
       4.36516E-02       4.57088E-02       4.46802E-02       2.05720E-03       5.60210E-03       2.72317E+00       1.21672E-01       1.21800E-01
       4.57088E-02       4.78630E-02       4.67859E-02       2.15420E-03       5.88086E-03       2.72995E+00       1.27723E-01       1.27680E-01
       4.78630E-02       5.01187E-02       4.89908E-02       2.25570E-03       6.17198E-03       2.73617E+00       1.34047E-01       1.33852E-01
       5.01187E-02       5.24808E-02       5.12998E-02       2.36210E-03       6.47566E-03       2.74148E+00       1.40637E-01       1.40328E-01
       5.24808E-02       5.49541E-02       5.37174E-02       2.47330E-03       6.79237E-03       2.74628E+00       1.47523E-01       1.47120E-01
       5.49541E-02       5.75440E-02       5.62491E-02       2.58990E-03       7.12294E-03       2.75028E+00       1.54700E-01       1.54243E-01
       5.75440E-02       6.02560E-02       5.89000E-02       2.71200E-03       7.46752E-03       2.75351E+00       1.62182E-01       1.61711E-01
       6.02560E-02       6.30957E-02       6.16758E-02       2.83970E-03       7.82692E-03       2.75625E+00       1.69994E-01       1.69538E-01
       6.30957E-02       6.60693E-02       6.45825E-02       2.97360E-03       8.20126E-03       2.75803E+00       1.78120E-01       1.77739E-01
       6.60693E-02       6.91831E-02       6.76262E-02       3.11380E-03       8.59232E-03       2.75943E+00       1.86610E-01       1.86331E-01
       6.91831E-02       7.24436E-02       7.08134E-02       3.26050E-03       8.99913E-03       2.76004E+00       1.95448E-01       1.95330E-01
       7.24436E-02       7.58578E-02       7.41507E-02       3.41420E-03       9.42398E-03       2.76024E+00       2.04673E-01       2.04754E-01
       7.58578E-02       7.94328E-02       7.76453E-02       3.57500E-03       9.86604E-03       2.75973E+00       2.14280E-01       2.14621E-01
       7.94328E-02       8.31764E-02       8.13046E-02       3.74360E-03       1.03288E-02       2.75906E+00       2.24324E-01       2.24949E-01
       8.31764E-02       8.70964E-02       8.51364E-02       3.92000E-03       1.08098E-02       2.75761E+00       2.34773E-01       2.35759E-01
       8.70964E-02       9.12011E-02       8.91488E-02       4.10470E-03       1.13134E-02       2.75620E+00       2.45712E-01       2.47073E-01
       9.12011E-02       9.54993E-02       9.33502E-02       4.29820E-03       1.18388E-02       2.75438E+00       2.57122E-01       2.58911E-01
       9.54993E-02       1.00000E-01       9.77497E-02       4.50070E-03       1.23880E-02       2.75245E+00       2.69051E-01       2.71299E-01
       1.00000E-01       1.04713E-01       1.02357E-01       4.71300E-03       1.29626E-02       2.75040E+00       2.81521E-01       2.84262E-01
       1.04713E-01       1.09648E-01       1.07180E-01       4.93500E-03       1.35636E-02       2.74845E+00       2.94580E-01       2.97826E-01
       1.09648E-01       1.14815E-01       1.12231E-01       5.16700E-03       1.41923E-02       2.74672E+00       3.08268E-01       3.12018E-01
       1.14815E-01       1.20226E-01       1.17520E-01       5.41100E-03       1.48477E-02       2.74398E+00       3.22474E-01       3.26866E-01
       1.20226E-01       1.25892E-01       1.23059E-01       5.66600E-03       1.55336E-02       2.74154E+00       3.37371E-01       3.42399E-01
       1.25892E-01       1.31826E-01       1.28859E-01       5.93400E-03       1.62467E-02       2.73790E+00       3.52803E-01       3.58646E-01
       1.31826E-01       1.38038E-01       1.34932E-01       6.21200E-03       1.69887E-02       2.73481E+00       3.69014E-01       3.75634E-01
       1.38038E-01       1.44544E-01       1.41291E-01       6.50600E-03       1.77598E-02       2.72976E+00       3.85690E-01       3.93394E-01
       1.44544E-01       1.51356E-01       1.47950E-01       6.81200E-03       1.85582E-02       2.72434E+00       4.03066E-01       4.11952E-01
       1.51356E-01       1.58489E-01       1.54923E-01       7.13300E-03       1.93848E-02       2.71763E+00       4.21022E-01       4.31337E-01
       1.58489E-01       1.65959E-01       1.62224E-01       7.47000E-03       2.02377E-02       2.70920E+00       4.39497E-01       4.51575E-01
       1.65959E-01       1.73780E-01       1.69869E-01       7.82100E-03       2.11145E-02       2.69972E+00       4.58600E-01       4.72690E-01
       1.73780E-01       1.81970E-01       1.77875E-01       8.19000E-03       2.20137E-02       2.68787E+00       4.78105E-01       4.94703E-01
       1.81970E-01       1.90546E-01       1.86258E-01       8.57600E-03       2.29312E-02       2.67388E+00       4.98031E-01       5.17634E-01
       1.90546E-01       1.99526E-01       1.95036E-01       8.98000E-03       2.38645E-02       2.65752E+00       5.18312E-01       5.41499E-01
       1.99526E-01       2.08930E-01       2.04228E-01       9.40400E-03       2.49070E-02       2.64855E+00       5.40909E-01       5.66406E-01
       2.08930E-01       2.18776E-01       2.13853E-01       9.84600E-03       2.60917E-02       2.64998E+00       5.66706E-01       5.92498E-01
       2.18776E-01       2.29087E-01       2.23931E-01       1.03110E-02       2.73381E-02       2.65136E+00       5.93722E-01       6.19836E-01
       2.29087E-01       2.39883E-01       2.34485E-01       1.07960E-02       2.86507E-02       2.65383E+00       6.22283E-01       6.48486E-01
       2.39883E-01       2.51189E-01       2.45536E-01       1.13060E-02       3.00342E-02       2.65648E+00       6.52261E-01       6.78521E-01
       2.51189E-01       2.63027E-01       2.57108E-01       1.18380E-02       3.14939E-02       2.66040E+00       6.84011E-01       7.10015E-01
       2.63027E-01       2.75423E-01       2.69225E-01       1.23960E-02       3.30350E-02       2.66497E+00       7.17477E-01       7.43050E-01
       2.75423E-01       2.88403E-01       2.81913E-01       1.29800E-02       3.46642E-02       2.67058E+00       7.52872E-01       7.77714E-01
       2.88403E-01       3.01995E-01       2.95199E-01       1.35920E-02       3.63888E-02       2.67722E+00       7.90314E-01       8.14102E-01
       3.01995E-01       3.16228E-01       3.09112E-01       1.42330E-02       3.82165E-02       2.68507E+00       8.29985E-01       8.52319E-01
       3.16228E-01       3.31131E-01       3.23680E-01       1.49030E-02       4.01563E-02       2.69451E+00       8.72158E-01       8.92475E-01
       3.31131E-01       3.46737E-01       3.38934E-01       1.56060E-02       4.22188E-02       2.70529E+00       9.16916E-01       9.34694E-01
       3.46737E-01       3.63078E-01       3.54908E-01       1.63410E-02       3.62906E-02       2.22083E+00       7.88189E-01       9.70985E-01
       3.63078E-01       3.80189E-01       3.71633E-01       1.71110E-02       2.09393E-02       1.22373E+00       4.54781E-01       9.91924E-01
       3.80189E-01       3.98107E-01       3.89148E-01       1.79180E-02       7.98724E-03       4.45766E-01       1.73469E-01       9.99911E-01
       3.98107E-01       4.16869E-01       4.07488E-01       1.87620E-02       8.86460E-05       4.72476E-03       1.92528E-03       1.00000E+00

 Sum =                                                                         1.00000E+00
 Renormalization bin#   892 =                                                  2.90086E-04 barn        3.31131E+06        3.46737E+06        3.38934E+06
 Avg. Energy     bin#   892 =                                                  1.85424E-01 MeV         3.31131E+06        3.46737E+06
