"        MT=104 recoil spectrum "
" Initial neutron energy corresponds to the group:"
   1.48000E+01    1.50000E+01       0.00000E+00           235           870           636



          Low               High              Mid              Energy           Number             dn/de            E*dn/de          Cumulative
         Energy            Energy            Energy             Width          Fraction                               Sum   
         [MeV]             [MeV]             [MeV]              [MeV]

       4.78630E-07       5.01187E-07       4.89909E-07       2.25570E-08       0.00000E+00       0.00000E+00       0.00000E+00       0.00000E+00
       5.01187E-07       5.24807E-07       5.12997E-07       2.36200E-08       9.15783E-10       3.87716E-02       1.98897E-08       9.15783E-10
       5.24807E-07       5.50000E-07       5.37403E-07       2.51930E-08       9.76757E-10       3.87709E-02       2.08356E-08       1.89254E-09
       5.50000E-07       5.75000E-07       5.62500E-07       2.50000E-08       9.69236E-10       3.87695E-02       2.18078E-08       2.86178E-09
       5.75000E-07       6.00000E-07       5.87500E-07       2.50000E-08       9.69236E-10       3.87694E-02       2.27770E-08       3.83101E-09
       6.00000E-07       6.25000E-07       6.12500E-07       2.50000E-08       9.69236E-10       3.87695E-02       2.37463E-08       4.80025E-09
       6.25000E-07       6.50000E-07       6.37500E-07       2.50000E-08       9.69236E-10       3.87695E-02       2.47155E-08       5.76948E-09
       6.50000E-07       6.75000E-07       6.62500E-07       2.50000E-08       9.69236E-10       3.87694E-02       2.56847E-08       6.73872E-09
       6.75000E-07       7.00000E-07       6.87500E-07       2.50000E-08       9.69236E-10       3.87695E-02       2.66540E-08       7.70796E-09
       7.00000E-07       7.25000E-07       7.12500E-07       2.50000E-08       9.69236E-10       3.87694E-02       2.76232E-08       8.67719E-09
       7.25000E-07       7.50000E-07       7.37500E-07       2.50000E-08       9.69236E-10       3.87695E-02       2.85925E-08       9.64643E-09
       7.50000E-07       7.75000E-07       7.62500E-07       2.50000E-08       9.69236E-10       3.87695E-02       2.95617E-08       1.06157E-08
       7.75000E-07       8.00000E-07       7.87500E-07       2.50000E-08       9.69236E-10       3.87694E-02       3.05309E-08       1.15849E-08
       8.00000E-07       8.25000E-07       8.12500E-07       2.50000E-08       9.69236E-10       3.87695E-02       3.15002E-08       1.25541E-08
       8.25000E-07       8.50000E-07       8.37500E-07       2.50000E-08       9.69236E-10       3.87694E-02       3.24694E-08       1.35234E-08
       8.50000E-07       8.75000E-07       8.62500E-07       2.50000E-08       9.69236E-10       3.87695E-02       3.34387E-08       1.44926E-08
       8.75000E-07       9.00000E-07       8.87500E-07       2.50000E-08       9.69236E-10       3.87695E-02       3.44079E-08       1.54618E-08
       9.00000E-07       9.25000E-07       9.12500E-07       2.50000E-08       9.69236E-10       3.87694E-02       3.53771E-08       1.64311E-08
       9.25000E-07       9.50000E-07       9.37500E-07       2.50000E-08       9.69236E-10       3.87695E-02       3.63464E-08       1.74003E-08
       9.50000E-07       9.75000E-07       9.62500E-07       2.50000E-08       9.69236E-10       3.87694E-02       3.73155E-08       1.83696E-08
       9.75000E-07       1.00000E-06       9.87500E-07       2.50000E-08       9.69236E-10       3.87695E-02       3.82849E-08       1.93388E-08
       1.00000E-06       1.02500E-06       1.01250E-06       2.50000E-08       9.69236E-10       3.87695E-02       3.92541E-08       2.03080E-08
       1.02500E-06       1.05000E-06       1.03750E-06       2.50000E-08       9.69236E-10       3.87695E-02       4.02233E-08       2.12773E-08
       1.05000E-06       1.07500E-06       1.06250E-06       2.50001E-08       9.69236E-10       3.87693E-02       4.11924E-08       2.22465E-08
       1.07500E-06       1.10000E-06       1.08750E-06       2.50000E-08       9.69236E-10       3.87695E-02       4.21618E-08       2.32157E-08
       1.10000E-06       1.12500E-06       1.11250E-06       2.50000E-08       9.69236E-10       3.87695E-02       4.31311E-08       2.41850E-08
       1.12500E-06       1.15000E-06       1.13750E-06       2.50000E-08       9.69236E-10       3.87695E-02       4.41003E-08       2.51542E-08
       1.15000E-06       1.17500E-06       1.16250E-06       2.50000E-08       9.69236E-10       3.87695E-02       4.50695E-08       2.61234E-08
       1.17500E-06       1.20000E-06       1.18750E-06       2.50001E-08       9.69236E-10       3.87693E-02       4.60385E-08       2.70927E-08
       1.20000E-06       1.22500E-06       1.21250E-06       2.50000E-08       9.69236E-10       3.87695E-02       4.70080E-08       2.80619E-08
       1.22500E-06       1.25000E-06       1.23750E-06       2.50000E-08       9.69236E-10       3.87695E-02       4.79772E-08       2.90311E-08
       1.25000E-06       1.27500E-06       1.26250E-06       2.50000E-08       9.69236E-10       3.87695E-02       4.89465E-08       3.00004E-08
       1.27500E-06       1.30000E-06       1.28750E-06       2.50000E-08       9.69236E-10       3.87695E-02       4.99157E-08       3.09696E-08
       1.30000E-06       1.32500E-06       1.31250E-06       2.50001E-08       9.69236E-10       3.87693E-02       5.08847E-08       3.19389E-08
       1.32500E-06       1.35000E-06       1.33750E-06       2.50000E-08       9.69236E-10       3.87695E-02       5.18542E-08       3.29081E-08
       1.35000E-06       1.37500E-06       1.36250E-06       2.50000E-08       9.69236E-10       3.87695E-02       5.28234E-08       3.38773E-08
       1.37500E-06       1.40000E-06       1.38750E-06       2.50000E-08       9.69236E-10       3.87695E-02       5.37927E-08       3.48466E-08
       1.40000E-06       1.42500E-06       1.41250E-06       2.50000E-08       9.69236E-10       3.87695E-02       5.47619E-08       3.58158E-08
       1.42500E-06       1.45000E-06       1.43750E-06       2.50001E-08       9.69236E-10       3.87693E-02       5.57309E-08       3.67850E-08
       1.45000E-06       1.47500E-06       1.46250E-06       2.50000E-08       9.69236E-10       3.87695E-02       5.67004E-08       3.77543E-08
       1.47500E-06       1.50000E-06       1.48750E-06       2.50000E-08       9.69236E-10       3.87695E-02       5.76696E-08       3.87235E-08
       1.50000E-06       1.52500E-06       1.51250E-06       2.50000E-08       9.69236E-10       3.87695E-02       5.86388E-08       3.96928E-08
       1.52500E-06       1.55000E-06       1.53750E-06       2.50000E-08       9.69236E-10       3.87695E-02       5.96081E-08       4.06620E-08
       1.55000E-06       1.57500E-06       1.56250E-06       2.50001E-08       9.69236E-10       3.87693E-02       6.05770E-08       4.16312E-08
       1.57500E-06       1.60000E-06       1.58750E-06       2.50000E-08       9.69236E-10       3.87695E-02       6.15466E-08       4.26005E-08
       1.60000E-06       1.62500E-06       1.61250E-06       2.50000E-08       9.69236E-10       3.87695E-02       6.25158E-08       4.35697E-08
       1.62500E-06       1.65000E-06       1.63750E-06       2.50000E-08       9.69236E-10       3.87695E-02       6.34850E-08       4.45389E-08
       1.65000E-06       1.67500E-06       1.66250E-06       2.50000E-08       9.69236E-10       3.87695E-02       6.44543E-08       4.55082E-08
       1.67500E-06       1.70000E-06       1.68750E-06       2.50001E-08       9.69236E-10       3.87693E-02       6.54232E-08       4.64774E-08
       1.70000E-06       1.72500E-06       1.71250E-06       2.50000E-08       9.69236E-10       3.87695E-02       6.63927E-08       4.74466E-08
       1.72500E-06       1.75000E-06       1.73750E-06       2.50000E-08       9.69236E-10       3.87695E-02       6.73620E-08       4.84159E-08
       1.75000E-06       1.77500E-06       1.76250E-06       2.50000E-08       9.69236E-10       3.87695E-02       6.83312E-08       4.93851E-08
       1.77500E-06       1.80000E-06       1.78750E-06       2.50000E-08       9.69236E-10       3.87695E-02       6.93004E-08       5.03544E-08
       1.80000E-06       1.82500E-06       1.81250E-06       2.50001E-08       9.69236E-10       3.87693E-02       7.02694E-08       5.13236E-08
       1.82500E-06       1.85000E-06       1.83750E-06       2.50000E-08       9.69236E-10       3.87695E-02       7.12389E-08       5.22928E-08
       1.85000E-06       1.87500E-06       1.86250E-06       2.50000E-08       9.69236E-10       3.87695E-02       7.22082E-08       5.32621E-08
       1.87500E-06       1.90000E-06       1.88750E-06       2.50000E-08       9.69236E-10       3.87695E-02       7.31774E-08       5.42313E-08
       1.90000E-06       1.92500E-06       1.91250E-06       2.50000E-08       9.69236E-10       3.87695E-02       7.41466E-08       5.52005E-08
       1.92500E-06       1.95000E-06       1.93750E-06       2.50001E-08       9.69236E-10       3.87693E-02       7.51155E-08       5.61698E-08
       1.95000E-06       1.97500E-06       1.96250E-06       2.50000E-08       9.69236E-10       3.87695E-02       7.60851E-08       5.71390E-08
       1.97500E-06       2.00000E-06       1.98750E-06       2.50000E-08       9.69236E-10       3.87695E-02       7.70544E-08       5.81083E-08
       2.00000E-06       2.02500E-06       2.01250E-06       2.50001E-08       9.69236E-10       3.87693E-02       7.80232E-08       5.90775E-08
       2.02500E-06       2.05000E-06       2.03750E-06       2.49999E-08       9.69236E-10       3.87697E-02       7.89932E-08       6.00467E-08
       2.05000E-06       2.07500E-06       2.06250E-06       2.50001E-08       9.69236E-10       3.87693E-02       7.99617E-08       6.10160E-08
       2.07500E-06       2.10000E-06       2.08750E-06       2.49999E-08       9.69236E-10       3.87697E-02       8.09317E-08       6.19852E-08
       2.10000E-06       2.12500E-06       2.11250E-06       2.50001E-08       9.69236E-10       3.87693E-02       8.19001E-08       6.29544E-08
       2.12500E-06       2.15000E-06       2.13750E-06       2.50001E-08       9.69236E-10       3.87693E-02       8.28694E-08       6.39237E-08
       2.15000E-06       2.17500E-06       2.16250E-06       2.49999E-08       9.69236E-10       3.87697E-02       8.38394E-08       6.48929E-08
       2.17500E-06       2.20000E-06       2.18750E-06       2.50001E-08       9.69236E-10       3.87693E-02       8.48078E-08       6.58622E-08
       2.20000E-06       2.22500E-06       2.21250E-06       2.49999E-08       9.69236E-10       3.87697E-02       8.57779E-08       6.68314E-08
       2.22500E-06       2.25000E-06       2.23750E-06       2.50001E-08       9.69236E-10       3.87693E-02       8.67463E-08       6.78006E-08
       2.25000E-06       2.27500E-06       2.26250E-06       2.50001E-08       9.69236E-10       3.87693E-02       8.77155E-08       6.87699E-08
       2.27500E-06       2.30000E-06       2.28750E-06       2.49999E-08       9.69236E-10       3.87697E-02       8.86856E-08       6.97391E-08
       2.30000E-06       2.32500E-06       2.31250E-06       2.50001E-08       9.69236E-10       3.87693E-02       8.96540E-08       7.07083E-08
       2.32500E-06       2.35000E-06       2.33750E-06       2.49999E-08       9.69236E-10       3.87697E-02       9.06241E-08       7.16776E-08
       2.35000E-06       2.37500E-06       2.36250E-06       2.50001E-08       9.69236E-10       3.87693E-02       9.15925E-08       7.26468E-08
       2.37500E-06       2.40000E-06       2.38750E-06       2.50001E-08       9.69236E-10       3.87693E-02       9.25617E-08       7.36161E-08
       2.40000E-06       2.42500E-06       2.41250E-06       2.49999E-08       9.69236E-10       3.87697E-02       9.35318E-08       7.45853E-08
       2.42500E-06       2.45000E-06       2.43750E-06       2.50001E-08       9.69236E-10       3.87693E-02       9.45002E-08       7.55545E-08
       2.45000E-06       2.47500E-06       2.46250E-06       2.49999E-08       9.69236E-10       3.87697E-02       9.54703E-08       7.65238E-08
       2.47500E-06       2.50000E-06       2.48750E-06       2.50001E-08       9.69236E-10       3.87693E-02       9.64386E-08       7.74930E-08
       2.50000E-06       2.52500E-06       2.51250E-06       2.50001E-08       9.69236E-10       3.87693E-02       9.74079E-08       7.84622E-08
       2.52500E-06       2.55000E-06       2.53750E-06       2.49999E-08       9.69236E-10       3.87697E-02       9.83780E-08       7.94315E-08
       2.55000E-06       2.57500E-06       2.56250E-06       2.50001E-08       9.69236E-10       3.87693E-02       9.93463E-08       8.04007E-08
       2.57500E-06       2.60000E-06       2.58750E-06       2.49999E-08       9.69236E-10       3.87697E-02       1.00317E-07       8.13699E-08
       2.60000E-06       2.62500E-06       2.61250E-06       2.50001E-08       9.69236E-10       3.87693E-02       1.01285E-07       8.23392E-08
       2.62500E-06       2.65000E-06       2.63750E-06       2.50001E-08       9.69236E-10       3.87693E-02       1.02254E-07       8.33084E-08
       2.65000E-06       2.67500E-06       2.66250E-06       2.49999E-08       9.69236E-10       3.87697E-02       1.03224E-07       8.42777E-08
       2.67500E-06       2.70000E-06       2.68750E-06       2.50001E-08       9.69236E-10       3.87693E-02       1.04192E-07       8.52469E-08
       2.70000E-06       2.72500E-06       2.71250E-06       2.49999E-08       9.69236E-10       3.87697E-02       1.05163E-07       8.62161E-08
       2.72500E-06       2.75000E-06       2.73750E-06       2.50001E-08       9.69236E-10       3.87693E-02       1.06131E-07       8.71854E-08
       2.75000E-06       2.77500E-06       2.76250E-06       2.50001E-08       9.69236E-10       3.87693E-02       1.07100E-07       8.81546E-08
       2.77500E-06       2.80000E-06       2.78750E-06       2.49999E-08       9.69236E-10       3.87697E-02       1.08070E-07       8.91238E-08
       2.80000E-06       2.82500E-06       2.81250E-06       2.50001E-08       9.69236E-10       3.87693E-02       1.09039E-07       9.00931E-08
       2.82500E-06       2.85000E-06       2.83750E-06       2.49999E-08       9.69236E-10       3.87697E-02       1.10009E-07       9.10623E-08
       2.85000E-06       2.87500E-06       2.86250E-06       2.50001E-08       9.69236E-10       3.87693E-02       1.10977E-07       9.20316E-08
       2.87500E-06       2.90000E-06       2.88750E-06       2.50001E-08       9.69236E-10       3.87693E-02       1.11946E-07       9.30008E-08
       2.90000E-06       2.92500E-06       2.91250E-06       2.49999E-08       9.69236E-10       3.87697E-02       1.12917E-07       9.39700E-08
       2.92500E-06       2.95000E-06       2.93750E-06       2.50001E-08       9.69236E-10       3.87693E-02       1.13885E-07       9.49393E-08
       2.95000E-06       2.97500E-06       2.96250E-06       2.49999E-08       9.69236E-10       3.87697E-02       1.14855E-07       9.59085E-08
       2.97500E-06       3.00000E-06       2.98750E-06       2.50001E-08       9.69236E-10       3.87693E-02       1.15823E-07       9.68777E-08
       3.00000E-06       3.02500E-06       3.01250E-06       2.50001E-08       9.69236E-10       3.87693E-02       1.16793E-07       9.78470E-08
       3.02500E-06       3.05000E-06       3.03750E-06       2.49999E-08       9.69236E-10       3.87697E-02       1.17763E-07       9.88162E-08
       3.05000E-06       3.07500E-06       3.06250E-06       2.50001E-08       9.69236E-10       3.87693E-02       1.18731E-07       9.97855E-08
       3.07500E-06       3.10000E-06       3.08750E-06       2.49999E-08       9.69236E-10       3.87697E-02       1.19701E-07       1.00755E-07
       3.10000E-06       3.12500E-06       3.11250E-06       2.50001E-08       9.69236E-10       3.87693E-02       1.20669E-07       1.01724E-07
       3.12500E-06       3.15000E-06       3.13750E-06       2.50001E-08       9.69236E-10       3.87693E-02       1.21639E-07       1.02693E-07
       3.15000E-06       3.17500E-06       3.16250E-06       2.49999E-08       9.69236E-10       3.87697E-02       1.22609E-07       1.03662E-07
       3.17500E-06       3.20000E-06       3.18750E-06       2.50001E-08       9.69236E-10       3.87693E-02       1.23577E-07       1.04632E-07
       3.20000E-06       3.22500E-06       3.21250E-06       2.49999E-08       9.69236E-10       3.87697E-02       1.24548E-07       1.05601E-07
       3.22500E-06       3.25000E-06       3.23750E-06       2.50001E-08       9.69236E-10       3.87693E-02       1.25516E-07       1.06570E-07
       3.25000E-06       3.27500E-06       3.26250E-06       2.50001E-08       9.69236E-10       3.87693E-02       1.26485E-07       1.07539E-07
       3.27500E-06       3.30000E-06       3.28750E-06       2.49999E-08       9.69236E-10       3.87697E-02       1.27455E-07       1.08509E-07
       3.30000E-06       3.32500E-06       3.31250E-06       2.50001E-08       9.69236E-10       3.87693E-02       1.28423E-07       1.09478E-07
       3.32500E-06       3.35000E-06       3.33750E-06       2.49999E-08       9.69236E-10       3.87697E-02       1.29394E-07       1.10447E-07
       3.35000E-06       3.37500E-06       3.36250E-06       2.50001E-08       9.69236E-10       3.87693E-02       1.30362E-07       1.11416E-07
       3.37500E-06       3.40000E-06       3.38750E-06       2.50001E-08       9.69236E-10       3.87693E-02       1.31331E-07       1.12386E-07
       3.40000E-06       3.42500E-06       3.41250E-06       2.49999E-08       9.69236E-10       3.87697E-02       1.32301E-07       1.13355E-07
       3.42500E-06       3.45000E-06       3.43750E-06       2.50001E-08       9.69236E-10       3.87693E-02       1.33269E-07       1.14324E-07
       3.45000E-06       3.47500E-06       3.46250E-06       2.49999E-08       9.69236E-10       3.87697E-02       1.34240E-07       1.15293E-07
       3.47500E-06       3.50000E-06       3.48750E-06       2.50001E-08       9.69236E-10       3.87693E-02       1.35208E-07       1.16262E-07
       3.50000E-06       3.52500E-06       3.51250E-06       2.50001E-08       9.69236E-10       3.87693E-02       1.36177E-07       1.17232E-07
       3.52500E-06       3.55000E-06       3.53750E-06       2.49999E-08       9.69236E-10       3.87697E-02       1.37148E-07       1.18201E-07
       3.55000E-06       3.57500E-06       3.56250E-06       2.50001E-08       9.69236E-10       3.87693E-02       1.38116E-07       1.19170E-07
       3.57500E-06       3.60000E-06       3.58750E-06       2.49999E-08       9.69236E-10       3.87697E-02       1.39086E-07       1.20139E-07
       3.60000E-06       3.62500E-06       3.61250E-06       2.50001E-08       9.69236E-10       3.87693E-02       1.40054E-07       1.21109E-07
       3.62500E-06       3.65000E-06       3.63750E-06       2.50001E-08       9.69236E-10       3.87693E-02       1.41023E-07       1.22078E-07
       3.65000E-06       3.67500E-06       3.66250E-06       2.49999E-08       9.69236E-10       3.87697E-02       1.41994E-07       1.23047E-07
       3.67500E-06       3.70000E-06       3.68750E-06       2.50001E-08       9.69236E-10       3.87693E-02       1.42962E-07       1.24016E-07
       3.70000E-06       3.72500E-06       3.71250E-06       2.49999E-08       9.69236E-10       3.87697E-02       1.43932E-07       1.24986E-07
       3.72500E-06       3.75000E-06       3.73750E-06       2.50001E-08       9.69236E-10       3.87693E-02       1.44900E-07       1.25955E-07
       3.75000E-06       3.77500E-06       3.76250E-06       2.50001E-08       9.69236E-10       3.87693E-02       1.45869E-07       1.26924E-07
       3.77500E-06       3.80000E-06       3.78750E-06       2.49999E-08       9.69236E-10       3.87697E-02       1.46840E-07       1.27893E-07
       3.80000E-06       3.82500E-06       3.81250E-06       2.50001E-08       9.69236E-10       3.87693E-02       1.47808E-07       1.28863E-07
       3.82500E-06       3.85000E-06       3.83750E-06       2.49999E-08       9.69236E-10       3.87697E-02       1.48779E-07       1.29832E-07
       3.85000E-06       3.87500E-06       3.86250E-06       2.50001E-08       9.69236E-10       3.87693E-02       1.49746E-07       1.30801E-07
       3.87500E-06       3.90000E-06       3.88750E-06       2.50001E-08       9.69236E-10       3.87693E-02       1.50716E-07       1.31770E-07
       3.90000E-06       3.92500E-06       3.91250E-06       2.49999E-08       9.69236E-10       3.87697E-02       1.51686E-07       1.32740E-07
       3.92500E-06       3.95000E-06       3.93750E-06       2.50001E-08       9.69236E-10       3.87693E-02       1.52654E-07       1.33709E-07
       3.95000E-06       3.97500E-06       3.96250E-06       2.49999E-08       9.69236E-10       3.87697E-02       1.53625E-07       1.34678E-07
       3.97500E-06       4.00000E-06       3.98750E-06       2.50001E-08       9.69236E-10       3.87693E-02       1.54593E-07       1.35647E-07
       4.00000E-06       4.02500E-06       4.01250E-06       2.50001E-08       9.69236E-10       3.87693E-02       1.55562E-07       1.36616E-07
       4.02500E-06       4.05000E-06       4.03750E-06       2.50001E-08       9.69236E-10       3.87693E-02       1.56531E-07       1.37586E-07
       4.05000E-06       4.07500E-06       4.06250E-06       2.49996E-08       9.69236E-10       3.87700E-02       1.57503E-07       1.38555E-07
       4.07500E-06       4.10000E-06       4.08750E-06       2.50001E-08       9.69236E-10       3.87693E-02       1.58469E-07       1.39524E-07
       4.10000E-06       4.12500E-06       4.11250E-06       2.50001E-08       9.69236E-10       3.87693E-02       1.59439E-07       1.40493E-07
       4.12500E-06       4.15000E-06       4.13750E-06       2.50001E-08       9.69236E-10       3.87693E-02       1.60408E-07       1.41463E-07
       4.15000E-06       4.17500E-06       4.16250E-06       2.50001E-08       9.69236E-10       3.87693E-02       1.61377E-07       1.42432E-07
       4.17500E-06       4.20000E-06       4.18750E-06       2.49996E-08       9.69236E-10       3.87700E-02       1.62350E-07       1.43401E-07
       4.20000E-06       4.22500E-06       4.21250E-06       2.50001E-08       9.69236E-10       3.87693E-02       1.63316E-07       1.44370E-07
       4.22500E-06       4.25000E-06       4.23750E-06       2.50001E-08       9.69236E-10       3.87693E-02       1.64285E-07       1.45340E-07
       4.25000E-06       4.27500E-06       4.26250E-06       2.50001E-08       9.69236E-10       3.87693E-02       1.65254E-07       1.46309E-07
       4.27500E-06       4.30000E-06       4.28750E-06       2.50001E-08       9.69236E-10       3.87693E-02       1.66223E-07       1.47278E-07
       4.30000E-06       4.32500E-06       4.31250E-06       2.49996E-08       9.69236E-10       3.87700E-02       1.67196E-07       1.48247E-07
       4.32500E-06       4.35000E-06       4.33750E-06       2.50001E-08       9.69236E-10       3.87693E-02       1.68162E-07       1.49217E-07
       4.35000E-06       4.37500E-06       4.36250E-06       2.50001E-08       9.69236E-10       3.87693E-02       1.69131E-07       1.50186E-07
       4.37500E-06       4.40000E-06       4.38750E-06       2.50001E-08       9.69236E-10       3.87693E-02       1.70100E-07       1.51155E-07
       4.40000E-06       4.42500E-06       4.41250E-06       2.50001E-08       9.69236E-10       3.87693E-02       1.71070E-07       1.52124E-07
       4.42500E-06       4.45000E-06       4.43750E-06       2.49996E-08       9.69236E-10       3.87700E-02       1.72042E-07       1.53093E-07
       4.45000E-06       4.47500E-06       4.46250E-06       2.50001E-08       9.69236E-10       3.87693E-02       1.73008E-07       1.54063E-07
       4.47500E-06       4.50000E-06       4.48750E-06       2.50001E-08       9.69236E-10       3.87693E-02       1.73977E-07       1.55032E-07
       4.50000E-06       4.52500E-06       4.51250E-06       2.50001E-08       9.69236E-10       3.87693E-02       1.74946E-07       1.56001E-07
       4.52500E-06       4.55000E-06       4.53750E-06       2.50001E-08       9.69236E-10       3.87693E-02       1.75916E-07       1.56970E-07
       4.55000E-06       4.57500E-06       4.56250E-06       2.49996E-08       9.69236E-10       3.87700E-02       1.76888E-07       1.57940E-07
       4.57500E-06       4.60000E-06       4.58750E-06       2.50001E-08       9.69236E-10       3.87693E-02       1.77854E-07       1.58909E-07
       4.60000E-06       4.62500E-06       4.61250E-06       2.50001E-08       9.69236E-10       3.87693E-02       1.78823E-07       1.59878E-07
       4.62500E-06       4.65000E-06       4.63750E-06       2.50001E-08       9.69236E-10       3.87693E-02       1.79793E-07       1.60847E-07
       4.65000E-06       4.67500E-06       4.66250E-06       2.50001E-08       9.69236E-10       3.87693E-02       1.80762E-07       1.61817E-07
       4.67500E-06       4.70000E-06       4.68750E-06       2.49996E-08       9.69236E-10       3.87700E-02       1.81735E-07       1.62786E-07
       4.70000E-06       4.72500E-06       4.71250E-06       2.50001E-08       9.69236E-10       3.87693E-02       1.82700E-07       1.63755E-07
       4.72500E-06       4.75000E-06       4.73750E-06       2.50001E-08       9.69236E-10       3.87693E-02       1.83670E-07       1.64724E-07
       4.75000E-06       4.77500E-06       4.76250E-06       2.50001E-08       9.69236E-10       3.87693E-02       1.84639E-07       1.65694E-07
       4.77500E-06       4.80000E-06       4.78750E-06       2.50001E-08       9.69236E-10       3.87693E-02       1.85608E-07       1.66663E-07
       4.80000E-06       4.82500E-06       4.81250E-06       2.49996E-08       9.69236E-10       3.87700E-02       1.86581E-07       1.67632E-07
       4.82500E-06       4.85000E-06       4.83750E-06       2.50001E-08       9.69236E-10       3.87693E-02       1.87546E-07       1.68601E-07
       4.85000E-06       4.87500E-06       4.86250E-06       2.50001E-08       9.69236E-10       3.87693E-02       1.88516E-07       1.69571E-07
       4.87500E-06       4.90000E-06       4.88750E-06       2.50001E-08       9.69236E-10       3.87693E-02       1.89485E-07       1.70540E-07
       4.90000E-06       4.92500E-06       4.91250E-06       2.50001E-08       9.69236E-10       3.87693E-02       1.90454E-07       1.71509E-07
       4.92500E-06       4.95000E-06       4.93750E-06       2.49996E-08       9.69236E-10       3.87700E-02       1.91427E-07       1.72478E-07
       4.95000E-06       4.97500E-06       4.96250E-06       2.50001E-08       9.69236E-10       3.87693E-02       1.92393E-07       1.73447E-07
       4.97500E-06       5.00000E-06       4.98750E-06       2.50001E-08       9.69236E-10       3.87693E-02       1.93362E-07       1.74417E-07
       5.00000E-06       5.02500E-06       5.01250E-06       2.50001E-08       9.69236E-10       3.87693E-02       1.94331E-07       1.75386E-07
       5.02500E-06       5.05000E-06       5.03750E-06       2.50001E-08       9.69236E-10       3.87693E-02       1.95300E-07       1.76355E-07
       5.05000E-06       5.07500E-06       5.06250E-06       2.49996E-08       9.69236E-10       3.87700E-02       1.96273E-07       1.77324E-07
       5.07500E-06       5.10000E-06       5.08750E-06       2.50001E-08       9.69236E-10       3.87693E-02       1.97239E-07       1.78294E-07
       5.10000E-06       5.12500E-06       5.11250E-06       2.50001E-08       9.69236E-10       3.87693E-02       1.98208E-07       1.79263E-07
       5.12500E-06       5.15000E-06       5.13750E-06       2.50001E-08       9.69236E-10       3.87693E-02       1.99177E-07       1.80232E-07
       5.15000E-06       5.17500E-06       5.16250E-06       2.50001E-08       9.69236E-10       3.87693E-02       2.00147E-07       1.81201E-07
       5.17500E-06       5.20000E-06       5.18750E-06       2.49996E-08       9.69236E-10       3.87700E-02       2.01120E-07       1.82171E-07
       5.20000E-06       5.22500E-06       5.21250E-06       2.50001E-08       9.69236E-10       3.87693E-02       2.02085E-07       1.83140E-07
       5.22500E-06       5.25000E-06       5.23750E-06       2.50001E-08       9.69236E-10       3.87693E-02       2.03054E-07       1.84109E-07
       5.25000E-06       5.27500E-06       5.26250E-06       2.50001E-08       9.69236E-10       3.87693E-02       2.04023E-07       1.85078E-07
       5.27500E-06       5.30000E-06       5.28750E-06       2.50001E-08       9.69236E-10       3.87693E-02       2.04993E-07       1.86048E-07
       5.30000E-06       5.32500E-06       5.31250E-06       2.49996E-08       9.69236E-10       3.87700E-02       2.05966E-07       1.87017E-07
       5.32500E-06       5.35000E-06       5.33750E-06       2.50001E-08       9.69236E-10       3.87693E-02       2.06931E-07       1.87986E-07
       5.35000E-06       5.37500E-06       5.36250E-06       2.50001E-08       9.69236E-10       3.87693E-02       2.07900E-07       1.88955E-07
       5.37500E-06       5.40000E-06       5.38750E-06       2.50001E-08       9.69236E-10       3.87693E-02       2.08870E-07       1.89925E-07
       5.40000E-06       5.42500E-06       5.41250E-06       2.50001E-08       9.69236E-10       3.87693E-02       2.09839E-07       1.90894E-07
       5.42500E-06       5.45000E-06       5.43750E-06       2.49996E-08       9.69236E-10       3.87700E-02       2.10812E-07       1.91863E-07
       5.45000E-06       5.47500E-06       5.46250E-06       2.50001E-08       9.69236E-10       3.87693E-02       2.11777E-07       1.92832E-07
       5.47500E-06       5.50000E-06       5.48750E-06       2.50001E-08       9.69236E-10       3.87693E-02       2.12747E-07       1.93801E-07
       5.50000E-06       5.52500E-06       5.51250E-06       2.50001E-08       9.69236E-10       3.87693E-02       2.13716E-07       1.94771E-07
       5.52500E-06       5.55000E-06       5.53750E-06       2.50001E-08       9.69236E-10       3.87693E-02       2.14685E-07       1.95740E-07
       5.55000E-06       5.57500E-06       5.56250E-06       2.49996E-08       9.69236E-10       3.87700E-02       2.15658E-07       1.96709E-07
       5.57500E-06       5.60000E-06       5.58750E-06       2.50001E-08       9.69236E-10       3.87693E-02       2.16623E-07       1.97678E-07
       5.60000E-06       5.62500E-06       5.61250E-06       2.50001E-08       9.69236E-10       3.87693E-02       2.17593E-07       1.98648E-07
       5.62500E-06       5.65000E-06       5.63750E-06       2.50001E-08       9.69236E-10       3.87693E-02       2.18562E-07       1.99617E-07
       5.65000E-06       5.67500E-06       5.66250E-06       2.50001E-08       9.69236E-10       3.87693E-02       2.19531E-07       2.00586E-07
       5.67500E-06       5.70000E-06       5.68750E-06       2.49996E-08       9.69236E-10       3.87700E-02       2.20505E-07       2.01555E-07
       5.70000E-06       5.72500E-06       5.71250E-06       2.50001E-08       9.69236E-10       3.87693E-02       2.21470E-07       2.02525E-07
       5.72500E-06       5.75000E-06       5.73750E-06       2.50001E-08       9.69236E-10       3.87693E-02       2.22439E-07       2.03494E-07
       5.75000E-06       5.77500E-06       5.76250E-06       2.50001E-08       9.69236E-10       3.87693E-02       2.23408E-07       2.04463E-07
       5.77500E-06       5.80000E-06       5.78750E-06       2.50001E-08       9.69236E-10       3.87693E-02       2.24377E-07       2.05432E-07
       5.80000E-06       5.82500E-06       5.81250E-06       2.49996E-08       9.69236E-10       3.87700E-02       2.25351E-07       2.06402E-07
       5.82500E-06       5.85000E-06       5.83750E-06       2.50001E-08       9.69236E-10       3.87693E-02       2.26316E-07       2.07371E-07
       5.85000E-06       5.87500E-06       5.86250E-06       2.50001E-08       9.69236E-10       3.87693E-02       2.27285E-07       2.08340E-07
       5.87500E-06       5.90000E-06       5.88750E-06       2.50001E-08       9.69236E-10       3.87693E-02       2.28254E-07       2.09309E-07
       5.90000E-06       5.92500E-06       5.91250E-06       2.50001E-08       9.69236E-10       3.87693E-02       2.29223E-07       2.10278E-07
       5.92500E-06       5.95000E-06       5.93750E-06       2.49996E-08       9.69236E-10       3.87700E-02       2.30197E-07       2.11248E-07
       5.95000E-06       5.97500E-06       5.96250E-06       2.50001E-08       9.69236E-10       3.87693E-02       2.31162E-07       2.12217E-07
       5.97500E-06       6.00000E-06       5.98750E-06       2.50001E-08       9.69236E-10       3.87693E-02       2.32131E-07       2.13186E-07
       6.00000E-06       6.02500E-06       6.01250E-06       2.50001E-08       9.69236E-10       3.87693E-02       2.33100E-07       2.14155E-07
       6.02500E-06       6.05000E-06       6.03750E-06       2.50001E-08       9.69236E-10       3.87693E-02       2.34070E-07       2.15125E-07
       6.05000E-06       6.07500E-06       6.06250E-06       2.49996E-08       9.69236E-10       3.87700E-02       2.35043E-07       2.16094E-07
       6.07500E-06       6.10000E-06       6.08750E-06       2.50001E-08       9.69236E-10       3.87693E-02       2.36008E-07       2.17063E-07
       6.10000E-06       6.12500E-06       6.11250E-06       2.50001E-08       9.69236E-10       3.87693E-02       2.36977E-07       2.18032E-07
       6.12500E-06       6.15000E-06       6.13750E-06       2.50001E-08       9.69236E-10       3.87693E-02       2.37947E-07       2.19002E-07
       6.15000E-06       6.17500E-06       6.16250E-06       2.50001E-08       9.69236E-10       3.87693E-02       2.38916E-07       2.19971E-07
       6.17500E-06       6.20000E-06       6.18750E-06       2.49996E-08       9.69236E-10       3.87700E-02       2.39890E-07       2.20940E-07
       6.20000E-06       6.22500E-06       6.21250E-06       2.50001E-08       9.69236E-10       3.87693E-02       2.40854E-07       2.21909E-07
       6.22500E-06       6.25000E-06       6.23750E-06       2.50001E-08       9.69236E-10       3.87693E-02       2.41823E-07       2.22879E-07
       6.25000E-06       6.27500E-06       6.26250E-06       2.50001E-08       9.69236E-10       3.87693E-02       2.42793E-07       2.23848E-07
       6.27500E-06       6.30000E-06       6.28750E-06       2.50001E-08       9.69236E-10       3.87693E-02       2.43762E-07       2.24817E-07
       6.30000E-06       6.32500E-06       6.31250E-06       2.49996E-08       9.69236E-10       3.87700E-02       2.44736E-07       2.25786E-07
       6.32500E-06       6.35000E-06       6.33750E-06       2.50001E-08       9.69236E-10       3.87693E-02       2.45700E-07       2.26756E-07
       6.35000E-06       6.37500E-06       6.36250E-06       2.50001E-08       9.69236E-10       3.87693E-02       2.46670E-07       2.27725E-07
       6.37500E-06       6.40000E-06       6.38750E-06       2.50001E-08       9.69236E-10       3.87693E-02       2.47639E-07       2.28694E-07
       6.40000E-06       6.42500E-06       6.41250E-06       2.50001E-08       9.69236E-10       3.87693E-02       2.48608E-07       2.29663E-07
       6.42500E-06       6.45000E-06       6.43750E-06       2.49996E-08       9.69236E-10       3.87700E-02       2.49582E-07       2.30632E-07
       6.45000E-06       6.47500E-06       6.46250E-06       2.50001E-08       9.69236E-10       3.87693E-02       2.50547E-07       2.31602E-07
       6.47500E-06       6.50000E-06       6.48750E-06       2.50001E-08       9.69236E-10       3.87693E-02       2.51516E-07       2.32571E-07
       6.50000E-06       6.52500E-06       6.51250E-06       2.50001E-08       9.69236E-10       3.87693E-02       2.52485E-07       2.33540E-07
       6.52500E-06       6.55000E-06       6.53750E-06       2.50001E-08       9.69236E-10       3.87693E-02       2.53454E-07       2.34509E-07
       6.55000E-06       6.57500E-06       6.56250E-06       2.49996E-08       9.69236E-10       3.87700E-02       2.54428E-07       2.35479E-07
       6.57500E-06       6.60000E-06       6.58750E-06       2.50001E-08       9.69236E-10       3.87693E-02       2.55393E-07       2.36448E-07
       6.60000E-06       6.62500E-06       6.61250E-06       2.50001E-08       9.69236E-10       3.87693E-02       2.56362E-07       2.37417E-07
       6.62500E-06       6.65000E-06       6.63750E-06       2.50001E-08       9.69236E-10       3.87693E-02       2.57331E-07       2.38386E-07
       6.65000E-06       6.67500E-06       6.66250E-06       2.50001E-08       9.69236E-10       3.87693E-02       2.58300E-07       2.39356E-07
       6.67500E-06       6.70000E-06       6.68750E-06       2.49996E-08       9.69236E-10       3.87700E-02       2.59275E-07       2.40325E-07
       6.70000E-06       6.72500E-06       6.71250E-06       2.50001E-08       9.69236E-10       3.87693E-02       2.60239E-07       2.41294E-07
       6.72500E-06       6.75000E-06       6.73750E-06       2.50001E-08       9.69236E-10       3.87693E-02       2.61208E-07       2.42263E-07
       6.75000E-06       6.77500E-06       6.76250E-06       2.50001E-08       9.69236E-10       3.87693E-02       2.62177E-07       2.43233E-07
       6.77500E-06       6.80000E-06       6.78750E-06       2.50001E-08       9.69236E-10       3.87693E-02       2.63147E-07       2.44202E-07
       6.80000E-06       6.82500E-06       6.81250E-06       2.49996E-08       9.69236E-10       3.87700E-02       2.64121E-07       2.45171E-07
       6.82500E-06       6.85000E-06       6.83750E-06       2.50001E-08       9.69236E-10       3.87693E-02       2.65085E-07       2.46140E-07
       6.85000E-06       6.87500E-06       6.86250E-06       2.50001E-08       9.69236E-10       3.87693E-02       2.66054E-07       2.47109E-07
       6.87500E-06       6.90000E-06       6.88750E-06       2.50001E-08       9.69236E-10       3.87693E-02       2.67024E-07       2.48079E-07
       6.90000E-06       6.92500E-06       6.91250E-06       2.50001E-08       9.69236E-10       3.87693E-02       2.67993E-07       2.49048E-07
       6.92500E-06       6.95000E-06       6.93750E-06       2.49996E-08       9.69236E-10       3.87700E-02       2.68967E-07       2.50017E-07
       6.95000E-06       6.97500E-06       6.96250E-06       2.50001E-08       9.69236E-10       3.87693E-02       2.69931E-07       2.50986E-07
       6.97500E-06       7.00000E-06       6.98750E-06       2.50001E-08       9.69236E-10       3.87693E-02       2.70900E-07       2.51956E-07
       7.00000E-06       7.02500E-06       7.01250E-06       2.50001E-08       9.69236E-10       3.87693E-02       2.71870E-07       2.52925E-07
       7.02500E-06       7.05000E-06       7.03750E-06       2.50001E-08       9.69236E-10       3.87693E-02       2.72839E-07       2.53894E-07
       7.05000E-06       7.07500E-06       7.06250E-06       2.49996E-08       9.69236E-10       3.87700E-02       2.73813E-07       2.54863E-07
       7.07500E-06       7.10000E-06       7.08750E-06       2.50001E-08       9.69236E-10       3.87693E-02       2.74777E-07       2.55833E-07
       7.10000E-06       7.12500E-06       7.11250E-06       2.50001E-08       9.69236E-10       3.87693E-02       2.75747E-07       2.56802E-07
       7.12500E-06       7.15000E-06       7.13750E-06       2.50001E-08       9.69236E-10       3.87693E-02       2.76716E-07       2.57771E-07
       7.15000E-06       7.17500E-06       7.16250E-06       2.50001E-08       9.69236E-10       3.87693E-02       2.77685E-07       2.58740E-07
       7.17500E-06       7.20000E-06       7.18750E-06       2.49996E-08       9.69236E-10       3.87700E-02       2.78660E-07       2.59710E-07
       7.20000E-06       7.22500E-06       7.21250E-06       2.50001E-08       9.69236E-10       3.87693E-02       2.79624E-07       2.60679E-07
       7.22500E-06       7.25000E-06       7.23750E-06       2.50001E-08       9.69236E-10       3.87693E-02       2.80593E-07       2.61648E-07
       7.25000E-06       7.27500E-06       7.26250E-06       2.50001E-08       9.69236E-10       3.87693E-02       2.81562E-07       2.62617E-07
       7.27500E-06       7.30000E-06       7.28750E-06       2.50001E-08       9.69236E-10       3.87693E-02       2.82531E-07       2.63587E-07
       7.30000E-06       7.32500E-06       7.31250E-06       2.49996E-08       9.69236E-10       3.87700E-02       2.83506E-07       2.64556E-07
       7.32500E-06       7.35000E-06       7.33750E-06       2.50001E-08       9.69236E-10       3.87693E-02       2.84470E-07       2.65525E-07
       7.35000E-06       7.37500E-06       7.36250E-06       2.50001E-08       9.69236E-10       3.87693E-02       2.85439E-07       2.66494E-07
       7.37500E-06       7.40000E-06       7.38750E-06       2.50001E-08       9.69236E-10       3.87693E-02       2.86408E-07       2.67463E-07
       7.40000E-06       7.42500E-06       7.41250E-06       2.50001E-08       9.69236E-10       3.87693E-02       2.87377E-07       2.68433E-07
       7.42500E-06       7.45000E-06       7.43750E-06       2.49996E-08       9.69236E-10       3.87700E-02       2.88352E-07       2.69402E-07
       7.45000E-06       7.47500E-06       7.46250E-06       2.50001E-08       9.69236E-10       3.87693E-02       2.89316E-07       2.70371E-07
       7.47500E-06       7.50000E-06       7.48750E-06       2.50001E-08       9.69236E-10       3.87693E-02       2.90285E-07       2.71340E-07
       7.50000E-06       7.52500E-06       7.51250E-06       2.50001E-08       9.69236E-10       3.87693E-02       2.91254E-07       2.72310E-07
       7.52500E-06       7.55000E-06       7.53750E-06       2.50001E-08       9.69236E-10       3.87693E-02       2.92224E-07       2.73279E-07
       7.55000E-06       7.57500E-06       7.56250E-06       2.49996E-08       9.69236E-10       3.87700E-02       2.93198E-07       2.74248E-07
       7.57500E-06       7.60000E-06       7.58750E-06       2.50001E-08       9.69236E-10       3.87693E-02       2.94162E-07       2.75217E-07
       7.60000E-06       7.62500E-06       7.61250E-06       2.50001E-08       9.69236E-10       3.87693E-02       2.95131E-07       2.76187E-07
       7.62500E-06       7.65000E-06       7.63750E-06       2.50001E-08       9.69236E-10       3.87693E-02       2.96100E-07       2.77156E-07
       7.65000E-06       7.67500E-06       7.66250E-06       2.50001E-08       9.69236E-10       3.87693E-02       2.97070E-07       2.78125E-07
       7.67500E-06       7.70000E-06       7.68750E-06       2.49996E-08       9.69236E-10       3.87700E-02       2.98045E-07       2.79094E-07
       7.70000E-06       7.72500E-06       7.71250E-06       2.50001E-08       9.69236E-10       3.87693E-02       2.99008E-07       2.80064E-07
       7.72500E-06       7.75000E-06       7.73750E-06       2.50001E-08       9.69236E-10       3.87693E-02       2.99977E-07       2.81033E-07
       7.75000E-06       7.77500E-06       7.76250E-06       2.50001E-08       9.69236E-10       3.87693E-02       3.00947E-07       2.82002E-07
       7.77500E-06       7.80000E-06       7.78750E-06       2.50001E-08       9.69236E-10       3.87693E-02       3.01916E-07       2.82971E-07
       7.80000E-06       7.82500E-06       7.81250E-06       2.49996E-08       9.69236E-10       3.87700E-02       3.02891E-07       2.83940E-07
       7.82500E-06       7.85000E-06       7.83750E-06       2.50001E-08       9.69236E-10       3.87693E-02       3.03854E-07       2.84910E-07
       7.85000E-06       7.87500E-06       7.86250E-06       2.50001E-08       9.69236E-10       3.87693E-02       3.04824E-07       2.85879E-07
       7.87500E-06       7.90000E-06       7.88750E-06       2.50001E-08       9.69236E-10       3.87693E-02       3.05793E-07       2.86848E-07
       7.90000E-06       7.92500E-06       7.91250E-06       2.50001E-08       9.69236E-10       3.87693E-02       3.06762E-07       2.87817E-07
       7.92500E-06       7.95000E-06       7.93750E-06       2.49996E-08       9.69236E-10       3.87700E-02       3.07737E-07       2.88787E-07
       7.95000E-06       7.97500E-06       7.96250E-06       2.50001E-08       9.69236E-10       3.87693E-02       3.08701E-07       2.89756E-07
       7.97500E-06       8.00000E-06       7.98750E-06       2.50001E-08       9.69236E-10       3.87693E-02       3.09670E-07       2.90725E-07
       8.00000E-06       8.02500E-06       8.01250E-06       2.49996E-08       9.69236E-10       3.87700E-02       3.10645E-07       2.91694E-07
       8.02500E-06       8.05000E-06       8.03750E-06       2.50006E-08       9.69236E-10       3.87686E-02       3.11602E-07       2.92664E-07
       8.05000E-06       8.07500E-06       8.06250E-06       2.49996E-08       9.69236E-10       3.87700E-02       3.12583E-07       2.93633E-07
       8.07500E-06       8.10000E-06       8.08750E-06       2.50006E-08       9.69236E-10       3.87686E-02       3.13541E-07       2.94602E-07
       8.10000E-06       8.12500E-06       8.11250E-06       2.49996E-08       9.69236E-10       3.87700E-02       3.14522E-07       2.95571E-07
       8.12500E-06       8.15000E-06       8.13750E-06       2.49996E-08       9.69236E-10       3.87700E-02       3.15491E-07       2.96541E-07
       8.15000E-06       8.17500E-06       8.16250E-06       2.50006E-08       9.69236E-10       3.87686E-02       3.16448E-07       2.97510E-07
       8.17500E-06       8.20000E-06       8.18750E-06       2.49996E-08       9.69236E-10       3.87700E-02       3.17430E-07       2.98479E-07
       8.20000E-06       8.22500E-06       8.21250E-06       2.50006E-08       9.69236E-10       3.87686E-02       3.18387E-07       2.99448E-07
       8.22500E-06       8.25000E-06       8.23750E-06       2.49996E-08       9.69236E-10       3.87700E-02       3.19368E-07       3.00418E-07
       8.25000E-06       8.27500E-06       8.26250E-06       2.49996E-08       9.69236E-10       3.87700E-02       3.20337E-07       3.01387E-07
       8.27500E-06       8.30000E-06       8.28750E-06       2.50006E-08       9.69236E-10       3.87686E-02       3.21294E-07       3.02356E-07
       8.30000E-06       8.32500E-06       8.31250E-06       2.49996E-08       9.69236E-10       3.87700E-02       3.22276E-07       3.03325E-07
       8.32500E-06       8.35000E-06       8.33750E-06       2.50006E-08       9.69236E-10       3.87686E-02       3.23233E-07       3.04294E-07
       8.35000E-06       8.37500E-06       8.36250E-06       2.49996E-08       9.69236E-10       3.87700E-02       3.24214E-07       3.05264E-07
       8.37500E-06       8.40000E-06       8.38750E-06       2.49996E-08       9.69236E-10       3.87700E-02       3.25184E-07       3.06233E-07
       8.40000E-06       8.42500E-06       8.41250E-06       2.50006E-08       9.69236E-10       3.87686E-02       3.26141E-07       3.07202E-07
       8.42500E-06       8.45000E-06       8.43750E-06       2.49996E-08       9.69236E-10       3.87700E-02       3.27122E-07       3.08171E-07
       8.45000E-06       8.47500E-06       8.46250E-06       2.50006E-08       9.69236E-10       3.87686E-02       3.28079E-07       3.09141E-07
       8.47500E-06       8.50000E-06       8.48750E-06       2.49996E-08       9.69236E-10       3.87700E-02       3.29061E-07       3.10110E-07
       8.50000E-06       8.52500E-06       8.51250E-06       2.49996E-08       9.69236E-10       3.87700E-02       3.30030E-07       3.11079E-07
       8.52500E-06       8.55000E-06       8.53750E-06       2.50006E-08       9.69236E-10       3.87686E-02       3.30987E-07       3.12048E-07
       8.55000E-06       8.57500E-06       8.56250E-06       2.49996E-08       9.69236E-10       3.87700E-02       3.31968E-07       3.13018E-07
       8.57500E-06       8.60000E-06       8.58750E-06       2.50006E-08       9.69236E-10       3.87686E-02       3.32925E-07       3.13987E-07
       8.60000E-06       8.62500E-06       8.61250E-06       2.49996E-08       9.69236E-10       3.87700E-02       3.33907E-07       3.14956E-07
       8.62500E-06       8.65000E-06       8.63750E-06       2.49996E-08       9.69236E-10       3.87700E-02       3.34876E-07       3.15925E-07
       8.65000E-06       8.67500E-06       8.66250E-06       2.50006E-08       9.69236E-10       3.87686E-02       3.35833E-07       3.16895E-07
       8.67500E-06       8.70000E-06       8.68750E-06       2.49996E-08       9.69236E-10       3.87700E-02       3.36815E-07       3.17864E-07
       8.70000E-06       8.72500E-06       8.71250E-06       2.50006E-08       9.69236E-10       3.87686E-02       3.37771E-07       3.18833E-07
       8.72500E-06       8.75000E-06       8.73750E-06       2.49996E-08       9.69236E-10       3.87700E-02       3.38753E-07       3.19802E-07
       8.75000E-06       8.77500E-06       8.76250E-06       2.49996E-08       9.69236E-10       3.87700E-02       3.39722E-07       3.20772E-07
       8.77500E-06       8.80000E-06       8.78750E-06       2.50006E-08       9.69236E-10       3.87686E-02       3.40679E-07       3.21741E-07
       8.80000E-06       8.82500E-06       8.81250E-06       2.49996E-08       9.69236E-10       3.87700E-02       3.41661E-07       3.22710E-07
       8.82500E-06       8.85000E-06       8.83750E-06       2.50006E-08       9.69236E-10       3.87686E-02       3.42617E-07       3.23679E-07
       8.85000E-06       8.87500E-06       8.86250E-06       2.49996E-08       9.69236E-10       3.87700E-02       3.43599E-07       3.24648E-07
       8.87500E-06       8.90000E-06       8.88750E-06       2.49996E-08       9.69236E-10       3.87700E-02       3.44569E-07       3.25618E-07
       8.90000E-06       8.92500E-06       8.91250E-06       2.50006E-08       9.69236E-10       3.87686E-02       3.45525E-07       3.26587E-07
       8.92500E-06       8.95000E-06       8.93750E-06       2.49996E-08       9.69236E-10       3.87700E-02       3.46507E-07       3.27556E-07
       8.95000E-06       8.97500E-06       8.96250E-06       2.50006E-08       9.69236E-10       3.87686E-02       3.47463E-07       3.28525E-07
       8.97500E-06       9.00000E-06       8.98750E-06       2.49996E-08       9.69236E-10       3.87700E-02       3.48446E-07       3.29495E-07
       9.00000E-06       9.02500E-06       9.01250E-06       2.49996E-08       9.69236E-10       3.87700E-02       3.49415E-07       3.30464E-07
       9.02500E-06       9.05000E-06       9.03750E-06       2.50006E-08       9.69236E-10       3.87686E-02       3.50371E-07       3.31433E-07
       9.05000E-06       9.07500E-06       9.06250E-06       2.49996E-08       9.69236E-10       3.87700E-02       3.51353E-07       3.32402E-07
       9.07500E-06       9.10000E-06       9.08750E-06       2.50006E-08       9.69236E-10       3.87686E-02       3.52309E-07       3.33372E-07
       9.10000E-06       9.12500E-06       9.11250E-06       2.49996E-08       9.69236E-10       3.87700E-02       3.53292E-07       3.34341E-07
       9.12500E-06       9.15000E-06       9.13750E-06       2.49996E-08       9.69236E-10       3.87700E-02       3.54261E-07       3.35310E-07
       9.15000E-06       9.17500E-06       9.16250E-06       2.50006E-08       9.69236E-10       3.87686E-02       3.55217E-07       3.36279E-07
       9.17500E-06       9.20000E-06       9.18750E-06       2.49996E-08       9.69236E-10       3.87700E-02       3.56200E-07       3.37249E-07
       9.20000E-06       9.22500E-06       9.21250E-06       2.50006E-08       9.69236E-10       3.87686E-02       3.57155E-07       3.38218E-07
       9.22500E-06       9.25000E-06       9.23750E-06       2.49996E-08       9.69236E-10       3.87700E-02       3.58138E-07       3.39187E-07
       9.25000E-06       9.27500E-06       9.26250E-06       2.49996E-08       9.69236E-10       3.87700E-02       3.59107E-07       3.40156E-07
       9.27500E-06       9.30000E-06       9.28750E-06       2.50006E-08       9.69236E-10       3.87686E-02       3.60063E-07       3.41125E-07
       9.30000E-06       9.32500E-06       9.31250E-06       2.49996E-08       9.69236E-10       3.87700E-02       3.61046E-07       3.42095E-07
       9.32500E-06       9.35000E-06       9.33750E-06       2.50006E-08       9.69236E-10       3.87686E-02       3.62001E-07       3.43064E-07
       9.35000E-06       9.37500E-06       9.36250E-06       2.49996E-08       9.69236E-10       3.87700E-02       3.62985E-07       3.44033E-07
       9.37500E-06       9.40000E-06       9.38750E-06       2.49996E-08       9.69236E-10       3.87700E-02       3.63954E-07       3.45002E-07
       9.40000E-06       9.42500E-06       9.41250E-06       2.50006E-08       9.69236E-10       3.87686E-02       3.64909E-07       3.45972E-07
       9.42500E-06       9.45000E-06       9.43750E-06       2.49996E-08       9.69236E-10       3.87700E-02       3.65892E-07       3.46941E-07
       9.45000E-06       9.47500E-06       9.46250E-06       2.50006E-08       9.69236E-10       3.87686E-02       3.66848E-07       3.47910E-07
       9.47500E-06       9.50000E-06       9.48750E-06       2.49996E-08       9.69236E-10       3.87700E-02       3.67831E-07       3.48879E-07
       9.50000E-06       9.52500E-06       9.51250E-06       2.49996E-08       9.69236E-10       3.87700E-02       3.68800E-07       3.49849E-07
       9.52500E-06       9.55000E-06       9.53750E-06       2.50006E-08       9.69236E-10       3.87686E-02       3.69755E-07       3.50818E-07
       9.55000E-06       9.57500E-06       9.56250E-06       2.49996E-08       9.69236E-10       3.87700E-02       3.70738E-07       3.51787E-07
       9.57500E-06       9.60000E-06       9.58750E-06       2.50006E-08       9.69236E-10       3.87686E-02       3.71694E-07       3.52756E-07
       9.60000E-06       9.62500E-06       9.61250E-06       2.49996E-08       9.69236E-10       3.87700E-02       3.72677E-07       3.53726E-07
       9.62500E-06       9.65000E-06       9.63750E-06       2.49996E-08       9.69236E-10       3.87700E-02       3.73646E-07       3.54695E-07
       9.65000E-06       9.67500E-06       9.66250E-06       2.50006E-08       9.69236E-10       3.87686E-02       3.74601E-07       3.55664E-07
       9.67500E-06       9.70000E-06       9.68750E-06       2.49996E-08       9.69236E-10       3.87700E-02       3.75585E-07       3.56633E-07
       9.70000E-06       9.72500E-06       9.71250E-06       2.50006E-08       9.69236E-10       3.87686E-02       3.76540E-07       3.57603E-07
       9.72500E-06       9.75000E-06       9.73750E-06       2.49996E-08       9.69236E-10       3.87700E-02       3.77523E-07       3.58572E-07
       9.75000E-06       9.77500E-06       9.76250E-06       2.49996E-08       9.69236E-10       3.87700E-02       3.78493E-07       3.59541E-07
       9.77500E-06       9.80000E-06       9.78750E-06       2.50006E-08       9.69236E-10       3.87686E-02       3.79447E-07       3.60510E-07
       9.80000E-06       9.82500E-06       9.81250E-06       2.49996E-08       9.69236E-10       3.87700E-02       3.80431E-07       3.61479E-07
       9.82500E-06       9.85000E-06       9.83750E-06       2.50006E-08       9.69236E-10       3.87686E-02       3.81386E-07       3.62449E-07
       9.85000E-06       9.87500E-06       9.86250E-06       2.49996E-08       9.69236E-10       3.87700E-02       3.82370E-07       3.63418E-07
       9.87500E-06       9.90000E-06       9.88750E-06       2.49996E-08       9.69236E-10       3.87700E-02       3.83339E-07       3.64387E-07
       9.90000E-06       9.92500E-06       9.91250E-06       2.50006E-08       9.69236E-10       3.87686E-02       3.84293E-07       3.65356E-07
       9.92500E-06       9.95000E-06       9.93750E-06       2.49996E-08       9.69236E-10       3.87700E-02       3.85277E-07       3.66326E-07
       9.95000E-06       9.97500E-06       9.96250E-06       2.50006E-08       9.69236E-10       3.87686E-02       3.86232E-07       3.67295E-07
       9.97500E-06       1.00000E-05       9.98750E-06       2.49996E-08       9.69236E-10       3.87700E-02       3.87216E-07       3.68264E-07
       1.00000E-05       1.04713E-05       1.02356E-05       4.71300E-07       1.82718E-08       3.87689E-02       3.96825E-07       3.86536E-07
       1.04713E-05       1.09648E-05       1.07180E-05       4.93500E-07       1.91322E-08       3.87685E-02       4.15522E-07       4.05668E-07
       1.09648E-05       1.14815E-05       1.12232E-05       5.16700E-07       2.00348E-08       3.87745E-02       4.35172E-07       4.25703E-07
       1.14815E-05       1.20226E-05       1.17521E-05       5.41101E-07       2.09785E-08       3.87700E-02       4.55627E-07       4.46681E-07
       1.20226E-05       1.25892E-05       1.23059E-05       5.66600E-07       2.19679E-08       3.87714E-02       4.77117E-07       4.68649E-07
       1.25892E-05       1.31826E-05       1.28859E-05       5.93400E-07       2.30029E-08       3.87646E-02       4.99517E-07       4.91652E-07
       1.31826E-05       1.38038E-05       1.34932E-05       6.21200E-07       2.40863E-08       3.87738E-02       5.23183E-07       5.15738E-07
       1.38038E-05       1.44544E-05       1.41291E-05       6.50600E-07       2.52225E-08       3.87681E-02       5.47758E-07       5.40961E-07
       1.44544E-05       1.51356E-05       1.47950E-05       6.81200E-07       2.64107E-08       3.87708E-02       5.73614E-07       5.67372E-07
       1.51356E-05       1.58489E-05       1.54922E-05       7.13300E-07       2.76552E-08       3.87709E-02       6.00648E-07       5.95027E-07
       1.58489E-05       1.65959E-05       1.62224E-05       7.47000E-07       2.89589E-08       3.87669E-02       6.28893E-07       6.23986E-07
       1.65959E-05       1.73780E-05       1.69869E-05       7.82101E-07       3.03234E-08       3.87718E-02       6.58614E-07       6.54309E-07
       1.73780E-05       1.81970E-05       1.77875E-05       8.19000E-07       3.17524E-08       3.87698E-02       6.89617E-07       6.86062E-07
       1.81970E-05       1.90546E-05       1.86258E-05       8.57599E-07       3.32495E-08       3.87704E-02       7.22130E-07       7.19311E-07
       1.90546E-05       1.99526E-05       1.95036E-05       8.98001E-07       3.48164E-08       3.87710E-02       7.56174E-07       7.54127E-07
       1.99526E-05       2.08930E-05       2.04228E-05       9.40399E-07       3.64567E-08       3.87673E-02       7.91736E-07       7.90584E-07
       2.08930E-05       2.18776E-05       2.13853E-05       9.84600E-07       3.81758E-08       3.87729E-02       8.29170E-07       8.28760E-07
       2.18776E-05       2.29087E-05       2.23932E-05       1.03110E-06       3.99746E-08       3.87689E-02       8.68157E-07       8.68735E-07
       2.29087E-05       2.39883E-05       2.34485E-05       1.07960E-06       4.18585E-08       3.87722E-02       9.09151E-07       9.10593E-07
       2.39883E-05       2.51189E-05       2.45536E-05       1.13060E-06       4.38310E-08       3.87679E-02       9.51891E-07       9.54424E-07
       2.51189E-05       2.63027E-05       2.57108E-05       1.18380E-06       4.58966E-08       3.87706E-02       9.96822E-07       1.00032E-06
       2.63027E-05       2.75423E-05       2.69225E-05       1.23960E-06       4.80598E-08       3.87704E-02       1.04380E-06       1.04838E-06
       2.75423E-05       2.88403E-05       2.81913E-05       1.29800E-06       5.03251E-08       3.87712E-02       1.09301E-06       1.09871E-06
       2.88403E-05       3.01995E-05       2.95199E-05       1.35920E-06       5.26960E-08       3.87699E-02       1.14448E-06       1.15140E-06
       3.01995E-05       3.16228E-05       3.09111E-05       1.42330E-06       5.51798E-08       3.87688E-02       1.19839E-06       1.20658E-06
       3.16228E-05       3.31131E-05       3.23679E-05       1.49030E-06       5.77799E-08       3.87707E-02       1.25493E-06       1.26436E-06
       3.31131E-05       3.46737E-05       3.38934E-05       1.56060E-06       6.05036E-08       3.87695E-02       1.31403E-06       1.32486E-06
       3.46737E-05       3.63078E-05       3.54907E-05       1.63410E-06       6.33554E-08       3.87708E-02       1.37600E-06       1.38822E-06
       3.63078E-05       3.80189E-05       3.71634E-05       1.71110E-06       6.63405E-08       3.87706E-02       1.44085E-06       1.45456E-06
       3.80189E-05       3.98107E-05       3.89148E-05       1.79180E-06       6.94671E-08       3.87695E-02       1.50871E-06       1.52403E-06
       3.98107E-05       4.16869E-05       4.07488E-05       1.87620E-06       7.27415E-08       3.87706E-02       1.57986E-06       1.59677E-06
       4.16869E-05       4.36516E-05       4.26692E-05       1.96470E-06       7.61690E-08       3.87688E-02       1.65423E-06       1.67294E-06
       4.36516E-05       4.57088E-05       4.46802E-05       2.05720E-06       7.97594E-08       3.87708E-02       1.73229E-06       1.75270E-06
       4.57088E-05       4.78630E-05       4.67859E-05       2.15420E-06       8.35182E-08       3.87700E-02       1.81389E-06       1.83622E-06
       4.78630E-05       5.01187E-05       4.89908E-05       2.25570E-06       8.74542E-08       3.87703E-02       1.89939E-06       1.92367E-06
       5.01187E-05       5.24808E-05       5.12998E-05       2.36210E-06       9.15783E-08       3.87698E-02       1.98888E-06       2.01525E-06
       5.24808E-05       5.49541E-05       5.37174E-05       2.47330E-06       9.58939E-08       3.87716E-02       2.08271E-06       2.11114E-06
       5.49541E-05       5.75440E-05       5.62490E-05       2.58990E-06       1.00407E-07       3.87686E-02       2.18069E-06       2.21155E-06
       5.75440E-05       6.02560E-05       5.89000E-05       2.71200E-06       1.05143E-07       3.87696E-02       2.28353E-06       2.31669E-06
       6.02560E-05       6.30957E-05       6.16758E-05       2.83970E-06       1.10094E-07       3.87698E-02       2.39116E-06       2.42679E-06
       6.30957E-05       6.60693E-05       6.45825E-05       2.97360E-06       1.15288E-07       3.87704E-02       2.50389E-06       2.54207E-06
       6.60693E-05       6.91831E-05       6.76262E-05       3.11380E-06       1.20722E-07       3.87702E-02       2.62188E-06       2.66280E-06
       6.91831E-05       7.24436E-05       7.08134E-05       3.26051E-06       1.26408E-07       3.87695E-02       2.74540E-06       2.78920E-06
       7.24436E-05       7.58578E-05       7.41507E-05       3.41420E-06       1.32371E-07       3.87708E-02       2.87488E-06       2.92158E-06
       7.58578E-05       7.94328E-05       7.76453E-05       3.57500E-06       1.38603E-07       3.87701E-02       3.01032E-06       3.06018E-06
       7.94328E-05       8.31764E-05       8.13046E-05       3.74360E-06       1.45139E-07       3.87700E-02       3.15218E-06       3.20532E-06
       8.31764E-05       8.70964E-05       8.51364E-05       3.92000E-06       1.51980E-07       3.87704E-02       3.30077E-06       3.35730E-06
       8.70964E-05       9.12011E-05       8.91488E-05       4.10471E-06       1.59143E-07       3.87708E-02       3.45637E-06       3.51644E-06
       9.12011E-05       9.54993E-05       9.33502E-05       4.29820E-06       1.66637E-07       3.87691E-02       3.61910E-06       3.68308E-06
       9.54993E-05       1.00000E-04       9.77497E-05       4.50070E-06       1.74498E-07       3.87714E-02       3.78989E-06       3.85758E-06
       1.00000E-04       1.04713E-04       1.02356E-04       4.71300E-06       1.82718E-07       3.87689E-02       3.96825E-06       4.04029E-06
       1.04713E-04       1.09648E-04       1.07181E-04       4.93501E-06       1.91322E-07       3.87684E-02       4.15522E-06       4.23162E-06
       1.09648E-04       1.14815E-04       1.12232E-04       5.16700E-06       2.00348E-07       3.87745E-02       4.35172E-06       4.43196E-06
       1.14815E-04       1.20226E-04       1.17520E-04       5.41100E-06       2.09785E-07       3.87701E-02       4.55628E-06       4.64175E-06
       1.20226E-04       1.25892E-04       1.23059E-04       5.66600E-06       2.19679E-07       3.87714E-02       4.77117E-06       4.86143E-06
       1.25892E-04       1.31826E-04       1.28859E-04       5.93401E-06       2.30029E-07       3.87645E-02       4.99516E-06       5.09146E-06
       1.31826E-04       1.38038E-04       1.34932E-04       6.21199E-06       2.40863E-07       3.87739E-02       5.23184E-06       5.33232E-06
       1.38038E-04       1.44544E-04       1.41291E-04       6.50601E-06       2.52225E-07       3.87680E-02       5.47757E-06       5.58454E-06
       1.44544E-04       1.51356E-04       1.47950E-04       6.81200E-06       2.64107E-07       3.87708E-02       5.73614E-06       5.84865E-06
       1.51356E-04       1.58489E-04       1.54922E-04       7.13300E-06       2.76552E-07       3.87709E-02       6.00648E-06       6.12520E-06
       1.58489E-04       1.65959E-04       1.62224E-04       7.47000E-06       2.89589E-07       3.87669E-02       6.28893E-06       6.41479E-06
       1.65959E-04       1.73780E-04       1.69870E-04       7.82100E-06       3.03234E-07       3.87718E-02       6.58615E-06       6.71803E-06
       1.73780E-04       1.81970E-04       1.77875E-04       8.19000E-06       3.17524E-07       3.87698E-02       6.89617E-06       7.03555E-06
       1.81970E-04       1.90546E-04       1.86258E-04       8.57600E-06       3.32495E-07       3.87704E-02       7.22129E-06       7.36805E-06
       1.90546E-04       1.99526E-04       1.95036E-04       8.98000E-06       3.48164E-07       3.87711E-02       7.56175E-06       7.71621E-06
       1.99526E-04       2.08930E-04       2.04228E-04       9.40399E-06       3.64567E-07       3.87673E-02       7.91736E-06       8.08078E-06
       2.08930E-04       2.18776E-04       2.13853E-04       9.84601E-06       3.81758E-07       3.87729E-02       8.29170E-06       8.46254E-06
       2.18776E-04       2.29087E-04       2.23932E-04       1.03110E-05       3.99746E-07       3.87689E-02       8.68157E-06       8.86228E-06
       2.29087E-04       2.39883E-04       2.34485E-04       1.07960E-05       4.18585E-07       3.87722E-02       9.09151E-06       9.28087E-06
       2.39883E-04       2.51189E-04       2.45536E-04       1.13060E-05       4.38310E-07       3.87679E-02       9.51891E-06       9.71918E-06
       2.51189E-04       2.63027E-04       2.57108E-04       1.18380E-05       4.58966E-07       3.87705E-02       9.96821E-06       1.01781E-05
       2.63027E-04       2.75423E-04       2.69225E-04       1.23960E-05       4.80598E-07       3.87704E-02       1.04380E-05       1.06587E-05
       2.75423E-04       2.88403E-04       2.81913E-04       1.29800E-05       5.03251E-07       3.87712E-02       1.09301E-05       1.11620E-05
       2.88403E-04       3.01995E-04       2.95199E-04       1.35920E-05       5.26960E-07       3.87699E-02       1.14448E-05       1.16890E-05
       3.01995E-04       3.16228E-04       3.09111E-04       1.42330E-05       5.51798E-07       3.87689E-02       1.19839E-05       1.22407E-05
       3.16228E-04       3.31131E-04       3.23680E-04       1.49030E-05       5.77799E-07       3.87706E-02       1.25493E-05       1.28185E-05
       3.31131E-04       3.46737E-04       3.38934E-04       1.56060E-05       6.05036E-07       3.87695E-02       1.31403E-05       1.34236E-05
       3.46737E-04       3.63078E-04       3.54908E-04       1.63410E-05       6.33554E-07       3.87708E-02       1.37600E-05       1.40571E-05
       3.63078E-04       3.80189E-04       3.71634E-04       1.71110E-05       6.63405E-07       3.87707E-02       1.44085E-05       1.47205E-05
       3.80189E-04       3.98107E-04       3.89148E-04       1.79180E-05       6.94671E-07       3.87695E-02       1.50871E-05       1.54152E-05
       3.98107E-04       4.16869E-04       4.07488E-04       1.87620E-05       7.27415E-07       3.87707E-02       1.57986E-05       1.61426E-05
       4.16869E-04       4.36516E-04       4.26692E-04       1.96470E-05       7.61690E-07       3.87687E-02       1.65423E-05       1.69043E-05
       4.36516E-04       4.57088E-04       4.46802E-04       2.05720E-05       7.97594E-07       3.87708E-02       1.73229E-05       1.77019E-05
       4.57088E-04       4.78630E-04       4.67859E-04       2.15420E-05       8.35182E-07       3.87699E-02       1.81389E-05       1.85371E-05
       4.78630E-04       5.01187E-04       4.89909E-04       2.25570E-05       8.74542E-07       3.87703E-02       1.89939E-05       1.94116E-05
       5.01187E-04       5.24808E-04       5.12998E-04       2.36210E-05       9.15765E-07       3.87691E-02       1.98885E-05       2.03274E-05
       5.24808E-04       5.49541E-04       5.37175E-04       2.47330E-05       9.58921E-07       3.87709E-02       2.08267E-05       2.12863E-05
       5.49541E-04       5.75440E-04       5.62491E-04       2.58990E-05       1.00411E-06       3.87703E-02       2.18079E-05       2.22904E-05
       5.75440E-04       6.02560E-04       5.89000E-04       2.71200E-05       1.05143E-06       3.87696E-02       2.28353E-05       2.33419E-05
       6.02560E-04       6.30957E-04       6.16758E-04       2.83970E-05       1.10098E-06       3.87711E-02       2.39124E-05       2.44428E-05
       6.30957E-04       6.60693E-04       6.45825E-04       2.97360E-05       1.15288E-06       3.87704E-02       2.50389E-05       2.55957E-05
       6.60693E-04       6.91831E-04       6.76262E-04       3.11380E-05       1.20721E-06       3.87696E-02       2.62184E-05       2.68029E-05
       6.91831E-04       7.24436E-04       7.08133E-04       3.26050E-05       1.26410E-06       3.87701E-02       2.74544E-05       2.80670E-05
       7.24436E-04       7.58578E-04       7.41507E-04       3.41420E-05       1.32368E-06       3.87697E-02       2.87480E-05       2.93907E-05
       7.58578E-04       7.94328E-04       7.76453E-04       3.57500E-05       1.38606E-06       3.87708E-02       3.01037E-05       3.07768E-05
       7.94328E-04       8.31764E-04       8.13046E-04       3.74360E-05       1.45138E-06       3.87697E-02       3.15216E-05       3.22281E-05
       8.31764E-04       8.70964E-04       8.51364E-04       3.92000E-05       1.51978E-06       3.87699E-02       3.30073E-05       3.37479E-05
       8.70964E-04       9.12011E-04       8.91487E-04       4.10470E-05       1.59140E-06       3.87702E-02       3.45632E-05       3.53393E-05
       9.12011E-04       9.54993E-04       9.33502E-04       4.29820E-05       1.66641E-06       3.87698E-02       3.61917E-05       3.70057E-05
       9.54993E-04       1.00000E-03       9.77497E-04       4.50070E-05       1.74494E-06       3.87704E-02       3.78979E-05       3.87507E-05
       1.00000E-03       1.04713E-03       1.02356E-03       4.71300E-05       1.82720E-06       3.87693E-02       3.96829E-05       4.05779E-05
       1.04713E-03       1.09648E-03       1.07180E-03       4.93500E-05       1.91327E-06       3.87694E-02       4.15532E-05       4.24911E-05
       1.09648E-03       1.14815E-03       1.12231E-03       5.16700E-05       2.00348E-06       3.87746E-02       4.35173E-05       4.44946E-05
       1.14815E-03       1.20226E-03       1.17520E-03       5.41100E-05       2.09785E-06       3.87701E-02       4.55628E-05       4.65925E-05
       1.20226E-03       1.25892E-03       1.23059E-03       5.66600E-05       2.19675E-06       3.87707E-02       4.77109E-05       4.87892E-05
       1.25892E-03       1.31826E-03       1.28859E-03       5.93400E-05       2.30031E-06       3.87649E-02       4.99521E-05       5.10895E-05
       1.31826E-03       1.38038E-03       1.34932E-03       6.21200E-05       2.40867E-06       3.87745E-02       5.23193E-05       5.34982E-05
       1.38038E-03       1.44544E-03       1.41291E-03       6.50599E-05       2.52223E-06       3.87677E-02       5.47753E-05       5.60204E-05
       1.44544E-03       1.51356E-03       1.47950E-03       6.81201E-05       2.64106E-06       3.87706E-02       5.73611E-05       5.86615E-05
       1.51356E-03       1.58489E-03       1.54923E-03       7.13300E-05       2.76555E-06       3.87712E-02       6.00654E-05       6.14270E-05
       1.58489E-03       1.65959E-03       1.62224E-03       7.47000E-05       2.89590E-06       3.87671E-02       6.28895E-05       6.43229E-05
       1.65959E-03       1.73780E-03       1.69870E-03       7.82101E-05       3.03237E-06       3.87721E-02       6.58620E-05       6.73553E-05
       1.73780E-03       1.81970E-03       1.77875E-03       8.18999E-05       3.17527E-06       3.87701E-02       6.89624E-05       7.05306E-05
       1.81970E-03       1.90546E-03       1.86258E-03       8.57600E-05       3.32492E-06       3.87701E-02       7.22124E-05       7.38555E-05
       1.90546E-03       1.99526E-03       1.95036E-03       8.98001E-05       3.48159E-06       3.87705E-02       7.56165E-05       7.73371E-05
       1.99526E-03       2.08930E-03       2.04228E-03       9.40400E-05       3.64571E-06       3.87676E-02       7.91743E-05       8.09828E-05
       2.08930E-03       2.18776E-03       2.13853E-03       9.84600E-05       3.81754E-06       3.87725E-02       8.29161E-05       8.48003E-05
       2.18776E-03       2.29087E-03       2.23932E-03       1.03110E-04       3.99743E-06       3.87686E-02       8.68151E-05       8.87978E-05
       2.29087E-03       2.39883E-03       2.34485E-03       1.07960E-04       4.18582E-06       3.87720E-02       9.09144E-05       9.29836E-05
       2.39883E-03       2.51189E-03       2.45536E-03       1.13060E-04       4.38308E-06       3.87678E-02       9.51889E-05       9.73667E-05
       2.51189E-03       2.63027E-03       2.57108E-03       1.18380E-04       4.58968E-06       3.87707E-02       9.96827E-05       1.01956E-04
       2.63027E-03       2.75423E-03       2.69225E-03       1.23960E-04       4.80598E-06       3.87704E-02       1.04380E-04       1.06762E-04
       2.75423E-03       2.88403E-03       2.81913E-03       1.29800E-04       5.03248E-06       3.87710E-02       1.09301E-04       1.11795E-04
       2.88403E-03       3.01995E-03       2.95199E-03       1.35920E-04       5.26964E-06       3.87702E-02       1.14449E-04       1.17064E-04
       3.01995E-03       3.16228E-03       3.09112E-03       1.42330E-04       5.51799E-06       3.87690E-02       1.19839E-04       1.22582E-04
       3.16228E-03       3.31131E-03       3.23679E-03       1.49030E-04       5.77803E-06       3.87709E-02       1.25493E-04       1.28360E-04
       3.31131E-03       3.46737E-03       3.38934E-03       1.56060E-04       6.05039E-06       3.87696E-02       1.31403E-04       1.34411E-04
       3.46737E-03       3.63078E-03       3.54907E-03       1.63410E-04       6.33550E-06       3.87706E-02       1.37600E-04       1.40746E-04
       3.63078E-03       3.80189E-03       3.71633E-03       1.71110E-04       6.63407E-06       3.87708E-02       1.44085E-04       1.47380E-04
       3.80189E-03       3.98107E-03       3.89148E-03       1.79180E-04       6.94675E-06       3.87696E-02       1.50871E-04       1.54327E-04
       3.98107E-03       4.16869E-03       4.07488E-03       1.87620E-04       7.27412E-06       3.87705E-02       1.57985E-04       1.61601E-04
       4.16869E-03       4.36516E-03       4.26693E-03       1.96470E-04       7.61693E-06       3.87689E-02       1.65424E-04       1.69218E-04
       4.36516E-03       4.57088E-03       4.46802E-03       2.05720E-04       7.97594E-06       3.87709E-02       1.73229E-04       1.77194E-04
       4.57088E-03       4.78630E-03       4.67859E-03       2.15420E-04       8.35182E-06       3.87699E-02       1.81389E-04       1.85546E-04
       4.78630E-03       5.01187E-03       4.89909E-03       2.25570E-04       8.74541E-06       3.87702E-02       1.89939E-04       1.94291E-04
       5.01187E-03       5.24807E-03       5.12997E-03       2.36200E-04       9.15765E-06       3.87708E-02       1.98893E-04       2.03449E-04
       5.24807E-03       5.49541E-03       5.37174E-03       2.47340E-04       9.58921E-06       3.87693E-02       2.08259E-04       2.13038E-04
       5.49541E-03       5.75440E-03       5.62491E-03       2.58990E-04       1.00411E-05       3.87703E-02       2.18079E-04       2.23079E-04
       5.75440E-03       6.02560E-03       5.89000E-03       2.71200E-04       1.05143E-05       3.87695E-02       2.28353E-04       2.33594E-04
       6.02560E-03       6.30957E-03       6.16759E-03       2.83970E-04       1.10098E-05       3.87711E-02       2.39124E-04       2.44603E-04
       6.30957E-03       6.60693E-03       6.45825E-03       2.97360E-04       1.15288E-05       3.87703E-02       2.50389E-04       2.56132E-04
       6.60693E-03       6.91831E-03       6.76262E-03       3.11380E-04       1.20721E-05       3.87696E-02       2.62184E-04       2.68204E-04
       6.91831E-03       7.24436E-03       7.08133E-03       3.26050E-04       1.26410E-05       3.87701E-02       2.74544E-04       2.80845E-04
       7.24436E-03       7.58578E-03       7.41507E-03       3.41420E-04       1.32368E-05       3.87698E-02       2.87480E-04       2.94082E-04
       7.58578E-03       7.94328E-03       7.76453E-03       3.57500E-04       1.38606E-05       3.87708E-02       3.01037E-04       3.07943E-04
       7.94328E-03       8.31764E-03       8.13046E-03       3.74360E-04       1.45138E-05       3.87697E-02       3.15216E-04       3.22456E-04
       8.31764E-03       8.70964E-03       8.51364E-03       3.92000E-04       1.51978E-05       3.87699E-02       3.30073E-04       3.37654E-04
       8.70964E-03       9.12011E-03       8.91487E-03       4.10471E-04       1.59140E-05       3.87701E-02       3.45631E-04       3.53568E-04
       9.12011E-03       9.54993E-03       9.33502E-03       4.29819E-04       1.66641E-05       3.87699E-02       3.61918E-04       3.70232E-04
       9.54993E-03       1.00000E-02       9.77496E-03       4.50070E-04       1.74494E-05       3.87704E-02       3.78979E-04       3.87682E-04
       1.00000E-02       1.04713E-02       1.02357E-02       4.71300E-04       1.82720E-05       3.87693E-02       3.96829E-04       4.05954E-04
       1.04713E-02       1.09648E-02       1.07180E-02       4.93500E-04       1.91327E-05       3.87694E-02       4.15532E-04       4.25086E-04
       1.09648E-02       1.14815E-02       1.12232E-02       5.16700E-04       2.00348E-05       3.87746E-02       4.35173E-04       4.45121E-04
       1.14815E-02       1.20226E-02       1.17521E-02       5.41100E-04       2.09785E-05       3.87701E-02       4.55628E-04       4.66100E-04
       1.20226E-02       1.25892E-02       1.23059E-02       5.66601E-04       2.19675E-05       3.87707E-02       4.77108E-04       4.88067E-04
       1.25892E-02       1.31826E-02       1.28859E-02       5.93399E-04       2.30031E-05       3.87649E-02       4.99521E-04       5.11070E-04
       1.31826E-02       1.38038E-02       1.34932E-02       6.21200E-04       2.40867E-05       3.87745E-02       5.23193E-04       5.35157E-04
       1.38038E-02       1.44544E-02       1.41291E-02       6.50601E-04       2.52223E-05       3.87677E-02       5.47752E-04       5.60379E-04
       1.44544E-02       1.51356E-02       1.47950E-02       6.81199E-04       2.64106E-05       3.87707E-02       5.73613E-04       5.86790E-04
       1.51356E-02       1.58489E-02       1.54923E-02       7.13301E-04       2.76555E-05       3.87712E-02       6.00653E-04       6.14445E-04
       1.58489E-02       1.65959E-02       1.62224E-02       7.47000E-04       2.89590E-05       3.87670E-02       6.28895E-04       6.43404E-04
       1.65959E-02       1.73780E-02       1.69870E-02       7.82100E-04       3.03237E-05       3.87722E-02       6.58621E-04       6.73728E-04
       1.73780E-02       1.81970E-02       1.77875E-02       8.19000E-04       3.17527E-05       3.87701E-02       6.89623E-04       7.05481E-04
       1.81970E-02       1.90546E-02       1.86258E-02       8.57600E-04       3.32492E-05       3.87701E-02       7.22124E-04       7.38730E-04
       1.90546E-02       1.99526E-02       1.95036E-02       8.98000E-04       3.48159E-05       3.87705E-02       7.56165E-04       7.73546E-04
       1.99526E-02       2.08930E-02       2.04228E-02       9.40400E-04       3.64571E-05       3.87676E-02       7.91743E-04       8.10003E-04
       2.08930E-02       2.18776E-02       2.13853E-02       9.84600E-04       3.81754E-05       3.87725E-02       8.29161E-04       8.48178E-04
       2.18776E-02       2.29087E-02       2.23931E-02       1.03110E-03       3.99743E-05       3.87687E-02       8.68152E-04       8.88153E-04
       2.29087E-02       2.39883E-02       2.34485E-02       1.07960E-03       4.18582E-05       3.87719E-02       9.09143E-04       9.30011E-04
       2.39883E-02       2.51189E-02       2.45536E-02       1.13060E-03       4.38308E-05       3.87677E-02       9.51887E-04       9.73842E-04
       2.51189E-02       2.63027E-02       2.57108E-02       1.18380E-03       4.58968E-05       3.87708E-02       9.96829E-04       1.01974E-03
       2.63027E-02       2.75423E-02       2.69225E-02       1.23960E-03       4.80598E-05       3.87704E-02       1.04379E-03       1.06780E-03
       2.75423E-02       2.88403E-02       2.81913E-02       1.29800E-03       5.03248E-05       3.87710E-02       1.09301E-03       1.11812E-03
       2.88403E-02       3.01995E-02       2.95199E-02       1.35920E-03       5.26964E-05       3.87702E-02       1.14449E-03       1.17082E-03
       3.01995E-02       3.16228E-02       3.09112E-02       1.42330E-03       5.51799E-05       3.87690E-02       1.19839E-03       1.22600E-03
       3.16228E-02       3.31131E-02       3.23680E-02       1.49030E-03       5.77803E-05       3.87709E-02       1.25493E-03       1.28378E-03
       3.31131E-02       3.46737E-02       3.38934E-02       1.56060E-03       6.05039E-05       3.87697E-02       1.31404E-03       1.34428E-03
       3.46737E-02       3.63078E-02       3.54908E-02       1.63410E-03       6.33550E-05       3.87705E-02       1.37600E-03       1.40764E-03
       3.63078E-02       3.80189E-02       3.71633E-02       1.71110E-03       6.63407E-05       3.87708E-02       1.44085E-03       1.47398E-03
       3.80189E-02       3.98107E-02       3.89148E-02       1.79180E-03       6.94675E-05       3.87697E-02       1.50871E-03       1.54345E-03
       3.98107E-02       4.16869E-02       4.07488E-02       1.87620E-03       7.27412E-05       3.87705E-02       1.57985E-03       1.61619E-03
       4.16869E-02       4.36516E-02       4.26693E-02       1.96470E-03       7.61693E-05       3.87689E-02       1.65424E-03       1.69236E-03
       4.36516E-02       4.57088E-02       4.46802E-02       2.05720E-03       7.97594E-05       3.87709E-02       1.73229E-03       1.77212E-03
       4.57088E-02       4.78630E-02       4.67859E-02       2.15420E-03       8.35182E-05       3.87699E-02       1.81389E-03       1.85563E-03
       4.78630E-02       5.01187E-02       4.89908E-02       2.25570E-03       8.74541E-05       3.87703E-02       1.89939E-03       1.94309E-03
       5.01187E-02       5.24808E-02       5.12998E-02       2.36210E-03       9.15765E-05       3.87691E-02       1.98884E-03       2.03467E-03
       5.24808E-02       5.49541E-02       5.37174E-02       2.47330E-03       9.58921E-05       3.87709E-02       2.08267E-03       2.13056E-03
       5.49541E-02       5.75440E-02       5.62491E-02       2.58990E-03       1.00411E-04       3.87703E-02       2.18079E-03       2.23097E-03
       5.75440E-02       6.02560E-02       5.89000E-02       2.71200E-03       2.10510E-04       7.76217E-02       4.57192E-03       2.44148E-03
       6.02560E-02       6.30957E-02       6.16758E-02       2.83970E-03       9.15138E-04       3.22266E-01       1.98760E-02       3.35662E-03
       6.30957E-02       6.60693E-02       6.45825E-02       2.97360E-03       1.06077E-03       3.56729E-01       2.30385E-02       4.41739E-03
       6.60693E-02       6.91831E-02       6.76262E-02       3.11380E-03       1.11076E-03       3.56721E-01       2.41237E-02       5.52814E-03
       6.91831E-02       7.24436E-02       7.08134E-02       3.26050E-03       1.16311E-03       3.56728E-01       2.52611E-02       6.69125E-03
       7.24436E-02       7.58578E-02       7.41507E-02       3.41420E-03       1.21792E-03       3.56724E-01       2.64513E-02       7.90918E-03
       7.58578E-02       7.94328E-02       7.76453E-02       3.57500E-03       1.27532E-03       3.56732E-01       2.76986E-02       9.18450E-03
       7.94328E-02       8.31764E-02       8.13046E-02       3.74360E-03       1.33542E-03       3.56722E-01       2.90031E-02       1.05199E-02
       8.31764E-02       8.70964E-02       8.51364E-02       3.92000E-03       1.39836E-03       3.56724E-01       3.03702E-02       1.19183E-02
       8.70964E-02       9.12011E-02       8.91488E-02       4.10470E-03       1.46426E-03       3.56727E-01       3.18018E-02       1.33825E-02
       9.12011E-02       9.54993E-02       9.33502E-02       4.29820E-03       1.53327E-03       3.56725E-01       3.33003E-02       1.49158E-02
       9.54993E-02       1.00000E-01       9.77497E-02       4.50070E-03       1.60553E-03       3.56729E-01       3.48701E-02       1.65213E-02
       1.00000E-01       1.04713E-01       1.02357E-01       4.71300E-03       1.68121E-03       3.56719E-01       3.65125E-02       1.82026E-02
       1.04713E-01       1.09648E-01       1.07180E-01       4.93500E-03       1.76041E-03       3.56719E-01       3.82334E-02       1.99630E-02
       1.09648E-01       1.14815E-01       1.12231E-01       5.16700E-03       1.84342E-03       3.56768E-01       4.00406E-02       2.18064E-02
       1.14815E-01       1.20226E-01       1.17520E-01       5.41100E-03       2.19305E-03       4.05295E-01       4.76305E-02       2.39994E-02
       1.20226E-01       1.25892E-01       1.23059E-01       5.66600E-03       4.23700E-03       7.47794E-01       9.20227E-02       2.82364E-02
       1.25892E-01       1.31826E-01       1.28859E-01       5.93400E-03       4.77948E-03       8.05441E-01       1.03788E-01       3.30159E-02
       1.31826E-01       1.38038E-01       1.34932E-01       6.21200E-03       5.00463E-03       8.05640E-01       1.08707E-01       3.80206E-02
       1.38038E-01       1.44544E-01       1.41291E-01       6.50600E-03       5.24058E-03       8.05500E-01       1.13810E-01       4.32611E-02
       1.44544E-01       1.51356E-01       1.47950E-01       6.81200E-03       5.48748E-03       8.05561E-01       1.19183E-01       4.87486E-02
       1.51356E-01       1.58489E-01       1.54923E-01       7.13300E-03       5.74614E-03       8.05572E-01       1.24801E-01       5.44948E-02
       1.58489E-01       1.65959E-01       1.62224E-01       7.47000E-03       6.01696E-03       8.05484E-01       1.30669E-01       6.05117E-02
       1.65959E-01       1.73780E-01       1.69869E-01       7.82100E-03       6.30052E-03       8.05590E-01       1.36845E-01       6.68122E-02
       1.73780E-01       1.81970E-01       1.77875E-01       8.19000E-03       6.72225E-03       8.20787E-01       1.45997E-01       7.35345E-02
       1.81970E-01       1.90546E-01       1.86258E-01       8.57600E-03       7.60181E-03       8.86405E-01       1.65100E-01       8.11363E-02
       1.90546E-01       1.99526E-01       1.95036E-01       8.98000E-03       7.98051E-03       8.88698E-01       1.73328E-01       8.91168E-02
       1.99526E-01       2.08930E-01       2.04228E-01       9.40400E-03       8.35670E-03       8.88632E-01       1.81484E-01       9.74735E-02
       2.08930E-01       2.18776E-01       2.13853E-01       9.84600E-03       8.75056E-03       8.88743E-01       1.90060E-01       1.06224E-01
       2.18776E-01       2.29087E-01       2.23931E-01       1.03110E-02       9.16293E-03       8.88656E-01       1.98998E-01       1.15387E-01
       2.29087E-01       2.39883E-01       2.34485E-01       1.07960E-02       9.63667E-03       8.92615E-01       2.09305E-01       1.25024E-01
       2.39883E-01       2.51189E-01       2.45536E-01       1.13060E-02       1.05431E-02       9.32526E-01       2.28969E-01       1.35567E-01
       2.51189E-01       2.63027E-01       2.57108E-01       1.18380E-02       1.11497E-02       9.41854E-01       2.42158E-01       1.46716E-01
       2.63027E-01       2.75423E-01       2.69225E-01       1.23960E-02       1.16751E-02       9.41841E-01       2.53567E-01       1.58392E-01
       2.75423E-01       2.88403E-01       2.81913E-01       1.29800E-02       1.22254E-02       9.41861E-01       2.65523E-01       1.70617E-01
       2.88403E-01       3.01995E-01       2.95199E-01       1.35920E-02       1.32027E-02       9.71361E-01       2.86745E-01       1.83820E-01
       3.01995E-01       3.16228E-01       3.09112E-01       1.42330E-02       1.62397E-02       1.14099E+00       3.52692E-01       2.00059E-01
       3.16228E-01       3.31131E-01       3.23680E-01       1.49030E-02       1.72743E-02       1.15912E+00       3.75183E-01       2.17334E-01
       3.31131E-01       3.46737E-01       3.38934E-01       1.56060E-02       1.80886E-02       1.15908E+00       3.92851E-01       2.35422E-01
       3.46737E-01       3.63078E-01       3.54908E-01       1.63410E-02       1.99598E-02       1.22146E+00       4.33504E-01       2.55382E-01
       3.63078E-01       3.80189E-01       3.71633E-01       1.71110E-02       2.64082E-02       1.54334E+00       5.73559E-01       2.81790E-01
       3.80189E-01       3.98107E-01       3.89148E-01       1.79180E-02       2.80855E-02       1.56744E+00       6.09968E-01       3.09876E-01
       3.98107E-01       4.16869E-01       4.07488E-01       1.87620E-02       2.94778E-02       1.57115E+00       6.40223E-01       3.39354E-01
       4.16869E-01       4.36516E-01       4.26692E-01       1.96470E-02       3.57153E-02       1.81785E+00       7.75664E-01       3.75069E-01
       4.36516E-01       4.57088E-01       4.46802E-01       2.05720E-02       3.92503E-02       1.90795E+00       8.52476E-01       4.14319E-01
       4.57088E-01       4.78630E-01       4.67859E-01       2.15420E-02       4.05138E-02       1.88069E+00       8.79897E-01       4.54833E-01
       4.78630E-01       5.01187E-01       4.89909E-01       2.25570E-02       3.36834E-02       1.49326E+00       7.31559E-01       4.88516E-01
       5.01187E-01       5.24808E-01       5.12998E-01       2.36210E-02       3.27585E-02       1.38684E+00       7.11444E-01       5.21275E-01
       5.24808E-01       5.49541E-01       5.37174E-01       2.47330E-02       3.16862E-02       1.28113E+00       6.88190E-01       5.52961E-01
       5.49541E-01       5.75440E-01       5.62490E-01       2.58990E-02       2.65801E-02       1.02630E+00       5.77283E-01       5.79541E-01
       5.75440E-01       6.02560E-01       5.89000E-01       2.71200E-02       2.72005E-02       1.00297E+00       5.90748E-01       6.06742E-01
       6.02560E-01       6.30957E-01       6.16758E-01       2.83970E-02       2.42434E-02       8.53732E-01       5.26547E-01       6.30985E-01
       6.30957E-01       6.60693E-01       6.45825E-01       2.97360E-02       2.45486E-02       8.25551E-01       5.33161E-01       6.55534E-01
       6.60693E-01       6.91831E-01       6.76262E-01       3.11380E-02       2.40005E-02       7.70779E-01       5.21249E-01       6.79534E-01
       6.91831E-01       7.24436E-01       7.08133E-01       3.26050E-02       2.44748E-02       7.50646E-01       5.31557E-01       7.04009E-01
       7.24436E-01       7.58578E-01       7.41507E-01       3.41420E-02       2.38058E-02       6.97258E-01       5.17022E-01       7.27815E-01
       7.58578E-01       7.94328E-01       7.76453E-01       3.57500E-02       2.44989E-02       6.85284E-01       5.32090E-01       7.52314E-01
       7.94328E-01       8.31764E-01       8.13046E-01       3.74360E-02       2.51448E-02       6.71674E-01       5.46102E-01       7.77458E-01
       8.31764E-01       8.70964E-01       8.51364E-01       3.92000E-02       2.63057E-02       6.71065E-01       5.71320E-01       8.03764E-01
       8.70964E-01       9.12011E-01       8.91487E-01       4.10470E-02       2.74928E-02       6.69789E-01       5.97108E-01       8.31257E-01
       9.12011E-01       9.54993E-01       9.33502E-01       4.29820E-02       2.86178E-02       6.65808E-01       6.21533E-01       8.59875E-01
       9.54993E-01       1.00000E+00       9.77497E-01       4.50070E-02       2.95697E-02       6.57003E-01       6.42218E-01       8.89444E-01
       1.00000E+00       1.04713E+00       1.02357E+00       4.71300E-02       3.01889E-02       6.40546E-01       6.55641E-01       9.19633E-01
       1.04713E+00       1.09648E+00       1.07181E+00       4.93500E-02       3.02827E-02       6.13631E-01       6.57693E-01       9.49916E-01
       1.09648E+00       1.14815E+00       1.12231E+00       5.16700E-02       2.83178E-02       5.48051E-01       6.15086E-01       9.78234E-01
       1.14815E+00       1.20226E+00       1.17520E+00       5.41100E-02       1.89971E-02       3.51083E-01       4.12595E-01       9.97231E-01
       1.20226E+00       1.25892E+00       1.23059E+00       5.66600E-02       2.76902E-03       4.88709E-02       6.01400E-02       1.00000E+00

 Sum =                                                                         1.00000E+00
 Renormalization bin#   950 =                                                  1.11686E-03 barn        1.48000E+07        1.50000E+07        1.49000E+07
 Avg. Energy     bin#   950 =                                                  5.70829E-01 MeV         1.48000E+07        1.50000E+07
