"        MT=103 recoil spectrum "
" Initial neutron energy corresponds to the group:"
   1.08000E+01    1.10000E+01       0.00000E+00           793           860            68



          Low               High              Mid              Energy           Number             dn/de            E*dn/de          Cumulative
         Energy            Energy            Energy             Width          Fraction                               Sum   
         [MeV]             [MeV]             [MeV]              [MeV]

       3.46737E-02       3.63078E-02       3.54908E-02       1.63410E-03       0.00000E+00       0.00000E+00       0.00000E+00       0.00000E+00
       3.63078E-02       3.80189E-02       3.71633E-02       1.71110E-03       6.07585E-05       3.55085E-02       1.31961E-03       6.07585E-05
       3.80189E-02       3.98107E-02       3.89148E-02       1.79180E-03       1.65358E-04       9.22859E-02       3.59129E-03       2.26116E-04
       3.98107E-02       4.16869E-02       4.07488E-02       1.87620E-03       1.73150E-04       9.22878E-02       3.76062E-03       3.99267E-04
       4.16869E-02       4.36516E-02       4.26693E-02       1.96470E-03       1.81311E-04       9.22843E-02       3.93770E-03       5.80578E-04
       4.36516E-02       4.57088E-02       4.46802E-02       2.05720E-03       1.89856E-04       9.22886E-02       4.12347E-03       7.70434E-04
       4.57088E-02       4.78630E-02       4.67859E-02       2.15420E-03       1.98803E-04       9.22863E-02       4.31770E-03       9.69237E-04
       4.78630E-02       5.01187E-02       4.89908E-02       2.25570E-03       2.08173E-04       9.22875E-02       4.52124E-03       1.17741E-03
       5.01187E-02       5.24808E-02       5.12998E-02       2.36210E-03       2.17985E-04       9.22842E-02       4.73416E-03       1.39539E-03
       5.24808E-02       5.49541E-02       5.37174E-02       2.47330E-03       2.28257E-04       9.22883E-02       4.95749E-03       1.62365E-03
       5.49541E-02       5.75440E-02       5.62491E-02       2.58990E-03       2.39013E-04       9.22868E-02       5.19105E-03       1.86266E-03
       5.75440E-02       6.02560E-02       5.89000E-02       2.71200E-03       2.50279E-04       9.22857E-02       5.43563E-03       2.11294E-03
       6.02560E-02       6.30957E-02       6.16758E-02       2.83970E-03       2.62074E-04       9.22895E-02       5.69203E-03       2.37502E-03
       6.30957E-02       6.60693E-02       6.45825E-02       2.97360E-03       2.74426E-04       9.22875E-02       5.96016E-03       2.64944E-03
       6.60693E-02       6.91831E-02       6.76262E-02       3.11380E-03       2.87360E-04       9.22857E-02       6.24093E-03       2.93680E-03
       6.91831E-02       7.24436E-02       7.08134E-02       3.26050E-03       3.00901E-04       9.22868E-02       6.53514E-03       3.23770E-03
       7.24436E-02       7.58578E-02       7.41507E-02       3.41420E-03       7.85018E-04       2.29928E-01       1.70493E-02       4.02272E-03
       7.58578E-02       7.94328E-02       7.76453E-02       3.57500E-03       1.78960E-03       5.00589E-01       3.88684E-02       5.81233E-03
       7.94328E-02       8.31764E-02       8.13046E-02       3.74360E-03       1.87861E-03       5.01820E-01       4.08003E-02       7.69094E-03
       8.31764E-02       8.70964E-02       8.51364E-02       3.92000E-03       1.96714E-03       5.01820E-01       4.27232E-02       9.65808E-03
       8.70964E-02       9.12011E-02       8.91488E-02       4.10470E-03       2.05984E-03       5.01825E-01       4.47371E-02       1.17179E-02
       9.12011E-02       9.54993E-02       9.33502E-02       4.29820E-03       2.15693E-03       5.01821E-01       4.68451E-02       1.38748E-02
       9.54993E-02       1.00000E-01       9.77497E-02       4.50070E-03       2.25858E-03       5.01829E-01       4.90536E-02       1.61334E-02
       1.00000E-01       1.04713E-01       1.02357E-01       4.71300E-03       2.36505E-03       5.01814E-01       5.13640E-02       1.84985E-02
       1.04713E-01       1.09648E-01       1.07180E-01       4.93500E-03       2.47646E-03       5.01815E-01       5.37848E-02       2.09749E-02
       1.09648E-01       1.14815E-01       1.12231E-01       5.16700E-03       4.51278E-03       8.73385E-01       9.80213E-02       2.54877E-02
       1.14815E-01       1.20226E-01       1.17520E-01       5.41100E-03       6.34461E-03       1.17254E+00       1.37797E-01       3.18323E-02
       1.20226E-01       1.25892E-01       1.23059E-01       5.66600E-03       6.64372E-03       1.17256E+00       1.44294E-01       3.84760E-02
       1.25892E-01       1.31826E-01       1.28859E-01       5.93400E-03       6.95692E-03       1.17238E+00       1.51072E-01       4.54330E-02
       1.31826E-01       1.38038E-01       1.34932E-01       6.21200E-03       7.28463E-03       1.17267E+00       1.58231E-01       5.27176E-02
       1.38038E-01       1.44544E-01       1.41291E-01       6.50600E-03       7.62807E-03       1.17247E+00       1.65659E-01       6.03457E-02
       1.44544E-01       1.51356E-01       1.47950E-01       6.81200E-03       8.95481E-03       1.31456E+00       1.94490E-01       6.93005E-02
       1.51356E-01       1.58489E-01       1.54923E-01       7.13300E-03       1.15126E-02       1.61400E+00       2.50044E-01       8.08131E-02
       1.58489E-01       1.65959E-01       1.62224E-01       7.47000E-03       1.20776E-02       1.61682E+00       2.62287E-01       9.28907E-02
       1.65959E-01       1.73780E-01       1.69869E-01       7.82100E-03       1.26467E-02       1.61702E+00       2.74683E-01       1.05537E-01
       1.73780E-01       1.81970E-01       1.77875E-01       8.19000E-03       1.32428E-02       1.61694E+00       2.87614E-01       1.18780E-01
       1.81970E-01       1.90546E-01       1.86258E-01       8.57600E-03       1.39604E-02       1.62784E+00       3.03199E-01       1.32741E-01
       1.90546E-01       1.99526E-01       1.95036E-01       8.98000E-03       1.47222E-02       1.63945E+00       3.19751E-01       1.47463E-01
       1.99526E-01       2.08930E-01       2.04228E-01       9.40400E-03       1.54161E-02       1.63931E+00       3.34794E-01       1.62879E-01
       2.08930E-01       2.18776E-01       2.13853E-01       9.84600E-03       1.61427E-02       1.63952E+00       3.50617E-01       1.79022E-01
       2.18776E-01       2.29087E-01       2.23931E-01       1.03110E-02       1.68981E-02       1.63884E+00       3.66988E-01       1.95920E-01
       2.29087E-01       2.39883E-01       2.34485E-01       1.07960E-02       1.76816E-02       1.63779E+00       3.84037E-01       2.13601E-01
       2.39883E-01       2.51189E-01       2.45536E-01       1.13060E-02       1.85148E-02       1.63761E+00       4.02092E-01       2.32116E-01
       2.51189E-01       2.63027E-01       2.57108E-01       1.18380E-02       1.93814E-02       1.63722E+00       4.20942E-01       2.51498E-01
       2.63027E-01       2.75423E-01       2.69225E-01       1.23960E-02       2.02579E-02       1.63423E+00       4.39975E-01       2.71755E-01
       2.75423E-01       2.88403E-01       2.81913E-01       1.29800E-02       2.12097E-02       1.63403E+00       4.60654E-01       2.92965E-01
       2.88403E-01       3.01995E-01       2.95199E-01       1.35920E-02       2.22006E-02       1.63336E+00       4.82167E-01       3.15166E-01
       3.01995E-01       3.16228E-01       3.09112E-01       1.42330E-02       2.32133E-02       1.63095E+00       5.04146E-01       3.38379E-01
       3.16228E-01       3.31131E-01       3.23680E-01       1.49030E-02       2.43060E-02       1.63095E+00       5.27905E-01       3.62685E-01
       3.31131E-01       3.46737E-01       3.38934E-01       1.56060E-02       2.54334E-02       1.62972E+00       5.52368E-01       3.88119E-01
       3.46737E-01       3.63078E-01       3.54908E-01       1.63410E-02       2.66197E-02       1.62901E+00       5.78150E-01       4.14738E-01
       3.63078E-01       3.80189E-01       3.71633E-01       1.71110E-02       2.78723E-02       1.62891E+00       6.05357E-01       4.42611E-01
       3.80189E-01       3.98107E-01       3.89148E-01       1.79180E-02       2.91800E-02       1.62853E+00       6.33740E-01       4.71791E-01
       3.98107E-01       4.16869E-01       4.07488E-01       1.87620E-02       3.05659E-02       1.62914E+00       6.63854E-01       5.02356E-01
       4.16869E-01       4.36516E-01       4.26692E-01       1.96470E-02       3.20268E-02       1.63011E+00       6.95556E-01       5.34383E-01
       4.36516E-01       4.57088E-01       4.46802E-01       2.05720E-02       3.35596E-02       1.63133E+00       7.28879E-01       5.67943E-01
       4.57088E-01       4.78630E-01       4.67859E-01       2.15420E-02       3.51748E-02       1.63285E+00       7.63943E-01       6.03118E-01
       4.78630E-01       5.01187E-01       4.89909E-01       2.25570E-02       3.68820E-02       1.63506E+00       8.01029E-01       6.40000E-01
       5.01187E-01       5.24808E-01       5.12998E-01       2.36210E-02       3.86426E-02       1.63594E+00       8.39234E-01       6.78642E-01
       5.24808E-01       5.49541E-01       5.37174E-01       2.47330E-02       4.04360E-02       1.63490E+00       8.78227E-01       7.19078E-01
       5.49541E-01       5.75440E-01       5.62490E-01       2.58990E-02       4.19155E-02       1.61842E+00       9.10347E-01       7.60994E-01
       5.75440E-01       6.02560E-01       5.89000E-01       2.71200E-02       4.32215E-02       1.59371E+00       9.38697E-01       8.04215E-01
       6.02560E-01       6.30957E-01       6.16758E-01       2.83970E-02       4.37983E-02       1.54236E+00       9.51261E-01       8.48014E-01
       6.30957E-01       6.60693E-01       6.45825E-01       2.97360E-02       4.40831E-02       1.48248E+00       9.57424E-01       8.92097E-01
       6.60693E-01       6.91831E-01       6.76262E-01       3.11380E-02       4.31560E-02       1.38596E+00       9.37272E-01       9.35253E-01
       6.91831E-01       7.24436E-01       7.08133E-01       3.26050E-02       4.02527E-02       1.23456E+00       8.74230E-01       9.75505E-01
       7.24436E-01       7.58578E-01       7.41507E-01       3.41420E-02       2.43881E-02       7.14315E-01       5.29669E-01       9.99894E-01
       7.58578E-01       7.94328E-01       7.76453E-01       3.57500E-02       1.06497E-04       2.97892E-03       2.31299E-03       1.00000E+00

 Sum =                                                                         1.00000E+00
 Renormalization bin#   930 =                                                  8.00143E-03 barn        1.08000E+07        1.10000E+07        1.09000E+07
 Avg. Energy     bin#   930 =                                                  4.16308E-01 MeV         1.08000E+07        1.10000E+07
