"        MT=104 recoil spectrum "
" Initial neutron energy corresponds to the group:"
   1.24000E+01    1.26000E+01       0.00000E+00           790           857            68



          Low               High              Mid              Energy           Number             dn/de            E*dn/de          Cumulative
         Energy            Energy            Energy             Width          Fraction                               Sum   
         [MeV]             [MeV]             [MeV]              [MeV]

       3.01995E-02       3.16228E-02       3.09112E-02       1.42330E-03       0.00000E+00       0.00000E+00       0.00000E+00       0.00000E+00
       3.16228E-02       3.31131E-02       3.23680E-02       1.49030E-03       1.17180E-05       7.86287E-03       2.54505E-04       1.17180E-05
       3.31131E-02       3.46737E-02       3.38934E-02       1.56060E-03       7.93681E-05       5.08575E-02       1.72373E-03       9.10862E-05
       3.46737E-02       3.63078E-02       3.54908E-02       1.63410E-03       1.67126E-04       1.02274E-01       3.62979E-03       2.58213E-04
       3.63078E-02       3.80189E-02       3.71633E-02       1.71110E-03       1.75003E-04       1.02275E-01       3.80089E-03       4.33215E-04
       3.80189E-02       3.98107E-02       3.89148E-02       1.79180E-03       1.83252E-04       1.02273E-01       3.97991E-03       6.16467E-04
       3.98107E-02       4.16869E-02       4.07488E-02       1.87620E-03       1.91888E-04       1.02275E-01       4.16758E-03       8.08355E-04
       4.16869E-02       4.36516E-02       4.26693E-02       1.96470E-03       2.00930E-04       1.02270E-01       4.36378E-03       1.00929E-03
       4.36516E-02       4.57088E-02       4.46802E-02       2.05720E-03       2.10401E-04       1.02275E-01       4.56968E-03       1.21969E-03
       4.57088E-02       4.78630E-02       4.67859E-02       2.15420E-03       2.20316E-04       1.02273E-01       4.78492E-03       1.44000E-03
       4.78630E-02       5.01187E-02       4.89908E-02       2.25570E-03       2.30698E-04       1.02273E-01       5.01045E-03       1.67070E-03
       5.01187E-02       5.24808E-02       5.12998E-02       2.36210E-03       2.41571E-04       1.02270E-01       5.24641E-03       1.91227E-03
       5.24808E-02       5.49541E-02       5.37174E-02       2.47330E-03       2.52956E-04       1.02275E-01       5.49394E-03       2.16523E-03
       5.49541E-02       5.75440E-02       5.62491E-02       2.58990E-03       2.64877E-04       1.02273E-01       5.75277E-03       2.43010E-03
       5.75440E-02       6.02560E-02       5.89000E-02       2.71200E-03       2.77362E-04       1.02272E-01       6.02382E-03       2.70747E-03
       6.02560E-02       6.30957E-02       6.16758E-02       2.83970E-03       2.90432E-04       1.02275E-01       6.30793E-03       2.99790E-03
       6.30957E-02       6.60693E-02       6.45825E-02       2.97360E-03       3.73808E-04       1.25709E-01       8.11861E-03       3.37171E-03
       6.60693E-02       6.91831E-02       6.76262E-02       3.11380E-03       8.26678E-04       2.65488E-01       1.79540E-02       4.19838E-03
       6.91831E-02       7.24436E-02       7.08134E-02       3.26050E-03       1.49877E-03       4.59675E-01       3.25511E-02       5.69715E-03
       7.24436E-02       7.58578E-02       7.41507E-02       3.41420E-03       1.56940E-03       4.59670E-01       3.40848E-02       7.26656E-03
       7.58578E-02       7.94328E-02       7.76453E-02       3.57500E-03       1.64336E-03       4.59682E-01       3.56922E-02       8.90992E-03
       7.94328E-02       8.31764E-02       8.13046E-02       3.74360E-03       1.72082E-03       4.59670E-01       3.73733E-02       1.06307E-02
       8.31764E-02       8.70964E-02       8.51364E-02       3.92000E-03       1.80192E-03       4.59672E-01       3.91348E-02       1.24327E-02
       8.70964E-02       9.12011E-02       8.91488E-02       4.10470E-03       1.88684E-03       4.59677E-01       4.09796E-02       1.43195E-02
       9.12011E-02       9.54993E-02       9.33502E-02       4.29820E-03       1.97643E-03       4.59828E-01       4.29250E-02       1.62959E-02
       9.54993E-02       1.00000E-01       9.77497E-02       4.50070E-03       2.08027E-03       4.62209E-01       4.51808E-02       1.83762E-02
       1.00000E-01       1.04713E-01       1.02357E-01       4.71300E-03       2.23749E-03       4.74748E-01       4.85935E-02       2.06137E-02
       1.04713E-01       1.09648E-01       1.07180E-01       4.93500E-03       2.39042E-03       4.84380E-01       5.19161E-02       2.30041E-02
       1.09648E-01       1.14815E-01       1.12231E-01       5.16700E-03       2.50314E-03       4.84447E-01       5.43702E-02       2.55072E-02
       1.14815E-01       1.20226E-01       1.17520E-01       5.41100E-03       2.62104E-03       4.84391E-01       5.69258E-02       2.81283E-02
       1.20226E-01       1.25892E-01       1.23059E-01       5.66600E-03       2.74461E-03       4.84399E-01       5.96097E-02       3.08729E-02
       1.25892E-01       1.31826E-01       1.28859E-01       5.93400E-03       2.87379E-03       4.84292E-01       6.24054E-02       3.37467E-02
       1.31826E-01       1.38038E-01       1.34932E-01       6.21200E-03       3.00783E-03       4.84197E-01       6.53337E-02       3.67545E-02
       1.38038E-01       1.44544E-01       1.41291E-01       6.50600E-03       3.14735E-03       4.83761E-01       6.83510E-02       3.99018E-02
       1.44544E-01       1.51356E-01       1.47950E-01       6.81200E-03       3.29562E-03       4.83796E-01       7.15776E-02       4.31975E-02
       1.51356E-01       1.58489E-01       1.54923E-01       7.13300E-03       3.45093E-03       4.83798E-01       7.49513E-02       4.66484E-02
       1.58489E-01       1.65959E-01       1.62224E-01       7.47000E-03       3.61086E-03       4.83382E-01       7.84162E-02       5.02593E-02
       1.65959E-01       1.73780E-01       1.69869E-01       7.82100E-03       3.76612E-03       4.81540E-01       8.17990E-02       5.40254E-02
       1.73780E-01       1.81970E-01       1.77875E-01       8.19000E-03       3.92757E-03       4.79557E-01       8.53012E-02       5.79529E-02
       1.81970E-01       1.90546E-01       1.86258E-01       8.57600E-03       4.11253E-03       4.79540E-01       8.93181E-02       6.20655E-02
       1.90546E-01       1.99526E-01       1.95036E-01       8.98000E-03       4.30205E-03       4.79070E-01       9.34359E-02       6.63675E-02
       1.99526E-01       2.08930E-01       2.04228E-01       9.40400E-03       4.48132E-03       4.76533E-01       9.73214E-02       7.08488E-02
       2.08930E-01       2.18776E-01       2.13853E-01       9.84600E-03       4.67028E-03       4.74333E-01       1.01438E-01       7.55191E-02
       2.18776E-01       2.29087E-01       2.23931E-01       1.03110E-02       4.88853E-03       4.74109E-01       1.06168E-01       8.04077E-02
       2.29087E-01       2.39883E-01       2.34485E-01       1.07960E-02       5.10703E-03       4.73048E-01       1.10923E-01       8.55147E-02
       2.39883E-01       2.51189E-01       2.45536E-01       1.13060E-02       5.31014E-03       4.69675E-01       1.15322E-01       9.08248E-02
       2.51189E-01       2.63027E-01       2.57108E-01       1.18380E-02       7.00469E-03       5.91713E-01       1.52134E-01       9.78295E-02
       2.63027E-01       2.75423E-01       2.69225E-01       1.23960E-02       1.49276E-02       1.20423E+00       3.24208E-01       1.12757E-01
       2.75423E-01       2.88403E-01       2.81913E-01       1.29800E-02       2.86603E-02       2.20803E+00       6.22473E-01       1.41417E-01
       2.88403E-01       3.01995E-01       2.95199E-01       1.35920E-02       3.00747E-02       2.21268E+00       6.53181E-01       1.71492E-01
       3.01995E-01       3.16228E-01       3.09112E-01       1.42330E-02       3.17448E-02       2.23036E+00       6.89431E-01       2.03237E-01
       3.16228E-01       3.31131E-01       3.23680E-01       1.49030E-02       3.30250E-02       2.21599E+00       7.17272E-01       2.36262E-01
       3.31131E-01       3.46737E-01       3.38934E-01       1.56060E-02       3.32534E-02       2.13081E+00       7.22204E-01       2.69515E-01
       3.46737E-01       3.63078E-01       3.54908E-01       1.63410E-02       3.36090E-02       2.05673E+00       7.29948E-01       3.03124E-01
       3.63078E-01       3.80189E-01       3.71633E-01       1.71110E-02       3.65578E-02       2.13651E+00       7.93999E-01       3.39682E-01
       3.80189E-01       3.98107E-01       3.89148E-01       1.79180E-02       4.04626E-02       2.25821E+00       8.78777E-01       3.80145E-01
       3.98107E-01       4.16869E-01       4.07488E-01       1.87620E-02       4.36380E-02       2.32587E+00       9.47764E-01       4.23783E-01
       4.16869E-01       4.36516E-01       4.26692E-01       1.96470E-02       4.72128E-02       2.40306E+00       1.02537E+00       4.70996E-01
       4.36516E-01       4.57088E-01       4.46802E-01       2.05720E-02       5.00595E-02       2.43338E+00       1.08724E+00       5.21055E-01
       4.57088E-01       4.78630E-01       4.67859E-01       2.15420E-02       5.10546E-02       2.37000E+00       1.10883E+00       5.72110E-01
       4.78630E-01       5.01187E-01       4.89909E-01       2.25570E-02       4.73231E-02       2.09793E+00       1.02779E+00       6.19433E-01
       5.01187E-01       5.24808E-01       5.12998E-01       2.36210E-02       4.99385E-02       2.11415E+00       1.08456E+00       6.69371E-01
       5.24808E-01       5.49541E-01       5.37174E-01       2.47330E-02       5.46590E-02       2.20996E+00       1.18714E+00       7.24030E-01
       5.49541E-01       5.75440E-01       5.62490E-01       2.58990E-02       6.20308E-02       2.39511E+00       1.34722E+00       7.86061E-01
       5.75440E-01       6.02560E-01       5.89000E-01       2.71200E-02       6.17656E-02       2.27749E+00       1.34144E+00       8.47826E-01
       6.02560E-01       6.30957E-01       6.16758E-01       2.83970E-02       6.12460E-02       2.15678E+00       1.33021E+00       9.09072E-01
       6.30957E-01       6.60693E-01       6.45825E-01       2.97360E-02       5.71539E-02       1.92205E+00       1.24130E+00       9.66226E-01
       6.60693E-01       6.91831E-01       6.76262E-01       3.11380E-02       3.37736E-02       1.08464E+00       7.33504E-01       1.00000E+00

 Sum =                                                                         1.00000E+00
 Renormalization bin#   938 =                                                  3.61972E-06 barn        1.24000E+07        1.26000E+07        1.25000E+07
 Avg. Energy     bin#   938 =                                                  4.41070E-01 MeV         1.24000E+07        1.26000E+07
