"        MT=103 recoil spectrum "
" Initial neutron energy corresponds to the group:"
   1.40000E+01    1.42000E+01       0.00000E+00           229           869           641



          Low               High              Mid              Energy           Number             dn/de            E*dn/de          Cumulative
         Energy            Energy            Energy             Width          Fraction                               Sum   
         [MeV]             [MeV]             [MeV]              [MeV]

       3.63078E-07       3.80189E-07       3.71633E-07       1.71110E-08       0.00000E+00       0.00000E+00       0.00000E+00       0.00000E+00
       3.80189E-07       3.98107E-07       3.89148E-07       1.79180E-08       3.90818E-11       2.18115E-03       8.48789E-10       3.90818E-11
       3.98107E-07       4.16869E-07       4.07488E-07       1.87620E-08       4.09241E-11       2.18122E-03       8.88820E-10       8.00058E-11
       4.16869E-07       4.36516E-07       4.26693E-07       1.96470E-08       4.28504E-11       2.18102E-03       9.30625E-10       1.22856E-10
       4.36516E-07       4.57088E-07       4.46802E-07       2.05720E-08       4.48685E-11       2.18105E-03       9.74497E-10       1.67725E-10
       4.57088E-07       4.78630E-07       4.67859E-07       2.15420E-08       4.69860E-11       2.18113E-03       1.02046E-09       2.14711E-10
       4.78630E-07       5.01187E-07       4.89909E-07       2.25570E-08       4.91991E-11       2.18110E-03       1.06854E-09       2.63910E-10
       5.01187E-07       5.24807E-07       5.12997E-07       2.36200E-08       5.15191E-11       2.18117E-03       1.11893E-09       3.15429E-10
       5.24807E-07       5.50000E-07       5.37403E-07       2.51930E-08       5.49476E-11       2.18106E-03       1.17211E-09       3.70377E-10
       5.50000E-07       5.75000E-07       5.62500E-07       2.50000E-08       5.45272E-11       2.18109E-03       1.22686E-09       4.24904E-10
       5.75000E-07       6.00000E-07       5.87500E-07       2.50000E-08       5.45272E-11       2.18108E-03       1.28139E-09       4.79431E-10
       6.00000E-07       6.25000E-07       6.12500E-07       2.50000E-08       5.45272E-11       2.18109E-03       1.33592E-09       5.33958E-10
       6.25000E-07       6.50000E-07       6.37500E-07       2.50000E-08       5.45272E-11       2.18109E-03       1.39044E-09       5.88486E-10
       6.50000E-07       6.75000E-07       6.62500E-07       2.50000E-08       5.45272E-11       2.18108E-03       1.44497E-09       6.43013E-10
       6.75000E-07       7.00000E-07       6.87500E-07       2.50000E-08       5.45272E-11       2.18109E-03       1.49950E-09       6.97540E-10
       7.00000E-07       7.25000E-07       7.12500E-07       2.50000E-08       5.45272E-11       2.18108E-03       1.55402E-09       7.52067E-10
       7.25000E-07       7.50000E-07       7.37500E-07       2.50000E-08       5.45272E-11       2.18109E-03       1.60855E-09       8.06594E-10
       7.50000E-07       7.75000E-07       7.62500E-07       2.50000E-08       5.45272E-11       2.18109E-03       1.66308E-09       8.61122E-10
       7.75000E-07       8.00000E-07       7.87500E-07       2.50000E-08       5.45272E-11       2.18108E-03       1.71760E-09       9.15649E-10
       8.00000E-07       8.25000E-07       8.12500E-07       2.50000E-08       5.45272E-11       2.18109E-03       1.77214E-09       9.70176E-10
       8.25000E-07       8.50000E-07       8.37500E-07       2.50000E-08       5.45272E-11       2.18108E-03       1.82666E-09       1.02470E-09
       8.50000E-07       8.75000E-07       8.62500E-07       2.50000E-08       5.45272E-11       2.18109E-03       1.88119E-09       1.07923E-09
       8.75000E-07       9.00000E-07       8.87500E-07       2.50000E-08       5.45272E-11       2.18109E-03       1.93572E-09       1.13376E-09
       9.00000E-07       9.25000E-07       9.12500E-07       2.50000E-08       5.45272E-11       2.18108E-03       1.99024E-09       1.18828E-09
       9.25000E-07       9.50000E-07       9.37500E-07       2.50000E-08       5.45272E-11       2.18109E-03       2.04477E-09       1.24281E-09
       9.50000E-07       9.75000E-07       9.62500E-07       2.50000E-08       5.45272E-11       2.18108E-03       2.09929E-09       1.29734E-09
       9.75000E-07       1.00000E-06       9.87500E-07       2.50000E-08       5.45272E-11       2.18109E-03       2.15383E-09       1.35187E-09
       1.00000E-06       1.02500E-06       1.01250E-06       2.50000E-08       5.45272E-11       2.18109E-03       2.20835E-09       1.40639E-09
       1.02500E-06       1.05000E-06       1.03750E-06       2.50000E-08       5.45272E-11       2.18109E-03       2.26288E-09       1.46092E-09
       1.05000E-06       1.07500E-06       1.06250E-06       2.50001E-08       5.45272E-11       2.18108E-03       2.31740E-09       1.51545E-09
       1.07500E-06       1.10000E-06       1.08750E-06       2.50000E-08       5.45272E-11       2.18109E-03       2.37194E-09       1.56997E-09
       1.10000E-06       1.12500E-06       1.11250E-06       2.50000E-08       5.45272E-11       2.18109E-03       2.42646E-09       1.62450E-09
       1.12500E-06       1.15000E-06       1.13750E-06       2.50000E-08       5.45272E-11       2.18109E-03       2.48099E-09       1.67903E-09
       1.15000E-06       1.17500E-06       1.16250E-06       2.50000E-08       5.45272E-11       2.18109E-03       2.53552E-09       1.73356E-09
       1.17500E-06       1.20000E-06       1.18750E-06       2.50001E-08       5.45272E-11       2.18108E-03       2.59003E-09       1.78808E-09
       1.20000E-06       1.22500E-06       1.21250E-06       2.50000E-08       5.45272E-11       2.18109E-03       2.64457E-09       1.84261E-09
       1.22500E-06       1.25000E-06       1.23750E-06       2.50000E-08       5.45272E-11       2.18109E-03       2.69910E-09       1.89714E-09
       1.25000E-06       1.27500E-06       1.26250E-06       2.50000E-08       5.45272E-11       2.18109E-03       2.75363E-09       1.95167E-09
       1.27500E-06       1.30000E-06       1.28750E-06       2.50000E-08       5.45272E-11       2.18109E-03       2.80815E-09       2.00619E-09
       1.30000E-06       1.32500E-06       1.31250E-06       2.50001E-08       5.45272E-11       2.18108E-03       2.86267E-09       2.06072E-09
       1.32500E-06       1.35000E-06       1.33750E-06       2.50000E-08       5.45272E-11       2.18109E-03       2.91721E-09       2.11525E-09
       1.35000E-06       1.37500E-06       1.36250E-06       2.50000E-08       5.45272E-11       2.18109E-03       2.97173E-09       2.16977E-09
       1.37500E-06       1.40000E-06       1.38750E-06       2.50000E-08       5.45272E-11       2.18109E-03       3.02626E-09       2.22430E-09
       1.40000E-06       1.42500E-06       1.41250E-06       2.50000E-08       5.45272E-11       2.18109E-03       3.08079E-09       2.27883E-09
       1.42500E-06       1.45000E-06       1.43750E-06       2.50001E-08       5.45272E-11       2.18108E-03       3.13530E-09       2.33336E-09
       1.45000E-06       1.47500E-06       1.46250E-06       2.50000E-08       5.45272E-11       2.18109E-03       3.18984E-09       2.38788E-09
       1.47500E-06       1.50000E-06       1.48750E-06       2.50000E-08       5.45272E-11       2.18109E-03       3.24437E-09       2.44241E-09
       1.50000E-06       1.52500E-06       1.51250E-06       2.50000E-08       5.45272E-11       2.18109E-03       3.29890E-09       2.49694E-09
       1.52500E-06       1.55000E-06       1.53750E-06       2.50000E-08       5.45272E-11       2.18109E-03       3.35343E-09       2.55147E-09
       1.55000E-06       1.57500E-06       1.56250E-06       2.50001E-08       5.45272E-11       2.18108E-03       3.40794E-09       2.60599E-09
       1.57500E-06       1.60000E-06       1.58750E-06       2.50000E-08       5.45272E-11       2.18109E-03       3.46248E-09       2.66052E-09
       1.60000E-06       1.62500E-06       1.61250E-06       2.50000E-08       5.45272E-11       2.18109E-03       3.51701E-09       2.71505E-09
       1.62500E-06       1.65000E-06       1.63750E-06       2.50000E-08       5.45272E-11       2.18109E-03       3.57153E-09       2.76957E-09
       1.65000E-06       1.67500E-06       1.66250E-06       2.50000E-08       5.45272E-11       2.18109E-03       3.62606E-09       2.82410E-09
       1.67500E-06       1.70000E-06       1.68750E-06       2.50001E-08       5.45272E-11       2.18108E-03       3.68057E-09       2.87863E-09
       1.70000E-06       1.72500E-06       1.71250E-06       2.50000E-08       5.45272E-11       2.18109E-03       3.73512E-09       2.93316E-09
       1.72500E-06       1.75000E-06       1.73750E-06       2.50000E-08       5.45272E-11       2.18109E-03       3.78964E-09       2.98768E-09
       1.75000E-06       1.77500E-06       1.76250E-06       2.50000E-08       5.45272E-11       2.18109E-03       3.84417E-09       3.04221E-09
       1.77500E-06       1.80000E-06       1.78750E-06       2.50000E-08       5.45272E-11       2.18109E-03       3.89870E-09       3.09674E-09
       1.80000E-06       1.82500E-06       1.81250E-06       2.50001E-08       5.45272E-11       2.18108E-03       3.95321E-09       3.15127E-09
       1.82500E-06       1.85000E-06       1.83750E-06       2.50000E-08       5.45272E-11       2.18109E-03       4.00775E-09       3.20579E-09
       1.85000E-06       1.87500E-06       1.86250E-06       2.50000E-08       5.45272E-11       2.18109E-03       4.06228E-09       3.26032E-09
       1.87500E-06       1.90000E-06       1.88750E-06       2.50000E-08       5.45272E-11       2.18109E-03       4.11681E-09       3.31485E-09
       1.90000E-06       1.92500E-06       1.91250E-06       2.50000E-08       5.45272E-11       2.18109E-03       4.17133E-09       3.36937E-09
       1.92500E-06       1.95000E-06       1.93750E-06       2.50001E-08       5.45272E-11       2.18108E-03       4.22584E-09       3.42390E-09
       1.95000E-06       1.97500E-06       1.96250E-06       2.50000E-08       5.45272E-11       2.18109E-03       4.28039E-09       3.47843E-09
       1.97500E-06       2.00000E-06       1.98750E-06       2.50000E-08       5.45272E-11       2.18109E-03       4.33492E-09       3.53296E-09
       2.00000E-06       2.02500E-06       2.01250E-06       2.50001E-08       5.45272E-11       2.18108E-03       4.38942E-09       3.58748E-09
       2.02500E-06       2.05000E-06       2.03750E-06       2.49999E-08       5.45272E-11       2.18110E-03       4.44399E-09       3.64201E-09
       2.05000E-06       2.07500E-06       2.06250E-06       2.50001E-08       5.45272E-11       2.18108E-03       4.49848E-09       3.69654E-09
       2.07500E-06       2.10000E-06       2.08750E-06       2.49999E-08       5.45272E-11       2.18110E-03       4.55305E-09       3.75106E-09
       2.10000E-06       2.12500E-06       2.11250E-06       2.50001E-08       5.45272E-11       2.18108E-03       4.60753E-09       3.80559E-09
       2.12500E-06       2.15000E-06       2.13750E-06       2.50001E-08       5.45272E-11       2.18108E-03       4.66206E-09       3.86012E-09
       2.15000E-06       2.17500E-06       2.16250E-06       2.49999E-08       5.45272E-11       2.18110E-03       4.71663E-09       3.91465E-09
       2.17500E-06       2.20000E-06       2.18750E-06       2.50001E-08       5.45272E-11       2.18108E-03       4.77111E-09       3.96917E-09
       2.20000E-06       2.22500E-06       2.21250E-06       2.49999E-08       5.45272E-11       2.18110E-03       4.82568E-09       4.02370E-09
       2.22500E-06       2.25000E-06       2.23750E-06       2.50001E-08       5.45272E-11       2.18108E-03       4.88016E-09       4.07823E-09
       2.25000E-06       2.27500E-06       2.26250E-06       2.50001E-08       5.45272E-11       2.18108E-03       4.93469E-09       4.13275E-09
       2.27500E-06       2.30000E-06       2.28750E-06       2.49999E-08       5.45272E-11       2.18110E-03       4.98927E-09       4.18728E-09
       2.30000E-06       2.32500E-06       2.31250E-06       2.50001E-08       5.45272E-11       2.18108E-03       5.04375E-09       4.24181E-09
       2.32500E-06       2.35000E-06       2.33750E-06       2.49999E-08       5.45272E-11       2.18110E-03       5.09832E-09       4.29634E-09
       2.35000E-06       2.37500E-06       2.36250E-06       2.50001E-08       5.45272E-11       2.18108E-03       5.15280E-09       4.35086E-09
       2.37500E-06       2.40000E-06       2.38750E-06       2.50001E-08       5.45272E-11       2.18108E-03       5.20733E-09       4.40539E-09
       2.40000E-06       2.42500E-06       2.41250E-06       2.49999E-08       5.45272E-11       2.18110E-03       5.26190E-09       4.45992E-09
       2.42500E-06       2.45000E-06       2.43750E-06       2.50001E-08       5.45272E-11       2.18108E-03       5.31638E-09       4.51444E-09
       2.45000E-06       2.47500E-06       2.46250E-06       2.49999E-08       5.45272E-11       2.18110E-03       5.37096E-09       4.56897E-09
       2.47500E-06       2.50000E-06       2.48750E-06       2.50001E-08       5.45272E-11       2.18108E-03       5.42543E-09       4.62350E-09
       2.50000E-06       2.52500E-06       2.51250E-06       2.50001E-08       5.45272E-11       2.18108E-03       5.47996E-09       4.67802E-09
       2.52500E-06       2.55000E-06       2.53750E-06       2.49999E-08       5.45272E-11       2.18110E-03       5.53454E-09       4.73255E-09
       2.55000E-06       2.57500E-06       2.56250E-06       2.50001E-08       5.45272E-11       2.18108E-03       5.58902E-09       4.78708E-09
       2.57500E-06       2.60000E-06       2.58750E-06       2.49999E-08       5.45272E-11       2.18110E-03       5.64360E-09       4.84161E-09
       2.60000E-06       2.62500E-06       2.61250E-06       2.50001E-08       5.45272E-11       2.18108E-03       5.69807E-09       4.89613E-09
       2.62500E-06       2.65000E-06       2.63750E-06       2.50001E-08       5.45272E-11       2.18108E-03       5.75260E-09       4.95066E-09
       2.65000E-06       2.67500E-06       2.66250E-06       2.49999E-08       5.45272E-11       2.18110E-03       5.80718E-09       5.00519E-09
       2.67500E-06       2.70000E-06       2.68750E-06       2.50001E-08       5.45272E-11       2.18108E-03       5.86165E-09       5.05971E-09
       2.70000E-06       2.72500E-06       2.71250E-06       2.49999E-08       5.45272E-11       2.18110E-03       5.91623E-09       5.11424E-09
       2.72500E-06       2.75000E-06       2.73750E-06       2.50001E-08       5.45272E-11       2.18108E-03       5.97070E-09       5.16877E-09
       2.75000E-06       2.77500E-06       2.76250E-06       2.50001E-08       5.45272E-11       2.18108E-03       6.02523E-09       5.22330E-09
       2.77500E-06       2.80000E-06       2.78750E-06       2.49999E-08       5.45272E-11       2.18110E-03       6.07982E-09       5.27782E-09
       2.80000E-06       2.82500E-06       2.81250E-06       2.50001E-08       5.45272E-11       2.18108E-03       6.13429E-09       5.33235E-09
       2.82500E-06       2.85000E-06       2.83750E-06       2.49999E-08       5.45272E-11       2.18110E-03       6.18887E-09       5.38688E-09
       2.85000E-06       2.87500E-06       2.86250E-06       2.50001E-08       5.45272E-11       2.18108E-03       6.24334E-09       5.44140E-09
       2.87500E-06       2.90000E-06       2.88750E-06       2.50001E-08       5.45272E-11       2.18108E-03       6.29787E-09       5.49593E-09
       2.90000E-06       2.92500E-06       2.91250E-06       2.49999E-08       5.45272E-11       2.18110E-03       6.35245E-09       5.55046E-09
       2.92500E-06       2.95000E-06       2.93750E-06       2.50001E-08       5.45272E-11       2.18108E-03       6.40692E-09       5.60498E-09
       2.95000E-06       2.97500E-06       2.96250E-06       2.49999E-08       5.45272E-11       2.18110E-03       6.46151E-09       5.65951E-09
       2.97500E-06       3.00000E-06       2.98750E-06       2.50001E-08       5.45272E-11       2.18108E-03       6.51597E-09       5.71404E-09
       3.00000E-06       3.02500E-06       3.01250E-06       2.50001E-08       5.45272E-11       2.18108E-03       6.57050E-09       5.76857E-09
       3.02500E-06       3.05000E-06       3.03750E-06       2.49999E-08       5.45272E-11       2.18110E-03       6.62509E-09       5.82309E-09
       3.05000E-06       3.07500E-06       3.06250E-06       2.50001E-08       5.45272E-11       2.18108E-03       6.67956E-09       5.87762E-09
       3.07500E-06       3.10000E-06       3.08750E-06       2.49999E-08       5.45272E-11       2.18110E-03       6.73415E-09       5.93215E-09
       3.10000E-06       3.12500E-06       3.11250E-06       2.50001E-08       5.45272E-11       2.18108E-03       6.78861E-09       5.98667E-09
       3.12500E-06       3.15000E-06       3.13750E-06       2.50001E-08       5.45272E-11       2.18108E-03       6.84314E-09       6.04120E-09
       3.15000E-06       3.17500E-06       3.16250E-06       2.49999E-08       5.45272E-11       2.18110E-03       6.89773E-09       6.09573E-09
       3.17500E-06       3.20000E-06       3.18750E-06       2.50001E-08       5.45272E-11       2.18108E-03       6.95219E-09       6.15025E-09
       3.20000E-06       3.22500E-06       3.21250E-06       2.49999E-08       5.45272E-11       2.18110E-03       7.00678E-09       6.20478E-09
       3.22500E-06       3.25000E-06       3.23750E-06       2.50001E-08       5.45272E-11       2.18108E-03       7.06124E-09       6.25931E-09
       3.25000E-06       3.27500E-06       3.26250E-06       2.50001E-08       5.45272E-11       2.18108E-03       7.11577E-09       6.31384E-09
       3.27500E-06       3.30000E-06       3.28750E-06       2.49999E-08       5.45272E-11       2.18110E-03       7.17037E-09       6.36836E-09
       3.30000E-06       3.32500E-06       3.31250E-06       2.50001E-08       5.45272E-11       2.18108E-03       7.22482E-09       6.42289E-09
       3.32500E-06       3.35000E-06       3.33750E-06       2.49999E-08       5.45272E-11       2.18110E-03       7.27942E-09       6.47742E-09
       3.35000E-06       3.37500E-06       3.36250E-06       2.50001E-08       5.45272E-11       2.18108E-03       7.33388E-09       6.53194E-09
       3.37500E-06       3.40000E-06       3.38750E-06       2.50001E-08       5.45272E-11       2.18108E-03       7.38841E-09       6.58647E-09
       3.40000E-06       3.42500E-06       3.41250E-06       2.49999E-08       5.45272E-11       2.18110E-03       7.44300E-09       6.64100E-09
       3.42500E-06       3.45000E-06       3.43750E-06       2.50001E-08       5.45272E-11       2.18108E-03       7.49746E-09       6.69553E-09
       3.45000E-06       3.47500E-06       3.46250E-06       2.49999E-08       5.45272E-11       2.18110E-03       7.55206E-09       6.75005E-09
       3.47500E-06       3.50000E-06       3.48750E-06       2.50001E-08       5.45272E-11       2.18108E-03       7.60651E-09       6.80458E-09
       3.50000E-06       3.52500E-06       3.51250E-06       2.50001E-08       5.45272E-11       2.18108E-03       7.66104E-09       6.85911E-09
       3.52500E-06       3.55000E-06       3.53750E-06       2.49999E-08       5.45272E-11       2.18110E-03       7.71564E-09       6.91363E-09
       3.55000E-06       3.57500E-06       3.56250E-06       2.50001E-08       5.45272E-11       2.18108E-03       7.77009E-09       6.96816E-09
       3.57500E-06       3.60000E-06       3.58750E-06       2.49999E-08       5.45272E-11       2.18110E-03       7.82470E-09       7.02269E-09
       3.60000E-06       3.62500E-06       3.61250E-06       2.50001E-08       5.45272E-11       2.18108E-03       7.87915E-09       7.07721E-09
       3.62500E-06       3.65000E-06       3.63750E-06       2.50001E-08       5.45272E-11       2.18108E-03       7.93368E-09       7.13174E-09
       3.65000E-06       3.67500E-06       3.66250E-06       2.49999E-08       5.45272E-11       2.18110E-03       7.98828E-09       7.18627E-09
       3.67500E-06       3.70000E-06       3.68750E-06       2.50001E-08       5.45272E-11       2.18108E-03       8.04273E-09       7.24080E-09
       3.70000E-06       3.72500E-06       3.71250E-06       2.49999E-08       5.45272E-11       2.18110E-03       8.09733E-09       7.29532E-09
       3.72500E-06       3.75000E-06       3.73750E-06       2.50001E-08       5.45272E-11       2.18108E-03       8.15178E-09       7.34985E-09
       3.75000E-06       3.77500E-06       3.76250E-06       2.50001E-08       5.45272E-11       2.18108E-03       8.20631E-09       7.40438E-09
       3.77500E-06       3.80000E-06       3.78750E-06       2.49999E-08       5.45272E-11       2.18110E-03       8.26092E-09       7.45890E-09
       3.80000E-06       3.82500E-06       3.81250E-06       2.50001E-08       5.45272E-11       2.18108E-03       8.31536E-09       7.51343E-09
       3.82500E-06       3.85000E-06       3.83750E-06       2.49999E-08       5.45272E-11       2.18110E-03       8.36997E-09       7.56796E-09
       3.85000E-06       3.87500E-06       3.86250E-06       2.50001E-08       5.45272E-11       2.18108E-03       8.42442E-09       7.62249E-09
       3.87500E-06       3.90000E-06       3.88750E-06       2.50001E-08       5.45272E-11       2.18108E-03       8.47895E-09       7.67701E-09
       3.90000E-06       3.92500E-06       3.91250E-06       2.49999E-08       5.45272E-11       2.18110E-03       8.53355E-09       7.73154E-09
       3.92500E-06       3.95000E-06       3.93750E-06       2.50001E-08       5.45272E-11       2.18108E-03       8.58800E-09       7.78607E-09
       3.95000E-06       3.97500E-06       3.96250E-06       2.49999E-08       5.45272E-11       2.18110E-03       8.64261E-09       7.84059E-09
       3.97500E-06       4.00000E-06       3.98750E-06       2.50001E-08       5.45272E-11       2.18108E-03       8.69705E-09       7.89512E-09
       4.00000E-06       4.02500E-06       4.01250E-06       2.50001E-08       5.45272E-11       2.18108E-03       8.75158E-09       7.94965E-09
       4.02500E-06       4.05000E-06       4.03750E-06       2.50001E-08       5.45272E-11       2.18108E-03       8.80611E-09       8.00418E-09
       4.05000E-06       4.07500E-06       4.06250E-06       2.49996E-08       5.45272E-11       2.18112E-03       8.86080E-09       8.05870E-09
       4.07500E-06       4.10000E-06       4.08750E-06       2.50001E-08       5.45272E-11       2.18108E-03       8.91516E-09       8.11323E-09
       4.10000E-06       4.12500E-06       4.11250E-06       2.50001E-08       5.45272E-11       2.18108E-03       8.96969E-09       8.16776E-09
       4.12500E-06       4.15000E-06       4.13750E-06       2.50001E-08       5.45272E-11       2.18108E-03       9.02422E-09       8.22228E-09
       4.15000E-06       4.17500E-06       4.16250E-06       2.50001E-08       5.45272E-11       2.18108E-03       9.07874E-09       8.27681E-09
       4.17500E-06       4.20000E-06       4.18750E-06       2.49996E-08       5.45272E-11       2.18112E-03       9.13344E-09       8.33134E-09
       4.20000E-06       4.22500E-06       4.21250E-06       2.50001E-08       5.45272E-11       2.18108E-03       9.18780E-09       8.38586E-09
       4.22500E-06       4.25000E-06       4.23750E-06       2.50001E-08       5.45272E-11       2.18108E-03       9.24232E-09       8.44039E-09
       4.25000E-06       4.27500E-06       4.26250E-06       2.50001E-08       5.45272E-11       2.18108E-03       9.29685E-09       8.49492E-09
       4.27500E-06       4.30000E-06       4.28750E-06       2.50001E-08       5.45272E-11       2.18108E-03       9.35138E-09       8.54945E-09
       4.30000E-06       4.32500E-06       4.31250E-06       2.49996E-08       5.45272E-11       2.18112E-03       9.40608E-09       8.60397E-09
       4.32500E-06       4.35000E-06       4.33750E-06       2.50001E-08       5.45272E-11       2.18108E-03       9.46043E-09       8.65850E-09
       4.35000E-06       4.37500E-06       4.36250E-06       2.50001E-08       5.45272E-11       2.18108E-03       9.51496E-09       8.71303E-09
       4.37500E-06       4.40000E-06       4.38750E-06       2.50001E-08       5.45272E-11       2.18108E-03       9.56949E-09       8.76755E-09
       4.40000E-06       4.42500E-06       4.41250E-06       2.50001E-08       5.45272E-11       2.18108E-03       9.62401E-09       8.82208E-09
       4.42500E-06       4.45000E-06       4.43750E-06       2.49996E-08       5.45272E-11       2.18112E-03       9.67872E-09       8.87661E-09
       4.45000E-06       4.47500E-06       4.46250E-06       2.50001E-08       5.45272E-11       2.18108E-03       9.73307E-09       8.93113E-09
       4.47500E-06       4.50000E-06       4.48750E-06       2.50001E-08       5.45272E-11       2.18108E-03       9.78759E-09       8.98566E-09
       4.50000E-06       4.52500E-06       4.51250E-06       2.50001E-08       5.45272E-11       2.18108E-03       9.84212E-09       9.04019E-09
       4.52500E-06       4.55000E-06       4.53750E-06       2.50001E-08       5.45272E-11       2.18108E-03       9.89665E-09       9.09472E-09
       4.55000E-06       4.57500E-06       4.56250E-06       2.49996E-08       5.45272E-11       2.18112E-03       9.95136E-09       9.14924E-09
       4.57500E-06       4.60000E-06       4.58750E-06       2.50001E-08       5.45272E-11       2.18108E-03       1.00057E-08       9.20377E-09
       4.60000E-06       4.62500E-06       4.61250E-06       2.50001E-08       5.45272E-11       2.18108E-03       1.00602E-08       9.25830E-09
       4.62500E-06       4.65000E-06       4.63750E-06       2.50001E-08       5.45272E-11       2.18108E-03       1.01148E-08       9.31282E-09
       4.65000E-06       4.67500E-06       4.66250E-06       2.50001E-08       5.45272E-11       2.18108E-03       1.01693E-08       9.36735E-09
       4.67500E-06       4.70000E-06       4.68750E-06       2.49996E-08       5.45272E-11       2.18112E-03       1.02240E-08       9.42188E-09
       4.70000E-06       4.72500E-06       4.71250E-06       2.50001E-08       5.45272E-11       2.18108E-03       1.02783E-08       9.47641E-09
       4.72500E-06       4.75000E-06       4.73750E-06       2.50001E-08       5.45272E-11       2.18108E-03       1.03329E-08       9.53093E-09
       4.75000E-06       4.77500E-06       4.76250E-06       2.50001E-08       5.45272E-11       2.18108E-03       1.03874E-08       9.58546E-09
       4.77500E-06       4.80000E-06       4.78750E-06       2.50001E-08       5.45272E-11       2.18108E-03       1.04419E-08       9.63999E-09
       4.80000E-06       4.82500E-06       4.81250E-06       2.49996E-08       5.45272E-11       2.18112E-03       1.04966E-08       9.69451E-09
       4.82500E-06       4.85000E-06       4.83750E-06       2.50001E-08       5.45272E-11       2.18108E-03       1.05510E-08       9.74904E-09
       4.85000E-06       4.87500E-06       4.86250E-06       2.50001E-08       5.45272E-11       2.18108E-03       1.06055E-08       9.80357E-09
       4.87500E-06       4.90000E-06       4.88750E-06       2.50001E-08       5.45272E-11       2.18108E-03       1.06600E-08       9.85809E-09
       4.90000E-06       4.92500E-06       4.91250E-06       2.50001E-08       5.45272E-11       2.18108E-03       1.07146E-08       9.91262E-09
       4.92500E-06       4.95000E-06       4.93750E-06       2.49996E-08       5.45272E-11       2.18112E-03       1.07693E-08       9.96715E-09
       4.95000E-06       4.97500E-06       4.96250E-06       2.50001E-08       5.45272E-11       2.18108E-03       1.08236E-08       1.00217E-08
       4.97500E-06       5.00000E-06       4.98750E-06       2.50001E-08       5.45272E-11       2.18108E-03       1.08781E-08       1.00762E-08
       5.00000E-06       5.02500E-06       5.01250E-06       2.50001E-08       5.45272E-11       2.18108E-03       1.09327E-08       1.01307E-08
       5.02500E-06       5.05000E-06       5.03750E-06       2.50001E-08       5.45272E-11       2.18108E-03       1.09872E-08       1.01853E-08
       5.05000E-06       5.07500E-06       5.06250E-06       2.49996E-08       5.45272E-11       2.18112E-03       1.10419E-08       1.02398E-08
       5.07500E-06       5.10000E-06       5.08750E-06       2.50001E-08       5.45272E-11       2.18108E-03       1.10962E-08       1.02943E-08
       5.10000E-06       5.12500E-06       5.11250E-06       2.50001E-08       5.45272E-11       2.18108E-03       1.11508E-08       1.03488E-08
       5.12500E-06       5.15000E-06       5.13750E-06       2.50001E-08       5.45272E-11       2.18108E-03       1.12053E-08       1.04034E-08
       5.15000E-06       5.17500E-06       5.16250E-06       2.50001E-08       5.45272E-11       2.18108E-03       1.12598E-08       1.04579E-08
       5.17500E-06       5.20000E-06       5.18750E-06       2.49996E-08       5.45272E-11       2.18112E-03       1.13146E-08       1.05124E-08
       5.20000E-06       5.22500E-06       5.21250E-06       2.50001E-08       5.45272E-11       2.18108E-03       1.13689E-08       1.05669E-08
       5.22500E-06       5.25000E-06       5.23750E-06       2.50001E-08       5.45272E-11       2.18108E-03       1.14234E-08       1.06215E-08
       5.25000E-06       5.27500E-06       5.26250E-06       2.50001E-08       5.45272E-11       2.18108E-03       1.14779E-08       1.06760E-08
       5.27500E-06       5.30000E-06       5.28750E-06       2.50001E-08       5.45272E-11       2.18108E-03       1.15325E-08       1.07305E-08
       5.30000E-06       5.32500E-06       5.31250E-06       2.49996E-08       5.45272E-11       2.18112E-03       1.15872E-08       1.07851E-08
       5.32500E-06       5.35000E-06       5.33750E-06       2.50001E-08       5.45272E-11       2.18108E-03       1.16415E-08       1.08396E-08
       5.35000E-06       5.37500E-06       5.36250E-06       2.50001E-08       5.45272E-11       2.18108E-03       1.16960E-08       1.08941E-08
       5.37500E-06       5.40000E-06       5.38750E-06       2.50001E-08       5.45272E-11       2.18108E-03       1.17506E-08       1.09486E-08
       5.40000E-06       5.42500E-06       5.41250E-06       2.50001E-08       5.45272E-11       2.18108E-03       1.18051E-08       1.10032E-08
       5.42500E-06       5.45000E-06       5.43750E-06       2.49996E-08       5.45272E-11       2.18112E-03       1.18598E-08       1.10577E-08
       5.45000E-06       5.47500E-06       5.46250E-06       2.50001E-08       5.45272E-11       2.18108E-03       1.19141E-08       1.11122E-08
       5.47500E-06       5.50000E-06       5.48750E-06       2.50001E-08       5.45272E-11       2.18108E-03       1.19687E-08       1.11667E-08
       5.50000E-06       5.52500E-06       5.51250E-06       2.50001E-08       5.45272E-11       2.18108E-03       1.20232E-08       1.12213E-08
       5.52500E-06       5.55000E-06       5.53750E-06       2.50001E-08       5.45272E-11       2.18108E-03       1.20777E-08       1.12758E-08
       5.55000E-06       5.57500E-06       5.56250E-06       2.49996E-08       5.45272E-11       2.18112E-03       1.21325E-08       1.13303E-08
       5.57500E-06       5.60000E-06       5.58750E-06       2.50001E-08       5.45272E-11       2.18108E-03       1.21868E-08       1.13849E-08
       5.60000E-06       5.62500E-06       5.61250E-06       2.50001E-08       5.45272E-11       2.18108E-03       1.22413E-08       1.14394E-08
       5.62500E-06       5.65000E-06       5.63750E-06       2.50001E-08       5.45272E-11       2.18108E-03       1.22958E-08       1.14939E-08
       5.65000E-06       5.67500E-06       5.66250E-06       2.50001E-08       5.45272E-11       2.18108E-03       1.23504E-08       1.15484E-08
       5.67500E-06       5.70000E-06       5.68750E-06       2.49996E-08       5.45272E-11       2.18112E-03       1.24051E-08       1.16030E-08
       5.70000E-06       5.72500E-06       5.71250E-06       2.50001E-08       5.45272E-11       2.18108E-03       1.24594E-08       1.16575E-08
       5.72500E-06       5.75000E-06       5.73750E-06       2.50001E-08       5.45272E-11       2.18108E-03       1.25139E-08       1.17120E-08
       5.75000E-06       5.77500E-06       5.76250E-06       2.50001E-08       5.45272E-11       2.18108E-03       1.25685E-08       1.17665E-08
       5.77500E-06       5.80000E-06       5.78750E-06       2.50001E-08       5.45272E-11       2.18108E-03       1.26230E-08       1.18211E-08
       5.80000E-06       5.82500E-06       5.81250E-06       2.49996E-08       5.45272E-11       2.18112E-03       1.26778E-08       1.18756E-08
       5.82500E-06       5.85000E-06       5.83750E-06       2.50001E-08       5.45272E-11       2.18108E-03       1.27321E-08       1.19301E-08
       5.85000E-06       5.87500E-06       5.86250E-06       2.50001E-08       5.45272E-11       2.18108E-03       1.27866E-08       1.19846E-08
       5.87500E-06       5.90000E-06       5.88750E-06       2.50001E-08       5.45272E-11       2.18108E-03       1.28411E-08       1.20392E-08
       5.90000E-06       5.92500E-06       5.91250E-06       2.50001E-08       5.45272E-11       2.18108E-03       1.28956E-08       1.20937E-08
       5.92500E-06       5.95000E-06       5.93750E-06       2.49996E-08       5.45272E-11       2.18112E-03       1.29504E-08       1.21482E-08
       5.95000E-06       5.97500E-06       5.96250E-06       2.50001E-08       5.45272E-11       2.18108E-03       1.30047E-08       1.22028E-08
       5.97500E-06       6.00000E-06       5.98750E-06       2.50001E-08       5.45272E-11       2.18108E-03       1.30592E-08       1.22573E-08
       6.00000E-06       6.02500E-06       6.01250E-06       2.50001E-08       5.45272E-11       2.18108E-03       1.31137E-08       1.23118E-08
       6.02500E-06       6.05000E-06       6.03750E-06       2.50001E-08       5.45272E-11       2.18108E-03       1.31683E-08       1.23663E-08
       6.05000E-06       6.07500E-06       6.06250E-06       2.49996E-08       5.45272E-11       2.18112E-03       1.32230E-08       1.24209E-08
       6.07500E-06       6.10000E-06       6.08750E-06       2.50001E-08       5.45272E-11       2.18108E-03       1.32773E-08       1.24754E-08
       6.10000E-06       6.12500E-06       6.11250E-06       2.50001E-08       5.45272E-11       2.18108E-03       1.33318E-08       1.25299E-08
       6.12500E-06       6.15000E-06       6.13750E-06       2.50001E-08       5.45272E-11       2.18108E-03       1.33864E-08       1.25844E-08
       6.15000E-06       6.17500E-06       6.16250E-06       2.50001E-08       5.45272E-11       2.18108E-03       1.34409E-08       1.26390E-08
       6.17500E-06       6.20000E-06       6.18750E-06       2.49996E-08       5.45272E-11       2.18112E-03       1.34957E-08       1.26935E-08
       6.20000E-06       6.22500E-06       6.21250E-06       2.50001E-08       5.45272E-11       2.18108E-03       1.35500E-08       1.27480E-08
       6.22500E-06       6.25000E-06       6.23750E-06       2.50001E-08       5.45272E-11       2.18108E-03       1.36045E-08       1.28026E-08
       6.25000E-06       6.27500E-06       6.26250E-06       2.50001E-08       5.45272E-11       2.18108E-03       1.36590E-08       1.28571E-08
       6.27500E-06       6.30000E-06       6.28750E-06       2.50001E-08       5.45272E-11       2.18108E-03       1.37135E-08       1.29116E-08
       6.30000E-06       6.32500E-06       6.31250E-06       2.49996E-08       5.45272E-11       2.18112E-03       1.37683E-08       1.29661E-08
       6.32500E-06       6.35000E-06       6.33750E-06       2.50001E-08       5.45272E-11       2.18108E-03       1.38226E-08       1.30207E-08
       6.35000E-06       6.37500E-06       6.36250E-06       2.50001E-08       5.45272E-11       2.18108E-03       1.38771E-08       1.30752E-08
       6.37500E-06       6.40000E-06       6.38750E-06       2.50001E-08       5.45272E-11       2.18108E-03       1.39316E-08       1.31297E-08
       6.40000E-06       6.42500E-06       6.41250E-06       2.50001E-08       5.45272E-11       2.18108E-03       1.39862E-08       1.31842E-08
       6.42500E-06       6.45000E-06       6.43750E-06       2.49996E-08       5.45272E-11       2.18112E-03       1.40410E-08       1.32388E-08
       6.45000E-06       6.47500E-06       6.46250E-06       2.50001E-08       5.45272E-11       2.18108E-03       1.40952E-08       1.32933E-08
       6.47500E-06       6.50000E-06       6.48750E-06       2.50001E-08       5.45272E-11       2.18108E-03       1.41498E-08       1.33478E-08
       6.50000E-06       6.52500E-06       6.51250E-06       2.50001E-08       5.45272E-11       2.18108E-03       1.42043E-08       1.34024E-08
       6.52500E-06       6.55000E-06       6.53750E-06       2.50001E-08       5.45272E-11       2.18108E-03       1.42588E-08       1.34569E-08
       6.55000E-06       6.57500E-06       6.56250E-06       2.49996E-08       5.45272E-11       2.18112E-03       1.43136E-08       1.35114E-08
       6.57500E-06       6.60000E-06       6.58750E-06       2.50001E-08       5.45272E-11       2.18108E-03       1.43679E-08       1.35659E-08
       6.60000E-06       6.62500E-06       6.61250E-06       2.50001E-08       5.45272E-11       2.18108E-03       1.44224E-08       1.36205E-08
       6.62500E-06       6.65000E-06       6.63750E-06       2.50001E-08       5.45272E-11       2.18108E-03       1.44769E-08       1.36750E-08
       6.65000E-06       6.67500E-06       6.66250E-06       2.50001E-08       5.45272E-11       2.18108E-03       1.45314E-08       1.37295E-08
       6.67500E-06       6.70000E-06       6.68750E-06       2.49996E-08       5.45272E-11       2.18112E-03       1.45862E-08       1.37840E-08
       6.70000E-06       6.72500E-06       6.71250E-06       2.50001E-08       5.45272E-11       2.18108E-03       1.46405E-08       1.38386E-08
       6.72500E-06       6.75000E-06       6.73750E-06       2.50001E-08       5.45272E-11       2.18108E-03       1.46950E-08       1.38931E-08
       6.75000E-06       6.77500E-06       6.76250E-06       2.50001E-08       5.45272E-11       2.18108E-03       1.47495E-08       1.39476E-08
       6.77500E-06       6.80000E-06       6.78750E-06       2.50001E-08       5.45272E-11       2.18108E-03       1.48041E-08       1.40022E-08
       6.80000E-06       6.82500E-06       6.81250E-06       2.49996E-08       5.45272E-11       2.18112E-03       1.48589E-08       1.40567E-08
       6.82500E-06       6.85000E-06       6.83750E-06       2.50001E-08       5.45272E-11       2.18108E-03       1.49131E-08       1.41112E-08
       6.85000E-06       6.87500E-06       6.86250E-06       2.50001E-08       5.45272E-11       2.18108E-03       1.49677E-08       1.41657E-08
       6.87500E-06       6.90000E-06       6.88750E-06       2.50001E-08       5.45272E-11       2.18108E-03       1.50222E-08       1.42203E-08
       6.90000E-06       6.92500E-06       6.91250E-06       2.50001E-08       5.45272E-11       2.18108E-03       1.50767E-08       1.42748E-08
       6.92500E-06       6.95000E-06       6.93750E-06       2.49996E-08       5.45272E-11       2.18112E-03       1.51315E-08       1.43293E-08
       6.95000E-06       6.97500E-06       6.96250E-06       2.50001E-08       5.45272E-11       2.18108E-03       1.51858E-08       1.43838E-08
       6.97500E-06       7.00000E-06       6.98750E-06       2.50001E-08       5.45272E-11       2.18108E-03       1.52403E-08       1.44384E-08
       7.00000E-06       7.02500E-06       7.01250E-06       2.50001E-08       5.45272E-11       2.18108E-03       1.52948E-08       1.44929E-08
       7.02500E-06       7.05000E-06       7.03750E-06       2.50001E-08       5.45272E-11       2.18108E-03       1.53493E-08       1.45474E-08
       7.05000E-06       7.07500E-06       7.06250E-06       2.49996E-08       5.45272E-11       2.18112E-03       1.54042E-08       1.46019E-08
       7.07500E-06       7.10000E-06       7.08750E-06       2.50001E-08       5.45272E-11       2.18108E-03       1.54584E-08       1.46565E-08
       7.10000E-06       7.12500E-06       7.11250E-06       2.50001E-08       5.45272E-11       2.18108E-03       1.55129E-08       1.47110E-08
       7.12500E-06       7.15000E-06       7.13750E-06       2.50001E-08       5.45272E-11       2.18108E-03       1.55675E-08       1.47655E-08
       7.15000E-06       7.17500E-06       7.16250E-06       2.50001E-08       5.45272E-11       2.18108E-03       1.56220E-08       1.48201E-08
       7.17500E-06       7.20000E-06       7.18750E-06       2.49996E-08       5.45272E-11       2.18112E-03       1.56768E-08       1.48746E-08
       7.20000E-06       7.22500E-06       7.21250E-06       2.50001E-08       5.45272E-11       2.18108E-03       1.57310E-08       1.49291E-08
       7.22500E-06       7.25000E-06       7.23750E-06       2.50001E-08       5.45272E-11       2.18108E-03       1.57856E-08       1.49836E-08
       7.25000E-06       7.27500E-06       7.26250E-06       2.50001E-08       5.45272E-11       2.18108E-03       1.58401E-08       1.50382E-08
       7.27500E-06       7.30000E-06       7.28750E-06       2.50001E-08       5.45272E-11       2.18108E-03       1.58946E-08       1.50927E-08
       7.30000E-06       7.32500E-06       7.31250E-06       2.49996E-08       5.45272E-11       2.18112E-03       1.59494E-08       1.51472E-08
       7.32500E-06       7.35000E-06       7.33750E-06       2.50001E-08       5.45272E-11       2.18108E-03       1.60037E-08       1.52017E-08
       7.35000E-06       7.37500E-06       7.36250E-06       2.50001E-08       5.45272E-11       2.18108E-03       1.60582E-08       1.52563E-08
       7.37500E-06       7.40000E-06       7.38750E-06       2.50001E-08       5.45272E-11       2.18108E-03       1.61127E-08       1.53108E-08
       7.40000E-06       7.42500E-06       7.41250E-06       2.50001E-08       5.45272E-11       2.18108E-03       1.61673E-08       1.53653E-08
       7.42500E-06       7.45000E-06       7.43750E-06       2.49996E-08       5.45272E-11       2.18112E-03       1.62221E-08       1.54199E-08
       7.45000E-06       7.47500E-06       7.46250E-06       2.50001E-08       5.45272E-11       2.18108E-03       1.62763E-08       1.54744E-08
       7.47500E-06       7.50000E-06       7.48750E-06       2.50001E-08       5.45272E-11       2.18108E-03       1.63308E-08       1.55289E-08
       7.50000E-06       7.52500E-06       7.51250E-06       2.50001E-08       5.45272E-11       2.18108E-03       1.63854E-08       1.55834E-08
       7.52500E-06       7.55000E-06       7.53750E-06       2.50001E-08       5.45272E-11       2.18108E-03       1.64399E-08       1.56380E-08
       7.55000E-06       7.57500E-06       7.56250E-06       2.49996E-08       5.45272E-11       2.18112E-03       1.64947E-08       1.56925E-08
       7.57500E-06       7.60000E-06       7.58750E-06       2.50001E-08       5.45272E-11       2.18108E-03       1.65489E-08       1.57470E-08
       7.60000E-06       7.62500E-06       7.61250E-06       2.50001E-08       5.45272E-11       2.18108E-03       1.66035E-08       1.58015E-08
       7.62500E-06       7.65000E-06       7.63750E-06       2.50001E-08       5.45272E-11       2.18108E-03       1.66580E-08       1.58561E-08
       7.65000E-06       7.67500E-06       7.66250E-06       2.50001E-08       5.45272E-11       2.18108E-03       1.67125E-08       1.59106E-08
       7.67500E-06       7.70000E-06       7.68750E-06       2.49996E-08       5.45272E-11       2.18112E-03       1.67674E-08       1.59651E-08
       7.70000E-06       7.72500E-06       7.71250E-06       2.50001E-08       5.45272E-11       2.18108E-03       1.68216E-08       1.60197E-08
       7.72500E-06       7.75000E-06       7.73750E-06       2.50001E-08       5.45272E-11       2.18108E-03       1.68761E-08       1.60742E-08
       7.75000E-06       7.77500E-06       7.76250E-06       2.50001E-08       5.45272E-11       2.18108E-03       1.69306E-08       1.61287E-08
       7.77500E-06       7.80000E-06       7.78750E-06       2.50001E-08       5.45272E-11       2.18108E-03       1.69852E-08       1.61832E-08
       7.80000E-06       7.82500E-06       7.81250E-06       2.49996E-08       5.45272E-11       2.18112E-03       1.70400E-08       1.62378E-08
       7.82500E-06       7.85000E-06       7.83750E-06       2.50001E-08       5.45272E-11       2.18108E-03       1.70942E-08       1.62923E-08
       7.85000E-06       7.87500E-06       7.86250E-06       2.50001E-08       5.45272E-11       2.18108E-03       1.71487E-08       1.63468E-08
       7.87500E-06       7.90000E-06       7.88750E-06       2.50001E-08       5.45272E-11       2.18108E-03       1.72033E-08       1.64013E-08
       7.90000E-06       7.92500E-06       7.91250E-06       2.50001E-08       5.45272E-11       2.18108E-03       1.72578E-08       1.64559E-08
       7.92500E-06       7.95000E-06       7.93750E-06       2.49996E-08       5.45272E-11       2.18112E-03       1.73126E-08       1.65104E-08
       7.95000E-06       7.97500E-06       7.96250E-06       2.50001E-08       5.45272E-11       2.18108E-03       1.73668E-08       1.65649E-08
       7.97500E-06       8.00000E-06       7.98750E-06       2.50001E-08       5.45272E-11       2.18108E-03       1.74214E-08       1.66194E-08
       8.00000E-06       8.02500E-06       8.01250E-06       2.49996E-08       5.45272E-11       2.18112E-03       1.74762E-08       1.66740E-08
       8.02500E-06       8.05000E-06       8.03750E-06       2.50006E-08       5.45272E-11       2.18104E-03       1.75301E-08       1.67285E-08
       8.05000E-06       8.07500E-06       8.06250E-06       2.49996E-08       5.45272E-11       2.18112E-03       1.75853E-08       1.67830E-08
       8.07500E-06       8.10000E-06       8.08750E-06       2.50006E-08       5.45272E-11       2.18104E-03       1.76391E-08       1.68376E-08
       8.10000E-06       8.12500E-06       8.11250E-06       2.49996E-08       5.45272E-11       2.18112E-03       1.76943E-08       1.68921E-08
       8.12500E-06       8.15000E-06       8.13750E-06       2.49996E-08       5.45272E-11       2.18112E-03       1.77489E-08       1.69466E-08
       8.15000E-06       8.17500E-06       8.16250E-06       2.50006E-08       5.45272E-11       2.18104E-03       1.78027E-08       1.70011E-08
       8.17500E-06       8.20000E-06       8.18750E-06       2.49996E-08       5.45272E-11       2.18112E-03       1.78579E-08       1.70557E-08
       8.20000E-06       8.22500E-06       8.21250E-06       2.50006E-08       5.45272E-11       2.18104E-03       1.79118E-08       1.71102E-08
       8.22500E-06       8.25000E-06       8.23750E-06       2.49996E-08       5.45272E-11       2.18112E-03       1.79670E-08       1.71647E-08
       8.25000E-06       8.27500E-06       8.26250E-06       2.49996E-08       5.45272E-11       2.18112E-03       1.80215E-08       1.72192E-08
       8.27500E-06       8.30000E-06       8.28750E-06       2.50006E-08       5.45272E-11       2.18104E-03       1.80753E-08       1.72738E-08
       8.30000E-06       8.32500E-06       8.31250E-06       2.49996E-08       5.45272E-11       2.18112E-03       1.81306E-08       1.73283E-08
       8.32500E-06       8.35000E-06       8.33750E-06       2.50006E-08       5.45272E-11       2.18104E-03       1.81844E-08       1.73828E-08
       8.35000E-06       8.37500E-06       8.36250E-06       2.49996E-08       5.45272E-11       2.18112E-03       1.82396E-08       1.74374E-08
       8.37500E-06       8.40000E-06       8.38750E-06       2.49996E-08       5.45272E-11       2.18112E-03       1.82942E-08       1.74919E-08
       8.40000E-06       8.42500E-06       8.41250E-06       2.50006E-08       5.45272E-11       2.18104E-03       1.83480E-08       1.75464E-08
       8.42500E-06       8.45000E-06       8.43750E-06       2.49996E-08       5.45272E-11       2.18112E-03       1.84032E-08       1.76009E-08
       8.45000E-06       8.47500E-06       8.46250E-06       2.50006E-08       5.45272E-11       2.18104E-03       1.84570E-08       1.76555E-08
       8.47500E-06       8.50000E-06       8.48750E-06       2.49996E-08       5.45272E-11       2.18112E-03       1.85123E-08       1.77100E-08
       8.50000E-06       8.52500E-06       8.51250E-06       2.49996E-08       5.45272E-11       2.18112E-03       1.85668E-08       1.77645E-08
       8.52500E-06       8.55000E-06       8.53750E-06       2.50006E-08       5.45272E-11       2.18104E-03       1.86206E-08       1.78190E-08
       8.55000E-06       8.57500E-06       8.56250E-06       2.49996E-08       5.45272E-11       2.18112E-03       1.86758E-08       1.78736E-08
       8.57500E-06       8.60000E-06       8.58750E-06       2.50006E-08       5.45272E-11       2.18104E-03       1.87297E-08       1.79281E-08
       8.60000E-06       8.62500E-06       8.61250E-06       2.49996E-08       5.45272E-11       2.18112E-03       1.87849E-08       1.79826E-08
       8.62500E-06       8.65000E-06       8.63750E-06       2.49996E-08       5.45272E-11       2.18112E-03       1.88394E-08       1.80372E-08
       8.65000E-06       8.67500E-06       8.66250E-06       2.50006E-08       5.45272E-11       2.18104E-03       1.88932E-08       1.80917E-08
       8.67500E-06       8.70000E-06       8.68750E-06       2.49996E-08       5.45272E-11       2.18112E-03       1.89485E-08       1.81462E-08
       8.70000E-06       8.72500E-06       8.71250E-06       2.50006E-08       5.45272E-11       2.18104E-03       1.90023E-08       1.82007E-08
       8.72500E-06       8.75000E-06       8.73750E-06       2.49996E-08       5.45272E-11       2.18112E-03       1.90575E-08       1.82553E-08
       8.75000E-06       8.77500E-06       8.76250E-06       2.49996E-08       5.45272E-11       2.18112E-03       1.91121E-08       1.83098E-08
       8.77500E-06       8.80000E-06       8.78750E-06       2.50006E-08       5.45272E-11       2.18104E-03       1.91659E-08       1.83643E-08
       8.80000E-06       8.82500E-06       8.81250E-06       2.49996E-08       5.45272E-11       2.18112E-03       1.92211E-08       1.84188E-08
       8.82500E-06       8.85000E-06       8.83750E-06       2.50006E-08       5.45272E-11       2.18104E-03       1.92749E-08       1.84734E-08
       8.85000E-06       8.87500E-06       8.86250E-06       2.49996E-08       5.45272E-11       2.18112E-03       1.93302E-08       1.85279E-08
       8.87500E-06       8.90000E-06       8.88750E-06       2.49996E-08       5.45272E-11       2.18112E-03       1.93847E-08       1.85824E-08
       8.90000E-06       8.92500E-06       8.91250E-06       2.50006E-08       5.45272E-11       2.18104E-03       1.94385E-08       1.86369E-08
       8.92500E-06       8.95000E-06       8.93750E-06       2.49996E-08       5.45272E-11       2.18112E-03       1.94938E-08       1.86915E-08
       8.95000E-06       8.97500E-06       8.96250E-06       2.50006E-08       5.45272E-11       2.18104E-03       1.95476E-08       1.87460E-08
       8.97500E-06       9.00000E-06       8.98750E-06       2.49996E-08       5.45272E-11       2.18112E-03       1.96028E-08       1.88005E-08
       9.00000E-06       9.02500E-06       9.01250E-06       2.49996E-08       5.45272E-11       2.18112E-03       1.96574E-08       1.88551E-08
       9.02500E-06       9.05000E-06       9.03750E-06       2.50006E-08       5.45272E-11       2.18104E-03       1.97111E-08       1.89096E-08
       9.05000E-06       9.07500E-06       9.06250E-06       2.49996E-08       5.45272E-11       2.18112E-03       1.97664E-08       1.89641E-08
       9.07500E-06       9.10000E-06       9.08750E-06       2.50006E-08       5.45272E-11       2.18104E-03       1.98202E-08       1.90186E-08
       9.10000E-06       9.12500E-06       9.11250E-06       2.49996E-08       5.45272E-11       2.18112E-03       1.98755E-08       1.90732E-08
       9.12500E-06       9.15000E-06       9.13750E-06       2.49996E-08       5.45272E-11       2.18112E-03       1.99300E-08       1.91277E-08
       9.15000E-06       9.17500E-06       9.16250E-06       2.50006E-08       5.45272E-11       2.18104E-03       1.99838E-08       1.91822E-08
       9.17500E-06       9.20000E-06       9.18750E-06       2.49996E-08       5.45272E-11       2.18112E-03       2.00390E-08       1.92367E-08
       9.20000E-06       9.22500E-06       9.21250E-06       2.50006E-08       5.45272E-11       2.18104E-03       2.00928E-08       1.92913E-08
       9.22500E-06       9.25000E-06       9.23750E-06       2.49996E-08       5.45272E-11       2.18112E-03       2.01481E-08       1.93458E-08
       9.25000E-06       9.27500E-06       9.26250E-06       2.49996E-08       5.45272E-11       2.18112E-03       2.02026E-08       1.94003E-08
       9.27500E-06       9.30000E-06       9.28750E-06       2.50006E-08       5.45272E-11       2.18104E-03       2.02564E-08       1.94549E-08
       9.30000E-06       9.32500E-06       9.31250E-06       2.49996E-08       5.45272E-11       2.18112E-03       2.03117E-08       1.95094E-08
       9.32500E-06       9.35000E-06       9.33750E-06       2.50006E-08       5.45272E-11       2.18104E-03       2.03654E-08       1.95639E-08
       9.35000E-06       9.37500E-06       9.36250E-06       2.49996E-08       5.45272E-11       2.18112E-03       2.04207E-08       1.96184E-08
       9.37500E-06       9.40000E-06       9.38750E-06       2.49996E-08       5.45272E-11       2.18112E-03       2.04753E-08       1.96730E-08
       9.40000E-06       9.42500E-06       9.41250E-06       2.50006E-08       5.45272E-11       2.18104E-03       2.05290E-08       1.97275E-08
       9.42500E-06       9.45000E-06       9.43750E-06       2.49996E-08       5.45272E-11       2.18112E-03       2.05843E-08       1.97820E-08
       9.45000E-06       9.47500E-06       9.46250E-06       2.50006E-08       5.45272E-11       2.18104E-03       2.06381E-08       1.98365E-08
       9.47500E-06       9.50000E-06       9.48750E-06       2.49996E-08       5.45272E-11       2.18112E-03       2.06934E-08       1.98911E-08
       9.50000E-06       9.52500E-06       9.51250E-06       2.49996E-08       5.45272E-11       2.18112E-03       2.07479E-08       1.99456E-08
       9.52500E-06       9.55000E-06       9.53750E-06       2.50006E-08       5.45272E-11       2.18104E-03       2.08016E-08       2.00001E-08
       9.55000E-06       9.57500E-06       9.56250E-06       2.49996E-08       5.45272E-11       2.18112E-03       2.08570E-08       2.00547E-08
       9.57500E-06       9.60000E-06       9.58750E-06       2.50006E-08       5.45272E-11       2.18104E-03       2.09107E-08       2.01092E-08
       9.60000E-06       9.62500E-06       9.61250E-06       2.49996E-08       5.45272E-11       2.18112E-03       2.09660E-08       2.01637E-08
       9.62500E-06       9.65000E-06       9.63750E-06       2.49996E-08       5.45272E-11       2.18112E-03       2.10206E-08       2.02182E-08
       9.65000E-06       9.67500E-06       9.66250E-06       2.50006E-08       5.45272E-11       2.18104E-03       2.10743E-08       2.02728E-08
       9.67500E-06       9.70000E-06       9.68750E-06       2.49996E-08       5.45272E-11       2.18112E-03       2.11296E-08       2.03273E-08
       9.70000E-06       9.72500E-06       9.71250E-06       2.50006E-08       5.45272E-11       2.18104E-03       2.11833E-08       2.03818E-08
       9.72500E-06       9.75000E-06       9.73750E-06       2.49996E-08       5.45272E-11       2.18112E-03       2.12387E-08       2.04363E-08
       9.75000E-06       9.77500E-06       9.76250E-06       2.49996E-08       5.45272E-11       2.18112E-03       2.12932E-08       2.04909E-08
       9.77500E-06       9.80000E-06       9.78750E-06       2.50006E-08       5.45272E-11       2.18104E-03       2.13469E-08       2.05454E-08
       9.80000E-06       9.82500E-06       9.81250E-06       2.49996E-08       5.45272E-11       2.18112E-03       2.14022E-08       2.05999E-08
       9.82500E-06       9.85000E-06       9.83750E-06       2.50006E-08       5.45272E-11       2.18104E-03       2.14560E-08       2.06545E-08
       9.85000E-06       9.87500E-06       9.86250E-06       2.49996E-08       5.45272E-11       2.18112E-03       2.15113E-08       2.07090E-08
       9.87500E-06       9.90000E-06       9.88750E-06       2.49996E-08       5.45272E-11       2.18112E-03       2.15658E-08       2.07635E-08
       9.90000E-06       9.92500E-06       9.91250E-06       2.50006E-08       5.45272E-11       2.18104E-03       2.16195E-08       2.08180E-08
       9.92500E-06       9.95000E-06       9.93750E-06       2.49996E-08       5.45272E-11       2.18112E-03       2.16749E-08       2.08726E-08
       9.95000E-06       9.97500E-06       9.96250E-06       2.50006E-08       5.45272E-11       2.18104E-03       2.17286E-08       2.09271E-08
       9.97500E-06       1.00000E-05       9.98750E-06       2.49996E-08       5.45272E-11       2.18112E-03       2.17839E-08       2.09816E-08
       1.00000E-05       1.04713E-05       1.02356E-05       4.71300E-07       1.02794E-09       2.18107E-03       2.23246E-08       2.20095E-08
       1.04713E-05       1.09648E-05       1.07180E-05       4.93500E-07       1.07636E-09       2.18108E-03       2.33769E-08       2.30859E-08
       1.09648E-05       1.14815E-05       1.12232E-05       5.16700E-07       1.12708E-09       2.18131E-03       2.44812E-08       2.42130E-08
       1.14815E-05       1.20226E-05       1.17521E-05       5.41101E-07       1.18017E-09       2.18106E-03       2.56320E-08       2.53932E-08
       1.20226E-05       1.25892E-05       1.23059E-05       5.66600E-07       1.23582E-09       2.18112E-03       2.68407E-08       2.66290E-08
       1.25892E-05       1.31826E-05       1.28859E-05       5.93400E-07       1.29407E-09       2.18078E-03       2.81013E-08       2.79231E-08
       1.31826E-05       1.38038E-05       1.34932E-05       6.21200E-07       1.35504E-09       2.18133E-03       2.94331E-08       2.92781E-08
       1.38038E-05       1.44544E-05       1.41291E-05       6.50600E-07       1.41895E-09       2.18098E-03       3.08153E-08       3.06971E-08
       1.44544E-05       1.51356E-05       1.47950E-05       6.81200E-07       1.48580E-09       2.18114E-03       3.22700E-08       3.21829E-08
       1.51356E-05       1.58489E-05       1.54922E-05       7.13300E-07       1.55582E-09       2.18116E-03       3.37910E-08       3.37387E-08
       1.58489E-05       1.65959E-05       1.62224E-05       7.47000E-07       1.62917E-09       2.18095E-03       3.53802E-08       3.53678E-08
       1.65959E-05       1.73780E-05       1.69869E-05       7.82101E-07       1.70591E-09       2.18120E-03       3.70519E-08       3.70737E-08
       1.73780E-05       1.81970E-05       1.77875E-05       8.19000E-07       1.78633E-09       2.18111E-03       3.87966E-08       3.88601E-08
       1.81970E-05       1.90546E-05       1.86258E-05       8.57599E-07       1.87050E-09       2.18109E-03       4.06245E-08       4.07306E-08
       1.90546E-05       1.99526E-05       1.95036E-05       8.98001E-07       1.95864E-09       2.18111E-03       4.25395E-08       4.26892E-08
       1.99526E-05       2.08930E-05       2.04228E-05       9.40399E-07       2.05098E-09       2.18097E-03       4.45415E-08       4.47402E-08
       2.08930E-05       2.18776E-05       2.13853E-05       9.84600E-07       2.14764E-09       2.18123E-03       4.66464E-08       4.68878E-08
       2.18776E-05       2.29087E-05       2.23932E-05       1.03110E-06       2.24885E-09       2.18102E-03       4.88400E-08       4.91367E-08
       2.29087E-05       2.39883E-05       2.34485E-05       1.07960E-06       2.35481E-09       2.18118E-03       5.11455E-08       5.14915E-08
       2.39883E-05       2.51189E-05       2.45536E-05       1.13060E-06       2.46580E-09       2.18097E-03       5.35506E-08       5.39573E-08
       2.51189E-05       2.63027E-05       2.57108E-05       1.18380E-06       2.58203E-09       2.18114E-03       5.60789E-08       5.65393E-08
       2.63027E-05       2.75423E-05       2.69225E-05       1.23960E-06       2.70369E-09       2.18110E-03       5.87208E-08       5.92430E-08
       2.75423E-05       2.88403E-05       2.81913E-05       1.29800E-06       2.83113E-09       2.18114E-03       6.14893E-08       6.20742E-08
       2.88403E-05       3.01995E-05       2.95199E-05       1.35920E-06       2.96456E-09       2.18111E-03       6.43860E-08       6.50387E-08
       3.01995E-05       3.16228E-05       3.09111E-05       1.42330E-06       3.10426E-09       2.18103E-03       6.74180E-08       6.81430E-08
       3.16228E-05       3.31131E-05       3.23679E-05       1.49030E-06       3.25053E-09       2.18113E-03       7.05987E-08       7.13935E-08
       3.31131E-05       3.46737E-05       3.38934E-05       1.56060E-06       3.40376E-09       2.18106E-03       7.39236E-08       7.47973E-08
       3.46737E-05       3.63078E-05       3.54907E-05       1.63410E-06       3.56418E-09       2.18113E-03       7.74098E-08       7.83614E-08
       3.63078E-05       3.80189E-05       3.71634E-05       1.71110E-06       3.73213E-09       2.18113E-03       8.10579E-08       8.20936E-08
       3.80189E-05       3.98107E-05       3.89148E-05       1.79180E-06       3.90818E-09       2.18115E-03       8.48790E-08       8.60017E-08
       3.98107E-05       4.16869E-05       4.07488E-05       1.87620E-06       4.09241E-09       2.18122E-03       8.88821E-08       9.00942E-08
       4.16869E-05       4.36516E-05       4.26692E-05       1.96470E-06       4.28504E-09       2.18102E-03       9.30624E-08       9.43792E-08
       4.36516E-05       4.57088E-05       4.46802E-05       2.05720E-06       4.48685E-09       2.18105E-03       9.74497E-08       9.88661E-08
       4.57088E-05       4.78630E-05       4.67859E-05       2.15420E-06       4.69860E-09       2.18114E-03       1.02047E-07       1.03565E-07
       4.78630E-05       5.01187E-05       4.89908E-05       2.25570E-06       4.91991E-09       2.18110E-03       1.06854E-07       1.08485E-07
       5.01187E-05       5.24808E-05       5.12998E-05       2.36210E-06       5.15191E-09       2.18107E-03       1.11888E-07       1.13636E-07
       5.24808E-05       5.49541E-05       5.37174E-05       2.47330E-06       5.39462E-09       2.18114E-03       1.17165E-07       1.19031E-07
       5.49541E-05       5.75440E-05       5.62490E-05       2.58990E-06       5.64880E-09       2.18109E-03       1.22684E-07       1.24680E-07
       5.75440E-05       6.02560E-05       5.89000E-05       2.71200E-06       5.91520E-09       2.18112E-03       1.28468E-07       1.30595E-07
       6.02560E-05       6.30957E-05       6.16758E-05       2.83970E-06       6.19384E-09       2.18116E-03       1.34525E-07       1.36789E-07
       6.30957E-05       6.60693E-05       6.45825E-05       2.97360E-06       6.48585E-09       2.18115E-03       1.40864E-07       1.43275E-07
       6.60693E-05       6.91831E-05       6.76262E-05       3.11380E-06       6.79125E-09       2.18102E-03       1.47494E-07       1.50066E-07
       6.91831E-05       7.24436E-05       7.08134E-05       3.26051E-06       7.11154E-09       2.18112E-03       1.54452E-07       1.57178E-07
       7.24436E-05       7.58578E-05       7.41507E-05       3.41420E-06       7.44675E-09       2.18111E-03       1.61731E-07       1.64624E-07
       7.58578E-05       7.94328E-05       7.76453E-05       3.57500E-06       7.79763E-09       2.18116E-03       1.69357E-07       1.72422E-07
       7.94328E-05       8.31764E-05       8.13046E-05       3.74360E-06       8.16494E-09       2.18104E-03       1.77329E-07       1.80587E-07
       8.31764E-05       8.70964E-05       8.51364E-05       3.92000E-06       8.54983E-09       2.18108E-03       1.85689E-07       1.89137E-07
       8.70964E-05       9.12011E-05       8.91488E-05       4.10471E-06       8.95269E-09       2.18108E-03       1.94440E-07       1.98089E-07
       9.12011E-05       9.54993E-05       9.33502E-05       4.29820E-06       9.37466E-09       2.18107E-03       2.03603E-07       2.07464E-07
       9.54993E-05       1.00000E-04       9.77497E-05       4.50070E-06       9.81650E-09       2.18110E-03       2.13202E-07       2.17281E-07
       1.00000E-04       1.04713E-04       1.02356E-04       4.71300E-06       1.02794E-08       2.18107E-03       2.23246E-07       2.27560E-07
       1.04713E-04       1.09648E-04       1.07181E-04       4.93501E-06       1.07636E-08       2.18108E-03       2.33769E-07       2.38324E-07
       1.09648E-04       1.14815E-04       1.12232E-04       5.16700E-06       1.12708E-08       2.18131E-03       2.44812E-07       2.49594E-07
       1.14815E-04       1.20226E-04       1.17520E-04       5.41100E-06       1.18017E-08       2.18107E-03       2.56320E-07       2.61396E-07
       1.20226E-04       1.25892E-04       1.23059E-04       5.66600E-06       1.23582E-08       2.18112E-03       2.68407E-07       2.73754E-07
       1.25892E-04       1.31826E-04       1.28859E-04       5.93401E-06       1.29407E-08       2.18078E-03       2.81013E-07       2.86695E-07
       1.31826E-04       1.38038E-04       1.34932E-04       6.21199E-06       1.35504E-08       2.18133E-03       2.94331E-07       3.00245E-07
       1.38038E-04       1.44544E-04       1.41291E-04       6.50601E-06       1.41895E-08       2.18098E-03       3.08152E-07       3.14435E-07
       1.44544E-04       1.51356E-04       1.47950E-04       6.81200E-06       1.48580E-08       2.18115E-03       3.22700E-07       3.29293E-07
       1.51356E-04       1.58489E-04       1.54922E-04       7.13300E-06       1.55582E-08       2.18116E-03       3.37910E-07       3.44851E-07
       1.58489E-04       1.65959E-04       1.62224E-04       7.47000E-06       1.62917E-08       2.18094E-03       3.53801E-07       3.61143E-07
       1.65959E-04       1.73780E-04       1.69870E-04       7.82100E-06       1.70591E-08       2.18120E-03       3.70519E-07       3.78202E-07
       1.73780E-04       1.81970E-04       1.77875E-04       8.19000E-06       1.78633E-08       2.18111E-03       3.87966E-07       3.96065E-07
       1.81970E-04       1.90546E-04       1.86258E-04       8.57600E-06       1.87050E-08       2.18108E-03       4.06244E-07       4.14770E-07
       1.90546E-04       1.99526E-04       1.95036E-04       8.98000E-06       1.95864E-08       2.18111E-03       4.25395E-07       4.34357E-07
       1.99526E-04       2.08930E-04       2.04228E-04       9.40399E-06       2.05098E-08       2.18097E-03       4.45415E-07       4.54866E-07
       2.08930E-04       2.18776E-04       2.13853E-04       9.84601E-06       2.14764E-08       2.18123E-03       4.66463E-07       4.76343E-07
       2.18776E-04       2.29087E-04       2.23932E-04       1.03110E-05       2.24886E-08       2.18102E-03       4.88400E-07       4.98831E-07
       2.29087E-04       2.39883E-04       2.34485E-04       1.07960E-05       2.35481E-08       2.18119E-03       5.11455E-07       5.22379E-07
       2.39883E-04       2.51189E-04       2.45536E-04       1.13060E-05       2.46580E-08       2.18097E-03       5.35506E-07       5.47037E-07
       2.51189E-04       2.63027E-04       2.57108E-04       1.18380E-05       2.58203E-08       2.18114E-03       5.60788E-07       5.72858E-07
       2.63027E-04       2.75423E-04       2.69225E-04       1.23960E-05       2.70369E-08       2.18110E-03       5.87207E-07       5.99895E-07
       2.75423E-04       2.88403E-04       2.81913E-04       1.29800E-05       2.83113E-08       2.18114E-03       6.14893E-07       6.28206E-07
       2.88403E-04       3.01995E-04       2.95199E-04       1.35920E-05       2.96456E-08       2.18111E-03       6.43861E-07       6.57852E-07
       3.01995E-04       3.16228E-04       3.09111E-04       1.42330E-05       3.10426E-08       2.18103E-03       6.74181E-07       6.88894E-07
       3.16228E-04       3.31131E-04       3.23680E-04       1.49030E-05       3.25053E-08       2.18112E-03       7.05985E-07       7.21399E-07
       3.31131E-04       3.46737E-04       3.38934E-04       1.56060E-05       3.40376E-08       2.18106E-03       7.39236E-07       7.55437E-07
       3.46737E-04       3.63078E-04       3.54908E-04       1.63410E-05       3.56418E-08       2.18113E-03       7.74099E-07       7.91079E-07
       3.63078E-04       3.80189E-04       3.71634E-04       1.71110E-05       3.73213E-08       2.18113E-03       8.10580E-07       8.28400E-07
       3.80189E-04       3.98107E-04       3.89148E-04       1.79180E-05       3.90806E-08       2.18108E-03       8.48764E-07       8.67481E-07
       3.98107E-04       4.16869E-04       4.07488E-04       1.87620E-05       4.09221E-08       2.18112E-03       8.88780E-07       9.08403E-07
       4.16869E-04       4.36516E-04       4.26692E-04       1.96470E-05       4.28508E-08       2.18104E-03       9.30632E-07       9.51254E-07
       4.36516E-04       4.57088E-04       4.46802E-04       2.05720E-05       4.48705E-08       2.18114E-03       9.74538E-07       9.96124E-07
       4.57088E-04       4.78630E-04       4.67859E-04       2.15420E-05       4.69849E-08       2.18108E-03       1.02044E-06       1.04311E-06
       4.78630E-04       5.01187E-04       4.89909E-04       2.25570E-05       4.91991E-08       2.18110E-03       1.06854E-06       1.09231E-06
       5.01187E-04       5.24808E-04       5.12998E-04       2.36210E-05       5.15180E-08       2.18103E-03       1.11886E-06       1.14383E-06
       5.24808E-04       5.49541E-04       5.37175E-04       2.47330E-05       5.39458E-08       2.18113E-03       1.17164E-06       1.19777E-06
       5.49541E-04       5.75440E-04       5.62491E-04       2.58990E-05       5.64884E-08       2.18110E-03       1.22685E-06       1.25426E-06
       5.75440E-04       6.02560E-04       5.89000E-04       2.71200E-05       5.91505E-08       2.18107E-03       1.28465E-06       1.31341E-06
       6.02560E-04       6.30957E-04       6.16758E-04       2.83970E-05       6.19380E-08       2.18115E-03       1.34524E-06       1.37535E-06
       6.30957E-04       6.60693E-04       6.45825E-04       2.97360E-05       6.48574E-08       2.18111E-03       1.40861E-06       1.44021E-06
       6.60693E-04       6.91831E-04       6.76262E-04       3.11380E-05       6.79140E-08       2.18106E-03       1.47497E-06       1.50812E-06
       6.91831E-04       7.24436E-04       7.08133E-04       3.26050E-05       7.11147E-08       2.18110E-03       1.54451E-06       1.57924E-06
       7.24436E-04       7.58578E-04       7.41507E-04       3.41420E-05       7.44660E-08       2.18106E-03       1.61727E-06       1.65370E-06
       7.58578E-04       7.94328E-04       7.76453E-04       3.57500E-05       7.79755E-08       2.18113E-03       1.69355E-06       1.73168E-06
       7.94328E-04       8.31764E-04       8.13046E-04       3.74360E-05       8.16505E-08       2.18107E-03       1.77331E-06       1.81333E-06
       8.31764E-04       8.70964E-04       8.51364E-04       3.92000E-05       8.54983E-08       2.18108E-03       1.85689E-06       1.89883E-06
       8.70964E-04       9.12011E-04       8.91487E-04       4.10470E-05       8.95280E-08       2.18111E-03       1.94443E-06       1.98835E-06
       9.12011E-04       9.54993E-04       9.33502E-04       4.29820E-05       9.37473E-08       2.18108E-03       2.03605E-06       2.08210E-06
       9.54993E-04       1.00000E-03       9.77497E-04       4.50070E-05       9.81654E-08       2.18111E-03       2.13203E-06       2.18027E-06
       1.00000E-03       1.04713E-03       1.02356E-03       4.71300E-05       1.02793E-07       2.18105E-03       2.23245E-06       2.28306E-06
       1.04713E-03       1.09648E-03       1.07180E-03       4.93500E-05       1.07635E-07       2.18105E-03       2.33766E-06       2.39069E-06
       1.09648E-03       1.14815E-03       1.12231E-03       5.16700E-05       1.12710E-07       2.18135E-03       2.44816E-06       2.50340E-06
       1.14815E-03       1.20226E-03       1.17520E-03       5.41100E-05       1.18019E-07       2.18109E-03       2.56323E-06       2.62142E-06
       1.20226E-03       1.25892E-03       1.23059E-03       5.66600E-05       1.23583E-07       2.18113E-03       2.68408E-06       2.74501E-06
       1.25892E-03       1.31826E-03       1.28859E-03       5.93400E-05       1.29409E-07       2.18080E-03       2.81016E-06       2.87441E-06
       1.31826E-03       1.38038E-03       1.34932E-03       6.21200E-05       1.35505E-07       2.18134E-03       2.94333E-06       3.00992E-06
       1.38038E-03       1.44544E-03       1.41291E-03       6.50599E-05       1.41893E-07       2.18096E-03       3.08151E-06       3.15181E-06
       1.44544E-03       1.51356E-03       1.47950E-03       6.81201E-05       1.48578E-07       2.18112E-03       3.22697E-06       3.30039E-06
       1.51356E-03       1.58489E-03       1.54923E-03       7.13300E-05       1.55582E-07       2.18116E-03       3.37910E-06       3.45597E-06
       1.58489E-03       1.65959E-03       1.62224E-03       7.47000E-05       1.62915E-07       2.18092E-03       3.53798E-06       3.61889E-06
       1.65959E-03       1.73780E-03       1.69870E-03       7.82101E-05       1.70592E-07       2.18120E-03       3.70520E-06       3.78948E-06
       1.73780E-03       1.81970E-03       1.77875E-03       8.18999E-05       1.78632E-07       2.18110E-03       3.87963E-06       3.96811E-06
       1.81970E-03       1.90546E-03       1.86258E-03       8.57600E-05       1.87051E-07       2.18109E-03       4.06246E-06       4.15516E-06
       1.90546E-03       1.99526E-03       1.95036E-03       8.98001E-05       1.95864E-07       2.18112E-03       4.25396E-06       4.35103E-06
       1.99526E-03       2.08930E-03       2.04228E-03       9.40400E-05       2.05097E-07       2.18095E-03       4.45412E-06       4.55612E-06
       2.08930E-03       2.18776E-03       2.13853E-03       9.84600E-05       2.14764E-07       2.18123E-03       4.66462E-06       4.77089E-06
       2.18776E-03       2.29087E-03       2.23932E-03       1.03110E-04       2.24884E-07       2.18101E-03       4.88396E-06       4.99577E-06
       2.29087E-03       2.39883E-03       2.34485E-03       1.07960E-04       2.35482E-07       2.18119E-03       5.11457E-06       5.23125E-06
       2.39883E-03       2.51189E-03       2.45536E-03       1.13060E-04       2.46579E-07       2.18096E-03       5.35505E-06       5.47783E-06
       2.51189E-03       2.63027E-03       2.57108E-03       1.18380E-04       2.58202E-07       2.18113E-03       5.60786E-06       5.73603E-06
       2.63027E-03       2.75423E-03       2.69225E-03       1.23960E-04       2.70371E-07       2.18111E-03       5.87210E-06       6.00640E-06
       2.75423E-03       2.88403E-03       2.81913E-03       1.29800E-04       2.83113E-07       2.18114E-03       6.14893E-06       6.28952E-06
       2.88403E-03       3.01995E-03       2.95199E-03       1.35920E-04       2.96454E-07       2.18109E-03       6.43857E-06       6.58597E-06
       3.01995E-03       3.16228E-03       3.09112E-03       1.42330E-04       3.10427E-07       2.18103E-03       6.74183E-06       6.89640E-06
       3.16228E-03       3.31131E-03       3.23679E-03       1.49030E-04       3.25055E-07       2.18114E-03       7.05990E-06       7.22145E-06
       3.31131E-03       3.46737E-03       3.38934E-03       1.56060E-04       3.40377E-07       2.18107E-03       7.39237E-06       7.56183E-06
       3.46737E-03       3.63078E-03       3.54907E-03       1.63410E-04       3.56417E-07       2.18112E-03       7.74097E-06       7.91825E-06
       3.63078E-03       3.80189E-03       3.71633E-03       1.71110E-04       3.73214E-07       2.18113E-03       8.10582E-06       8.29146E-06
       3.80189E-03       3.98107E-03       3.89148E-03       1.79180E-04       3.90806E-07       2.18108E-03       8.48763E-06       8.68227E-06
       3.98107E-03       4.16869E-03       4.07488E-03       1.87620E-04       4.09221E-07       2.18112E-03       8.88780E-06       9.09149E-06
       4.16869E-03       4.36516E-03       4.26693E-03       1.96470E-04       4.28508E-07       2.18103E-03       9.30631E-06       9.52000E-06
       4.36516E-03       4.57088E-03       4.46802E-03       2.05720E-04       4.48705E-07       2.18115E-03       9.74540E-06       9.96870E-06
       4.57088E-03       4.78630E-03       4.67859E-03       2.15420E-04       4.69849E-07       2.18108E-03       1.02044E-05       1.04386E-05
       4.78630E-03       5.01187E-03       4.89909E-03       2.25570E-04       4.91991E-07       2.18110E-03       1.06854E-05       1.09305E-05
       5.01187E-03       5.24807E-03       5.12997E-03       2.36200E-04       5.15180E-07       2.18112E-03       1.11891E-05       1.14457E-05
       5.24807E-03       5.49541E-03       5.37174E-03       2.47340E-04       5.39458E-07       2.18104E-03       1.17160E-05       1.19852E-05
       5.49541E-03       5.75440E-03       5.62491E-03       2.58990E-04       5.64884E-07       2.18110E-03       1.22685E-05       1.25501E-05
       5.75440E-03       6.02560E-03       5.89000E-03       2.71200E-04       5.91505E-07       2.18106E-03       1.28465E-05       1.31416E-05
       6.02560E-03       6.30957E-03       6.16759E-03       2.83970E-04       6.19380E-07       2.18115E-03       1.34524E-05       1.37609E-05
       6.30957E-03       6.60693E-03       6.45825E-03       2.97360E-04       6.48574E-07       2.18110E-03       1.40861E-05       1.44095E-05
       6.60693E-03       6.91831E-03       6.76262E-03       3.11380E-04       6.79140E-07       2.18107E-03       1.47497E-05       1.50887E-05
       6.91831E-03       7.24436E-03       7.08133E-03       3.26050E-04       7.11147E-07       2.18110E-03       1.54451E-05       1.57998E-05
       7.24436E-03       7.58578E-03       7.41507E-03       3.41420E-04       7.44660E-07       2.18107E-03       1.61728E-05       1.65445E-05
       7.58578E-03       7.94328E-03       7.76453E-03       3.57500E-04       7.79755E-07       2.18113E-03       1.69355E-05       1.73242E-05
       7.94328E-03       8.31764E-03       8.13046E-03       3.74360E-04       8.16505E-07       2.18107E-03       1.77331E-05       1.81407E-05
       8.31764E-03       8.70964E-03       8.51364E-03       3.92000E-04       8.54983E-07       2.18108E-03       1.85689E-05       1.89957E-05
       8.70964E-03       9.12011E-03       8.91487E-03       4.10471E-04       8.95280E-07       2.18111E-03       1.94443E-05       1.98910E-05
       9.12011E-03       9.54993E-03       9.33502E-03       4.29819E-04       9.37473E-07       2.18109E-03       2.03605E-05       2.08285E-05
       9.54993E-03       1.00000E-02       9.77496E-03       4.50070E-04       9.81654E-07       2.18111E-03       2.13203E-05       2.18101E-05
       1.00000E-02       1.04713E-02       1.02357E-02       4.71300E-04       1.02793E-06       2.18105E-03       2.23245E-05       2.28381E-05
       1.04713E-02       1.09648E-02       1.07180E-02       4.93500E-04       1.07635E-06       2.18105E-03       2.33766E-05       2.39144E-05
       1.09648E-02       1.14815E-02       1.12232E-02       5.16700E-04       1.12710E-06       2.18135E-03       2.44816E-05       2.50415E-05
       1.14815E-02       1.20226E-02       1.17521E-02       5.41100E-04       1.18019E-06       2.18109E-03       2.56323E-05       2.62217E-05
       1.20226E-02       1.25892E-02       1.23059E-02       5.66601E-04       1.23583E-06       2.18113E-03       2.68407E-05       2.74575E-05
       1.25892E-02       1.31826E-02       1.28859E-02       5.93399E-04       1.29409E-06       2.18080E-03       2.81016E-05       2.87516E-05
       1.31826E-02       1.38038E-02       1.34932E-02       6.21200E-04       1.35505E-06       2.18134E-03       2.94333E-05       3.01067E-05
       1.38038E-02       1.44544E-02       1.41291E-02       6.50601E-04       1.41893E-06       2.18096E-03       3.08150E-05       3.15256E-05
       1.44544E-02       1.51356E-02       1.47950E-02       6.81199E-04       1.48578E-06       2.18113E-03       3.22698E-05       3.30114E-05
       1.51356E-02       1.58489E-02       1.54923E-02       7.13301E-04       1.55582E-06       2.18115E-03       3.37910E-05       3.45672E-05
       1.58489E-02       1.65959E-02       1.62224E-02       7.47000E-04       1.62915E-06       2.18092E-03       3.53797E-05       3.61963E-05
       1.65959E-02       1.73780E-02       1.69870E-02       7.82100E-04       1.70592E-06       2.18121E-03       3.70521E-05       3.79023E-05
       1.73780E-02       1.81970E-02       1.77875E-02       8.19000E-04       1.78632E-06       2.18110E-03       3.87963E-05       3.96886E-05
       1.81970E-02       1.90546E-02       1.86258E-02       8.57600E-04       1.87051E-06       2.18109E-03       4.06246E-05       4.15591E-05
       1.90546E-02       1.99526E-02       1.95036E-02       8.98000E-04       1.95864E-06       2.18112E-03       4.25397E-05       4.35177E-05
       1.99526E-02       2.08930E-02       2.04228E-02       9.40400E-04       2.05097E-06       2.18095E-03       4.45412E-05       4.55687E-05
       2.08930E-02       2.18776E-02       2.13853E-02       9.84600E-04       2.14764E-06       2.18123E-03       4.66462E-05       4.77163E-05
       2.18776E-02       2.29087E-02       2.23931E-02       1.03110E-03       2.24884E-06       2.18101E-03       4.88397E-05       4.99652E-05
       2.29087E-02       2.39883E-02       2.34485E-02       1.07960E-03       2.35482E-06       2.18119E-03       5.11457E-05       5.23200E-05
       2.39883E-02       2.51189E-02       2.45536E-02       1.13060E-03       2.46579E-06       2.18096E-03       5.35505E-05       5.47858E-05
       2.51189E-02       2.63027E-02       2.57108E-02       1.18380E-03       2.58202E-06       2.18113E-03       5.60787E-05       5.73678E-05
       2.63027E-02       2.75423E-02       2.69225E-02       1.23960E-03       2.70371E-06       2.18111E-03       5.87209E-05       6.00715E-05
       2.75423E-02       2.88403E-02       2.81913E-02       1.29800E-03       2.83113E-06       2.18114E-03       6.14893E-05       6.29026E-05
       2.88403E-02       3.01995E-02       2.95199E-02       1.35920E-03       2.96454E-06       2.18109E-03       6.43857E-05       6.58672E-05
       3.01995E-02       3.16228E-02       3.09112E-02       1.42330E-03       3.10427E-06       2.18103E-03       6.74182E-05       6.89714E-05
       3.16228E-02       3.31131E-02       3.23680E-02       1.49030E-03       3.25055E-06       2.18114E-03       7.05990E-05       7.22220E-05
       3.31131E-02       3.46737E-02       3.38934E-02       1.56060E-03       3.40377E-06       2.18107E-03       7.39239E-05       7.56258E-05
       3.46737E-02       3.63078E-02       3.54908E-02       1.63410E-03       3.56417E-06       2.18112E-03       7.74095E-05       7.91899E-05
       3.63078E-02       3.80189E-02       3.71633E-02       1.71110E-03       3.73214E-06       2.18114E-03       8.10583E-05       8.29221E-05
       3.80189E-02       3.98107E-02       3.89148E-02       1.79180E-03       3.90806E-06       2.18108E-03       8.48763E-05       8.68301E-05
       3.98107E-02       4.16869E-02       4.07488E-02       1.87620E-03       4.09222E-06       2.18112E-03       8.88780E-05       9.09224E-05
       4.16869E-02       4.36516E-02       4.26693E-02       1.96470E-03       4.28508E-06       2.18103E-03       9.30630E-05       9.52074E-05
       4.36516E-02       4.57088E-02       4.46802E-02       2.05720E-03       4.48705E-06       2.18114E-03       9.74539E-05       9.96945E-05
       4.57088E-02       4.78630E-02       4.67859E-02       2.15420E-03       4.69849E-06       2.18108E-03       1.02044E-04       1.04393E-04
       4.78630E-02       5.01187E-02       4.89908E-02       2.25570E-03       4.91991E-06       2.18110E-03       1.06854E-04       1.09313E-04
       5.01187E-02       5.24808E-02       5.12998E-02       2.36210E-03       5.15180E-06       2.18102E-03       1.11886E-04       1.14465E-04
       5.24808E-02       5.49541E-02       5.37174E-02       2.47330E-03       5.39458E-06       2.18113E-03       1.17165E-04       1.19859E-04
       5.49541E-02       5.75440E-02       5.62491E-02       2.58990E-03       9.84838E-06       3.80261E-03       2.13893E-04       1.29708E-04
       5.75440E-02       6.02560E-02       5.89000E-02       2.71200E-03       5.08896E-04       1.87646E-01       1.10524E-02       6.38604E-04
       6.02560E-02       6.30957E-02       6.16758E-02       2.83970E-03       6.85343E-04       2.41344E-01       1.48851E-02       1.32395E-03
       6.30957E-02       6.60693E-02       6.45825E-02       2.97360E-03       7.17641E-04       2.41338E-01       1.55862E-02       2.04159E-03
       6.60693E-02       6.91831E-02       6.76262E-02       3.11380E-03       7.51467E-04       2.41334E-01       1.63205E-02       2.79305E-03
       6.91831E-02       7.24436E-02       7.08134E-02       3.26050E-03       7.86880E-04       2.41337E-01       1.70899E-02       3.57993E-03
       7.24436E-02       7.58578E-02       7.41507E-02       3.41420E-03       8.23962E-04       2.41334E-01       1.78951E-02       4.40390E-03
       7.58578E-02       7.94328E-02       7.76453E-02       3.57500E-03       8.62796E-04       2.41341E-01       1.87390E-02       5.26669E-03
       7.94328E-02       8.31764E-02       8.13046E-02       3.74360E-03       9.03460E-04       2.41334E-01       1.96216E-02       6.17015E-03
       8.31764E-02       8.70964E-02       8.51364E-02       3.92000E-03       9.46035E-04       2.41335E-01       2.05464E-02       7.11619E-03
       8.70964E-02       9.12011E-02       8.91488E-02       4.10470E-03       9.90621E-04       2.41338E-01       2.15150E-02       8.10681E-03
       9.12011E-02       9.54993E-02       9.33502E-02       4.29820E-03       1.03731E-03       2.41336E-01       2.25288E-02       9.14412E-03
       9.54993E-02       1.00000E-01       9.77497E-02       4.50070E-03       1.08619E-03       2.41339E-01       2.35908E-02       1.02303E-02
       1.00000E-01       1.04713E-01       1.02357E-01       4.71300E-03       1.13740E-03       2.41332E-01       2.47019E-02       1.13677E-02
       1.04713E-01       1.09648E-01       1.07180E-01       4.93500E-03       1.19098E-03       2.41332E-01       2.58661E-02       1.25587E-02
       1.09648E-01       1.14815E-01       1.12231E-01       5.16700E-03       1.24713E-03       2.41365E-01       2.70888E-02       1.38058E-02
       1.14815E-01       1.20226E-01       1.17520E-01       5.41100E-03       3.78627E-03       6.99735E-01       8.22333E-02       1.75921E-02
       1.20226E-01       1.25892E-01       1.23059E-01       5.66600E-03       4.90619E-03       8.65899E-01       1.06557E-01       2.24983E-02
       1.25892E-01       1.31826E-01       1.28859E-01       5.93400E-03       5.13747E-03       8.65768E-01       1.11562E-01       2.76357E-02
       1.31826E-01       1.38038E-01       1.34932E-01       6.21200E-03       5.37949E-03       8.65983E-01       1.16849E-01       3.30152E-02
       1.38038E-01       1.44544E-01       1.41291E-01       6.50600E-03       5.63313E-03       8.65835E-01       1.22335E-01       3.86484E-02
       1.44544E-01       1.51356E-01       1.47950E-01       6.81200E-03       5.89850E-03       8.65898E-01       1.28110E-01       4.45469E-02
       1.51356E-01       1.58489E-01       1.54923E-01       7.13300E-03       6.17653E-03       8.65909E-01       1.34149E-01       5.07234E-02
       1.58489E-01       1.65959E-01       1.62224E-01       7.47000E-03       6.46766E-03       8.65818E-01       1.40456E-01       5.71910E-02
       1.65959E-01       1.73780E-01       1.69869E-01       7.82100E-03       6.94142E-03       8.87536E-01       1.50765E-01       6.41325E-02
       1.73780E-01       1.81970E-01       1.77875E-01       8.19000E-03       9.74652E-03       1.19005E+00       2.11680E-01       7.38790E-02
       1.81970E-01       1.90546E-01       1.86258E-01       8.57600E-03       1.06063E-02       1.23674E+00       2.30353E-01       8.44852E-02
       1.90546E-01       1.99526E-01       1.95036E-01       8.98000E-03       1.11060E-02       1.23675E+00       2.41211E-01       9.55913E-02
       1.99526E-01       2.08930E-01       2.04228E-01       9.40400E-03       1.16295E-02       1.23666E+00       2.52561E-01       1.07221E-01
       2.08930E-01       2.18776E-01       2.13853E-01       9.84600E-03       1.21777E-02       1.23682E+00       2.64497E-01       1.19399E-01
       2.18776E-01       2.29087E-01       2.23931E-01       1.03110E-02       1.27515E-02       1.23669E+00       2.76934E-01       1.32150E-01
       2.29087E-01       2.39883E-01       2.34485E-01       1.07960E-02       1.35565E-02       1.25570E+00       2.94443E-01       1.45707E-01
       2.39883E-01       2.51189E-01       2.45536E-01       1.13060E-02       1.42855E-02       1.26353E+00       3.10243E-01       1.59992E-01
       2.51189E-01       2.63027E-01       2.57108E-01       1.18380E-02       1.49589E-02       1.26363E+00       3.24890E-01       1.74951E-01
       2.63027E-01       2.75423E-01       2.69225E-01       1.23960E-02       1.56639E-02       1.26362E+00       3.40199E-01       1.90615E-01
       2.75423E-01       2.88403E-01       2.81913E-01       1.29800E-02       1.63943E-02       1.26304E+00       3.56068E-01       2.07009E-01
       2.88403E-01       3.01995E-01       2.95199E-01       1.35920E-02       1.69015E-02       1.24349E+00       3.67077E-01       2.23911E-01
       3.01995E-01       3.16228E-01       3.09112E-01       1.42330E-02       1.76302E-02       1.23869E+00       3.82892E-01       2.41541E-01
       3.16228E-01       3.31131E-01       3.23680E-01       1.49030E-02       1.84610E-02       1.23874E+00       4.00956E-01       2.60002E-01
       3.31131E-01       3.46737E-01       3.38934E-01       1.56060E-02       1.93166E-02       1.23777E+00       4.19521E-01       2.79318E-01
       3.46737E-01       3.63078E-01       3.54908E-01       1.63410E-02       1.99087E-02       1.21833E+00       4.32394E-01       2.99227E-01
       3.63078E-01       3.80189E-01       3.71633E-01       1.71110E-02       2.07793E-02       1.21438E+00       4.51305E-01       3.20006E-01
       3.80189E-01       3.98107E-01       3.89148E-01       1.79180E-02       2.17587E-02       1.21435E+00       4.72561E-01       3.41765E-01
       3.98107E-01       4.16869E-01       4.07488E-01       1.87620E-02       2.25528E-02       1.20204E+00       4.89819E-01       3.64318E-01
       4.16869E-01       4.36516E-01       4.26692E-01       1.96470E-02       2.34001E-02       1.19103E+00       5.08202E-01       3.87718E-01
       4.36516E-01       4.57088E-01       4.46802E-01       2.05720E-02       2.45030E-02       1.19109E+00       5.32180E-01       4.12221E-01
       4.57088E-01       4.78630E-01       4.67859E-01       2.15420E-02       2.53791E-02       1.17812E+00       5.51194E-01       4.37600E-01
       4.78630E-01       5.01187E-01       4.89909E-01       2.25570E-02       2.64027E-02       1.17049E+00       5.73432E-01       4.64003E-01
       5.01187E-01       5.24808E-01       5.12998E-01       2.36210E-02       2.76138E-02       1.16904E+00       5.99712E-01       4.91617E-01
       5.24808E-01       5.49541E-01       5.37174E-01       2.47330E-02       2.86184E-02       1.15710E+00       6.21562E-01       5.20235E-01
       5.49541E-01       5.75440E-01       5.62490E-01       2.58990E-02       2.99522E-02       1.15650E+00       6.50521E-01       5.50187E-01
       5.75440E-01       6.02560E-01       5.89000E-01       2.71200E-02       3.11169E-02       1.14738E+00       6.75806E-01       5.81304E-01
       6.02560E-01       6.30957E-01       6.16758E-01       2.83970E-02       3.25066E-02       1.14472E+00       7.06014E-01       6.13811E-01
       6.30957E-01       6.60693E-01       6.45825E-01       2.97360E-02       3.37929E-02       1.13643E+00       7.33936E-01       6.47604E-01
       6.60693E-01       6.91831E-01       6.76262E-01       3.11380E-02       3.52723E-02       1.13277E+00       7.66051E-01       6.82876E-01
       6.91831E-01       7.24436E-01       7.08133E-01       3.26050E-02       3.65938E-02       1.12234E+00       7.94764E-01       7.19470E-01
       7.24436E-01       7.58578E-01       7.41507E-01       3.41420E-02       3.80999E-02       1.11592E+00       8.27466E-01       7.57570E-01
       7.58578E-01       7.94328E-01       7.76453E-01       3.57500E-02       3.88192E-02       1.08585E+00       8.43113E-01       7.96389E-01
       7.94328E-01       8.31764E-01       8.13046E-01       3.74360E-02       3.88616E-02       1.03808E+00       8.44008E-01       8.35250E-01
       8.31764E-01       8.70964E-01       8.51364E-01       3.92000E-02       3.81502E-02       9.73219E-01       8.28564E-01       8.73401E-01
       8.70964E-01       9.12011E-01       8.91487E-01       4.10470E-02       3.39387E-02       8.26825E-01       7.37104E-01       9.07339E-01
       9.12011E-01       9.54993E-01       9.33502E-01       4.29820E-02       2.93508E-02       6.82863E-01       6.37454E-01       9.36690E-01
       9.54993E-01       1.00000E+00       9.77497E-01       4.50070E-02       2.38946E-02       5.30908E-01       5.18961E-01       9.60585E-01
       1.00000E+00       1.04713E+00       1.02357E+00       4.71300E-02       1.65965E-02       3.52142E-01       3.60441E-01       9.77181E-01
       1.04713E+00       1.09648E+00       1.07181E+00       4.93500E-02       1.19228E-02       2.41597E-01       2.58945E-01       9.89104E-01
       1.09648E+00       1.14815E+00       1.12231E+00       5.16700E-02       8.71850E-03       1.68734E-01       1.89373E-01       9.97822E-01
       1.14815E+00       1.20226E+00       1.17520E+00       5.41100E-02       2.17764E-03       4.02448E-02       4.72958E-02       1.00000E+00

 Sum =                                                                         1.00000E+00
 Renormalization bin#   946 =                                                  2.61631E-02 barn        1.40000E+07        1.42000E+07        1.41000E+07
 Avg. Energy     bin#   946 =                                                  5.44652E-01 MeV         1.40000E+07        1.42000E+07
