"        MT=104 recoil spectrum "
" Initial neutron energy corresponds to the group:"
   1.52000E+01    1.54000E+01       0.00000E+00           220           871           652



          Low               High              Mid              Energy           Number             dn/de            E*dn/de          Cumulative
         Energy            Energy            Energy             Width          Fraction                               Sum   
         [MeV]             [MeV]             [MeV]              [MeV]

       2.39883E-07       2.51189E-07       2.45536E-07       1.13060E-08       0.00000E+00       0.00000E+00       0.00000E+00       0.00000E+00
       2.51189E-07       2.63027E-07       2.57108E-07       1.18380E-08       6.22711E-10       5.26026E-02       1.35246E-08       6.22711E-10
       2.63027E-07       2.75423E-07       2.69225E-07       1.23960E-08       6.52036E-10       5.26006E-02       1.41614E-08       1.27475E-09
       2.75423E-07       2.88403E-07       2.81913E-07       1.29800E-08       6.82749E-10       5.26000E-02       1.48286E-08       1.95750E-09
       2.88403E-07       3.01995E-07       2.95199E-07       1.35920E-08       7.14971E-10       5.26023E-02       1.55282E-08       2.67247E-09
       3.01995E-07       3.16228E-07       3.09111E-07       1.42330E-08       7.48641E-10       5.25990E-02       1.62589E-08       3.42111E-09
       3.16228E-07       3.31131E-07       3.23680E-07       1.49030E-08       7.83940E-10       5.26028E-02       1.70264E-08       4.20505E-09
       3.31131E-07       3.46737E-07       3.38934E-07       1.56060E-08       8.20868E-10       5.25996E-02       1.78278E-08       5.02592E-09
       3.46737E-07       3.63078E-07       3.54908E-07       1.63410E-08       8.59546E-10       5.26006E-02       1.86683E-08       5.88546E-09
       3.63078E-07       3.80189E-07       3.71633E-07       1.71110E-08       9.00034E-10       5.25997E-02       1.95478E-08       6.78550E-09
       3.80189E-07       3.98107E-07       3.89148E-07       1.79180E-08       9.42453E-10       5.25982E-02       2.04685E-08       7.72795E-09
       3.98107E-07       4.16869E-07       4.07488E-07       1.87620E-08       9.86924E-10       5.26022E-02       2.14348E-08       8.71487E-09
       4.16869E-07       4.36516E-07       4.26693E-07       1.96470E-08       1.03339E-09       5.25977E-02       2.24431E-08       9.74826E-09
       4.36516E-07       4.57088E-07       4.46802E-07       2.05720E-08       1.08214E-09       5.26026E-02       2.35029E-08       1.08304E-08
       4.57088E-07       4.78630E-07       4.67859E-07       2.15420E-08       1.13313E-09       5.26009E-02       2.46098E-08       1.19635E-08
       4.78630E-07       5.01187E-07       4.89909E-07       2.25570E-08       1.18653E-09       5.26013E-02       2.57698E-08       1.31501E-08
       5.01187E-07       5.24807E-07       5.12997E-07       2.36200E-08       1.24240E-09       5.25998E-02       2.69835E-08       1.43925E-08
       5.24807E-07       5.50000E-07       5.37403E-07       2.51930E-08       1.32513E-09       5.25991E-02       2.82669E-08       1.57176E-08
       5.50000E-07       5.75000E-07       5.62500E-07       2.50000E-08       1.31499E-09       5.25998E-02       2.95874E-08       1.70326E-08
       5.75000E-07       6.00000E-07       5.87500E-07       2.50000E-08       1.31499E-09       5.25997E-02       3.09023E-08       1.83476E-08
       6.00000E-07       6.25000E-07       6.12500E-07       2.50000E-08       1.31499E-09       5.25998E-02       3.22174E-08       1.96626E-08
       6.25000E-07       6.50000E-07       6.37500E-07       2.50000E-08       1.31499E-09       5.25998E-02       3.35324E-08       2.09776E-08
       6.50000E-07       6.75000E-07       6.62500E-07       2.50000E-08       1.31499E-09       5.25997E-02       3.48473E-08       2.22926E-08
       6.75000E-07       7.00000E-07       6.87500E-07       2.50000E-08       1.31499E-09       5.25998E-02       3.61624E-08       2.36076E-08
       7.00000E-07       7.25000E-07       7.12500E-07       2.50000E-08       1.31499E-09       5.25997E-02       3.74773E-08       2.49226E-08
       7.25000E-07       7.50000E-07       7.37500E-07       2.50000E-08       1.31499E-09       5.25998E-02       3.87924E-08       2.62375E-08
       7.50000E-07       7.75000E-07       7.62500E-07       2.50000E-08       1.31499E-09       5.25998E-02       4.01074E-08       2.75525E-08
       7.75000E-07       8.00000E-07       7.87500E-07       2.50000E-08       1.31499E-09       5.25997E-02       4.14222E-08       2.88675E-08
       8.00000E-07       8.25000E-07       8.12500E-07       2.50000E-08       1.31499E-09       5.25998E-02       4.27373E-08       3.01825E-08
       8.25000E-07       8.50000E-07       8.37500E-07       2.50000E-08       1.31499E-09       5.25997E-02       4.40522E-08       3.14975E-08
       8.50000E-07       8.75000E-07       8.62500E-07       2.50000E-08       1.31499E-09       5.25998E-02       4.53673E-08       3.28125E-08
       8.75000E-07       9.00000E-07       8.87500E-07       2.50000E-08       1.31499E-09       5.25998E-02       4.66823E-08       3.41275E-08
       9.00000E-07       9.25000E-07       9.12500E-07       2.50000E-08       1.31499E-09       5.25997E-02       4.79972E-08       3.54425E-08
       9.25000E-07       9.50000E-07       9.37500E-07       2.50000E-08       1.31499E-09       5.25998E-02       4.93123E-08       3.67575E-08
       9.50000E-07       9.75000E-07       9.62500E-07       2.50000E-08       1.31499E-09       5.25997E-02       5.06272E-08       3.80725E-08
       9.75000E-07       1.00000E-06       9.87500E-07       2.50000E-08       1.31499E-09       5.25998E-02       5.19423E-08       3.93875E-08
       1.00000E-06       1.02500E-06       1.01250E-06       2.50000E-08       1.31499E-09       5.25998E-02       5.32573E-08       4.07025E-08
       1.02500E-06       1.05000E-06       1.03750E-06       2.50000E-08       1.31499E-09       5.25998E-02       5.45723E-08       4.20175E-08
       1.05000E-06       1.07500E-06       1.06250E-06       2.50001E-08       1.31499E-09       5.25996E-02       5.58870E-08       4.33325E-08
       1.07500E-06       1.10000E-06       1.08750E-06       2.50000E-08       1.31499E-09       5.25998E-02       5.72023E-08       4.46475E-08
       1.10000E-06       1.12500E-06       1.11250E-06       2.50000E-08       1.31499E-09       5.25998E-02       5.85173E-08       4.59625E-08
       1.12500E-06       1.15000E-06       1.13750E-06       2.50000E-08       1.31499E-09       5.25998E-02       5.98323E-08       4.72775E-08
       1.15000E-06       1.17500E-06       1.16250E-06       2.50000E-08       1.31499E-09       5.25998E-02       6.11473E-08       4.85925E-08
       1.17500E-06       1.20000E-06       1.18750E-06       2.50001E-08       1.31499E-09       5.25996E-02       6.24620E-08       4.99074E-08
       1.20000E-06       1.22500E-06       1.21250E-06       2.50000E-08       1.31499E-09       5.25998E-02       6.37773E-08       5.12224E-08
       1.22500E-06       1.25000E-06       1.23750E-06       2.50000E-08       1.31499E-09       5.25998E-02       6.50923E-08       5.25374E-08
       1.25000E-06       1.27500E-06       1.26250E-06       2.50000E-08       1.31499E-09       5.25998E-02       6.64073E-08       5.38524E-08
       1.27500E-06       1.30000E-06       1.28750E-06       2.50000E-08       1.31499E-09       5.25998E-02       6.77223E-08       5.51674E-08
       1.30000E-06       1.32500E-06       1.31250E-06       2.50001E-08       1.31499E-09       5.25996E-02       6.90369E-08       5.64824E-08
       1.32500E-06       1.35000E-06       1.33750E-06       2.50000E-08       1.31499E-09       5.25998E-02       7.03522E-08       5.77974E-08
       1.35000E-06       1.37500E-06       1.36250E-06       2.50000E-08       1.31499E-09       5.25998E-02       7.16672E-08       5.91124E-08
       1.37500E-06       1.40000E-06       1.38750E-06       2.50000E-08       1.31499E-09       5.25998E-02       7.29822E-08       6.04274E-08
       1.40000E-06       1.42500E-06       1.41250E-06       2.50000E-08       1.31499E-09       5.25998E-02       7.42972E-08       6.17424E-08
       1.42500E-06       1.45000E-06       1.43750E-06       2.50001E-08       1.31499E-09       5.25996E-02       7.56119E-08       6.30574E-08
       1.45000E-06       1.47500E-06       1.46250E-06       2.50000E-08       1.31499E-09       5.25998E-02       7.69272E-08       6.43724E-08
       1.47500E-06       1.50000E-06       1.48750E-06       2.50000E-08       1.31499E-09       5.25998E-02       7.82422E-08       6.56874E-08
       1.50000E-06       1.52500E-06       1.51250E-06       2.50000E-08       1.31499E-09       5.25998E-02       7.95572E-08       6.70024E-08
       1.52500E-06       1.55000E-06       1.53750E-06       2.50000E-08       1.31499E-09       5.25998E-02       8.08722E-08       6.83174E-08
       1.55000E-06       1.57500E-06       1.56250E-06       2.50001E-08       1.31499E-09       5.25996E-02       8.21868E-08       6.96324E-08
       1.57500E-06       1.60000E-06       1.58750E-06       2.50000E-08       1.31499E-09       5.25998E-02       8.35022E-08       7.09474E-08
       1.60000E-06       1.62500E-06       1.61250E-06       2.50000E-08       1.31499E-09       5.25998E-02       8.48172E-08       7.22623E-08
       1.62500E-06       1.65000E-06       1.63750E-06       2.50000E-08       1.31499E-09       5.25998E-02       8.61322E-08       7.35773E-08
       1.65000E-06       1.67500E-06       1.66250E-06       2.50000E-08       1.31499E-09       5.25998E-02       8.74472E-08       7.48923E-08
       1.67500E-06       1.70000E-06       1.68750E-06       2.50001E-08       1.31499E-09       5.25996E-02       8.87617E-08       7.62073E-08
       1.70000E-06       1.72500E-06       1.71250E-06       2.50000E-08       1.31499E-09       5.25998E-02       9.00772E-08       7.75223E-08
       1.72500E-06       1.75000E-06       1.73750E-06       2.50000E-08       1.31499E-09       5.25998E-02       9.13922E-08       7.88373E-08
       1.75000E-06       1.77500E-06       1.76250E-06       2.50000E-08       1.31499E-09       5.25998E-02       9.27072E-08       8.01523E-08
       1.77500E-06       1.80000E-06       1.78750E-06       2.50000E-08       1.31499E-09       5.25998E-02       9.40222E-08       8.14673E-08
       1.80000E-06       1.82500E-06       1.81250E-06       2.50001E-08       1.31499E-09       5.25996E-02       9.53367E-08       8.27823E-08
       1.82500E-06       1.85000E-06       1.83750E-06       2.50000E-08       1.31499E-09       5.25998E-02       9.66521E-08       8.40973E-08
       1.85000E-06       1.87500E-06       1.86250E-06       2.50000E-08       1.31499E-09       5.25998E-02       9.79671E-08       8.54123E-08
       1.87500E-06       1.90000E-06       1.88750E-06       2.50000E-08       1.31499E-09       5.25998E-02       9.92821E-08       8.67273E-08
       1.90000E-06       1.92500E-06       1.91250E-06       2.50000E-08       1.31499E-09       5.25998E-02       1.00597E-07       8.80423E-08
       1.92500E-06       1.95000E-06       1.93750E-06       2.50001E-08       1.31499E-09       5.25996E-02       1.01912E-07       8.93573E-08
       1.95000E-06       1.97500E-06       1.96250E-06       2.50000E-08       1.31499E-09       5.25998E-02       1.03227E-07       9.06723E-08
       1.97500E-06       2.00000E-06       1.98750E-06       2.50000E-08       1.31499E-09       5.25998E-02       1.04542E-07       9.19873E-08
       2.00000E-06       2.02500E-06       2.01250E-06       2.50001E-08       1.31499E-09       5.25996E-02       1.05857E-07       9.33023E-08
       2.02500E-06       2.05000E-06       2.03750E-06       2.49999E-08       1.31499E-09       5.26001E-02       1.07173E-07       9.46172E-08
       2.05000E-06       2.07500E-06       2.06250E-06       2.50001E-08       1.31499E-09       5.25996E-02       1.08487E-07       9.59322E-08
       2.07500E-06       2.10000E-06       2.08750E-06       2.49999E-08       1.31499E-09       5.26001E-02       1.09803E-07       9.72472E-08
       2.10000E-06       2.12500E-06       2.11250E-06       2.50001E-08       1.31499E-09       5.25996E-02       1.11117E-07       9.85622E-08
       2.12500E-06       2.15000E-06       2.13750E-06       2.50001E-08       1.31499E-09       5.25996E-02       1.12432E-07       9.98772E-08
       2.15000E-06       2.17500E-06       2.16250E-06       2.49999E-08       1.31499E-09       5.26001E-02       1.13748E-07       1.01192E-07
       2.17500E-06       2.20000E-06       2.18750E-06       2.50001E-08       1.31499E-09       5.25996E-02       1.15062E-07       1.02507E-07
       2.20000E-06       2.22500E-06       2.21250E-06       2.49999E-08       1.31499E-09       5.26001E-02       1.16378E-07       1.03822E-07
       2.22500E-06       2.25000E-06       2.23750E-06       2.50001E-08       1.31499E-09       5.25996E-02       1.17691E-07       1.05137E-07
       2.25000E-06       2.27500E-06       2.26250E-06       2.50001E-08       1.31499E-09       5.25996E-02       1.19006E-07       1.06452E-07
       2.27500E-06       2.30000E-06       2.28750E-06       2.49999E-08       1.31499E-09       5.26001E-02       1.20323E-07       1.07767E-07
       2.30000E-06       2.32500E-06       2.31250E-06       2.50001E-08       1.31499E-09       5.25996E-02       1.21636E-07       1.09082E-07
       2.32500E-06       2.35000E-06       2.33750E-06       2.49999E-08       1.31499E-09       5.26001E-02       1.22953E-07       1.10397E-07
       2.35000E-06       2.37500E-06       2.36250E-06       2.50001E-08       1.31499E-09       5.25996E-02       1.24266E-07       1.11712E-07
       2.37500E-06       2.40000E-06       2.38750E-06       2.50001E-08       1.31499E-09       5.25996E-02       1.25581E-07       1.13027E-07
       2.40000E-06       2.42500E-06       2.41250E-06       2.49999E-08       1.31499E-09       5.26001E-02       1.26898E-07       1.14342E-07
       2.42500E-06       2.45000E-06       2.43750E-06       2.50001E-08       1.31499E-09       5.25996E-02       1.28211E-07       1.15657E-07
       2.45000E-06       2.47500E-06       2.46250E-06       2.49999E-08       1.31499E-09       5.26001E-02       1.29528E-07       1.16972E-07
       2.47500E-06       2.50000E-06       2.48750E-06       2.50001E-08       1.31499E-09       5.25996E-02       1.30841E-07       1.18287E-07
       2.50000E-06       2.52500E-06       2.51250E-06       2.50001E-08       1.31499E-09       5.25996E-02       1.32156E-07       1.19602E-07
       2.52500E-06       2.55000E-06       2.53750E-06       2.49999E-08       1.31499E-09       5.26001E-02       1.33473E-07       1.20917E-07
       2.55000E-06       2.57500E-06       2.56250E-06       2.50001E-08       1.31499E-09       5.25996E-02       1.34786E-07       1.22232E-07
       2.57500E-06       2.60000E-06       2.58750E-06       2.49999E-08       1.31499E-09       5.26001E-02       1.36103E-07       1.23547E-07
       2.60000E-06       2.62500E-06       2.61250E-06       2.50001E-08       1.31499E-09       5.25996E-02       1.37416E-07       1.24862E-07
       2.62500E-06       2.65000E-06       2.63750E-06       2.50001E-08       1.31499E-09       5.25996E-02       1.38731E-07       1.26177E-07
       2.65000E-06       2.67500E-06       2.66250E-06       2.49999E-08       1.31499E-09       5.26001E-02       1.40048E-07       1.27492E-07
       2.67500E-06       2.70000E-06       2.68750E-06       2.50001E-08       1.31499E-09       5.25996E-02       1.41361E-07       1.28807E-07
       2.70000E-06       2.72500E-06       2.71250E-06       2.49999E-08       1.31499E-09       5.26001E-02       1.42678E-07       1.30122E-07
       2.72500E-06       2.75000E-06       2.73750E-06       2.50001E-08       1.31499E-09       5.25996E-02       1.43991E-07       1.31437E-07
       2.75000E-06       2.77500E-06       2.76250E-06       2.50001E-08       1.31499E-09       5.25996E-02       1.45306E-07       1.32752E-07
       2.77500E-06       2.80000E-06       2.78750E-06       2.49999E-08       1.31499E-09       5.26001E-02       1.46623E-07       1.34067E-07
       2.80000E-06       2.82500E-06       2.81250E-06       2.50001E-08       1.31499E-09       5.25996E-02       1.47936E-07       1.35382E-07
       2.82500E-06       2.85000E-06       2.83750E-06       2.49999E-08       1.31499E-09       5.26001E-02       1.49253E-07       1.36697E-07
       2.85000E-06       2.87500E-06       2.86250E-06       2.50001E-08       1.31499E-09       5.25996E-02       1.50566E-07       1.38012E-07
       2.87500E-06       2.90000E-06       2.88750E-06       2.50001E-08       1.31499E-09       5.25996E-02       1.51881E-07       1.39327E-07
       2.90000E-06       2.92500E-06       2.91250E-06       2.49999E-08       1.31499E-09       5.26001E-02       1.53198E-07       1.40642E-07
       2.92500E-06       2.95000E-06       2.93750E-06       2.50001E-08       1.31499E-09       5.25996E-02       1.54511E-07       1.41957E-07
       2.95000E-06       2.97500E-06       2.96250E-06       2.49999E-08       1.31499E-09       5.26001E-02       1.55828E-07       1.43272E-07
       2.97500E-06       3.00000E-06       2.98750E-06       2.50001E-08       1.31499E-09       5.25996E-02       1.57141E-07       1.44587E-07
       3.00000E-06       3.02500E-06       3.01250E-06       2.50001E-08       1.31499E-09       5.25996E-02       1.58456E-07       1.45902E-07
       3.02500E-06       3.05000E-06       3.03750E-06       2.49999E-08       1.31499E-09       5.26001E-02       1.59773E-07       1.47217E-07
       3.05000E-06       3.07500E-06       3.06250E-06       2.50001E-08       1.31499E-09       5.25996E-02       1.61086E-07       1.48532E-07
       3.07500E-06       3.10000E-06       3.08750E-06       2.49999E-08       1.31499E-09       5.26001E-02       1.62403E-07       1.49847E-07
       3.10000E-06       3.12500E-06       3.11250E-06       2.50001E-08       1.31499E-09       5.25996E-02       1.63716E-07       1.51162E-07
       3.12500E-06       3.15000E-06       3.13750E-06       2.50001E-08       1.31499E-09       5.25996E-02       1.65031E-07       1.52477E-07
       3.15000E-06       3.17500E-06       3.16250E-06       2.49999E-08       1.31499E-09       5.26001E-02       1.66348E-07       1.53792E-07
       3.17500E-06       3.20000E-06       3.18750E-06       2.50001E-08       1.31499E-09       5.25996E-02       1.67661E-07       1.55107E-07
       3.20000E-06       3.22500E-06       3.21250E-06       2.49999E-08       1.31499E-09       5.26001E-02       1.68978E-07       1.56422E-07
       3.22500E-06       3.25000E-06       3.23750E-06       2.50001E-08       1.31499E-09       5.25996E-02       1.70291E-07       1.57737E-07
       3.25000E-06       3.27500E-06       3.26250E-06       2.50001E-08       1.31499E-09       5.25996E-02       1.71606E-07       1.59052E-07
       3.27500E-06       3.30000E-06       3.28750E-06       2.49999E-08       1.31499E-09       5.26001E-02       1.72923E-07       1.60367E-07
       3.30000E-06       3.32500E-06       3.31250E-06       2.50001E-08       1.31499E-09       5.25996E-02       1.74236E-07       1.61682E-07
       3.32500E-06       3.35000E-06       3.33750E-06       2.49999E-08       1.31499E-09       5.26001E-02       1.75553E-07       1.62997E-07
       3.35000E-06       3.37500E-06       3.36250E-06       2.50001E-08       1.31499E-09       5.25996E-02       1.76866E-07       1.64312E-07
       3.37500E-06       3.40000E-06       3.38750E-06       2.50001E-08       1.31499E-09       5.25996E-02       1.78181E-07       1.65627E-07
       3.40000E-06       3.42500E-06       3.41250E-06       2.49999E-08       1.31499E-09       5.26001E-02       1.79498E-07       1.66942E-07
       3.42500E-06       3.45000E-06       3.43750E-06       2.50001E-08       1.31499E-09       5.25996E-02       1.80811E-07       1.68257E-07
       3.45000E-06       3.47500E-06       3.46250E-06       2.49999E-08       1.31499E-09       5.26001E-02       1.82128E-07       1.69572E-07
       3.47500E-06       3.50000E-06       3.48750E-06       2.50001E-08       1.31499E-09       5.25996E-02       1.83441E-07       1.70887E-07
       3.50000E-06       3.52500E-06       3.51250E-06       2.50001E-08       1.31499E-09       5.25996E-02       1.84756E-07       1.72202E-07
       3.52500E-06       3.55000E-06       3.53750E-06       2.49999E-08       1.31499E-09       5.26001E-02       1.86073E-07       1.73517E-07
       3.55000E-06       3.57500E-06       3.56250E-06       2.50001E-08       1.31499E-09       5.25996E-02       1.87386E-07       1.74832E-07
       3.57500E-06       3.60000E-06       3.58750E-06       2.49999E-08       1.31499E-09       5.26001E-02       1.88703E-07       1.76147E-07
       3.60000E-06       3.62500E-06       3.61250E-06       2.50001E-08       1.31499E-09       5.25996E-02       1.90016E-07       1.77462E-07
       3.62500E-06       3.65000E-06       3.63750E-06       2.50001E-08       1.31499E-09       5.25996E-02       1.91331E-07       1.78777E-07
       3.65000E-06       3.67500E-06       3.66250E-06       2.49999E-08       1.31499E-09       5.26001E-02       1.92648E-07       1.80092E-07
       3.67500E-06       3.70000E-06       3.68750E-06       2.50001E-08       1.31499E-09       5.25996E-02       1.93961E-07       1.81407E-07
       3.70000E-06       3.72500E-06       3.71250E-06       2.49999E-08       1.31499E-09       5.26001E-02       1.95278E-07       1.82722E-07
       3.72500E-06       3.75000E-06       3.73750E-06       2.50001E-08       1.31499E-09       5.25996E-02       1.96591E-07       1.84037E-07
       3.75000E-06       3.77500E-06       3.76250E-06       2.50001E-08       1.31499E-09       5.25996E-02       1.97906E-07       1.85351E-07
       3.77500E-06       3.80000E-06       3.78750E-06       2.49999E-08       1.31499E-09       5.26001E-02       1.99223E-07       1.86666E-07
       3.80000E-06       3.82500E-06       3.81250E-06       2.50001E-08       1.31499E-09       5.25996E-02       2.00536E-07       1.87981E-07
       3.82500E-06       3.85000E-06       3.83750E-06       2.49999E-08       1.31499E-09       5.26001E-02       2.01853E-07       1.89296E-07
       3.85000E-06       3.87500E-06       3.86250E-06       2.50001E-08       1.31499E-09       5.25996E-02       2.03166E-07       1.90611E-07
       3.87500E-06       3.90000E-06       3.88750E-06       2.50001E-08       1.31499E-09       5.25996E-02       2.04481E-07       1.91926E-07
       3.90000E-06       3.92500E-06       3.91250E-06       2.49999E-08       1.31499E-09       5.26001E-02       2.05798E-07       1.93241E-07
       3.92500E-06       3.95000E-06       3.93750E-06       2.50001E-08       1.31499E-09       5.25996E-02       2.07111E-07       1.94556E-07
       3.95000E-06       3.97500E-06       3.96250E-06       2.49999E-08       1.31499E-09       5.26001E-02       2.08428E-07       1.95871E-07
       3.97500E-06       4.00000E-06       3.98750E-06       2.50001E-08       1.31499E-09       5.25996E-02       2.09741E-07       1.97186E-07
       4.00000E-06       4.02500E-06       4.01250E-06       2.50001E-08       1.31499E-09       5.25996E-02       2.11056E-07       1.98501E-07
       4.02500E-06       4.05000E-06       4.03750E-06       2.50001E-08       1.31499E-09       5.25996E-02       2.12371E-07       1.99816E-07
       4.05000E-06       4.07500E-06       4.06250E-06       2.49996E-08       1.31499E-09       5.26006E-02       2.13690E-07       2.01131E-07
       4.07500E-06       4.10000E-06       4.08750E-06       2.50001E-08       1.31499E-09       5.25996E-02       2.15001E-07       2.02446E-07
       4.10000E-06       4.12500E-06       4.11250E-06       2.50001E-08       1.31499E-09       5.25996E-02       2.16316E-07       2.03761E-07
       4.12500E-06       4.15000E-06       4.13750E-06       2.50001E-08       1.31499E-09       5.25996E-02       2.17631E-07       2.05076E-07
       4.15000E-06       4.17500E-06       4.16250E-06       2.50001E-08       1.31499E-09       5.25996E-02       2.18946E-07       2.06391E-07
       4.17500E-06       4.20000E-06       4.18750E-06       2.49996E-08       1.31499E-09       5.26006E-02       2.20265E-07       2.07706E-07
       4.20000E-06       4.22500E-06       4.21250E-06       2.50001E-08       1.31499E-09       5.25996E-02       2.21576E-07       2.09021E-07
       4.22500E-06       4.25000E-06       4.23750E-06       2.50001E-08       1.31499E-09       5.25996E-02       2.22891E-07       2.10336E-07
       4.25000E-06       4.27500E-06       4.26250E-06       2.50001E-08       1.31499E-09       5.25996E-02       2.24206E-07       2.11651E-07
       4.27500E-06       4.30000E-06       4.28750E-06       2.50001E-08       1.31499E-09       5.25996E-02       2.25521E-07       2.12966E-07
       4.30000E-06       4.32500E-06       4.31250E-06       2.49996E-08       1.31499E-09       5.26006E-02       2.26840E-07       2.14281E-07
       4.32500E-06       4.35000E-06       4.33750E-06       2.50001E-08       1.31499E-09       5.25996E-02       2.28151E-07       2.15596E-07
       4.35000E-06       4.37500E-06       4.36250E-06       2.50001E-08       1.31499E-09       5.25996E-02       2.29466E-07       2.16911E-07
       4.37500E-06       4.40000E-06       4.38750E-06       2.50001E-08       1.31499E-09       5.25996E-02       2.30781E-07       2.18226E-07
       4.40000E-06       4.42500E-06       4.41250E-06       2.50001E-08       1.31499E-09       5.25996E-02       2.32096E-07       2.19541E-07
       4.42500E-06       4.45000E-06       4.43750E-06       2.49996E-08       1.31499E-09       5.26006E-02       2.33415E-07       2.20856E-07
       4.45000E-06       4.47500E-06       4.46250E-06       2.50001E-08       1.31499E-09       5.25996E-02       2.34726E-07       2.22171E-07
       4.47500E-06       4.50000E-06       4.48750E-06       2.50001E-08       1.31499E-09       5.25996E-02       2.36040E-07       2.23486E-07
       4.50000E-06       4.52500E-06       4.51250E-06       2.50001E-08       1.31499E-09       5.25996E-02       2.37355E-07       2.24801E-07
       4.52500E-06       4.55000E-06       4.53750E-06       2.50001E-08       1.31499E-09       5.25996E-02       2.38670E-07       2.26116E-07
       4.55000E-06       4.57500E-06       4.56250E-06       2.49996E-08       1.31499E-09       5.26006E-02       2.39990E-07       2.27431E-07
       4.57500E-06       4.60000E-06       4.58750E-06       2.50001E-08       1.31499E-09       5.25996E-02       2.41300E-07       2.28746E-07
       4.60000E-06       4.62500E-06       4.61250E-06       2.50001E-08       1.31499E-09       5.25996E-02       2.42615E-07       2.30061E-07
       4.62500E-06       4.65000E-06       4.63750E-06       2.50001E-08       1.31499E-09       5.25996E-02       2.43930E-07       2.31376E-07
       4.65000E-06       4.67500E-06       4.66250E-06       2.50001E-08       1.31499E-09       5.25996E-02       2.45245E-07       2.32691E-07
       4.67500E-06       4.70000E-06       4.68750E-06       2.49996E-08       1.31499E-09       5.26006E-02       2.46565E-07       2.34006E-07
       4.70000E-06       4.72500E-06       4.71250E-06       2.50001E-08       1.31499E-09       5.25996E-02       2.47875E-07       2.35321E-07
       4.72500E-06       4.75000E-06       4.73750E-06       2.50001E-08       1.31499E-09       5.25996E-02       2.49190E-07       2.36636E-07
       4.75000E-06       4.77500E-06       4.76250E-06       2.50001E-08       1.31499E-09       5.25996E-02       2.50505E-07       2.37951E-07
       4.77500E-06       4.80000E-06       4.78750E-06       2.50001E-08       1.31499E-09       5.25996E-02       2.51820E-07       2.39266E-07
       4.80000E-06       4.82500E-06       4.81250E-06       2.49996E-08       1.31499E-09       5.26006E-02       2.53140E-07       2.40581E-07
       4.82500E-06       4.85000E-06       4.83750E-06       2.50001E-08       1.31499E-09       5.25996E-02       2.54450E-07       2.41896E-07
       4.85000E-06       4.87500E-06       4.86250E-06       2.50001E-08       1.31499E-09       5.25996E-02       2.55765E-07       2.43211E-07
       4.87500E-06       4.90000E-06       4.88750E-06       2.50001E-08       1.31499E-09       5.25996E-02       2.57080E-07       2.44526E-07
       4.90000E-06       4.92500E-06       4.91250E-06       2.50001E-08       1.31499E-09       5.25996E-02       2.58395E-07       2.45841E-07
       4.92500E-06       4.95000E-06       4.93750E-06       2.49996E-08       1.31499E-09       5.26006E-02       2.59715E-07       2.47156E-07
       4.95000E-06       4.97500E-06       4.96250E-06       2.50001E-08       1.31499E-09       5.25996E-02       2.61025E-07       2.48471E-07
       4.97500E-06       5.00000E-06       4.98750E-06       2.50001E-08       1.31499E-09       5.25996E-02       2.62340E-07       2.49786E-07
       5.00000E-06       5.02500E-06       5.01250E-06       2.50001E-08       1.31499E-09       5.25996E-02       2.63655E-07       2.51101E-07
       5.02500E-06       5.05000E-06       5.03750E-06       2.50001E-08       1.31499E-09       5.25996E-02       2.64970E-07       2.52416E-07
       5.05000E-06       5.07500E-06       5.06250E-06       2.49996E-08       1.31499E-09       5.26006E-02       2.66290E-07       2.53731E-07
       5.07500E-06       5.10000E-06       5.08750E-06       2.50001E-08       1.31499E-09       5.25996E-02       2.67600E-07       2.55046E-07
       5.10000E-06       5.12500E-06       5.11250E-06       2.50001E-08       1.31499E-09       5.25996E-02       2.68915E-07       2.56361E-07
       5.12500E-06       5.15000E-06       5.13750E-06       2.50001E-08       1.31499E-09       5.25996E-02       2.70230E-07       2.57676E-07
       5.15000E-06       5.17500E-06       5.16250E-06       2.50001E-08       1.31499E-09       5.25996E-02       2.71545E-07       2.58991E-07
       5.17500E-06       5.20000E-06       5.18750E-06       2.49996E-08       1.31499E-09       5.26006E-02       2.72865E-07       2.60306E-07
       5.20000E-06       5.22500E-06       5.21250E-06       2.50001E-08       1.31499E-09       5.25996E-02       2.74175E-07       2.61621E-07
       5.22500E-06       5.25000E-06       5.23750E-06       2.50001E-08       1.31499E-09       5.25996E-02       2.75490E-07       2.62936E-07
       5.25000E-06       5.27500E-06       5.26250E-06       2.50001E-08       1.31499E-09       5.25996E-02       2.76805E-07       2.64251E-07
       5.27500E-06       5.30000E-06       5.28750E-06       2.50001E-08       1.31499E-09       5.25996E-02       2.78120E-07       2.65566E-07
       5.30000E-06       5.32500E-06       5.31250E-06       2.49996E-08       1.31499E-09       5.26006E-02       2.79440E-07       2.66881E-07
       5.32500E-06       5.35000E-06       5.33750E-06       2.50001E-08       1.31499E-09       5.25996E-02       2.80750E-07       2.68196E-07
       5.35000E-06       5.37500E-06       5.36250E-06       2.50001E-08       1.31499E-09       5.25996E-02       2.82065E-07       2.69511E-07
       5.37500E-06       5.40000E-06       5.38750E-06       2.50001E-08       1.31499E-09       5.25996E-02       2.83380E-07       2.70826E-07
       5.40000E-06       5.42500E-06       5.41250E-06       2.50001E-08       1.31499E-09       5.25996E-02       2.84695E-07       2.72141E-07
       5.42500E-06       5.45000E-06       5.43750E-06       2.49996E-08       1.31499E-09       5.26006E-02       2.86016E-07       2.73456E-07
       5.45000E-06       5.47500E-06       5.46250E-06       2.50001E-08       1.31499E-09       5.25996E-02       2.87325E-07       2.74771E-07
       5.47500E-06       5.50000E-06       5.48750E-06       2.50001E-08       1.31499E-09       5.25996E-02       2.88640E-07       2.76086E-07
       5.50000E-06       5.52500E-06       5.51250E-06       2.50001E-08       1.31499E-09       5.25996E-02       2.89955E-07       2.77401E-07
       5.52500E-06       5.55000E-06       5.53750E-06       2.50001E-08       1.31499E-09       5.25996E-02       2.91270E-07       2.78716E-07
       5.55000E-06       5.57500E-06       5.56250E-06       2.49996E-08       1.31499E-09       5.26006E-02       2.92591E-07       2.80031E-07
       5.57500E-06       5.60000E-06       5.58750E-06       2.50001E-08       1.31499E-09       5.25996E-02       2.93900E-07       2.81346E-07
       5.60000E-06       5.62500E-06       5.61250E-06       2.50001E-08       1.31499E-09       5.25996E-02       2.95215E-07       2.82661E-07
       5.62500E-06       5.65000E-06       5.63750E-06       2.50001E-08       1.31499E-09       5.25996E-02       2.96530E-07       2.83976E-07
       5.65000E-06       5.67500E-06       5.66250E-06       2.50001E-08       1.31499E-09       5.25996E-02       2.97845E-07       2.85291E-07
       5.67500E-06       5.70000E-06       5.68750E-06       2.49996E-08       1.31499E-09       5.26006E-02       2.99166E-07       2.86606E-07
       5.70000E-06       5.72500E-06       5.71250E-06       2.50001E-08       1.31499E-09       5.25996E-02       3.00475E-07       2.87920E-07
       5.72500E-06       5.75000E-06       5.73750E-06       2.50001E-08       1.31499E-09       5.25996E-02       3.01790E-07       2.89235E-07
       5.75000E-06       5.77500E-06       5.76250E-06       2.50001E-08       1.31499E-09       5.25996E-02       3.03105E-07       2.90550E-07
       5.77500E-06       5.80000E-06       5.78750E-06       2.50001E-08       1.31499E-09       5.25996E-02       3.04420E-07       2.91865E-07
       5.80000E-06       5.82500E-06       5.81250E-06       2.49996E-08       1.31499E-09       5.26006E-02       3.05741E-07       2.93180E-07
       5.82500E-06       5.85000E-06       5.83750E-06       2.50001E-08       1.31499E-09       5.25996E-02       3.07050E-07       2.94495E-07
       5.85000E-06       5.87500E-06       5.86250E-06       2.50001E-08       1.31499E-09       5.25996E-02       3.08365E-07       2.95810E-07
       5.87500E-06       5.90000E-06       5.88750E-06       2.50001E-08       1.31499E-09       5.25996E-02       3.09680E-07       2.97125E-07
       5.90000E-06       5.92500E-06       5.91250E-06       2.50001E-08       1.31499E-09       5.25996E-02       3.10995E-07       2.98440E-07
       5.92500E-06       5.95000E-06       5.93750E-06       2.49996E-08       1.31499E-09       5.26006E-02       3.12316E-07       2.99755E-07
       5.95000E-06       5.97500E-06       5.96250E-06       2.50001E-08       1.31499E-09       5.25996E-02       3.13625E-07       3.01070E-07
       5.97500E-06       6.00000E-06       5.98750E-06       2.50001E-08       1.31499E-09       5.25996E-02       3.14940E-07       3.02385E-07
       6.00000E-06       6.02500E-06       6.01250E-06       2.50001E-08       1.31499E-09       5.25996E-02       3.16255E-07       3.03700E-07
       6.02500E-06       6.05000E-06       6.03750E-06       2.50001E-08       1.31499E-09       5.25996E-02       3.17570E-07       3.05015E-07
       6.05000E-06       6.07500E-06       6.06250E-06       2.49996E-08       1.31499E-09       5.26006E-02       3.18891E-07       3.06330E-07
       6.07500E-06       6.10000E-06       6.08750E-06       2.50001E-08       1.31499E-09       5.25996E-02       3.20200E-07       3.07645E-07
       6.10000E-06       6.12500E-06       6.11250E-06       2.50001E-08       1.31499E-09       5.25996E-02       3.21515E-07       3.08960E-07
       6.12500E-06       6.15000E-06       6.13750E-06       2.50001E-08       1.31499E-09       5.25996E-02       3.22830E-07       3.10275E-07
       6.15000E-06       6.17500E-06       6.16250E-06       2.50001E-08       1.31499E-09       5.25996E-02       3.24145E-07       3.11590E-07
       6.17500E-06       6.20000E-06       6.18750E-06       2.49996E-08       1.31499E-09       5.26006E-02       3.25466E-07       3.12905E-07
       6.20000E-06       6.22500E-06       6.21250E-06       2.50001E-08       1.31499E-09       5.25996E-02       3.26775E-07       3.14220E-07
       6.22500E-06       6.25000E-06       6.23750E-06       2.50001E-08       1.31499E-09       5.25996E-02       3.28090E-07       3.15535E-07
       6.25000E-06       6.27500E-06       6.26250E-06       2.50001E-08       1.31499E-09       5.25996E-02       3.29405E-07       3.16850E-07
       6.27500E-06       6.30000E-06       6.28750E-06       2.50001E-08       1.31499E-09       5.25996E-02       3.30720E-07       3.18165E-07
       6.30000E-06       6.32500E-06       6.31250E-06       2.49996E-08       1.31499E-09       5.26006E-02       3.32041E-07       3.19480E-07
       6.32500E-06       6.35000E-06       6.33750E-06       2.50001E-08       1.31499E-09       5.25996E-02       3.33350E-07       3.20795E-07
       6.35000E-06       6.37500E-06       6.36250E-06       2.50001E-08       1.31499E-09       5.25996E-02       3.34665E-07       3.22110E-07
       6.37500E-06       6.40000E-06       6.38750E-06       2.50001E-08       1.31499E-09       5.25996E-02       3.35980E-07       3.23425E-07
       6.40000E-06       6.42500E-06       6.41250E-06       2.50001E-08       1.31499E-09       5.25996E-02       3.37295E-07       3.24740E-07
       6.42500E-06       6.45000E-06       6.43750E-06       2.49996E-08       1.31499E-09       5.26006E-02       3.38616E-07       3.26055E-07
       6.45000E-06       6.47500E-06       6.46250E-06       2.50001E-08       1.31499E-09       5.25996E-02       3.39925E-07       3.27370E-07
       6.47500E-06       6.50000E-06       6.48750E-06       2.50001E-08       1.31499E-09       5.25996E-02       3.41240E-07       3.28685E-07
       6.50000E-06       6.52500E-06       6.51250E-06       2.50001E-08       1.31499E-09       5.25996E-02       3.42555E-07       3.30000E-07
       6.52500E-06       6.55000E-06       6.53750E-06       2.50001E-08       1.31499E-09       5.25996E-02       3.43870E-07       3.31315E-07
       6.55000E-06       6.57500E-06       6.56250E-06       2.49996E-08       1.31499E-09       5.26006E-02       3.45191E-07       3.32630E-07
       6.57500E-06       6.60000E-06       6.58750E-06       2.50001E-08       1.31499E-09       5.25996E-02       3.46500E-07       3.33945E-07
       6.60000E-06       6.62500E-06       6.61250E-06       2.50001E-08       1.31499E-09       5.25996E-02       3.47815E-07       3.35260E-07
       6.62500E-06       6.65000E-06       6.63750E-06       2.50001E-08       1.31499E-09       5.25996E-02       3.49130E-07       3.36575E-07
       6.65000E-06       6.67500E-06       6.66250E-06       2.50001E-08       1.31499E-09       5.25996E-02       3.50445E-07       3.37890E-07
       6.67500E-06       6.70000E-06       6.68750E-06       2.49996E-08       1.31499E-09       5.26006E-02       3.51766E-07       3.39205E-07
       6.70000E-06       6.72500E-06       6.71250E-06       2.50001E-08       1.31499E-09       5.25996E-02       3.53074E-07       3.40520E-07
       6.72500E-06       6.75000E-06       6.73750E-06       2.50001E-08       1.31499E-09       5.25996E-02       3.54389E-07       3.41835E-07
       6.75000E-06       6.77500E-06       6.76250E-06       2.50001E-08       1.31499E-09       5.25996E-02       3.55704E-07       3.43150E-07
       6.77500E-06       6.80000E-06       6.78750E-06       2.50001E-08       1.31499E-09       5.25996E-02       3.57019E-07       3.44465E-07
       6.80000E-06       6.82500E-06       6.81250E-06       2.49996E-08       1.31499E-09       5.26006E-02       3.58341E-07       3.45780E-07
       6.82500E-06       6.85000E-06       6.83750E-06       2.50001E-08       1.31499E-09       5.25996E-02       3.59649E-07       3.47095E-07
       6.85000E-06       6.87500E-06       6.86250E-06       2.50001E-08       1.31499E-09       5.25996E-02       3.60964E-07       3.48410E-07
       6.87500E-06       6.90000E-06       6.88750E-06       2.50001E-08       1.31499E-09       5.25996E-02       3.62279E-07       3.49725E-07
       6.90000E-06       6.92500E-06       6.91250E-06       2.50001E-08       1.31499E-09       5.25996E-02       3.63594E-07       3.51040E-07
       6.92500E-06       6.95000E-06       6.93750E-06       2.49996E-08       1.31499E-09       5.26006E-02       3.64916E-07       3.52355E-07
       6.95000E-06       6.97500E-06       6.96250E-06       2.50001E-08       1.31499E-09       5.25996E-02       3.66224E-07       3.53670E-07
       6.97500E-06       7.00000E-06       6.98750E-06       2.50001E-08       1.31499E-09       5.25996E-02       3.67539E-07       3.54985E-07
       7.00000E-06       7.02500E-06       7.01250E-06       2.50001E-08       1.31499E-09       5.25996E-02       3.68854E-07       3.56300E-07
       7.02500E-06       7.05000E-06       7.03750E-06       2.50001E-08       1.31499E-09       5.25996E-02       3.70169E-07       3.57615E-07
       7.05000E-06       7.07500E-06       7.06250E-06       2.49996E-08       1.31499E-09       5.26006E-02       3.71491E-07       3.58930E-07
       7.07500E-06       7.10000E-06       7.08750E-06       2.50001E-08       1.31499E-09       5.25996E-02       3.72799E-07       3.60245E-07
       7.10000E-06       7.12500E-06       7.11250E-06       2.50001E-08       1.31499E-09       5.25996E-02       3.74114E-07       3.61560E-07
       7.12500E-06       7.15000E-06       7.13750E-06       2.50001E-08       1.31499E-09       5.25996E-02       3.75429E-07       3.62875E-07
       7.15000E-06       7.17500E-06       7.16250E-06       2.50001E-08       1.31499E-09       5.25996E-02       3.76744E-07       3.64190E-07
       7.17500E-06       7.20000E-06       7.18750E-06       2.49996E-08       1.31499E-09       5.26006E-02       3.78067E-07       3.65505E-07
       7.20000E-06       7.22500E-06       7.21250E-06       2.50001E-08       1.31499E-09       5.25996E-02       3.79374E-07       3.66820E-07
       7.22500E-06       7.25000E-06       7.23750E-06       2.50001E-08       1.31499E-09       5.25996E-02       3.80689E-07       3.68135E-07
       7.25000E-06       7.27500E-06       7.26250E-06       2.50001E-08       1.31499E-09       5.25996E-02       3.82004E-07       3.69450E-07
       7.27500E-06       7.30000E-06       7.28750E-06       2.50001E-08       1.31499E-09       5.25996E-02       3.83319E-07       3.70765E-07
       7.30000E-06       7.32500E-06       7.31250E-06       2.49996E-08       1.31499E-09       5.26006E-02       3.84642E-07       3.72080E-07
       7.32500E-06       7.35000E-06       7.33750E-06       2.50001E-08       1.31499E-09       5.25996E-02       3.85949E-07       3.73395E-07
       7.35000E-06       7.37500E-06       7.36250E-06       2.50001E-08       1.31499E-09       5.25996E-02       3.87264E-07       3.74710E-07
       7.37500E-06       7.40000E-06       7.38750E-06       2.50001E-08       1.31499E-09       5.25996E-02       3.88579E-07       3.76025E-07
       7.40000E-06       7.42500E-06       7.41250E-06       2.50001E-08       1.31499E-09       5.25996E-02       3.89894E-07       3.77340E-07
       7.42500E-06       7.45000E-06       7.43750E-06       2.49996E-08       1.31499E-09       5.26006E-02       3.91217E-07       3.78655E-07
       7.45000E-06       7.47500E-06       7.46250E-06       2.50001E-08       1.31499E-09       5.25996E-02       3.92524E-07       3.79970E-07
       7.47500E-06       7.50000E-06       7.48750E-06       2.50001E-08       1.31499E-09       5.25996E-02       3.93839E-07       3.81285E-07
       7.50000E-06       7.52500E-06       7.51250E-06       2.50001E-08       1.31499E-09       5.25996E-02       3.95154E-07       3.82600E-07
       7.52500E-06       7.55000E-06       7.53750E-06       2.50001E-08       1.31499E-09       5.25996E-02       3.96469E-07       3.83915E-07
       7.55000E-06       7.57500E-06       7.56250E-06       2.49996E-08       1.31499E-09       5.26006E-02       3.97792E-07       3.85230E-07
       7.57500E-06       7.60000E-06       7.58750E-06       2.50001E-08       1.31499E-09       5.25996E-02       3.99099E-07       3.86545E-07
       7.60000E-06       7.62500E-06       7.61250E-06       2.50001E-08       1.31499E-09       5.25996E-02       4.00414E-07       3.87860E-07
       7.62500E-06       7.65000E-06       7.63750E-06       2.50001E-08       1.31499E-09       5.25996E-02       4.01729E-07       3.89175E-07
       7.65000E-06       7.67500E-06       7.66250E-06       2.50001E-08       1.31499E-09       5.25996E-02       4.03044E-07       3.90490E-07
       7.67500E-06       7.70000E-06       7.68750E-06       2.49996E-08       1.31499E-09       5.26006E-02       4.04367E-07       3.91804E-07
       7.70000E-06       7.72500E-06       7.71250E-06       2.50001E-08       1.31499E-09       5.25996E-02       4.05674E-07       3.93119E-07
       7.72500E-06       7.75000E-06       7.73750E-06       2.50001E-08       1.31499E-09       5.25996E-02       4.06989E-07       3.94434E-07
       7.75000E-06       7.77500E-06       7.76250E-06       2.50001E-08       1.31499E-09       5.25996E-02       4.08304E-07       3.95749E-07
       7.77500E-06       7.80000E-06       7.78750E-06       2.50001E-08       1.31499E-09       5.25996E-02       4.09619E-07       3.97064E-07
       7.80000E-06       7.82500E-06       7.81250E-06       2.49996E-08       1.31499E-09       5.26006E-02       4.10942E-07       3.98379E-07
       7.82500E-06       7.85000E-06       7.83750E-06       2.50001E-08       1.31499E-09       5.25996E-02       4.12249E-07       3.99694E-07
       7.85000E-06       7.87500E-06       7.86250E-06       2.50001E-08       1.31499E-09       5.25996E-02       4.13564E-07       4.01009E-07
       7.87500E-06       7.90000E-06       7.88750E-06       2.50001E-08       1.31499E-09       5.25996E-02       4.14879E-07       4.02324E-07
       7.90000E-06       7.92500E-06       7.91250E-06       2.50001E-08       1.31499E-09       5.25996E-02       4.16194E-07       4.03639E-07
       7.92500E-06       7.95000E-06       7.93750E-06       2.49996E-08       1.31499E-09       5.26006E-02       4.17517E-07       4.04954E-07
       7.95000E-06       7.97500E-06       7.96250E-06       2.50001E-08       1.31499E-09       5.25996E-02       4.18824E-07       4.06269E-07
       7.97500E-06       8.00000E-06       7.98750E-06       2.50001E-08       1.31499E-09       5.25996E-02       4.20139E-07       4.07584E-07
       8.00000E-06       8.02500E-06       8.01250E-06       2.49996E-08       1.31499E-09       5.26006E-02       4.21462E-07       4.08899E-07
       8.02500E-06       8.05000E-06       8.03750E-06       2.50006E-08       1.31499E-09       5.25986E-02       4.22761E-07       4.10214E-07
       8.05000E-06       8.07500E-06       8.06250E-06       2.49996E-08       1.31499E-09       5.26006E-02       4.24092E-07       4.11529E-07
       8.07500E-06       8.10000E-06       8.08750E-06       2.50006E-08       1.31499E-09       5.25986E-02       4.25391E-07       4.12844E-07
       8.10000E-06       8.12500E-06       8.11250E-06       2.49996E-08       1.31499E-09       5.26006E-02       4.26722E-07       4.14159E-07
       8.12500E-06       8.15000E-06       8.13750E-06       2.49996E-08       1.31499E-09       5.26006E-02       4.28037E-07       4.15474E-07
       8.15000E-06       8.17500E-06       8.16250E-06       2.50006E-08       1.31499E-09       5.25986E-02       4.29336E-07       4.16789E-07
       8.17500E-06       8.20000E-06       8.18750E-06       2.49996E-08       1.31499E-09       5.26006E-02       4.30667E-07       4.18104E-07
       8.20000E-06       8.22500E-06       8.21250E-06       2.50006E-08       1.31499E-09       5.25986E-02       4.31966E-07       4.19419E-07
       8.22500E-06       8.25000E-06       8.23750E-06       2.49996E-08       1.31499E-09       5.26006E-02       4.33297E-07       4.20734E-07
       8.25000E-06       8.27500E-06       8.26250E-06       2.49996E-08       1.31499E-09       5.26006E-02       4.34612E-07       4.22049E-07
       8.27500E-06       8.30000E-06       8.28750E-06       2.50006E-08       1.31499E-09       5.25986E-02       4.35910E-07       4.23364E-07
       8.30000E-06       8.32500E-06       8.31250E-06       2.49996E-08       1.31499E-09       5.26006E-02       4.37242E-07       4.24679E-07
       8.32500E-06       8.35000E-06       8.33750E-06       2.50006E-08       1.31499E-09       5.25986E-02       4.38540E-07       4.25994E-07
       8.35000E-06       8.37500E-06       8.36250E-06       2.49996E-08       1.31499E-09       5.26006E-02       4.39872E-07       4.27309E-07
       8.37500E-06       8.40000E-06       8.38750E-06       2.49996E-08       1.31499E-09       5.26006E-02       4.41187E-07       4.28624E-07
       8.40000E-06       8.42500E-06       8.41250E-06       2.50006E-08       1.31499E-09       5.25986E-02       4.42485E-07       4.29939E-07
       8.42500E-06       8.45000E-06       8.43750E-06       2.49996E-08       1.31499E-09       5.26006E-02       4.43817E-07       4.31254E-07
       8.45000E-06       8.47500E-06       8.46250E-06       2.50006E-08       1.31499E-09       5.25986E-02       4.45115E-07       4.32569E-07
       8.47500E-06       8.50000E-06       8.48750E-06       2.49996E-08       1.31499E-09       5.26006E-02       4.46447E-07       4.33884E-07
       8.50000E-06       8.52500E-06       8.51250E-06       2.49996E-08       1.31499E-09       5.26006E-02       4.47762E-07       4.35199E-07
       8.52500E-06       8.55000E-06       8.53750E-06       2.50006E-08       1.31499E-09       5.25986E-02       4.49060E-07       4.36514E-07
       8.55000E-06       8.57500E-06       8.56250E-06       2.49996E-08       1.31499E-09       5.26006E-02       4.50392E-07       4.37829E-07
       8.57500E-06       8.60000E-06       8.58750E-06       2.50006E-08       1.31499E-09       5.25986E-02       4.51690E-07       4.39144E-07
       8.60000E-06       8.62500E-06       8.61250E-06       2.49996E-08       1.31499E-09       5.26006E-02       4.53022E-07       4.40459E-07
       8.62500E-06       8.65000E-06       8.63750E-06       2.49996E-08       1.31499E-09       5.26006E-02       4.54337E-07       4.41774E-07
       8.65000E-06       8.67500E-06       8.66250E-06       2.50006E-08       1.31499E-09       5.25986E-02       4.55635E-07       4.43089E-07
       8.67500E-06       8.70000E-06       8.68750E-06       2.49996E-08       1.31499E-09       5.26006E-02       4.56967E-07       4.44404E-07
       8.70000E-06       8.72500E-06       8.71250E-06       2.50006E-08       1.31499E-09       5.25986E-02       4.58265E-07       4.45719E-07
       8.72500E-06       8.75000E-06       8.73750E-06       2.49996E-08       1.31499E-09       5.26006E-02       4.59597E-07       4.47034E-07
       8.75000E-06       8.77500E-06       8.76250E-06       2.49996E-08       1.31499E-09       5.26006E-02       4.60912E-07       4.48349E-07
       8.77500E-06       8.80000E-06       8.78750E-06       2.50006E-08       1.31499E-09       5.25986E-02       4.62210E-07       4.49664E-07
       8.80000E-06       8.82500E-06       8.81250E-06       2.49996E-08       1.31499E-09       5.26006E-02       4.63542E-07       4.50979E-07
       8.82500E-06       8.85000E-06       8.83750E-06       2.50006E-08       1.31499E-09       5.25986E-02       4.64840E-07       4.52294E-07
       8.85000E-06       8.87500E-06       8.86250E-06       2.49996E-08       1.31499E-09       5.26006E-02       4.66172E-07       4.53609E-07
       8.87500E-06       8.90000E-06       8.88750E-06       2.49996E-08       1.31499E-09       5.26006E-02       4.67487E-07       4.54924E-07
       8.90000E-06       8.92500E-06       8.91250E-06       2.50006E-08       1.31499E-09       5.25986E-02       4.68785E-07       4.56239E-07
       8.92500E-06       8.95000E-06       8.93750E-06       2.49996E-08       1.31499E-09       5.26006E-02       4.70117E-07       4.57554E-07
       8.95000E-06       8.97500E-06       8.96250E-06       2.50006E-08       1.31499E-09       5.25986E-02       4.71415E-07       4.58869E-07
       8.97500E-06       9.00000E-06       8.98750E-06       2.49996E-08       1.31499E-09       5.26006E-02       4.72748E-07       4.60184E-07
       9.00000E-06       9.02500E-06       9.01250E-06       2.49996E-08       1.31499E-09       5.26006E-02       4.74063E-07       4.61499E-07
       9.02500E-06       9.05000E-06       9.03750E-06       2.50006E-08       1.31499E-09       5.25986E-02       4.75359E-07       4.62814E-07
       9.05000E-06       9.07500E-06       9.06250E-06       2.49996E-08       1.31499E-09       5.26006E-02       4.76693E-07       4.64129E-07
       9.07500E-06       9.10000E-06       9.08750E-06       2.50006E-08       1.31499E-09       5.25986E-02       4.77989E-07       4.65444E-07
       9.10000E-06       9.12500E-06       9.11250E-06       2.49996E-08       1.31499E-09       5.26006E-02       4.79323E-07       4.66759E-07
       9.12500E-06       9.15000E-06       9.13750E-06       2.49996E-08       1.31499E-09       5.26006E-02       4.80638E-07       4.68074E-07
       9.15000E-06       9.17500E-06       9.16250E-06       2.50006E-08       1.31499E-09       5.25986E-02       4.81934E-07       4.69389E-07
       9.17500E-06       9.20000E-06       9.18750E-06       2.49996E-08       1.31499E-09       5.26006E-02       4.83268E-07       4.70704E-07
       9.20000E-06       9.22500E-06       9.21250E-06       2.50006E-08       1.31499E-09       5.25986E-02       4.84564E-07       4.72019E-07
       9.22500E-06       9.25000E-06       9.23750E-06       2.49996E-08       1.31499E-09       5.26006E-02       4.85898E-07       4.73334E-07
       9.25000E-06       9.27500E-06       9.26250E-06       2.49996E-08       1.31499E-09       5.26006E-02       4.87213E-07       4.74649E-07
       9.27500E-06       9.30000E-06       9.28750E-06       2.50006E-08       1.31499E-09       5.25986E-02       4.88509E-07       4.75964E-07
       9.30000E-06       9.32500E-06       9.31250E-06       2.49996E-08       1.31499E-09       5.26006E-02       4.89843E-07       4.77279E-07
       9.32500E-06       9.35000E-06       9.33750E-06       2.50006E-08       1.31499E-09       5.25986E-02       4.91139E-07       4.78594E-07
       9.35000E-06       9.37500E-06       9.36250E-06       2.49996E-08       1.31499E-09       5.26006E-02       4.92473E-07       4.79909E-07
       9.37500E-06       9.40000E-06       9.38750E-06       2.49996E-08       1.31499E-09       5.26006E-02       4.93788E-07       4.81224E-07
       9.40000E-06       9.42500E-06       9.41250E-06       2.50006E-08       1.31499E-09       5.25986E-02       4.95084E-07       4.82539E-07
       9.42500E-06       9.45000E-06       9.43750E-06       2.49996E-08       1.31499E-09       5.26006E-02       4.96418E-07       4.83854E-07
       9.45000E-06       9.47500E-06       9.46250E-06       2.50006E-08       1.31499E-09       5.25986E-02       4.97714E-07       4.85169E-07
       9.47500E-06       9.50000E-06       9.48750E-06       2.49996E-08       1.31499E-09       5.26006E-02       4.99048E-07       4.86484E-07
       9.50000E-06       9.52500E-06       9.51250E-06       2.49996E-08       1.31499E-09       5.26006E-02       5.00363E-07       4.87799E-07
       9.52500E-06       9.55000E-06       9.53750E-06       2.50006E-08       1.31499E-09       5.25986E-02       5.01659E-07       4.89114E-07
       9.55000E-06       9.57500E-06       9.56250E-06       2.49996E-08       1.31499E-09       5.26006E-02       5.02993E-07       4.90429E-07
       9.57500E-06       9.60000E-06       9.58750E-06       2.50006E-08       1.31499E-09       5.25986E-02       5.04289E-07       4.91744E-07
       9.60000E-06       9.62500E-06       9.61250E-06       2.49996E-08       1.31499E-09       5.26006E-02       5.05623E-07       4.93059E-07
       9.62500E-06       9.65000E-06       9.63750E-06       2.49996E-08       1.31499E-09       5.26006E-02       5.06938E-07       4.94374E-07
       9.65000E-06       9.67500E-06       9.66250E-06       2.50006E-08       1.31499E-09       5.25986E-02       5.08233E-07       4.95689E-07
       9.67500E-06       9.70000E-06       9.68750E-06       2.49996E-08       1.31499E-09       5.26006E-02       5.09568E-07       4.97004E-07
       9.70000E-06       9.72500E-06       9.71250E-06       2.50006E-08       1.31499E-09       5.25986E-02       5.10863E-07       4.98319E-07
       9.72500E-06       9.75000E-06       9.73750E-06       2.49996E-08       1.31499E-09       5.26006E-02       5.12198E-07       4.99634E-07
       9.75000E-06       9.77500E-06       9.76250E-06       2.49996E-08       1.31499E-09       5.26006E-02       5.13513E-07       5.00949E-07
       9.77500E-06       9.80000E-06       9.78750E-06       2.50006E-08       1.31499E-09       5.25986E-02       5.14808E-07       5.02264E-07
       9.80000E-06       9.82500E-06       9.81250E-06       2.49996E-08       1.31499E-09       5.26006E-02       5.16143E-07       5.03579E-07
       9.82500E-06       9.85000E-06       9.83750E-06       2.50006E-08       1.31499E-09       5.25986E-02       5.17438E-07       5.04894E-07
       9.85000E-06       9.87500E-06       9.86250E-06       2.49996E-08       1.31499E-09       5.26006E-02       5.18773E-07       5.06209E-07
       9.87500E-06       9.90000E-06       9.88750E-06       2.49996E-08       1.31499E-09       5.26006E-02       5.20088E-07       5.07524E-07
       9.90000E-06       9.92500E-06       9.91250E-06       2.50006E-08       1.31499E-09       5.25986E-02       5.21383E-07       5.08839E-07
       9.92500E-06       9.95000E-06       9.93750E-06       2.49996E-08       1.31499E-09       5.26006E-02       5.22718E-07       5.10154E-07
       9.95000E-06       9.97500E-06       9.96250E-06       2.50006E-08       1.31499E-09       5.25986E-02       5.24013E-07       5.11469E-07
       9.97500E-06       1.00000E-05       9.98750E-06       2.49996E-08       1.31499E-09       5.26006E-02       5.25348E-07       5.12784E-07
       1.00000E-05       1.04713E-05       1.02356E-05       4.71300E-07       2.47902E-08       5.25995E-02       5.38390E-07       5.37574E-07
       1.04713E-05       1.09648E-05       1.07180E-05       4.93500E-07       2.59577E-08       5.25993E-02       5.63762E-07       5.63532E-07
       1.09648E-05       1.14815E-05       1.12232E-05       5.16700E-07       2.71814E-08       5.26059E-02       5.90404E-07       5.90713E-07
       1.14815E-05       1.20226E-05       1.17521E-05       5.41101E-07       2.84619E-08       5.26000E-02       6.18157E-07       6.19175E-07
       1.20226E-05       1.25892E-05       1.23059E-05       5.66600E-07       2.98038E-08       5.26012E-02       6.47305E-07       6.48979E-07
       1.25892E-05       1.31826E-05       1.28859E-05       5.93400E-07       3.12086E-08       5.25928E-02       6.77705E-07       6.80188E-07
       1.31826E-05       1.38038E-05       1.34932E-05       6.21200E-07       3.26790E-08       5.26063E-02       7.09828E-07       7.12867E-07
       1.38038E-05       1.44544E-05       1.41291E-05       6.50600E-07       3.42195E-08       5.25968E-02       7.43146E-07       7.47086E-07
       1.44544E-05       1.51356E-05       1.47950E-05       6.81200E-07       3.58318E-08       5.26010E-02       7.78232E-07       7.82918E-07
       1.51356E-05       1.58489E-05       1.54922E-05       7.13300E-07       3.75207E-08       5.26016E-02       8.14918E-07       8.20439E-07
       1.58489E-05       1.65959E-05       1.62224E-05       7.47000E-07       3.92893E-08       5.25961E-02       8.53236E-07       8.59728E-07
       1.65959E-05       1.73780E-05       1.69869E-05       7.82101E-07       4.11405E-08       5.26026E-02       8.93558E-07       9.00869E-07
       1.73780E-05       1.81970E-05       1.77875E-05       8.19000E-07       4.30793E-08       5.25998E-02       9.35620E-07       9.43948E-07
       1.81970E-05       1.90546E-05       1.86258E-05       8.57599E-07       4.51097E-08       5.26000E-02       9.79717E-07       9.89058E-07
       1.90546E-05       1.99526E-05       1.95036E-05       8.98001E-07       4.72355E-08       5.26007E-02       1.02590E-06       1.03629E-06
       1.99526E-05       2.08930E-05       2.04228E-05       9.40399E-07       4.94621E-08       5.25969E-02       1.07418E-06       1.08576E-06
       2.08930E-05       2.18776E-05       2.13853E-05       9.84600E-07       5.17936E-08       5.26037E-02       1.12495E-06       1.13755E-06
       2.18776E-05       2.29087E-05       2.23932E-05       1.03110E-06       5.42338E-08       5.25979E-02       1.17783E-06       1.19178E-06
       2.29087E-05       2.39883E-05       2.34485E-05       1.07960E-06       5.67898E-08       5.26026E-02       1.23345E-06       1.24857E-06
       2.39883E-05       2.51189E-05       2.45536E-05       1.13060E-06       5.94659E-08       5.25967E-02       1.29144E-06       1.30804E-06
       2.51189E-05       2.63027E-05       2.57108E-05       1.18380E-06       6.22711E-08       5.26027E-02       1.35246E-06       1.37031E-06
       2.63027E-05       2.75423E-05       2.69225E-05       1.23960E-06       6.52036E-08       5.26006E-02       1.41614E-06       1.43551E-06
       2.75423E-05       2.88403E-05       2.81913E-05       1.29800E-06       6.82749E-08       5.26001E-02       1.48286E-06       1.50379E-06
       2.88403E-05       3.01995E-05       2.95199E-05       1.35920E-06       7.14971E-08       5.26024E-02       1.55282E-06       1.57528E-06
       3.01995E-05       3.16228E-05       3.09111E-05       1.42330E-06       7.48641E-08       5.25989E-02       1.62589E-06       1.65015E-06
       3.16228E-05       3.31131E-05       3.23679E-05       1.49030E-06       7.83940E-08       5.26029E-02       1.70265E-06       1.72854E-06
       3.31131E-05       3.46737E-05       3.38934E-05       1.56060E-06       8.20868E-08       5.25995E-02       1.78278E-06       1.81063E-06
       3.46737E-05       3.63078E-05       3.54907E-05       1.63410E-06       8.59546E-08       5.26005E-02       1.86683E-06       1.89658E-06
       3.63078E-05       3.80189E-05       3.71634E-05       1.71110E-06       9.00034E-08       5.25997E-02       1.95478E-06       1.98659E-06
       3.80189E-05       3.98107E-05       3.89148E-05       1.79180E-06       9.42454E-08       5.25982E-02       2.04685E-06       2.08083E-06
       3.98107E-05       4.16869E-05       4.07488E-05       1.87620E-06       9.86924E-08       5.26022E-02       2.14348E-06       2.17953E-06
       4.16869E-05       4.36516E-05       4.26692E-05       1.96470E-06       1.03339E-07       5.25977E-02       2.24430E-06       2.28286E-06
       4.36516E-05       4.57088E-05       4.46802E-05       2.05720E-06       1.08214E-07       5.26026E-02       2.35029E-06       2.39108E-06
       4.57088E-05       4.78630E-05       4.67859E-05       2.15420E-06       1.13313E-07       5.26010E-02       2.46098E-06       2.50439E-06
       4.78630E-05       5.01187E-05       4.89908E-05       2.25570E-06       1.18653E-07       5.26014E-02       2.57699E-06       2.62304E-06
       5.01187E-05       5.24808E-05       5.12998E-05       2.36210E-06       1.24240E-07       5.25974E-02       2.69823E-06       2.74728E-06
       5.24808E-05       5.49541E-05       5.37174E-05       2.47330E-06       1.30099E-07       5.26016E-02       2.82562E-06       2.87738E-06
       5.49541E-05       5.75440E-05       5.62490E-05       2.58990E-06       1.36230E-07       5.26006E-02       2.95873E-06       3.01361E-06
       5.75440E-05       6.02560E-05       5.89000E-05       2.71200E-06       1.42650E-07       5.25996E-02       3.09812E-06       3.15626E-06
       6.02560E-05       6.30957E-05       6.16758E-05       2.83970E-06       1.49372E-07       5.26014E-02       3.24424E-06       3.30564E-06
       6.30957E-05       6.60693E-05       6.45825E-05       2.97360E-06       1.56414E-07       5.26009E-02       3.39710E-06       3.46205E-06
       6.60693E-05       6.91831E-05       6.76262E-05       3.11380E-06       1.63787E-07       5.26005E-02       3.55717E-06       3.62584E-06
       6.91831E-05       7.24436E-05       7.08134E-05       3.26051E-06       1.71505E-07       5.26007E-02       3.72483E-06       3.79734E-06
       7.24436E-05       7.58578E-05       7.41507E-05       3.41420E-06       1.79584E-07       5.25993E-02       3.90027E-06       3.97693E-06
       7.58578E-05       7.94328E-05       7.76453E-05       3.57500E-06       1.88050E-07       5.26015E-02       4.08426E-06       4.16498E-06
       7.94328E-05       8.31764E-05       8.13046E-05       3.74360E-06       1.96914E-07       5.26002E-02       4.27664E-06       4.36189E-06
       8.31764E-05       8.70964E-05       8.51364E-05       3.92000E-06       2.06195E-07       5.26007E-02       4.47823E-06       4.56809E-06
       8.70964E-05       9.12011E-05       8.91488E-05       4.10471E-06       2.15909E-07       5.26004E-02       4.68926E-06       4.78400E-06
       9.12011E-05       9.54993E-05       9.33502E-05       4.29820E-06       2.26083E-07       5.25994E-02       4.91017E-06       5.01008E-06
       9.54993E-05       1.00000E-04       9.77497E-05       4.50070E-06       2.36739E-07       5.26004E-02       5.14167E-06       5.24682E-06
       1.00000E-04       1.04713E-04       1.02356E-04       4.71300E-06       2.47902E-07       5.25996E-02       5.38391E-06       5.49472E-06
       1.04713E-04       1.09648E-04       1.07181E-04       4.93501E-06       2.59577E-07       5.25992E-02       5.63761E-06       5.75430E-06
       1.09648E-04       1.14815E-04       1.12232E-04       5.16700E-06       2.71814E-07       5.26059E-02       5.90403E-06       6.02611E-06
       1.14815E-04       1.20226E-04       1.17520E-04       5.41100E-06       2.84619E-07       5.26001E-02       6.18158E-06       6.31073E-06
       1.20226E-04       1.25892E-04       1.23059E-04       5.66600E-06       2.98038E-07       5.26012E-02       6.47305E-06       6.60877E-06
       1.25892E-04       1.31826E-04       1.28859E-04       5.93401E-06       3.12086E-07       5.25927E-02       6.77705E-06       6.92085E-06
       1.31826E-04       1.38038E-04       1.34932E-04       6.21199E-06       3.26790E-07       5.26064E-02       7.09829E-06       7.24764E-06
       1.38038E-04       1.44544E-04       1.41291E-04       6.50601E-06       3.42195E-07       5.25968E-02       7.43145E-06       7.58984E-06
       1.44544E-04       1.51356E-04       1.47950E-04       6.81200E-06       3.58318E-07       5.26011E-02       7.78233E-06       7.94816E-06
       1.51356E-04       1.58489E-04       1.54922E-04       7.13300E-06       3.75207E-07       5.26017E-02       8.14918E-06       8.32336E-06
       1.58489E-04       1.65959E-04       1.62224E-04       7.47000E-06       3.92893E-07       5.25961E-02       8.53235E-06       8.71626E-06
       1.65959E-04       1.73780E-04       1.69870E-04       7.82100E-06       4.11405E-07       5.26027E-02       8.93559E-06       9.12766E-06
       1.73780E-04       1.81970E-04       1.77875E-04       8.19000E-06       4.30793E-07       5.25998E-02       9.35620E-06       9.55846E-06
       1.81970E-04       1.90546E-04       1.86258E-04       8.57600E-06       4.51097E-07       5.25999E-02       9.79716E-06       1.00096E-05
       1.90546E-04       1.99526E-04       1.95036E-04       8.98000E-06       4.72355E-07       5.26008E-02       1.02591E-05       1.04819E-05
       1.99526E-04       2.08930E-04       2.04228E-04       9.40399E-06       4.94621E-07       5.25969E-02       1.07418E-05       1.09765E-05
       2.08930E-04       2.18776E-04       2.13853E-04       9.84601E-06       5.17936E-07       5.26037E-02       1.12494E-05       1.14945E-05
       2.18776E-04       2.29087E-04       2.23932E-04       1.03110E-05       5.42338E-07       5.25979E-02       1.17783E-05       1.20368E-05
       2.29087E-04       2.39883E-04       2.34485E-04       1.07960E-05       5.67898E-07       5.26027E-02       1.23345E-05       1.26047E-05
       2.39883E-04       2.51189E-04       2.45536E-04       1.13060E-05       5.94659E-07       5.25967E-02       1.29144E-05       1.31994E-05
       2.51189E-04       2.63027E-04       2.57108E-04       1.18380E-05       6.22693E-07       5.26011E-02       1.35242E-05       1.38221E-05
       2.63027E-04       2.75423E-04       2.69225E-04       1.23960E-05       6.52036E-07       5.26005E-02       1.41614E-05       1.44741E-05
       2.75423E-04       2.88403E-04       2.81913E-04       1.29800E-05       6.82767E-07       5.26014E-02       1.48290E-05       1.51569E-05
       2.88403E-04       3.01995E-04       2.95199E-04       1.35920E-05       7.14941E-07       5.26002E-02       1.55275E-05       1.58718E-05
       3.01995E-04       3.16228E-04       3.09111E-04       1.42330E-05       7.48641E-07       5.25989E-02       1.62589E-05       1.66204E-05
       3.16228E-04       3.31131E-04       3.23680E-04       1.49030E-05       7.83916E-07       5.26011E-02       1.70259E-05       1.74044E-05
       3.31131E-04       3.46737E-04       3.38934E-04       1.56060E-05       8.20868E-07       5.25996E-02       1.78278E-05       1.82252E-05
       3.46737E-04       3.63078E-04       3.54908E-04       1.63410E-05       8.59552E-07       5.26009E-02       1.86685E-05       1.90848E-05
       3.63078E-04       3.80189E-04       3.71634E-04       1.71110E-05       9.00058E-07       5.26012E-02       1.95484E-05       1.99848E-05
       3.80189E-04       3.98107E-04       3.89148E-04       1.79180E-05       9.42478E-07       5.25995E-02       2.04690E-05       2.09273E-05
       3.98107E-04       4.16869E-04       4.07488E-04       1.87620E-05       9.86894E-07       5.26007E-02       2.14342E-05       2.19142E-05
       4.16869E-04       4.36516E-04       4.26692E-04       1.96470E-05       1.03340E-06       5.25986E-02       2.24434E-05       2.29476E-05
       4.36516E-04       4.57088E-04       4.46802E-04       2.05720E-05       1.08211E-06       5.26011E-02       2.35023E-05       2.40297E-05
       4.57088E-04       4.78630E-04       4.67859E-04       2.15420E-05       1.13311E-06       5.26001E-02       2.46094E-05       2.51628E-05
       4.78630E-04       5.01187E-04       4.89909E-04       2.25570E-05       1.18651E-06       5.26006E-02       2.57695E-05       2.63493E-05
       5.01187E-04       5.24808E-04       5.12998E-04       2.36210E-05       1.24243E-06       5.25988E-02       2.69831E-05       2.75918E-05
       5.24808E-04       5.49541E-04       5.37175E-04       2.47330E-05       1.30098E-06       5.26010E-02       2.82559E-05       2.88928E-05
       5.49541E-04       5.75440E-04       5.62491E-04       2.58990E-05       1.36229E-06       5.26003E-02       2.95872E-05       3.02551E-05
       5.75440E-04       6.02560E-04       5.89000E-04       2.71200E-05       1.42650E-06       5.25997E-02       3.09812E-05       3.16816E-05
       6.02560E-04       6.30957E-04       6.16758E-04       2.83970E-05       1.49373E-06       5.26016E-02       3.24425E-05       3.31753E-05
       6.30957E-04       6.60693E-04       6.45825E-04       2.97360E-05       1.56413E-06       5.26004E-02       3.39706E-05       3.47394E-05
       6.60693E-04       6.91831E-04       6.76262E-04       3.11380E-05       1.63784E-06       5.25995E-02       3.55711E-05       3.63773E-05
       6.91831E-04       7.24436E-04       7.08133E-04       3.26050E-05       1.71503E-06       5.26003E-02       3.72480E-05       3.80923E-05
       7.24436E-04       7.58578E-04       7.41507E-04       3.41420E-05       1.79586E-06       5.25996E-02       3.90030E-05       3.98881E-05
       7.58578E-04       7.94328E-04       7.76453E-04       3.57500E-05       1.88049E-06       5.26011E-02       4.08423E-05       4.17686E-05
       7.94328E-04       8.31764E-04       8.13046E-04       3.74360E-05       1.96912E-06       5.25998E-02       4.27660E-05       4.37378E-05
       8.31764E-04       8.70964E-04       8.51364E-04       3.92000E-05       2.06192E-06       5.26000E-02       4.47818E-05       4.57997E-05
       8.70964E-04       9.12011E-04       8.91487E-04       4.10470E-05       2.15909E-06       5.26005E-02       4.68927E-05       4.79588E-05
       9.12011E-04       9.54993E-04       9.33502E-04       4.29820E-05       2.26085E-06       5.25999E-02       4.91021E-05       5.02196E-05
       9.54993E-04       1.00000E-03       9.77497E-04       4.50070E-05       2.36740E-06       5.26007E-02       5.14170E-05       5.25870E-05
       1.00000E-03       1.04713E-03       1.02356E-03       4.71300E-05       2.47900E-06       5.25991E-02       5.38386E-05       5.50660E-05
       1.04713E-03       1.09648E-03       1.07180E-03       4.93500E-05       2.59577E-06       5.25992E-02       5.63761E-05       5.76618E-05
       1.09648E-03       1.14815E-03       1.12231E-03       5.16700E-05       2.71817E-06       5.26063E-02       5.90408E-05       6.03800E-05
       1.14815E-03       1.20226E-03       1.17520E-03       5.41100E-05       2.84620E-06       5.26002E-02       6.18161E-05       6.32262E-05
       1.20226E-03       1.25892E-03       1.23059E-03       5.66600E-05       2.98038E-06       5.26012E-02       6.47305E-05       6.62065E-05
       1.25892E-03       1.31826E-03       1.28859E-03       5.93400E-05       3.12087E-06       5.25931E-02       6.77709E-05       6.93274E-05
       1.31826E-03       1.38038E-03       1.34932E-03       6.21200E-05       3.26789E-06       5.26061E-02       7.09825E-05       7.25953E-05
       1.38038E-03       1.44544E-03       1.41291E-03       6.50599E-05       3.42196E-06       5.25970E-02       7.43148E-05       7.60173E-05
       1.44544E-03       1.51356E-03       1.47950E-03       6.81201E-05       3.58318E-06       5.26009E-02       7.78231E-05       7.96005E-05
       1.51356E-03       1.58489E-03       1.54923E-03       7.13300E-05       3.75208E-06       5.26017E-02       8.14919E-05       8.33525E-05
       1.58489E-03       1.65959E-03       1.62224E-03       7.47000E-05       3.92892E-06       5.25960E-02       8.53233E-05       8.72815E-05
       1.65959E-03       1.73780E-03       1.69870E-03       7.82101E-05       4.11407E-06       5.26028E-02       8.93562E-05       9.13955E-05
       1.73780E-03       1.81970E-03       1.77875E-03       8.18999E-05       4.30796E-06       5.26003E-02       9.35628E-05       9.57035E-05
       1.81970E-03       1.90546E-03       1.86258E-03       8.57600E-05       4.51100E-06       5.26002E-02       9.79721E-05       1.00214E-04
       1.90546E-03       1.99526E-03       1.95036E-03       8.98001E-05       4.72355E-06       5.26008E-02       1.02590E-04       1.04938E-04
       1.99526E-03       2.08930E-03       2.04228E-03       9.40400E-05       4.94621E-06       5.25968E-02       1.07417E-04       1.09884E-04
       2.08930E-03       2.18776E-03       2.13853E-03       9.84600E-05       5.17933E-06       5.26034E-02       1.12494E-04       1.15064E-04
       2.18776E-03       2.29087E-03       2.23932E-03       1.03110E-04       5.42340E-06       5.25981E-02       1.17784E-04       1.20487E-04
       2.29087E-03       2.39883E-03       2.34485E-03       1.07960E-04       5.67898E-06       5.26027E-02       1.23345E-04       1.26166E-04
       2.39883E-03       2.51189E-03       2.45536E-03       1.13060E-04       5.94661E-06       5.25970E-02       1.29145E-04       1.32113E-04
       2.51189E-03       2.63027E-03       2.57108E-03       1.18380E-04       6.22693E-06       5.26011E-02       1.35242E-04       1.38339E-04
       2.63027E-03       2.75423E-03       2.69225E-03       1.23960E-04       6.52036E-06       5.26005E-02       1.41614E-04       1.44860E-04
       2.75423E-03       2.88403E-03       2.81913E-03       1.29800E-04       6.82767E-06       5.26015E-02       1.48290E-04       1.51688E-04
       2.88403E-03       3.01995E-03       2.95199E-03       1.35920E-04       7.14941E-06       5.26001E-02       1.55275E-04       1.58837E-04
       3.01995E-03       3.16228E-03       3.09112E-03       1.42330E-04       7.48641E-06       5.25989E-02       1.62589E-04       1.66323E-04
       3.16228E-03       3.31131E-03       3.23679E-03       1.49030E-04       7.83916E-06       5.26012E-02       1.70259E-04       1.74163E-04
       3.31131E-03       3.46737E-03       3.38934E-03       1.56060E-04       8.20868E-06       5.25995E-02       1.78278E-04       1.82371E-04
       3.46737E-03       3.63078E-03       3.54907E-03       1.63410E-04       8.59552E-06       5.26010E-02       1.86685E-04       1.90967E-04
       3.63078E-03       3.80189E-03       3.71633E-03       1.71110E-04       9.00058E-06       5.26012E-02       1.95484E-04       1.99967E-04
       3.80189E-03       3.98107E-03       3.89148E-03       1.79180E-04       9.42478E-06       5.25994E-02       2.04690E-04       2.09392E-04
       3.98107E-03       4.16869E-03       4.07488E-03       1.87620E-04       9.86894E-06       5.26007E-02       2.14342E-04       2.19261E-04
       4.16869E-03       4.36516E-03       4.26693E-03       1.96470E-04       1.03340E-05       5.25985E-02       2.24434E-04       2.29595E-04
       4.36516E-03       4.57088E-03       4.46802E-03       2.05720E-04       1.08211E-05       5.26012E-02       2.35023E-04       2.40416E-04
       4.57088E-03       4.78630E-03       4.67859E-03       2.15420E-04       1.13311E-05       5.26001E-02       2.46094E-04       2.51747E-04
       4.78630E-03       5.01187E-03       4.89909E-03       2.25570E-04       1.18651E-05       5.26005E-02       2.57694E-04       2.63612E-04
       5.01187E-03       5.24807E-03       5.12997E-03       2.36200E-04       1.24243E-05       5.26010E-02       2.69842E-04       2.76037E-04
       5.24807E-03       5.49541E-03       5.37174E-03       2.47340E-04       1.30098E-05       5.25989E-02       2.82548E-04       2.89047E-04
       5.49541E-03       5.75440E-03       5.62491E-03       2.58990E-04       1.36229E-05       5.26003E-02       2.95872E-04       3.02669E-04
       5.75440E-03       6.02560E-03       5.89000E-03       2.71200E-04       1.42650E-05       5.25996E-02       3.09812E-04       3.16935E-04
       6.02560E-03       6.30957E-03       6.16759E-03       2.83970E-04       1.49373E-05       5.26016E-02       3.24425E-04       3.31872E-04
       6.30957E-03       6.60693E-03       6.45825E-03       2.97360E-04       1.56413E-05       5.26004E-02       3.39706E-04       3.47513E-04
       6.60693E-03       6.91831E-03       6.76262E-03       3.11380E-04       1.63784E-05       5.25995E-02       3.55711E-04       3.63892E-04
       6.91831E-03       7.24436E-03       7.08133E-03       3.26050E-04       1.71503E-05       5.26003E-02       3.72480E-04       3.81042E-04
       7.24436E-03       7.58578E-03       7.41507E-03       3.41420E-04       1.79586E-05       5.25996E-02       3.90030E-04       3.99000E-04
       7.58578E-03       7.94328E-03       7.76453E-03       3.57500E-04       1.88049E-05       5.26011E-02       4.08423E-04       4.17805E-04
       7.94328E-03       8.31764E-03       8.13046E-03       3.74360E-04       1.96912E-05       5.25998E-02       4.27660E-04       4.37497E-04
       8.31764E-03       8.70964E-03       8.51364E-03       3.92000E-04       2.06192E-05       5.26000E-02       4.47818E-04       4.58116E-04
       8.70964E-03       9.12011E-03       8.91487E-03       4.10471E-04       2.15909E-05       5.26004E-02       4.68926E-04       4.79707E-04
       9.12011E-03       9.54993E-03       9.33502E-03       4.29819E-04       2.26085E-05       5.26000E-02       4.91022E-04       5.02315E-04
       9.54993E-03       1.00000E-02       9.77496E-03       4.50070E-04       2.36740E-05       5.26006E-02       5.14169E-04       5.25989E-04
       1.00000E-02       1.04713E-02       1.02357E-02       4.71300E-04       2.47900E-05       5.25992E-02       5.38387E-04       5.50779E-04
       1.04713E-02       1.09648E-02       1.07180E-02       4.93500E-04       2.59577E-05       5.25992E-02       5.63761E-04       5.76737E-04
       1.09648E-02       1.14815E-02       1.12232E-02       5.16700E-04       2.71817E-05       5.26063E-02       5.90408E-04       6.03919E-04
       1.14815E-02       1.20226E-02       1.17521E-02       5.41100E-04       2.84620E-05       5.26003E-02       6.18161E-04       6.32381E-04
       1.20226E-02       1.25892E-02       1.23059E-02       5.66601E-04       2.98038E-05       5.26011E-02       6.47304E-04       6.62184E-04
       1.25892E-02       1.31826E-02       1.28859E-02       5.93399E-04       3.12087E-05       5.25931E-02       6.77710E-04       6.93393E-04
       1.31826E-02       1.38038E-02       1.34932E-02       6.21200E-04       3.26789E-05       5.26061E-02       7.09825E-04       7.26072E-04
       1.38038E-02       1.44544E-02       1.41291E-02       6.50601E-04       3.42196E-05       5.25969E-02       7.43147E-04       7.60292E-04
       1.44544E-02       1.51356E-02       1.47950E-02       6.81199E-04       3.58318E-05       5.26011E-02       7.78233E-04       7.96123E-04
       1.51356E-02       1.58489E-02       1.54923E-02       7.13301E-04       3.75208E-05       5.26017E-02       8.14918E-04       8.33644E-04
       1.58489E-02       1.65959E-02       1.62224E-02       7.47000E-04       3.92892E-05       5.25960E-02       8.53233E-04       8.72933E-04
       1.65959E-02       1.73780E-02       1.69870E-02       7.82100E-04       4.11407E-05       5.26029E-02       8.93563E-04       9.14074E-04
       1.73780E-02       1.81970E-02       1.77875E-02       8.19000E-04       4.30796E-05       5.26002E-02       9.35626E-04       9.57154E-04
       1.81970E-02       1.90546E-02       1.86258E-02       8.57600E-04       4.51100E-05       5.26003E-02       9.79722E-04       1.00226E-03
       1.90546E-02       1.99526E-02       1.95036E-02       8.98000E-04       4.72355E-05       5.26008E-02       1.02590E-03       1.04950E-03
       1.99526E-02       2.08930E-02       2.04228E-02       9.40400E-04       4.94621E-05       5.25968E-02       1.07417E-03       1.09896E-03
       2.08930E-02       2.18776E-02       2.13853E-02       9.84600E-04       5.17933E-05       5.26034E-02       1.12494E-03       1.15075E-03
       2.18776E-02       2.29087E-02       2.23931E-02       1.03110E-03       5.42340E-05       5.25982E-02       1.17784E-03       1.20499E-03
       2.29087E-02       2.39883E-02       2.34485E-02       1.07960E-03       5.67898E-05       5.26026E-02       1.23345E-03       1.26178E-03
       2.39883E-02       2.51189E-02       2.45536E-02       1.13060E-03       5.94661E-05       5.25970E-02       1.29144E-03       1.32124E-03
       2.51189E-02       2.63027E-02       2.57108E-02       1.18380E-03       6.22693E-05       5.26012E-02       1.35242E-03       1.38351E-03
       2.63027E-02       2.75423E-02       2.69225E-02       1.23960E-03       6.52036E-05       5.26005E-02       1.41614E-03       1.44872E-03
       2.75423E-02       2.88403E-02       2.81913E-02       1.29800E-03       6.82767E-05       5.26015E-02       1.48290E-03       1.51699E-03
       2.88403E-02       3.01995E-02       2.95199E-02       1.35920E-03       7.14941E-05       5.26001E-02       1.55275E-03       1.58849E-03
       3.01995E-02       3.16228E-02       3.09112E-02       1.42330E-03       7.48641E-05       5.25989E-02       1.62589E-03       1.66335E-03
       3.16228E-02       3.31131E-02       3.23680E-02       1.49030E-03       7.83916E-05       5.26012E-02       1.70259E-03       1.74174E-03
       3.31131E-02       3.46737E-02       3.38934E-02       1.56060E-03       8.20868E-05       5.25996E-02       1.78278E-03       1.82383E-03
       3.46737E-02       3.63078E-02       3.54908E-02       1.63410E-03       8.59552E-05       5.26009E-02       1.86685E-03       1.90979E-03
       3.63078E-02       3.80189E-02       3.71633E-02       1.71110E-03       9.00058E-05       5.26012E-02       1.95484E-03       1.99979E-03
       3.80189E-02       3.98107E-02       3.89148E-02       1.79180E-03       9.42478E-05       5.25995E-02       2.04690E-03       2.09404E-03
       3.98107E-02       4.16869E-02       4.07488E-02       1.87620E-03       9.86894E-05       5.26007E-02       2.14342E-03       2.19273E-03
       4.16869E-02       4.36516E-02       4.26693E-02       1.96470E-03       1.03340E-04       5.25985E-02       2.24434E-03       2.29607E-03
       4.36516E-02       4.57088E-02       4.46802E-02       2.05720E-03       1.08211E-04       5.26012E-02       2.35023E-03       2.40428E-03
       4.57088E-02       4.78630E-02       4.67859E-02       2.15420E-03       1.13311E-04       5.26001E-02       2.46094E-03       2.51759E-03
       4.78630E-02       5.01187E-02       4.89908E-02       2.25570E-03       1.18651E-04       5.26006E-02       2.57695E-03       2.63624E-03
       5.01187E-02       5.24808E-02       5.12998E-02       2.36210E-03       1.24243E-04       5.25987E-02       2.69830E-03       2.76049E-03
       5.24808E-02       5.49541E-02       5.37174E-02       2.47330E-03       1.30098E-04       5.26011E-02       2.82560E-03       2.89058E-03
       5.49541E-02       5.75440E-02       5.62491E-02       2.58990E-03       1.36229E-04       5.26003E-02       2.95872E-03       3.02681E-03
       5.75440E-02       6.02560E-02       5.89000E-02       2.71200E-03       1.42650E-04       5.25997E-02       3.09812E-03       3.16946E-03
       6.02560E-02       6.30957E-02       6.16758E-02       2.83970E-03       1.49373E-04       5.26016E-02       3.24425E-03       3.31884E-03
       6.30957E-02       6.60693E-02       6.45825E-02       2.97360E-03       7.91368E-04       2.66131E-01       1.71874E-02       4.11020E-03
       6.60693E-02       6.91831E-02       6.76262E-02       3.11380E-03       1.24310E-03       3.99224E-01       2.69980E-02       5.35331E-03
       6.91831E-02       7.24436E-02       7.08134E-02       3.26050E-03       1.30169E-03       3.99230E-01       2.82708E-02       6.65500E-03
       7.24436E-02       7.58578E-02       7.41507E-02       3.41420E-03       1.36303E-03       3.99225E-01       2.96028E-02       8.01803E-03
       7.58578E-02       7.94328E-02       7.76453E-02       3.57500E-03       1.42727E-03       3.99236E-01       3.09988E-02       9.44530E-03
       7.94328E-02       8.31764E-02       8.13046E-02       3.74360E-03       1.49454E-03       3.99224E-01       3.24588E-02       1.09398E-02
       8.31764E-02       8.70964E-02       8.51364E-02       3.92000E-03       1.56497E-03       3.99227E-01       3.39888E-02       1.25048E-02
       8.70964E-02       9.12011E-02       8.91488E-02       4.10470E-03       1.63873E-03       3.99231E-01       3.55910E-02       1.41435E-02
       9.12011E-02       9.54993E-02       9.33502E-02       4.29820E-03       1.71596E-03       3.99228E-01       3.72680E-02       1.58595E-02
       9.54993E-02       1.00000E-01       9.77497E-02       4.50070E-03       1.79683E-03       3.99233E-01       3.90249E-02       1.76563E-02
       1.00000E-01       1.04713E-01       1.02357E-01       4.71300E-03       1.88153E-03       3.99221E-01       4.08629E-02       1.95378E-02
       1.04713E-01       1.09648E-01       1.07180E-01       4.93500E-03       1.97016E-03       3.99221E-01       4.27887E-02       2.15080E-02
       1.09648E-01       1.14815E-01       1.12231E-01       5.16700E-03       2.06306E-03       3.99275E-01       4.48113E-02       2.35711E-02
       1.14815E-01       1.20226E-01       1.17520E-01       5.41100E-03       2.16023E-03       3.99229E-01       4.69176E-02       2.57313E-02
       1.20226E-01       1.25892E-01       1.23059E-01       5.66600E-03       2.26208E-03       3.99237E-01       4.91297E-02       2.79934E-02
       1.25892E-01       1.31826E-01       1.28859E-01       5.93400E-03       3.46285E-03       5.83560E-01       7.51970E-02       3.14562E-02
       1.31826E-01       1.38038E-01       1.34932E-01       6.21200E-03       4.42342E-03       7.12076E-01       9.60819E-02       3.58796E-02
       1.38038E-01       1.44544E-01       1.41291E-01       6.50600E-03       4.63196E-03       7.11952E-01       1.00592E-01       4.05116E-02
       1.44544E-01       1.51356E-01       1.47950E-01       6.81200E-03       4.85019E-03       7.12006E-01       1.05341E-01       4.53618E-02
       1.51356E-01       1.58489E-01       1.54923E-01       7.13300E-03       5.07881E-03       7.12016E-01       1.10307E-01       5.04406E-02
       1.58489E-01       1.65959E-01       1.62224E-01       7.47000E-03       5.31818E-03       7.11938E-01       1.15493E-01       5.57588E-02
       1.65959E-01       1.73780E-01       1.69869E-01       7.82100E-03       5.56880E-03       7.12032E-01       1.20953E-01       6.13276E-02
       1.73780E-01       1.81970E-01       1.77875E-01       8.19000E-03       5.83125E-03       7.11996E-01       1.26646E-01       6.71588E-02
       1.81970E-01       1.90546E-01       1.86258E-01       8.57600E-03       6.13786E-03       7.15702E-01       1.33305E-01       7.32967E-02
       1.90546E-01       1.99526E-01       1.95036E-01       8.98000E-03       6.99035E-03       7.78435E-01       1.51823E-01       8.02870E-02
       1.99526E-01       2.08930E-01       2.04228E-01       9.40400E-03       7.56328E-03       8.04262E-01       1.64253E-01       8.78503E-02
       2.08930E-01       2.18776E-01       2.13853E-01       9.84600E-03       7.91977E-03       8.04364E-01       1.72016E-01       9.57701E-02
       2.18776E-01       2.29087E-01       2.23931E-01       1.03110E-02       8.29291E-03       8.04278E-01       1.80103E-01       1.04063E-01
       2.29087E-01       2.39883E-01       2.34485E-01       1.07960E-02       8.68374E-03       8.04348E-01       1.88607E-01       1.12747E-01
       2.39883E-01       2.51189E-01       2.45536E-01       1.13060E-02       9.09297E-03       8.04260E-01       1.97475E-01       1.21840E-01
       2.51189E-01       2.63027E-01       2.57108E-01       1.18380E-02       9.95511E-03       8.40945E-01       2.16214E-01       1.31795E-01
       2.63027E-01       2.75423E-01       2.69225E-01       1.23960E-02       1.08703E-02       8.76924E-01       2.36090E-01       1.42665E-01
       2.75423E-01       2.88403E-01       2.81913E-01       1.29800E-02       1.13826E-02       8.76936E-01       2.47220E-01       1.54048E-01
       2.88403E-01       3.01995E-01       2.95199E-01       1.35920E-02       1.19191E-02       8.76917E-01       2.58865E-01       1.65967E-01
       3.01995E-01       3.16228E-01       3.09112E-01       1.42330E-02       1.25155E-02       8.79331E-01       2.71811E-01       1.78482E-01
       3.16228E-01       3.31131E-01       3.23680E-01       1.49030E-02       1.59599E-02       1.07092E+00       3.46634E-01       1.94442E-01
       3.31131E-01       3.46737E-01       3.38934E-01       1.56060E-02       1.83396E-02       1.17516E+00       3.98303E-01       2.12782E-01
       3.46737E-01       3.63078E-01       3.54908E-01       1.63410E-02       1.92039E-02       1.17520E+00       4.17086E-01       2.31986E-01
       3.63078E-01       3.80189E-01       3.71633E-01       1.71110E-02       2.03152E-02       1.18726E+00       4.41224E-01       2.52301E-01
       3.80189E-01       3.98107E-01       3.89148E-01       1.79180E-02       2.78430E-02       1.55391E+00       6.04701E-01       2.80144E-01
       3.98107E-01       4.16869E-01       4.07488E-01       1.87620E-02       3.25257E-02       1.73359E+00       7.06418E-01       3.12669E-01
       4.16869E-01       4.36516E-01       4.26692E-01       1.96470E-02       3.40585E-02       1.73352E+00       7.39680E-01       3.46728E-01
       4.36516E-01       4.57088E-01       4.46802E-01       2.05720E-02       3.90352E-02       1.89749E+00       8.47803E-01       3.85763E-01
       4.57088E-01       4.78630E-01       4.67859E-01       2.15420E-02       4.73768E-02       2.19927E+00       1.02895E+00       4.33140E-01
       4.78630E-01       5.01187E-01       4.89909E-01       2.25570E-02       4.96095E-02       2.19929E+00       1.07745E+00       4.82749E-01
       5.01187E-01       5.24808E-01       5.12998E-01       2.36210E-02       4.44138E-02       1.88027E+00       9.64573E-01       5.27163E-01
       5.24808E-01       5.49541E-01       5.37174E-01       2.47330E-02       3.69897E-02       1.49556E+00       8.03377E-01       5.64153E-01
       5.49541E-01       5.75440E-01       5.62490E-01       2.58990E-02       3.76511E-02       1.45377E+00       8.17730E-01       6.01804E-01
       5.75440E-01       6.02560E-01       5.89000E-01       2.71200E-02       2.98246E-02       1.09973E+00       6.47739E-01       6.31629E-01
       6.02560E-01       6.30957E-01       6.16758E-01       2.83970E-02       2.86016E-02       1.00721E+00       6.21203E-01       6.60230E-01
       6.30957E-01       6.60693E-01       6.45825E-01       2.97360E-02       2.52235E-02       8.48247E-01       5.47819E-01       6.85454E-01
       6.60693E-01       6.91831E-01       6.76262E-01       3.11380E-02       2.32149E-02       7.45548E-01       5.04186E-01       7.08669E-01
       6.91831E-01       7.24436E-01       7.08133E-01       3.26050E-02       2.25875E-02       6.92762E-01       4.90568E-01       7.31256E-01
       7.24436E-01       7.58578E-01       7.41507E-01       3.41420E-02       2.20881E-02       6.46949E-01       4.79717E-01       7.53344E-01
       7.58578E-01       7.94328E-01       7.76453E-01       3.57500E-02       2.09741E-02       5.86689E-01       4.55536E-01       7.74318E-01
       7.94328E-01       8.31764E-01       8.13046E-01       3.74360E-02       2.06046E-02       5.50395E-01       4.47497E-01       7.94923E-01
       8.31764E-01       8.70964E-01       8.51364E-01       3.92000E-02       2.07461E-02       5.29237E-01       4.50574E-01       8.15669E-01
       8.70964E-01       9.12011E-01       8.91487E-01       4.10470E-02       2.14538E-02       5.22665E-01       4.65949E-01       8.37123E-01
       9.12011E-01       9.54993E-01       9.33502E-01       4.29820E-02       2.22931E-02       5.18661E-01       4.84172E-01       8.59416E-01
       9.54993E-01       1.00000E+00       9.77497E-01       4.50070E-02       2.30341E-02       5.11790E-01       5.00273E-01       8.82450E-01
       1.00000E+00       1.04713E+00       1.02357E+00       4.71300E-02       2.36245E-02       5.01263E-01       5.13075E-01       9.06075E-01
       1.04713E+00       1.09648E+00       1.07181E+00       4.93500E-02       2.38463E-02       4.83207E-01       5.17904E-01       9.29921E-01
       1.09648E+00       1.14815E+00       1.12231E+00       5.16700E-02       2.31364E-02       4.47772E-01       5.02541E-01       9.53057E-01
       1.14815E+00       1.20226E+00       1.17520E+00       5.41100E-02       2.24449E-02       4.14802E-01       4.87477E-01       9.75502E-01
       1.20226E+00       1.25892E+00       1.23059E+00       5.66600E-02       1.78187E-02       3.14485E-01       3.87002E-01       9.93321E-01
       1.25892E+00       1.31826E+00       1.28859E+00       5.93400E-02       6.67930E-03       1.12560E-01       1.45043E-01       1.00000E+00

 Sum =                                                                         1.00000E+00
 Renormalization bin#   952 =                                                  1.65727E-03 barn        1.52000E+07        1.54000E+07        1.53000E+07
 Avg. Energy     bin#   952 =                                                  5.73901E-01 MeV         1.52000E+07        1.54000E+07
