"        MT=104 recoil spectrum "
" Initial neutron energy corresponds to the group:"
   1.42000E+01    1.44000E+01       0.00000E+00           615           868           254



          Low               High              Mid              Energy           Number             dn/de            E*dn/de          Cumulative
         Energy            Energy            Energy             Width          Fraction                               Sum   
         [MeV]             [MeV]             [MeV]              [MeV]

       9.97500E-06       1.00000E-05       9.98750E-06       2.49996E-08       0.00000E+00       0.00000E+00       0.00000E+00       0.00000E+00
       1.00000E-05       1.04713E-05       1.02356E-05       4.71300E-07       6.81248E-09       1.44547E-02       1.47953E-07       6.81248E-09
       1.04713E-05       1.09648E-05       1.07180E-05       4.93500E-07       7.13326E-09       1.44544E-02       1.54923E-07       1.39457E-08
       1.09648E-05       1.14815E-05       1.12232E-05       5.16700E-07       7.46962E-09       1.44564E-02       1.62246E-07       2.14154E-08
       1.14815E-05       1.20226E-05       1.17521E-05       5.41101E-07       7.82156E-09       1.44549E-02       1.69875E-07       2.92369E-08
       1.20226E-05       1.25892E-05       1.23059E-05       5.66600E-07       8.19029E-09       1.44552E-02       1.77884E-07       3.74272E-08
       1.25892E-05       1.31826E-05       1.28859E-05       5.93400E-07       8.57635E-09       1.44529E-02       1.86239E-07       4.60036E-08
       1.31826E-05       1.38038E-05       1.34932E-05       6.21200E-07       8.98042E-09       1.44566E-02       1.95065E-07       5.49840E-08
       1.38038E-05       1.44544E-05       1.41291E-05       6.50600E-07       9.40369E-09       1.44539E-02       2.04220E-07       6.43877E-08
       1.44544E-05       1.51356E-05       1.47950E-05       6.81200E-07       9.84684E-09       1.44551E-02       2.13864E-07       7.42345E-08
       1.51356E-05       1.58489E-05       1.54922E-05       7.13300E-07       1.03109E-08       1.44553E-02       2.23945E-07       8.45455E-08
       1.58489E-05       1.65959E-05       1.62224E-05       7.47000E-07       1.07969E-08       1.44537E-02       2.34474E-07       9.53424E-08
       1.65959E-05       1.73780E-05       1.69869E-05       7.82101E-07       1.13056E-08       1.44555E-02       2.45555E-07       1.06648E-07
       1.73780E-05       1.81970E-05       1.77875E-05       8.19000E-07       1.18385E-08       1.44549E-02       2.57116E-07       1.18487E-07
       1.81970E-05       1.90546E-05       1.86258E-05       8.57599E-07       1.23965E-08       1.44549E-02       2.69234E-07       1.30883E-07
       1.90546E-05       1.99526E-05       1.95036E-05       8.98001E-07       1.29806E-08       1.44550E-02       2.81924E-07       1.43864E-07
       1.99526E-05       2.08930E-05       2.04228E-05       9.40399E-07       1.35927E-08       1.44542E-02       2.95195E-07       1.57456E-07
       2.08930E-05       2.18776E-05       2.13853E-05       9.84600E-07       1.42335E-08       1.44561E-02       3.09148E-07       1.71690E-07
       2.18776E-05       2.29087E-05       2.23932E-05       1.03110E-06       1.49038E-08       1.44542E-02       3.23676E-07       1.86594E-07
       2.29087E-05       2.39883E-05       2.34485E-05       1.07960E-06       1.56063E-08       1.44557E-02       3.38963E-07       2.02200E-07
       2.39883E-05       2.51189E-05       2.45536E-05       1.13060E-06       1.63411E-08       1.44535E-02       3.54885E-07       2.18541E-07
       2.51189E-05       2.63027E-05       2.57108E-05       1.18380E-06       1.71121E-08       1.44553E-02       3.71656E-07       2.35653E-07
       2.63027E-05       2.75423E-05       2.69225E-05       1.23960E-06       1.79181E-08       1.44548E-02       3.89158E-07       2.53571E-07
       2.75423E-05       2.88403E-05       2.81913E-05       1.29800E-06       1.87630E-08       1.44553E-02       4.07515E-07       2.72334E-07
       2.88403E-05       3.01995E-05       2.95199E-05       1.35920E-06       1.96469E-08       1.44548E-02       4.26704E-07       2.91981E-07
       3.01995E-05       3.16228E-05       3.09111E-05       1.42330E-06       2.05725E-08       1.44540E-02       4.46791E-07       3.12554E-07
       3.16228E-05       3.31131E-05       3.23679E-05       1.49030E-06       2.15423E-08       1.44550E-02       4.67880E-07       3.34096E-07
       3.31131E-05       3.46737E-05       3.38934E-05       1.56060E-06       2.25578E-08       1.44546E-02       4.89915E-07       3.56654E-07
       3.46737E-05       3.63078E-05       3.54907E-05       1.63410E-06       2.36204E-08       1.44547E-02       5.13006E-07       3.80274E-07
       3.63078E-05       3.80189E-05       3.71634E-05       1.71110E-06       2.47340E-08       1.44550E-02       5.37196E-07       4.05008E-07
       3.80189E-05       3.98107E-05       3.89148E-05       1.79180E-06       2.58999E-08       1.44547E-02       5.62503E-07       4.30908E-07
       3.98107E-05       4.16869E-05       4.07488E-05       1.87620E-06       2.71210E-08       1.44553E-02       5.89034E-07       4.58029E-07
       4.16869E-05       4.36516E-05       4.26692E-05       1.96470E-06       2.83984E-08       1.44544E-02       6.16756E-07       4.86428E-07
       4.36516E-05       4.57088E-05       4.46802E-05       2.05720E-06       2.97377E-08       1.44554E-02       6.45871E-07       5.16165E-07
       4.57088E-05       4.78630E-05       4.67859E-05       2.15420E-06       3.11388E-08       1.44549E-02       6.76286E-07       5.47304E-07
       4.78630E-05       5.01187E-05       4.89908E-05       2.25570E-06       3.26056E-08       1.44548E-02       7.08152E-07       5.79910E-07
       5.01187E-05       5.24808E-05       5.12998E-05       2.36210E-06       3.41423E-08       1.44542E-02       7.41498E-07       6.14052E-07
       5.24808E-05       5.49541E-05       5.37174E-05       2.47330E-06       3.57516E-08       1.44550E-02       7.76487E-07       6.49804E-07
       5.49541E-05       5.75440E-05       5.62490E-05       2.58990E-06       3.74361E-08       1.44547E-02       8.13061E-07       6.87240E-07
       5.75440E-05       6.02560E-05       5.89000E-05       2.71200E-06       3.92012E-08       1.44547E-02       8.51382E-07       7.26441E-07
       6.02560E-05       6.30957E-05       6.16758E-05       2.83970E-06       4.10482E-08       1.44551E-02       8.91532E-07       7.67489E-07
       6.30957E-05       6.60693E-05       6.45825E-05       2.97360E-06       4.29825E-08       1.44547E-02       9.33522E-07       8.10472E-07
       6.60693E-05       6.91831E-05       6.76262E-05       3.11380E-06       4.50095E-08       1.44549E-02       9.77527E-07       8.55481E-07
       6.91831E-05       7.24436E-05       7.08134E-05       3.26051E-06       4.71306E-08       1.44550E-02       1.02361E-06       9.02612E-07
       7.24436E-05       7.58578E-05       7.41507E-05       3.41420E-06       4.93510E-08       1.44546E-02       1.07182E-06       9.51963E-07
       7.58578E-05       7.94328E-05       7.76453E-05       3.57500E-06       5.16763E-08       1.44549E-02       1.12236E-06       1.00364E-06
       7.94328E-05       8.31764E-05       8.13046E-05       3.74360E-06       5.41130E-08       1.44548E-02       1.17524E-06       1.05775E-06
       8.31764E-05       8.70964E-05       8.51364E-05       3.92000E-06       5.66626E-08       1.44547E-02       1.23062E-06       1.11441E-06
       8.70964E-05       9.12011E-05       8.91488E-05       4.10471E-06       5.93330E-08       1.44549E-02       1.28863E-06       1.17375E-06
       9.12011E-05       9.54993E-05       9.33502E-05       4.29820E-06       6.21297E-08       1.44548E-02       1.34936E-06       1.23588E-06
       9.54993E-05       1.00000E-04       9.77497E-05       4.50070E-06       6.50581E-08       1.44551E-02       1.41298E-06       1.30094E-06
       1.00000E-04       1.04713E-04       1.02356E-04       4.71300E-06       6.81248E-08       1.44547E-02       1.47953E-06       1.36906E-06
       1.04713E-04       1.09648E-04       1.07181E-04       4.93501E-06       7.13326E-08       1.44544E-02       1.54923E-06       1.44039E-06
       1.09648E-04       1.14815E-04       1.12232E-04       5.16700E-06       7.46962E-08       1.44564E-02       1.62246E-06       1.51509E-06
       1.14815E-04       1.20226E-04       1.17520E-04       5.41100E-06       7.82156E-08       1.44549E-02       1.69875E-06       1.59330E-06
       1.20226E-04       1.25892E-04       1.23059E-04       5.66600E-06       8.19029E-08       1.44552E-02       1.77884E-06       1.67521E-06
       1.25892E-04       1.31826E-04       1.28859E-04       5.93401E-06       8.57635E-08       1.44529E-02       1.86239E-06       1.76097E-06
       1.31826E-04       1.38038E-04       1.34932E-04       6.21199E-06       8.98042E-08       1.44566E-02       1.95066E-06       1.85078E-06
       1.38038E-04       1.44544E-04       1.41291E-04       6.50601E-06       9.40369E-08       1.44538E-02       2.04220E-06       1.94481E-06
       1.44544E-04       1.51356E-04       1.47950E-04       6.81200E-06       9.84684E-08       1.44551E-02       2.13864E-06       2.04328E-06
       1.51356E-04       1.58489E-04       1.54922E-04       7.13300E-06       1.03109E-07       1.44553E-02       2.23945E-06       2.14639E-06
       1.58489E-04       1.65959E-04       1.62224E-04       7.47000E-06       1.07969E-07       1.44537E-02       2.34474E-06       2.25436E-06
       1.65959E-04       1.73780E-04       1.69870E-04       7.82100E-06       1.13056E-07       1.44555E-02       2.45555E-06       2.36742E-06
       1.73780E-04       1.81970E-04       1.77875E-04       8.19000E-06       1.18385E-07       1.44549E-02       2.57116E-06       2.48580E-06
       1.81970E-04       1.90546E-04       1.86258E-04       8.57600E-06       1.23965E-07       1.44549E-02       2.69234E-06       2.60977E-06
       1.90546E-04       1.99526E-04       1.95036E-04       8.98000E-06       1.29806E-07       1.44550E-02       2.81925E-06       2.73957E-06
       1.99526E-04       2.08930E-04       2.04228E-04       9.40399E-06       1.35927E-07       1.44542E-02       2.95195E-06       2.87550E-06
       2.08930E-04       2.18776E-04       2.13853E-04       9.84601E-06       1.42335E-07       1.44561E-02       3.09148E-06       3.01783E-06
       2.18776E-04       2.29087E-04       2.23932E-04       1.03110E-05       1.49038E-07       1.44542E-02       3.23676E-06       3.16687E-06
       2.29087E-04       2.39883E-04       2.34485E-04       1.07960E-05       1.56063E-07       1.44557E-02       3.38964E-06       3.32294E-06
       2.39883E-04       2.51189E-04       2.45536E-04       1.13060E-05       1.63411E-07       1.44535E-02       3.54885E-06       3.48635E-06
       2.51189E-04       2.63027E-04       2.57108E-04       1.18380E-05       1.71121E-07       1.44552E-02       3.71656E-06       3.65747E-06
       2.63027E-04       2.75423E-04       2.69225E-04       1.23960E-05       1.79181E-07       1.44548E-02       3.89158E-06       3.83665E-06
       2.75423E-04       2.88403E-04       2.81913E-04       1.29800E-05       1.87630E-07       1.44553E-02       4.07515E-06       4.02428E-06
       2.88403E-04       3.01995E-04       2.95199E-04       1.35920E-05       1.96469E-07       1.44548E-02       4.26704E-06       4.22075E-06
       3.01995E-04       3.16228E-04       3.09111E-04       1.42330E-05       2.05725E-07       1.44540E-02       4.46791E-06       4.42647E-06
       3.16228E-04       3.31131E-04       3.23680E-04       1.49030E-05       2.15423E-07       1.44550E-02       4.67879E-06       4.64190E-06
       3.31131E-04       3.46737E-04       3.38934E-04       1.56060E-05       2.25578E-07       1.44546E-02       4.89916E-06       4.86747E-06
       3.46737E-04       3.63078E-04       3.54908E-04       1.63410E-05       2.36204E-07       1.44547E-02       5.13007E-06       5.10368E-06
       3.63078E-04       3.80189E-04       3.71634E-04       1.71110E-05       2.47340E-07       1.44550E-02       5.37197E-06       5.35102E-06
       3.80189E-04       3.98107E-04       3.89148E-04       1.79180E-05       2.58999E-07       1.44547E-02       5.62502E-06       5.61002E-06
       3.98107E-04       4.16869E-04       4.07488E-04       1.87620E-05       2.71210E-07       1.44553E-02       5.89035E-06       5.88123E-06
       4.16869E-04       4.36516E-04       4.26692E-04       1.96470E-05       2.83984E-07       1.44543E-02       6.16756E-06       6.16521E-06
       4.36516E-04       4.57088E-04       4.46802E-04       2.05720E-05       2.97377E-07       1.44554E-02       6.45871E-06       6.46259E-06
       4.57088E-04       4.78630E-04       4.67859E-04       2.15420E-05       3.11388E-07       1.44549E-02       6.76286E-06       6.77397E-06
       4.78630E-04       5.01187E-04       4.89909E-04       2.25570E-05       3.26056E-07       1.44548E-02       7.08151E-06       7.10003E-06
       5.01187E-04       5.24808E-04       5.12998E-04       2.36210E-05       3.41423E-07       1.44542E-02       7.41499E-06       7.44145E-06
       5.24808E-04       5.49541E-04       5.37175E-04       2.47330E-05       3.57516E-07       1.44550E-02       7.76486E-06       7.79897E-06
       5.49541E-04       5.75440E-04       5.62491E-04       2.58990E-05       3.74361E-07       1.44547E-02       8.13061E-06       8.17333E-06
       5.75440E-04       6.02560E-04       5.89000E-04       2.71200E-05       3.92012E-07       1.44547E-02       8.51382E-06       8.56534E-06
       6.02560E-04       6.30957E-04       6.16758E-04       2.83970E-05       4.10482E-07       1.44551E-02       8.91532E-06       8.97582E-06
       6.30957E-04       6.60693E-04       6.45825E-04       2.97360E-05       4.29825E-07       1.44547E-02       9.33520E-06       9.40565E-06
       6.60693E-04       6.91831E-04       6.76262E-04       3.11380E-05       4.50095E-07       1.44549E-02       9.77527E-06       9.85574E-06
       6.91831E-04       7.24436E-04       7.08133E-04       3.26050E-05       4.71306E-07       1.44550E-02       1.02361E-05       1.03271E-05
       7.24436E-04       7.58578E-04       7.41507E-04       3.41420E-05       4.93510E-07       1.44546E-02       1.07182E-05       1.08206E-05
       7.58578E-04       7.94328E-04       7.76453E-04       3.57500E-05       5.16763E-07       1.44549E-02       1.12236E-05       1.13373E-05
       7.94328E-04       8.31764E-04       8.13046E-04       3.74360E-05       5.41130E-07       1.44548E-02       1.17524E-05       1.18785E-05
       8.31764E-04       8.70964E-04       8.51364E-04       3.92000E-05       5.66626E-07       1.44547E-02       1.23062E-05       1.24451E-05
       8.70964E-04       9.12011E-04       8.91487E-04       4.10470E-05       5.93330E-07       1.44549E-02       1.28864E-05       1.30384E-05
       9.12011E-04       9.54993E-04       9.33502E-04       4.29820E-05       6.21297E-07       1.44548E-02       1.34936E-05       1.36597E-05
       9.54993E-04       1.00000E-03       9.77497E-04       4.50070E-05       6.50581E-07       1.44551E-02       1.41298E-05       1.43103E-05
       1.00000E-03       1.04713E-03       1.02356E-03       4.71300E-05       6.81248E-07       1.44547E-02       1.47953E-05       1.49915E-05
       1.04713E-03       1.09648E-03       1.07180E-03       4.93500E-05       7.13326E-07       1.44544E-02       1.54923E-05       1.57049E-05
       1.09648E-03       1.14815E-03       1.12231E-03       5.16700E-05       7.46962E-07       1.44564E-02       1.62246E-05       1.64518E-05
       1.14815E-03       1.20226E-03       1.17520E-03       5.41100E-05       7.82156E-07       1.44549E-02       1.69875E-05       1.72340E-05
       1.20226E-03       1.25892E-03       1.23059E-03       5.66600E-05       8.19029E-07       1.44552E-02       1.77884E-05       1.80530E-05
       1.25892E-03       1.31826E-03       1.28859E-03       5.93400E-05       8.57635E-07       1.44529E-02       1.86239E-05       1.89106E-05
       1.31826E-03       1.38038E-03       1.34932E-03       6.21200E-05       8.98042E-07       1.44566E-02       1.95065E-05       1.98087E-05
       1.38038E-03       1.44544E-03       1.41291E-03       6.50599E-05       9.40369E-07       1.44539E-02       2.04220E-05       2.07491E-05
       1.44544E-03       1.51356E-03       1.47950E-03       6.81201E-05       9.84684E-07       1.44551E-02       2.13863E-05       2.17337E-05
       1.51356E-03       1.58489E-03       1.54923E-03       7.13300E-05       1.03109E-06       1.44553E-02       2.23945E-05       2.27648E-05
       1.58489E-03       1.65959E-03       1.62224E-03       7.47000E-05       1.07969E-06       1.44537E-02       2.34475E-05       2.38445E-05
       1.65959E-03       1.73780E-03       1.69870E-03       7.82101E-05       1.13056E-06       1.44555E-02       2.45555E-05       2.49751E-05
       1.73780E-03       1.81970E-03       1.77875E-03       8.18999E-05       1.18385E-06       1.44549E-02       2.57116E-05       2.61589E-05
       1.81970E-03       1.90546E-03       1.86258E-03       8.57600E-05       1.23965E-06       1.44549E-02       2.69234E-05       2.73986E-05
       1.90546E-03       1.99526E-03       1.95036E-03       8.98001E-05       1.29806E-06       1.44550E-02       2.81924E-05       2.86967E-05
       1.99526E-03       2.08930E-03       2.04228E-03       9.40400E-05       1.35925E-06       1.44539E-02       2.95189E-05       3.00559E-05
       2.08930E-03       2.18776E-03       2.13853E-03       9.84600E-05       1.42331E-06       1.44557E-02       3.09139E-05       3.14792E-05
       2.18776E-03       2.29087E-03       2.23932E-03       1.03110E-04       1.49038E-06       1.44542E-02       3.23676E-05       3.29696E-05
       2.29087E-03       2.39883E-03       2.34485E-03       1.07960E-04       1.56062E-06       1.44555E-02       3.38960E-05       3.45302E-05
       2.39883E-03       2.51189E-03       2.45536E-03       1.13060E-04       1.63416E-06       1.44540E-02       3.54897E-05       3.61644E-05
       2.51189E-03       2.63027E-03       2.57108E-03       1.18380E-04       1.71119E-06       1.44550E-02       3.71650E-05       3.78756E-05
       2.63027E-03       2.75423E-03       2.69225E-03       1.23960E-04       1.79184E-06       1.44550E-02       3.89164E-05       3.96674E-05
       2.75423E-03       2.88403E-03       2.81913E-03       1.29800E-04       1.87628E-06       1.44551E-02       4.07509E-05       4.15437E-05
       2.88403E-03       3.01995E-03       2.95199E-03       1.35920E-04       1.96471E-06       1.44549E-02       4.26707E-05       4.35084E-05
       3.01995E-03       3.16228E-03       3.09112E-03       1.42330E-04       2.05730E-06       1.44544E-02       4.46803E-05       4.55657E-05
       3.16228E-03       3.31131E-03       3.23679E-03       1.49030E-04       2.15424E-06       1.44551E-02       4.67882E-05       4.77199E-05
       3.31131E-03       3.46737E-03       3.38934E-03       1.56060E-04       2.25580E-06       1.44547E-02       4.89918E-05       4.99757E-05
       3.46737E-03       3.63078E-03       3.54907E-03       1.63410E-04       2.36209E-06       1.44550E-02       5.13019E-05       5.23378E-05
       3.63078E-03       3.80189E-03       3.71633E-03       1.71110E-04       2.47341E-06       1.44551E-02       5.37200E-05       5.48112E-05
       3.80189E-03       3.98107E-03       3.89148E-03       1.79180E-04       2.58999E-06       1.44547E-02       5.62501E-05       5.74012E-05
       3.98107E-03       4.16869E-03       4.07488E-03       1.87620E-04       2.71204E-06       1.44550E-02       5.89024E-05       6.01133E-05
       4.16869E-03       4.36516E-03       4.26693E-03       1.96470E-04       2.83986E-06       1.44544E-02       6.16758E-05       6.29531E-05
       4.36516E-03       4.57088E-03       4.46802E-03       2.05720E-04       2.97370E-06       1.44551E-02       6.45858E-05       6.59268E-05
       4.57088E-03       4.78630E-03       4.67859E-03       2.15420E-04       3.11385E-06       1.44548E-02       6.76280E-05       6.90407E-05
       4.78630E-03       5.01187E-03       4.89909E-03       2.25570E-04       3.26059E-06       1.44549E-02       7.08156E-05       7.23013E-05
       5.01187E-03       5.24807E-03       5.12997E-03       2.36200E-04       3.41427E-06       1.44550E-02       7.41539E-05       7.57155E-05
       5.24807E-03       5.49541E-03       5.37174E-03       2.47340E-04       3.57517E-06       1.44545E-02       7.76457E-05       7.92907E-05
       5.49541E-03       5.75440E-03       5.62491E-03       2.58990E-04       3.74366E-06       1.44549E-02       8.13073E-05       8.30344E-05
       5.75440E-03       6.02560E-03       5.89000E-03       2.71200E-04       3.92012E-06       1.44547E-02       8.51382E-05       8.69545E-05
       6.02560E-03       6.30957E-03       6.16759E-03       2.83970E-04       4.10485E-06       1.44552E-02       8.91538E-05       9.10593E-05
       6.30957E-03       6.60693E-03       6.45825E-03       2.97360E-04       4.29831E-06       1.44549E-02       9.33532E-05       9.53576E-05
       6.60693E-03       6.91831E-03       6.76262E-03       3.11380E-04       4.50089E-06       1.44546E-02       9.77513E-05       9.98585E-05
       6.91831E-03       7.24436E-03       7.08133E-03       3.26050E-04       4.71301E-06       1.44549E-02       1.02360E-04       1.04572E-04
       7.24436E-03       7.58578E-03       7.41507E-03       3.41420E-04       4.93512E-06       1.44547E-02       1.07183E-04       1.09507E-04
       7.58578E-03       7.94328E-03       7.76453E-03       3.57500E-04       5.16769E-06       1.44551E-02       1.12237E-04       1.14674E-04
       7.94328E-03       8.31764E-03       8.13046E-03       3.74360E-04       5.41126E-06       1.44547E-02       1.17523E-04       1.20086E-04
       8.31764E-03       8.70964E-03       8.51364E-03       3.92000E-04       5.66627E-06       1.44548E-02       1.23063E-04       1.25752E-04
       8.70964E-03       9.12011E-03       8.91487E-03       4.10471E-04       5.93330E-06       1.44549E-02       1.28863E-04       1.31685E-04
       9.12011E-03       9.54993E-03       9.33502E-03       4.29819E-04       6.21295E-06       1.44548E-02       1.34936E-04       1.37898E-04
       9.54993E-03       1.00000E-02       9.77496E-03       4.50070E-04       6.50574E-06       1.44550E-02       1.41297E-04       1.44404E-04
       1.00000E-02       1.04713E-02       1.02357E-02       4.71300E-04       6.81242E-06       1.44545E-02       1.47952E-04       1.51216E-04
       1.04713E-02       1.09648E-02       1.07180E-02       4.93500E-04       7.13331E-06       1.44545E-02       1.54924E-04       1.58350E-04
       1.09648E-02       1.14815E-02       1.12232E-02       5.16700E-04       7.46969E-06       1.44565E-02       1.62248E-04       1.65819E-04
       1.14815E-02       1.20226E-02       1.17521E-02       5.41100E-04       7.82152E-06       1.44549E-02       1.69874E-04       1.73641E-04
       1.20226E-02       1.25892E-02       1.23059E-02       5.66601E-04       8.19025E-06       1.44551E-02       1.77883E-04       1.81831E-04
       1.25892E-02       1.31826E-02       1.28859E-02       5.93399E-04       8.57634E-06       1.44529E-02       1.86239E-04       1.90407E-04
       1.31826E-02       1.38038E-02       1.34932E-02       6.21200E-04       8.98036E-06       1.44565E-02       1.95064E-04       1.99388E-04
       1.38038E-02       1.44544E-02       1.41291E-02       6.50601E-04       9.40374E-06       1.44539E-02       2.04221E-04       2.08792E-04
       1.44544E-02       1.51356E-02       1.47950E-02       6.81199E-04       9.84678E-06       1.44551E-02       2.13863E-04       2.18638E-04
       1.51356E-02       1.58489E-02       1.54923E-02       7.13301E-04       1.03109E-05       1.44552E-02       2.23944E-04       2.28949E-04
       1.58489E-02       1.65959E-02       1.62224E-02       7.47000E-04       1.07969E-05       1.44537E-02       2.34473E-04       2.39746E-04
       1.65959E-02       1.73780E-02       1.69870E-02       7.82100E-04       1.13057E-05       1.44556E-02       2.45556E-04       2.51052E-04
       1.73780E-02       1.81970E-02       1.77875E-02       8.19000E-04       1.18385E-05       1.44548E-02       2.57116E-04       2.62890E-04
       1.81970E-02       1.90546E-02       1.86258E-02       8.57600E-04       1.23965E-05       1.44549E-02       2.69233E-04       2.75287E-04
       1.90546E-02       1.99526E-02       1.95036E-02       8.98000E-04       1.29806E-05       1.44550E-02       2.81925E-04       2.88267E-04
       1.99526E-02       2.08930E-02       2.04228E-02       9.40400E-04       1.35925E-05       1.44539E-02       2.95189E-04       3.01860E-04
       2.08930E-02       2.18776E-02       2.13853E-02       9.84600E-04       1.42331E-05       1.44557E-02       3.09139E-04       3.16093E-04
       2.18776E-02       2.29087E-02       2.23931E-02       1.03110E-03       1.49038E-05       1.44543E-02       3.23676E-04       3.30997E-04
       2.29087E-02       2.39883E-02       2.34485E-02       1.07960E-03       1.56062E-05       1.44555E-02       3.38960E-04       3.46603E-04
       2.39883E-02       2.51189E-02       2.45536E-02       1.13060E-03       1.63416E-05       1.44540E-02       3.54897E-04       3.62945E-04
       2.51189E-02       2.63027E-02       2.57108E-02       1.18380E-03       1.71119E-05       1.44551E-02       3.71651E-04       3.80056E-04
       2.63027E-02       2.75423E-02       2.69225E-02       1.23960E-03       1.79184E-05       1.44550E-02       3.89163E-04       3.97975E-04
       2.75423E-02       2.88403E-02       2.81913E-02       1.29800E-03       1.87628E-05       1.44551E-02       4.07509E-04       4.16738E-04
       2.88403E-02       3.01995E-02       2.95199E-02       1.35920E-03       1.96471E-05       1.44549E-02       4.26707E-04       4.36385E-04
       3.01995E-02       3.16228E-02       3.09112E-02       1.42330E-03       2.05730E-05       1.44544E-02       4.46803E-04       4.56958E-04
       3.16228E-02       3.31131E-02       3.23680E-02       1.49030E-03       2.15424E-05       1.44551E-02       4.67882E-04       4.78500E-04
       3.31131E-02       3.46737E-02       3.38934E-02       1.56060E-03       2.25580E-05       1.44547E-02       4.89919E-04       5.01058E-04
       3.46737E-02       3.63078E-02       3.54908E-02       1.63410E-03       2.36209E-05       1.44550E-02       5.13018E-04       5.24679E-04
       3.63078E-02       3.80189E-02       3.71633E-02       1.71110E-03       2.47341E-05       1.44551E-02       5.37200E-04       5.49413E-04
       3.80189E-02       3.98107E-02       3.89148E-02       1.79180E-03       2.58999E-05       1.44547E-02       5.62501E-04       5.75313E-04
       3.98107E-02       4.16869E-02       4.07488E-02       1.87620E-03       2.71204E-05       1.44550E-02       5.89023E-04       6.02433E-04
       4.16869E-02       4.36516E-02       4.26693E-02       1.96470E-03       2.83986E-05       1.44544E-02       6.16758E-04       6.30832E-04
       4.36516E-02       4.57088E-02       4.46802E-02       2.05720E-03       2.97370E-05       1.44551E-02       6.45857E-04       6.60569E-04
       4.57088E-02       4.78630E-02       4.67859E-02       2.15420E-03       3.11385E-05       1.44548E-02       6.76280E-04       6.91707E-04
       4.78630E-02       5.01187E-02       4.89908E-02       2.25570E-03       3.26059E-05       1.44549E-02       7.08158E-04       7.24313E-04
       5.01187E-02       5.24808E-02       5.12998E-02       2.36210E-03       3.41427E-05       1.44544E-02       7.41507E-04       7.58456E-04
       5.24808E-02       5.49541E-02       5.37174E-02       2.47330E-03       2.23003E-04       9.01642E-02       4.84339E-03       9.81459E-04
       5.49541E-02       5.75440E-02       5.62491E-02       2.58990E-03       7.18569E-04       2.77451E-01       1.56063E-02       1.70003E-03
       5.75440E-02       6.02560E-02       5.89000E-02       2.71200E-03       7.64777E-04       2.81997E-01       1.66096E-02       2.46481E-03
       6.02560E-02       6.30957E-02       6.16758E-02       2.83970E-03       8.00816E-04       2.82007E-01       1.73930E-02       3.26562E-03
       6.30957E-02       6.60693E-02       6.45825E-02       2.97360E-03       8.38559E-04       2.82002E-01       1.82124E-02       4.10418E-03
       6.60693E-02       6.91831E-02       6.76262E-02       3.11380E-03       8.78082E-04       2.81996E-01       1.90703E-02       4.98226E-03
       6.91831E-02       7.24436E-02       7.08134E-02       3.26050E-03       9.19462E-04       2.82000E-01       1.99694E-02       5.90172E-03
       7.24436E-02       7.58578E-02       7.41507E-02       3.41420E-03       9.62793E-04       2.81997E-01       2.09103E-02       6.86452E-03
       7.58578E-02       7.94328E-02       7.76453E-02       3.57500E-03       1.00817E-03       2.82005E-01       2.18964E-02       7.87269E-03
       7.94328E-02       8.31764E-02       8.13046E-02       3.74360E-03       1.05568E-03       2.81997E-01       2.29277E-02       8.92837E-03
       8.31764E-02       8.70964E-02       8.51364E-02       3.92000E-03       1.10544E-03       2.81999E-01       2.40084E-02       1.00338E-02
       8.70964E-02       9.12011E-02       8.91488E-02       4.10470E-03       1.15753E-03       2.82001E-01       2.51401E-02       1.11913E-02
       9.12011E-02       9.54993E-02       9.33502E-02       4.29820E-03       1.21209E-03       2.81999E-01       2.63247E-02       1.24034E-02
       9.54993E-02       1.00000E-01       9.77497E-02       4.50070E-03       1.26921E-03       2.82002E-01       2.75656E-02       1.36726E-02
       1.00000E-01       1.04713E-01       1.02357E-01       4.71300E-03       1.32904E-03       2.81994E-01       2.88640E-02       1.50017E-02
       1.04713E-01       1.09648E-01       1.07180E-01       4.93500E-03       2.27454E-03       4.60899E-01       4.93994E-02       1.72762E-02
       1.09648E-01       1.14815E-01       1.12231E-01       5.16700E-03       4.93160E-03       9.54441E-01       1.07118E-01       2.22078E-02
       1.14815E-01       1.20226E-01       1.17520E-01       5.41100E-03       5.24883E-03       9.70029E-01       1.13998E-01       2.74566E-02
       1.20226E-01       1.25892E-01       1.23059E-01       5.66600E-03       5.49629E-03       9.70048E-01       1.19373E-01       3.29529E-02
       1.25892E-01       1.31826E-01       1.28859E-01       5.93400E-03       5.75538E-03       9.69899E-01       1.24980E-01       3.87083E-02
       1.31826E-01       1.38038E-01       1.34932E-01       6.21200E-03       6.02650E-03       9.70138E-01       1.30903E-01       4.47348E-02
       1.38038E-01       1.44544E-01       1.41291E-01       6.50600E-03       6.31062E-03       9.69969E-01       1.37048E-01       5.10454E-02
       1.44544E-01       1.51356E-01       1.47950E-01       6.81200E-03       6.60794E-03       9.70044E-01       1.43518E-01       5.76534E-02
       1.51356E-01       1.58489E-01       1.54923E-01       7.13300E-03       6.91941E-03       9.70056E-01       1.50284E-01       6.45728E-02
       1.58489E-01       1.65959E-01       1.62224E-01       7.47000E-03       7.44973E-03       9.97286E-01       1.61784E-01       7.20225E-02
       1.65959E-01       1.73780E-01       1.69869E-01       7.82100E-03       8.11107E-03       1.03709E+00       1.76170E-01       8.01336E-02
       1.73780E-01       1.81970E-01       1.77875E-01       8.19000E-03       8.49331E-03       1.03703E+00       1.84463E-01       8.86269E-02
       1.81970E-01       1.90546E-01       1.86258E-01       8.57600E-03       8.89361E-03       1.03703E+00       1.93156E-01       9.75205E-02
       1.90546E-01       1.99526E-01       1.95036E-01       8.98000E-03       9.31268E-03       1.03705E+00       2.02261E-01       1.06833E-01
       1.99526E-01       2.08930E-01       2.04228E-01       9.40400E-03       9.75165E-03       1.03697E+00       2.11778E-01       1.16585E-01
       2.08930E-01       2.18776E-01       2.13853E-01       9.84600E-03       1.02365E-02       1.03966E+00       2.22335E-01       1.26821E-01
       2.18776E-01       2.29087E-01       2.23931E-01       1.03110E-02       1.08794E-02       1.05513E+00       2.36277E-01       1.37701E-01
       2.29087E-01       2.39883E-01       2.34485E-01       1.07960E-02       1.14008E-02       1.05602E+00       2.47622E-01       1.49102E-01
       2.39883E-01       2.51189E-01       2.45536E-01       1.13060E-02       1.19381E-02       1.05591E+00       2.59264E-01       1.61040E-01
       2.51189E-01       2.63027E-01       2.57108E-01       1.18380E-02       1.25008E-02       1.05599E+00       2.71504E-01       1.73541E-01
       2.63027E-01       2.75423E-01       2.69225E-01       1.23960E-02       1.33272E-02       1.07512E+00       2.89449E-01       1.86868E-01
       2.75423E-01       2.88403E-01       2.81913E-01       1.29800E-02       1.46671E-02       1.12998E+00       3.18555E-01       2.01535E-01
       2.88403E-01       3.01995E-01       2.95199E-01       1.35920E-02       1.53700E-02       1.13081E+00       3.33815E-01       2.16905E-01
       3.01995E-01       3.16228E-01       3.09112E-01       1.42330E-02       1.60943E-02       1.13078E+00       3.49536E-01       2.32999E-01
       3.16228E-01       3.31131E-01       3.23680E-01       1.49030E-02       1.74815E-02       1.17302E+00       3.79683E-01       2.50481E-01
       3.31131E-01       3.46737E-01       3.38934E-01       1.56060E-02       1.98966E-02       1.27494E+00       4.32119E-01       2.70377E-01
       3.46737E-01       3.63078E-01       3.54908E-01       1.63410E-02       2.08418E-02       1.27543E+00       4.52659E-01       2.91219E-01
       3.63078E-01       3.80189E-01       3.71633E-01       1.71110E-02       2.20150E-02       1.28660E+00       4.78144E-01       3.13234E-01
       3.80189E-01       3.98107E-01       3.89148E-01       1.79180E-02       2.46809E-02       1.37744E+00       5.36026E-01       3.37915E-01
       3.98107E-01       4.16869E-01       4.07488E-01       1.87620E-02       2.61852E-02       1.39565E+00       5.68712E-01       3.64100E-01
       4.16869E-01       4.36516E-01       4.26692E-01       1.96470E-02       2.69406E-02       1.37123E+00       5.85094E-01       3.91041E-01
       4.36516E-01       4.57088E-01       4.46802E-01       2.05720E-02       2.48958E-02       1.21018E+00       5.40711E-01       4.15937E-01
       4.57088E-01       4.78630E-01       4.67859E-01       2.15420E-02       2.57608E-02       1.19584E+00       5.59484E-01       4.41697E-01
       4.78630E-01       5.01187E-01       4.89909E-01       2.25570E-02       2.54303E-02       1.12738E+00       5.52313E-01       4.67128E-01
       5.01187E-01       5.24808E-01       5.12998E-01       2.36210E-02       2.49727E-02       1.05722E+00       5.42353E-01       4.92100E-01
       5.24808E-01       5.49541E-01       5.37174E-01       2.47330E-02       2.57378E-02       1.04063E+00       5.58998E-01       5.17838E-01
       5.49541E-01       5.75440E-01       5.62490E-01       2.58990E-02       2.55116E-02       9.85041E-01       5.54076E-01       5.43350E-01
       5.75440E-01       6.02560E-01       5.89000E-01       2.71200E-02       2.65530E-02       9.79094E-01       5.76687E-01       5.69903E-01
       6.02560E-01       6.30957E-01       6.16758E-01       2.83970E-02       2.72035E-02       9.57969E-01       5.90836E-01       5.97106E-01
       6.30957E-01       6.60693E-01       6.45825E-01       2.97360E-02       2.82911E-02       9.51410E-01       6.14444E-01       6.25397E-01
       6.60693E-01       6.91831E-01       6.76262E-01       3.11380E-02       2.90937E-02       9.34348E-01       6.31864E-01       6.54491E-01
       6.91831E-01       7.24436E-01       7.08133E-01       3.26050E-02       3.04249E-02       9.33137E-01       6.60785E-01       6.84916E-01
       7.24436E-01       7.58578E-01       7.41507E-01       3.41420E-02       3.18242E-02       9.32114E-01       6.91169E-01       7.16740E-01
       7.58578E-01       7.94328E-01       7.76453E-01       3.57500E-02       3.34653E-02       9.36093E-01       7.26832E-01       7.50206E-01
       7.94328E-01       8.31764E-01       8.13046E-01       3.74360E-02       3.51755E-02       9.39616E-01       7.63951E-01       7.85381E-01
       8.31764E-01       8.70964E-01       8.51364E-01       3.92000E-02       3.69521E-02       9.42656E-01       8.02543E-01       8.22333E-01
       8.70964E-01       9.12011E-01       8.91487E-01       4.10470E-02       3.87406E-02       9.43810E-01       8.41394E-01       8.61074E-01
       9.12011E-01       9.54993E-01       9.33502E-01       4.29820E-02       4.04225E-02       9.40451E-01       8.77913E-01       9.01496E-01
       9.54993E-01       1.00000E+00       9.77497E-01       4.50070E-02       4.09351E-02       9.09527E-01       8.89059E-01       9.42431E-01
       1.00000E+00       1.04713E+00       1.02357E+00       4.71300E-02       3.62113E-02       7.68327E-01       7.86433E-01       9.78643E-01
       1.04713E+00       1.09648E+00       1.07181E+00       4.93500E-02       2.06909E-02       4.19269E-01       4.49375E-01       9.99333E-01
       1.09648E+00       1.14815E+00       1.12231E+00       5.16700E-02       6.66416E-04       1.28975E-02       1.44751E-02       1.00000E+00

 Sum =                                                                         1.00000E+00
 Renormalization bin#   947 =                                                  7.44442E-04 barn        1.42000E+07        1.44000E+07        1.43000E+07
 Avg. Energy     bin#   947 =                                                  5.58174E-01 MeV         1.42000E+07        1.44000E+07
