"        MT=107 recoil spectrum "
" Initial neutron energy corresponds to the group:"
   5.40000E+00    5.60000E+00       0.00000E+00           734           854           121



          Low               High              Mid              Energy           Number             dn/de            E*dn/de          Cumulative
         Energy            Energy            Energy             Width          Fraction                               Sum   
         [MeV]             [MeV]             [MeV]              [MeV]

       2.29087E-03       2.39883E-03       2.34485E-03       1.07960E-04       0.00000E+00       0.00000E+00       0.00000E+00       0.00000E+00
       2.39883E-03       2.51189E-03       2.45536E-03       1.13060E-04       2.44497E-04       2.16255E+00       5.30983E-03       2.44497E-04
       2.51189E-03       2.63027E-03       2.57108E-03       1.18380E-04       2.56022E-04       2.16271E+00       5.56050E-03       5.00519E-04
       2.63027E-03       2.75423E-03       2.69225E-03       1.23960E-04       2.68090E-04       2.16271E+00       5.82256E-03       7.68608E-04
       2.75423E-03       2.88403E-03       2.81913E-03       1.29800E-04       2.80724E-04       2.16274E+00       6.09705E-03       1.04933E-03
       2.88403E-03       3.01995E-03       2.95199E-03       1.35920E-04       2.93949E-04       2.16266E+00       6.38416E-03       1.34328E-03
       3.01995E-03       3.16228E-03       3.09112E-03       1.42330E-04       3.07812E-04       2.16266E+00       6.68503E-03       1.65109E-03
       3.16228E-03       3.31131E-03       3.23679E-03       1.49030E-04       3.22312E-04       2.16273E+00       7.00032E-03       1.97341E-03
       3.31131E-03       3.46737E-03       3.38934E-03       1.56060E-04       3.37497E-04       2.16261E+00       7.32982E-03       2.31090E-03
       3.46737E-03       3.63078E-03       3.54907E-03       1.63410E-04       3.53414E-04       2.16275E+00       7.67575E-03       2.66432E-03
       3.63078E-03       3.80189E-03       3.71633E-03       1.71110E-04       3.70064E-04       2.16273E+00       8.03741E-03       3.03438E-03
       3.80189E-03       3.98107E-03       3.89148E-03       1.79180E-04       3.87516E-04       2.16272E+00       8.41617E-03       3.42190E-03
       3.98107E-03       4.16869E-03       4.07488E-03       1.87620E-04       4.05771E-04       2.16273E+00       8.81287E-03       3.82767E-03
       4.16869E-03       4.36516E-03       4.26693E-03       1.96470E-04       4.24900E-04       2.16267E+00       9.22795E-03       4.25257E-03
       4.36516E-03       4.57088E-03       4.46802E-03       2.05720E-04       4.44927E-04       2.16278E+00       9.66335E-03       4.69749E-03
       4.57088E-03       4.78630E-03       4.67859E-03       2.15420E-04       4.65874E-04       2.16263E+00       1.01181E-02       5.16337E-03
       4.78630E-03       5.01187E-03       4.89909E-03       2.25570E-04       4.87837E-04       2.16268E+00       1.05952E-02       5.65121E-03
       5.01187E-03       5.24807E-03       5.12997E-03       2.36200E-04       5.10839E-04       2.16274E+00       1.10948E-02       6.16204E-03
       5.24807E-03       5.49541E-03       5.37174E-03       2.47340E-04       5.34904E-04       2.16262E+00       1.16170E-02       6.69695E-03
       5.49541E-03       5.75440E-03       5.62491E-03       2.58990E-04       5.60126E-04       2.16273E+00       1.21652E-02       7.25707E-03
       5.75440E-03       6.02560E-03       5.89000E-03       2.71200E-04       5.86505E-04       2.16263E+00       1.27379E-02       7.84358E-03
       6.02560E-03       6.30957E-03       6.16759E-03       2.83970E-04       6.14159E-04       2.16276E+00       1.33390E-02       8.45774E-03
       6.30957E-03       6.60693E-03       6.45825E-03       2.97360E-04       6.43113E-04       2.16274E+00       1.39675E-02       9.10085E-03
       6.60693E-03       6.91831E-03       6.76262E-03       3.11380E-04       6.73412E-04       2.16267E+00       1.46253E-02       9.77426E-03
       6.91831E-03       7.24436E-03       7.08133E-03       3.26050E-04       7.05152E-04       2.16271E+00       1.53149E-02       1.04794E-02
       7.24436E-03       7.58578E-03       7.41507E-03       3.41420E-04       7.38380E-04       2.16267E+00       1.60364E-02       1.12178E-02
       7.58578E-03       7.94328E-03       7.76453E-03       3.57500E-04       7.73166E-04       2.16270E+00       1.67924E-02       1.19910E-02
       7.94328E-03       8.31764E-03       8.13046E-03       3.74360E-04       8.09629E-04       2.16270E+00       1.75838E-02       1.28006E-02
       8.31764E-03       8.70964E-03       8.51364E-03       3.92000E-04       8.47769E-04       2.16268E+00       1.84123E-02       1.36484E-02
       8.70964E-03       9.12011E-03       8.91487E-03       4.10471E-04       8.87728E-04       2.16271E+00       1.92803E-02       1.45361E-02
       9.12011E-03       9.54993E-03       9.33502E-03       4.29819E-04       9.29575E-04       2.16271E+00       2.01890E-02       1.54657E-02
       9.54993E-03       1.00000E-02       9.77496E-03       4.50070E-04       9.73383E-04       2.16274E+00       2.11407E-02       1.64390E-02
       1.00000E-02       1.04713E-02       1.02357E-02       4.71300E-04       1.01925E-03       2.16263E+00       2.21359E-02       1.74583E-02
       1.04713E-02       1.09648E-02       1.07180E-02       4.93500E-04       1.06726E-03       2.16263E+00       2.31792E-02       1.85255E-02
       1.09648E-02       1.14815E-02       1.12232E-02       5.16700E-04       1.11758E-03       2.16292E+00       2.42748E-02       1.96431E-02
       1.14815E-02       1.20226E-02       1.17521E-02       5.41100E-04       1.17022E-03       2.16268E+00       2.54159E-02       2.08134E-02
       1.20226E-02       1.25892E-02       1.23059E-02       5.66601E-04       1.22541E-03       2.16275E+00       2.66146E-02       2.20388E-02
       1.25892E-02       1.31826E-02       1.28859E-02       5.93399E-04       1.28318E-03       2.16242E+00       2.78647E-02       2.33219E-02
       1.31826E-02       1.38038E-02       1.34932E-02       6.21200E-04       1.34361E-03       2.16293E+00       2.91848E-02       2.46656E-02
       1.38038E-02       1.44544E-02       1.41291E-02       6.50601E-04       1.40697E-03       2.16258E+00       3.05553E-02       2.60725E-02
       1.44544E-02       1.51356E-02       1.47950E-02       6.81199E-04       1.47324E-03       2.16272E+00       3.19974E-02       2.75458E-02
       1.51356E-02       1.58489E-02       1.54923E-02       7.13301E-04       1.54270E-03       2.16276E+00       3.35060E-02       2.90885E-02
       1.58489E-02       1.65959E-02       1.62224E-02       7.47000E-04       1.61541E-03       2.16253E+00       3.50814E-02       3.07039E-02
       1.65959E-02       1.73780E-02       1.69870E-02       7.82100E-04       1.69152E-03       2.16280E+00       3.67394E-02       3.23954E-02
       1.73780E-02       1.81970E-02       1.77875E-02       8.19000E-04       1.77125E-03       2.16270E+00       3.84690E-02       3.41667E-02
       1.81970E-02       1.90546E-02       1.86258E-02       8.57600E-04       1.85473E-03       2.16270E+00       4.02821E-02       3.60214E-02
       1.90546E-02       1.99526E-02       1.95036E-02       8.98000E-04       1.94211E-03       2.16271E+00       4.21806E-02       3.79635E-02
       1.99526E-02       2.08930E-02       2.04228E-02       9.40400E-04       2.03367E-03       2.16256E+00       4.41656E-02       3.99972E-02
       2.08930E-02       2.18776E-02       2.13853E-02       9.84600E-04       2.12953E-03       2.16284E+00       4.62530E-02       4.21267E-02
       2.18776E-02       2.29087E-02       2.23931E-02       1.03110E-03       2.22988E-03       2.16262E+00       4.84279E-02       4.43566E-02
       2.29087E-02       2.39883E-02       2.34485E-02       1.07960E-03       2.33494E-03       2.16278E+00       5.07140E-02       4.66915E-02
       2.39883E-02       2.51189E-02       2.45536E-02       1.13060E-03       2.44497E-03       2.16254E+00       5.30982E-02       4.91365E-02
       2.51189E-02       2.63027E-02       2.57108E-02       1.18380E-03       2.56022E-03       2.16271E+00       5.56051E-02       5.16967E-02
       2.63027E-02       2.75423E-02       2.69225E-02       1.23960E-03       2.68444E-03       2.16557E+00       5.83024E-02       5.43812E-02
       2.75423E-02       2.88403E-02       2.81913E-02       1.29800E-03       2.89745E-03       2.23225E+00       6.29299E-02       5.72786E-02
       2.88403E-02       3.01995E-02       2.95199E-02       1.35920E-03       3.32349E-03       2.44518E+00       7.21815E-02       6.06021E-02
       3.01995E-02       3.16228E-02       3.09112E-02       1.42330E-03       3.63144E-03       2.55142E+00       7.88674E-02       6.42335E-02
       3.16228E-02       3.31131E-02       3.23680E-02       1.49030E-03       3.80242E-03       2.55145E+00       8.25851E-02       6.80360E-02
       3.31131E-02       3.46737E-02       3.38934E-02       1.56060E-03       3.98167E-03       2.55137E+00       8.64747E-02       7.20176E-02
       3.46737E-02       3.63078E-02       3.54908E-02       1.63410E-03       4.16942E-03       2.55150E+00       9.05548E-02       7.61870E-02
       3.63078E-02       3.80189E-02       3.71633E-02       1.71110E-03       4.36590E-03       2.55152E+00       9.48231E-02       8.05529E-02
       3.80189E-02       3.98107E-02       3.89148E-02       1.79180E-03       4.57160E-03       2.55140E+00       9.92871E-02       8.51245E-02
       3.98107E-02       4.16869E-02       4.07488E-02       1.87620E-03       4.78698E-03       2.55142E+00       1.03967E-01       8.99115E-02
       4.16869E-02       4.36516E-02       4.26693E-02       1.96470E-03       5.01251E-03       2.55128E+00       1.08861E-01       9.49240E-02
       4.36516E-02       4.57088E-02       4.46802E-02       2.05720E-03       5.24891E-03       2.55148E+00       1.14001E-01       1.00173E-01
       4.57088E-02       4.78630E-02       4.67859E-02       2.15420E-03       5.49617E-03       2.55137E+00       1.19368E-01       1.05669E-01
       4.78630E-02       5.01187E-02       4.89908E-02       2.25570E-03       5.75523E-03       2.55142E+00       1.24996E-01       1.11424E-01
       5.01187E-02       5.24808E-02       5.12998E-02       2.36210E-03       6.02658E-03       2.55136E+00       1.30884E-01       1.17451E-01
       5.24808E-02       5.49541E-02       5.37174E-02       2.47330E-03       6.30714E-03       2.55009E+00       1.36984E-01       1.23758E-01
       5.49541E-02       5.75440E-02       5.62491E-02       2.58990E-03       6.49583E-03       2.50814E+00       1.41081E-01       1.30254E-01
       5.75440E-02       6.02560E-02       5.89000E-02       2.71200E-03       6.31021E-03       2.32677E+00       1.37047E-01       1.36564E-01
       6.02560E-02       6.30957E-02       6.16758E-02       2.83970E-03       6.24527E-03       2.19927E+00       1.35642E-01       1.42809E-01
       6.30957E-02       6.60693E-02       6.45825E-02       2.97360E-03       6.53952E-03       2.19920E+00       1.42030E-01       1.49349E-01
       6.60693E-02       6.91831E-02       6.76262E-02       3.11380E-03       6.84771E-03       2.19915E+00       1.48720E-01       1.56197E-01
       6.91831E-02       7.24436E-02       7.08134E-02       3.26050E-03       7.17054E-03       2.19922E+00       1.55734E-01       1.63367E-01
       7.24436E-02       7.58578E-02       7.41507E-02       3.41420E-03       7.50849E-03       2.19920E+00       1.63072E-01       1.70876E-01
       7.58578E-02       7.94328E-02       7.76453E-02       3.57500E-03       7.86226E-03       2.19923E+00       1.70760E-01       1.78738E-01
       7.94328E-02       8.31764E-02       8.13046E-02       3.74360E-03       8.22500E-03       2.19708E+00       1.78633E-01       1.86963E-01
       8.31764E-02       8.70964E-02       8.51364E-02       3.92000E-03       8.42597E-03       2.14948E+00       1.82999E-01       1.95389E-01
       8.70964E-02       9.12011E-02       8.91488E-02       4.10470E-03       8.27696E-03       2.01646E+00       1.79765E-01       2.03666E-01
       9.12011E-02       9.54993E-02       9.33502E-02       4.29820E-03       8.40283E-03       1.95497E+00       1.82497E-01       2.12069E-01
       9.54993E-02       1.00000E-01       9.77497E-02       4.50070E-03       8.79887E-03       1.95500E+00       1.91101E-01       2.20868E-01
       1.00000E-01       1.04713E-01       1.02357E-01       4.71300E-03       9.21357E-03       1.95493E+00       2.00099E-01       2.30081E-01
       1.04713E-01       1.09648E-01       1.07180E-01       4.93500E-03       9.64527E-03       1.95446E+00       2.09480E-01       2.39726E-01
       1.09648E-01       1.14815E-01       1.12231E-01       5.16700E-03       9.99833E-03       1.93504E+00       2.17172E-01       2.49725E-01
       1.14815E-01       1.20226E-01       1.17520E-01       5.41100E-03       1.00059E-02       1.84918E+00       2.17316E-01       2.59731E-01
       1.20226E-01       1.25892E-01       1.23059E-01       5.66600E-03       1.00826E-02       1.77950E+00       2.18983E-01       2.69813E-01
       1.25892E-01       1.31826E-01       1.28859E-01       5.93400E-03       1.05540E-02       1.77857E+00       2.29184E-01       2.80367E-01
       1.31826E-01       1.38038E-01       1.34932E-01       6.21200E-03       1.10459E-02       1.77816E+00       2.39931E-01       2.91413E-01
       1.38038E-01       1.44544E-01       1.41291E-01       6.50600E-03       1.14347E-02       1.75756E+00       2.48327E-01       3.02848E-01
       1.44544E-01       1.51356E-01       1.47950E-01       6.81200E-03       1.15029E-02       1.68862E+00       2.49832E-01       3.14351E-01
       1.51356E-01       1.58489E-01       1.54923E-01       7.13300E-03       1.17688E-02       1.64991E+00       2.55609E-01       3.26120E-01
       1.58489E-01       1.65959E-01       1.62224E-01       7.47000E-03       1.23184E-02       1.64905E+00       2.67515E-01       3.38438E-01
       1.65959E-01       1.73780E-01       1.69869E-01       7.82100E-03       1.27720E-02       1.63304E+00       2.77404E-01       3.51210E-01
       1.73780E-01       1.81970E-01       1.77875E-01       8.19000E-03       1.29640E-02       1.58291E+00       2.81560E-01       3.64174E-01
       1.81970E-01       1.90546E-01       1.86258E-01       8.57600E-03       1.33539E-02       1.55713E+00       2.90028E-01       3.77528E-01
       1.90546E-01       1.99526E-01       1.95036E-01       8.98000E-03       1.39339E-02       1.55166E+00       3.02630E-01       3.91462E-01
       1.99526E-01       2.08930E-01       2.04228E-01       9.40400E-03       1.43437E-02       1.52528E+00       3.11504E-01       4.05806E-01
       2.08930E-01       2.18776E-01       2.13853E-01       9.84600E-03       1.47428E-02       1.49734E+00       3.20210E-01       4.20548E-01
       2.18776E-01       2.29087E-01       2.23931E-01       1.03110E-02       1.53783E-02       1.49145E+00       3.33982E-01       4.35927E-01
       2.29087E-01       2.39883E-01       2.34485E-01       1.07960E-02       1.59326E-02       1.47579E+00       3.46049E-01       4.51859E-01
       2.39883E-01       2.51189E-01       2.45536E-01       1.13060E-02       1.65230E-02       1.46143E+00       3.58835E-01       4.68382E-01
       2.51189E-01       2.63027E-01       2.57108E-01       1.18380E-02       1.72768E-02       1.45944E+00       3.75233E-01       4.85659E-01
       2.63027E-01       2.75423E-01       2.69225E-01       1.23960E-02       1.80439E-02       1.45562E+00       3.91889E-01       5.03703E-01
       2.75423E-01       2.88403E-01       2.81913E-01       1.29800E-02       1.89150E-02       1.45725E+00       4.10816E-01       5.22618E-01
       2.88403E-01       3.01995E-01       2.95199E-01       1.35920E-02       1.99546E-02       1.46812E+00       4.33386E-01       5.42573E-01
       3.01995E-01       3.16228E-01       3.09112E-01       1.42330E-02       2.10674E-02       1.48018E+00       4.57541E-01       5.63640E-01
       3.16228E-01       3.31131E-01       3.23680E-01       1.49030E-02       2.24289E-02       1.50499E+00       4.87135E-01       5.86069E-01
       3.31131E-01       3.46737E-01       3.38934E-01       1.56060E-02       2.39490E-02       1.53461E+00       5.20130E-01       6.10018E-01
       3.46737E-01       3.63078E-01       3.54908E-01       1.63410E-02       2.57817E-02       1.57773E+00       5.59948E-01       6.35800E-01
       3.63078E-01       3.80189E-01       3.71633E-01       1.71110E-02       2.79071E-02       1.63095E+00       6.06114E-01       6.63707E-01
       3.80189E-01       3.98107E-01       3.89148E-01       1.79180E-02       3.05710E-02       1.70616E+00       6.63949E-01       6.94278E-01
       3.98107E-01       4.16869E-01       4.07488E-01       1.87620E-02       3.35891E-02       1.79027E+00       7.29515E-01       7.27867E-01
       4.16869E-01       4.36516E-01       4.26692E-01       1.96470E-02       3.74811E-02       1.90772E+00       8.14012E-01       7.65348E-01
       4.36516E-01       4.57088E-01       4.46802E-01       2.05720E-02       4.14037E-02       2.01262E+00       8.99244E-01       8.06751E-01
       4.57088E-01       4.78630E-01       4.67859E-01       2.15420E-02       4.32127E-02       2.00597E+00       9.38513E-01       8.49964E-01
       4.78630E-01       5.01187E-01       4.89909E-01       2.25570E-02       4.27592E-02       1.89561E+00       9.28675E-01       8.92723E-01
       5.01187E-01       5.24808E-01       5.12998E-01       2.36210E-02       3.98639E-02       1.68765E+00       8.65759E-01       9.32587E-01
       5.24808E-01       5.49541E-01       5.37174E-01       2.47330E-02       3.40213E-02       1.37554E+00       7.38906E-01       9.66609E-01
       5.49541E-01       5.75440E-01       5.62490E-01       2.58990E-02       2.42631E-02       9.36837E-01       5.26962E-01       9.90872E-01
       5.75440E-01       6.02560E-01       5.89000E-01       2.71200E-02       9.12808E-03       3.36581E-01       1.98246E-01       1.00000E+00

 Sum =                                                                         1.00000E+00
 Renormalization bin#   903 =                                                  4.23441E-09 barn        5.40000E+06        5.60000E+06        5.50000E+06
 Avg. Energy     bin#   903 =                                                  2.74563E-01 MeV         5.40000E+06        5.60000E+06
