"        MT= 22 recoil spectrum "
" Initial neutron energy corresponds to the group:"
   1.42000E+01    1.44000E+01       0.00000E+00           219           876           658



          Low               High              Mid              Energy           Number             dn/de            E*dn/de          Cumulative
         Energy            Energy            Energy             Width          Fraction                               Sum   
         [MeV]             [MeV]             [MeV]              [MeV]

       2.29087E-07       2.39883E-07       2.34485E-07       1.07960E-08       0.00000E+00       0.00000E+00       0.00000E+00       0.00000E+00
       2.39883E-07       2.51189E-07       2.45536E-07       1.13060E-08       1.63271E-09       1.44411E-01       3.54582E-08       1.63271E-09
       2.51189E-07       2.63027E-07       2.57108E-07       1.18380E-08       1.70958E-09       1.44415E-01       3.71301E-08       3.34229E-09
       2.63027E-07       2.75423E-07       2.69225E-07       1.23960E-08       1.79023E-09       1.44421E-01       3.88816E-08       5.13253E-09
       2.75423E-07       2.88403E-07       2.81913E-07       1.29800E-08       1.87451E-09       1.44415E-01       4.07124E-08       7.00703E-09
       2.88403E-07       3.01995E-07       2.95199E-07       1.35920E-08       1.96288E-09       1.44414E-01       4.26309E-08       8.96991E-09
       3.01995E-07       3.16228E-07       3.09111E-07       1.42330E-08       2.05534E-09       1.44407E-01       4.46378E-08       1.10253E-08
       3.16228E-07       3.31131E-07       3.23680E-07       1.49030E-08       2.15222E-09       1.44415E-01       4.67442E-08       1.31775E-08
       3.31131E-07       3.46737E-07       3.38934E-07       1.56060E-08       2.25366E-09       1.44410E-01       4.89455E-08       1.54311E-08
       3.46737E-07       3.63078E-07       3.54908E-07       1.63410E-08       2.35983E-09       1.44412E-01       5.12528E-08       1.77910E-08
       3.63078E-07       3.80189E-07       3.71633E-07       1.71110E-08       2.47120E-09       1.44422E-01       5.36719E-08       2.02622E-08
       3.80189E-07       3.98107E-07       3.89148E-07       1.79180E-08       2.58761E-09       1.44414E-01       5.61984E-08       2.28498E-08
       3.98107E-07       4.16869E-07       4.07488E-07       1.87620E-08       2.70953E-09       1.44416E-01       5.88477E-08       2.55593E-08
       4.16869E-07       4.36516E-07       4.26693E-07       1.96470E-08       2.83728E-09       1.44413E-01       6.16200E-08       2.83966E-08
       4.36516E-07       4.57088E-07       4.46802E-07       2.05720E-08       2.97102E-09       1.44420E-01       6.45273E-08       3.13676E-08
       4.57088E-07       4.78630E-07       4.67859E-07       2.15420E-08       3.11089E-09       1.44411E-01       6.75638E-08       3.44785E-08
       4.78630E-07       5.01187E-07       4.89909E-07       2.25570E-08       3.25755E-09       1.44414E-01       7.07496E-08       3.77360E-08
       5.01187E-07       5.24807E-07       5.12997E-07       2.36200E-08       3.41113E-09       1.44417E-01       7.40857E-08       4.11472E-08
       5.24807E-07       5.50000E-07       5.37403E-07       2.51930E-08       3.63812E-09       1.44410E-01       7.76063E-08       4.47853E-08
       5.50000E-07       5.75000E-07       5.62500E-07       2.50000E-08       3.61040E-09       1.44416E-01       8.12340E-08       4.83957E-08
       5.75000E-07       6.00000E-07       5.87500E-07       2.50000E-08       3.61040E-09       1.44416E-01       8.48442E-08       5.20061E-08
       6.00000E-07       6.25000E-07       6.12500E-07       2.50000E-08       3.61040E-09       1.44416E-01       8.84548E-08       5.56165E-08
       6.25000E-07       6.50000E-07       6.37500E-07       2.50000E-08       3.61040E-09       1.44416E-01       9.20652E-08       5.92269E-08
       6.50000E-07       6.75000E-07       6.62500E-07       2.50000E-08       3.61040E-09       1.44416E-01       9.56754E-08       6.28373E-08
       6.75000E-07       7.00000E-07       6.87500E-07       2.50000E-08       3.61040E-09       1.44416E-01       9.92860E-08       6.64477E-08
       7.00000E-07       7.25000E-07       7.12500E-07       2.50000E-08       3.61040E-09       1.44416E-01       1.02896E-07       7.00581E-08
       7.25000E-07       7.50000E-07       7.37500E-07       2.50000E-08       3.61040E-09       1.44416E-01       1.06507E-07       7.36685E-08
       7.50000E-07       7.75000E-07       7.62500E-07       2.50000E-08       3.61040E-09       1.44416E-01       1.10117E-07       7.72789E-08
       7.75000E-07       8.00000E-07       7.87500E-07       2.50000E-08       3.61040E-09       1.44416E-01       1.13727E-07       8.08893E-08
       8.00000E-07       8.25000E-07       8.12500E-07       2.50000E-08       3.61040E-09       1.44416E-01       1.17338E-07       8.44996E-08
       8.25000E-07       8.50000E-07       8.37500E-07       2.50000E-08       3.61040E-09       1.44416E-01       1.20948E-07       8.81100E-08
       8.50000E-07       8.75000E-07       8.62500E-07       2.50000E-08       3.61040E-09       1.44416E-01       1.24559E-07       9.17204E-08
       8.75000E-07       9.00000E-07       8.87500E-07       2.50000E-08       3.61040E-09       1.44416E-01       1.28169E-07       9.53308E-08
       9.00000E-07       9.25000E-07       9.12500E-07       2.50000E-08       3.61040E-09       1.44416E-01       1.31779E-07       9.89412E-08
       9.25000E-07       9.50000E-07       9.37500E-07       2.50000E-08       3.61040E-09       1.44416E-01       1.35390E-07       1.02552E-07
       9.50000E-07       9.75000E-07       9.62500E-07       2.50000E-08       3.61040E-09       1.44416E-01       1.39000E-07       1.06162E-07
       9.75000E-07       1.00000E-06       9.87500E-07       2.50000E-08       3.61040E-09       1.44416E-01       1.42611E-07       1.09772E-07
       1.00000E-06       1.02500E-06       1.01250E-06       2.50000E-08       3.61040E-09       1.44416E-01       1.46221E-07       1.13383E-07
       1.02500E-06       1.05000E-06       1.03750E-06       2.50000E-08       3.61040E-09       1.44416E-01       1.49832E-07       1.16993E-07
       1.05000E-06       1.07500E-06       1.06250E-06       2.50001E-08       3.61040E-09       1.44415E-01       1.53441E-07       1.20604E-07
       1.07500E-06       1.10000E-06       1.08750E-06       2.50000E-08       3.61040E-09       1.44416E-01       1.57052E-07       1.24214E-07
       1.10000E-06       1.12500E-06       1.11250E-06       2.50000E-08       3.61040E-09       1.44416E-01       1.60663E-07       1.27824E-07
       1.12500E-06       1.15000E-06       1.13750E-06       2.50000E-08       3.61040E-09       1.44416E-01       1.64273E-07       1.31435E-07
       1.15000E-06       1.17500E-06       1.16250E-06       2.50000E-08       3.61040E-09       1.44416E-01       1.67884E-07       1.35045E-07
       1.17500E-06       1.20000E-06       1.18750E-06       2.50001E-08       3.61040E-09       1.44415E-01       1.71493E-07       1.38656E-07
       1.20000E-06       1.22500E-06       1.21250E-06       2.50000E-08       3.61040E-09       1.44416E-01       1.75104E-07       1.42266E-07
       1.22500E-06       1.25000E-06       1.23750E-06       2.50000E-08       3.61040E-09       1.44416E-01       1.78715E-07       1.45876E-07
       1.25000E-06       1.27500E-06       1.26250E-06       2.50000E-08       3.61040E-09       1.44416E-01       1.82325E-07       1.49487E-07
       1.27500E-06       1.30000E-06       1.28750E-06       2.50000E-08       3.61040E-09       1.44416E-01       1.85936E-07       1.53097E-07
       1.30000E-06       1.32500E-06       1.31250E-06       2.50001E-08       3.61040E-09       1.44415E-01       1.89545E-07       1.56708E-07
       1.32500E-06       1.35000E-06       1.33750E-06       2.50000E-08       3.61040E-09       1.44416E-01       1.93156E-07       1.60318E-07
       1.35000E-06       1.37500E-06       1.36250E-06       2.50000E-08       3.61040E-09       1.44416E-01       1.96767E-07       1.63928E-07
       1.37500E-06       1.40000E-06       1.38750E-06       2.50000E-08       3.61040E-09       1.44416E-01       2.00377E-07       1.67539E-07
       1.40000E-06       1.42500E-06       1.41250E-06       2.50000E-08       3.61040E-09       1.44416E-01       2.03988E-07       1.71149E-07
       1.42500E-06       1.45000E-06       1.43750E-06       2.50001E-08       3.61040E-09       1.44415E-01       2.07597E-07       1.74760E-07
       1.45000E-06       1.47500E-06       1.46250E-06       2.50000E-08       3.61040E-09       1.44416E-01       2.11208E-07       1.78370E-07
       1.47500E-06       1.50000E-06       1.48750E-06       2.50000E-08       3.61040E-09       1.44416E-01       2.14819E-07       1.81980E-07
       1.50000E-06       1.52500E-06       1.51250E-06       2.50000E-08       3.61040E-09       1.44416E-01       2.18429E-07       1.85591E-07
       1.52500E-06       1.55000E-06       1.53750E-06       2.50000E-08       3.61040E-09       1.44416E-01       2.22040E-07       1.89201E-07
       1.55000E-06       1.57500E-06       1.56250E-06       2.50001E-08       3.61040E-09       1.44415E-01       2.25649E-07       1.92812E-07
       1.57500E-06       1.60000E-06       1.58750E-06       2.50000E-08       3.61040E-09       1.44416E-01       2.29260E-07       1.96422E-07
       1.60000E-06       1.62500E-06       1.61250E-06       2.50000E-08       3.61040E-09       1.44416E-01       2.32871E-07       2.00032E-07
       1.62500E-06       1.65000E-06       1.63750E-06       2.50000E-08       3.61040E-09       1.44416E-01       2.36481E-07       2.03643E-07
       1.65000E-06       1.67500E-06       1.66250E-06       2.50000E-08       3.61040E-09       1.44416E-01       2.40092E-07       2.07253E-07
       1.67500E-06       1.70000E-06       1.68750E-06       2.50001E-08       3.61040E-09       1.44415E-01       2.43701E-07       2.10863E-07
       1.70000E-06       1.72500E-06       1.71250E-06       2.50000E-08       3.61040E-09       1.44416E-01       2.47312E-07       2.14474E-07
       1.72500E-06       1.75000E-06       1.73750E-06       2.50000E-08       3.61040E-09       1.44416E-01       2.50923E-07       2.18084E-07
       1.75000E-06       1.77500E-06       1.76250E-06       2.50000E-08       3.61040E-09       1.44416E-01       2.54533E-07       2.21695E-07
       1.77500E-06       1.80000E-06       1.78750E-06       2.50000E-08       3.61040E-09       1.44416E-01       2.58144E-07       2.25305E-07
       1.80000E-06       1.82500E-06       1.81250E-06       2.50001E-08       3.61040E-09       1.44415E-01       2.61753E-07       2.28915E-07
       1.82500E-06       1.85000E-06       1.83750E-06       2.50000E-08       3.61040E-09       1.44416E-01       2.65364E-07       2.32526E-07
       1.85000E-06       1.87500E-06       1.86250E-06       2.50000E-08       3.61040E-09       1.44416E-01       2.68975E-07       2.36136E-07
       1.87500E-06       1.90000E-06       1.88750E-06       2.50000E-08       3.61040E-09       1.44416E-01       2.72585E-07       2.39747E-07
       1.90000E-06       1.92500E-06       1.91250E-06       2.50000E-08       3.61040E-09       1.44416E-01       2.76196E-07       2.43357E-07
       1.92500E-06       1.95000E-06       1.93750E-06       2.50001E-08       3.61040E-09       1.44415E-01       2.79805E-07       2.46967E-07
       1.95000E-06       1.97500E-06       1.96250E-06       2.50000E-08       3.61040E-09       1.44416E-01       2.83416E-07       2.50578E-07
       1.97500E-06       2.00000E-06       1.98750E-06       2.50000E-08       3.61040E-09       1.44416E-01       2.87027E-07       2.54188E-07
       2.00000E-06       2.02500E-06       2.01250E-06       2.50001E-08       3.61040E-09       1.44415E-01       2.90636E-07       2.57799E-07
       2.02500E-06       2.05000E-06       2.03750E-06       2.49999E-08       3.61040E-09       1.44417E-01       2.94249E-07       2.61409E-07
       2.05000E-06       2.07500E-06       2.06250E-06       2.50001E-08       3.61040E-09       1.44415E-01       2.97857E-07       2.65020E-07
       2.07500E-06       2.10000E-06       2.08750E-06       2.49999E-08       3.61040E-09       1.44417E-01       3.01470E-07       2.68630E-07
       2.10000E-06       2.12500E-06       2.11250E-06       2.50001E-08       3.61040E-09       1.44415E-01       3.05077E-07       2.72240E-07
       2.12500E-06       2.15000E-06       2.13750E-06       2.50001E-08       3.61040E-09       1.44415E-01       3.08688E-07       2.75851E-07
       2.15000E-06       2.17500E-06       2.16250E-06       2.49999E-08       3.61040E-09       1.44417E-01       3.12301E-07       2.79461E-07
       2.17500E-06       2.20000E-06       2.18750E-06       2.50001E-08       3.61040E-09       1.44415E-01       3.15908E-07       2.83072E-07
       2.20000E-06       2.22500E-06       2.21250E-06       2.49999E-08       3.61040E-09       1.44417E-01       3.19522E-07       2.86682E-07
       2.22500E-06       2.25000E-06       2.23750E-06       2.50001E-08       3.61040E-09       1.44415E-01       3.23129E-07       2.90292E-07
       2.25000E-06       2.27500E-06       2.26250E-06       2.50001E-08       3.61040E-09       1.44415E-01       3.26740E-07       2.93903E-07
       2.27500E-06       2.30000E-06       2.28750E-06       2.49999E-08       3.61040E-09       1.44417E-01       3.30353E-07       2.97513E-07
       2.30000E-06       2.32500E-06       2.31250E-06       2.50001E-08       3.61040E-09       1.44415E-01       3.33960E-07       3.01124E-07
       2.32500E-06       2.35000E-06       2.33750E-06       2.49999E-08       3.61040E-09       1.44417E-01       3.37574E-07       3.04734E-07
       2.35000E-06       2.37500E-06       2.36250E-06       2.50001E-08       3.61040E-09       1.44415E-01       3.41181E-07       3.08344E-07
       2.37500E-06       2.40000E-06       2.38750E-06       2.50001E-08       3.61040E-09       1.44415E-01       3.44791E-07       3.11955E-07
       2.40000E-06       2.42500E-06       2.41250E-06       2.49999E-08       3.61040E-09       1.44417E-01       3.48405E-07       3.15565E-07
       2.42500E-06       2.45000E-06       2.43750E-06       2.50001E-08       3.61040E-09       1.44415E-01       3.52012E-07       3.19176E-07
       2.45000E-06       2.47500E-06       2.46250E-06       2.49999E-08       3.61040E-09       1.44417E-01       3.55626E-07       3.22786E-07
       2.47500E-06       2.50000E-06       2.48750E-06       2.50001E-08       3.61040E-09       1.44415E-01       3.59233E-07       3.26397E-07
       2.50000E-06       2.52500E-06       2.51250E-06       2.50001E-08       3.61040E-09       1.44415E-01       3.62843E-07       3.30007E-07
       2.52500E-06       2.55000E-06       2.53750E-06       2.49999E-08       3.61040E-09       1.44417E-01       3.66457E-07       3.33617E-07
       2.55000E-06       2.57500E-06       2.56250E-06       2.50001E-08       3.61040E-09       1.44415E-01       3.70064E-07       3.37228E-07
       2.57500E-06       2.60000E-06       2.58750E-06       2.49999E-08       3.61040E-09       1.44417E-01       3.73678E-07       3.40838E-07
       2.60000E-06       2.62500E-06       2.61250E-06       2.50001E-08       3.61040E-09       1.44415E-01       3.77285E-07       3.44449E-07
       2.62500E-06       2.65000E-06       2.63750E-06       2.50001E-08       3.61040E-09       1.44415E-01       3.80895E-07       3.48059E-07
       2.65000E-06       2.67500E-06       2.66250E-06       2.49999E-08       3.61040E-09       1.44417E-01       3.84509E-07       3.51669E-07
       2.67500E-06       2.70000E-06       2.68750E-06       2.50001E-08       3.61040E-09       1.44415E-01       3.88116E-07       3.55280E-07
       2.70000E-06       2.72500E-06       2.71250E-06       2.49999E-08       3.61040E-09       1.44417E-01       3.91730E-07       3.58890E-07
       2.72500E-06       2.75000E-06       2.73750E-06       2.50001E-08       3.61040E-09       1.44415E-01       3.95337E-07       3.62501E-07
       2.75000E-06       2.77500E-06       2.76250E-06       2.50001E-08       3.61040E-09       1.44415E-01       3.98947E-07       3.66111E-07
       2.77500E-06       2.80000E-06       2.78750E-06       2.49999E-08       3.61040E-09       1.44417E-01       4.02561E-07       3.69721E-07
       2.80000E-06       2.82500E-06       2.81250E-06       2.50001E-08       3.61040E-09       1.44415E-01       4.06168E-07       3.73332E-07
       2.82500E-06       2.85000E-06       2.83750E-06       2.49999E-08       3.61040E-09       1.44417E-01       4.09782E-07       3.76942E-07
       2.85000E-06       2.87500E-06       2.86250E-06       2.50001E-08       3.61040E-09       1.44415E-01       4.13389E-07       3.80553E-07
       2.87500E-06       2.90000E-06       2.88750E-06       2.50001E-08       3.61040E-09       1.44415E-01       4.16999E-07       3.84163E-07
       2.90000E-06       2.92500E-06       2.91250E-06       2.49999E-08       3.61040E-09       1.44417E-01       4.20614E-07       3.87773E-07
       2.92500E-06       2.95000E-06       2.93750E-06       2.50001E-08       3.61040E-09       1.44415E-01       4.24220E-07       3.91384E-07
       2.95000E-06       2.97500E-06       2.96250E-06       2.49999E-08       3.61040E-09       1.44417E-01       4.27834E-07       3.94994E-07
       2.97500E-06       3.00000E-06       2.98750E-06       2.50001E-08       3.61040E-09       1.44415E-01       4.31441E-07       3.98605E-07
       3.00000E-06       3.02500E-06       3.01250E-06       2.50001E-08       3.61040E-09       1.44415E-01       4.35051E-07       4.02215E-07
       3.02500E-06       3.05000E-06       3.03750E-06       2.49999E-08       3.61040E-09       1.44417E-01       4.38666E-07       4.05826E-07
       3.05000E-06       3.07500E-06       3.06250E-06       2.50001E-08       3.61040E-09       1.44415E-01       4.42272E-07       4.09436E-07
       3.07500E-06       3.10000E-06       3.08750E-06       2.49999E-08       3.61040E-09       1.44417E-01       4.45886E-07       4.13046E-07
       3.10000E-06       3.12500E-06       3.11250E-06       2.50001E-08       3.61040E-09       1.44415E-01       4.49493E-07       4.16657E-07
       3.12500E-06       3.15000E-06       3.13750E-06       2.50001E-08       3.61040E-09       1.44415E-01       4.53103E-07       4.20267E-07
       3.15000E-06       3.17500E-06       3.16250E-06       2.49999E-08       3.61040E-09       1.44417E-01       4.56718E-07       4.23878E-07
       3.17500E-06       3.20000E-06       3.18750E-06       2.50001E-08       3.61040E-09       1.44415E-01       4.60324E-07       4.27488E-07
       3.20000E-06       3.22500E-06       3.21250E-06       2.49999E-08       3.61040E-09       1.44417E-01       4.63939E-07       4.31098E-07
       3.22500E-06       3.25000E-06       3.23750E-06       2.50001E-08       3.61040E-09       1.44415E-01       4.67545E-07       4.34709E-07
       3.25000E-06       3.27500E-06       3.26250E-06       2.50001E-08       3.61040E-09       1.44415E-01       4.71155E-07       4.38319E-07
       3.27500E-06       3.30000E-06       3.28750E-06       2.49999E-08       3.61040E-09       1.44417E-01       4.74770E-07       4.41930E-07
       3.30000E-06       3.32500E-06       3.31250E-06       2.50001E-08       3.61040E-09       1.44415E-01       4.78376E-07       4.45540E-07
       3.32500E-06       3.35000E-06       3.33750E-06       2.49999E-08       3.61040E-09       1.44417E-01       4.81991E-07       4.49150E-07
       3.35000E-06       3.37500E-06       3.36250E-06       2.50001E-08       3.61040E-09       1.44415E-01       4.85596E-07       4.52761E-07
       3.37500E-06       3.40000E-06       3.38750E-06       2.50001E-08       3.61040E-09       1.44415E-01       4.89207E-07       4.56371E-07
       3.40000E-06       3.42500E-06       3.41250E-06       2.49999E-08       3.61040E-09       1.44417E-01       4.92822E-07       4.59982E-07
       3.42500E-06       3.45000E-06       3.43750E-06       2.50001E-08       3.61040E-09       1.44415E-01       4.96428E-07       4.63592E-07
       3.45000E-06       3.47500E-06       3.46250E-06       2.49999E-08       3.61040E-09       1.44417E-01       5.00043E-07       4.67202E-07
       3.47500E-06       3.50000E-06       3.48750E-06       2.50001E-08       3.61040E-09       1.44415E-01       5.03648E-07       4.70813E-07
       3.50000E-06       3.52500E-06       3.51250E-06       2.50001E-08       3.61040E-09       1.44415E-01       5.07259E-07       4.74423E-07
       3.52500E-06       3.55000E-06       3.53750E-06       2.49999E-08       3.61040E-09       1.44417E-01       5.10874E-07       4.78034E-07
       3.55000E-06       3.57500E-06       3.56250E-06       2.50001E-08       3.61040E-09       1.44415E-01       5.14479E-07       4.81644E-07
       3.57500E-06       3.60000E-06       3.58750E-06       2.49999E-08       3.61040E-09       1.44417E-01       5.18095E-07       4.85255E-07
       3.60000E-06       3.62500E-06       3.61250E-06       2.50001E-08       3.61040E-09       1.44415E-01       5.21700E-07       4.88865E-07
       3.62500E-06       3.65000E-06       3.63750E-06       2.50001E-08       3.61040E-09       1.44415E-01       5.25311E-07       4.92475E-07
       3.65000E-06       3.67500E-06       3.66250E-06       2.49999E-08       3.61040E-09       1.44417E-01       5.28926E-07       4.96086E-07
       3.67500E-06       3.70000E-06       3.68750E-06       2.50001E-08       3.61040E-09       1.44415E-01       5.32531E-07       4.99696E-07
       3.70000E-06       3.72500E-06       3.71250E-06       2.49999E-08       3.61040E-09       1.44417E-01       5.36147E-07       5.03307E-07
       3.72500E-06       3.75000E-06       3.73750E-06       2.50001E-08       3.61040E-09       1.44415E-01       5.39752E-07       5.06917E-07
       3.75000E-06       3.77500E-06       3.76250E-06       2.50001E-08       3.61040E-09       1.44415E-01       5.43363E-07       5.10527E-07
       3.77500E-06       3.80000E-06       3.78750E-06       2.49999E-08       3.61040E-09       1.44417E-01       5.46978E-07       5.14138E-07
       3.80000E-06       3.82500E-06       3.81250E-06       2.50001E-08       3.61040E-09       1.44415E-01       5.50583E-07       5.17748E-07
       3.82500E-06       3.85000E-06       3.83750E-06       2.49999E-08       3.61040E-09       1.44417E-01       5.54199E-07       5.21359E-07
       3.85000E-06       3.87500E-06       3.86250E-06       2.50001E-08       3.61040E-09       1.44415E-01       5.57804E-07       5.24969E-07
       3.87500E-06       3.90000E-06       3.88750E-06       2.50001E-08       3.61040E-09       1.44415E-01       5.61414E-07       5.28579E-07
       3.90000E-06       3.92500E-06       3.91250E-06       2.49999E-08       3.61040E-09       1.44417E-01       5.65030E-07       5.32190E-07
       3.92500E-06       3.95000E-06       3.93750E-06       2.50001E-08       3.61040E-09       1.44415E-01       5.68635E-07       5.35800E-07
       3.95000E-06       3.97500E-06       3.96250E-06       2.49999E-08       3.61040E-09       1.44417E-01       5.72251E-07       5.39411E-07
       3.97500E-06       4.00000E-06       3.98750E-06       2.50001E-08       3.61040E-09       1.44415E-01       5.75856E-07       5.43021E-07
       4.00000E-06       4.02500E-06       4.01250E-06       2.50001E-08       3.61040E-09       1.44415E-01       5.79466E-07       5.46631E-07
       4.02500E-06       4.05000E-06       4.03750E-06       2.50001E-08       3.61040E-09       1.44415E-01       5.83077E-07       5.50242E-07
       4.05000E-06       4.07500E-06       4.06250E-06       2.49996E-08       3.61040E-09       1.44418E-01       5.86698E-07       5.53852E-07
       4.07500E-06       4.10000E-06       4.08750E-06       2.50001E-08       3.61040E-09       1.44415E-01       5.90297E-07       5.57463E-07
       4.10000E-06       4.12500E-06       4.11250E-06       2.50001E-08       3.61040E-09       1.44415E-01       5.93908E-07       5.61073E-07
       4.12500E-06       4.15000E-06       4.13750E-06       2.50001E-08       3.61040E-09       1.44415E-01       5.97518E-07       5.64684E-07
       4.15000E-06       4.17500E-06       4.16250E-06       2.50001E-08       3.61040E-09       1.44415E-01       6.01129E-07       5.68294E-07
       4.17500E-06       4.20000E-06       4.18750E-06       2.49996E-08       3.61040E-09       1.44418E-01       6.04751E-07       5.71904E-07
       4.20000E-06       4.22500E-06       4.21250E-06       2.50001E-08       3.61040E-09       1.44415E-01       6.08349E-07       5.75515E-07
       4.22500E-06       4.25000E-06       4.23750E-06       2.50001E-08       3.61040E-09       1.44415E-01       6.11960E-07       5.79125E-07
       4.25000E-06       4.27500E-06       4.26250E-06       2.50001E-08       3.61040E-09       1.44415E-01       6.15570E-07       5.82736E-07
       4.27500E-06       4.30000E-06       4.28750E-06       2.50001E-08       3.61040E-09       1.44415E-01       6.19181E-07       5.86346E-07
       4.30000E-06       4.32500E-06       4.31250E-06       2.49996E-08       3.61040E-09       1.44418E-01       6.22803E-07       5.89956E-07
       4.32500E-06       4.35000E-06       4.33750E-06       2.50001E-08       3.61040E-09       1.44415E-01       6.26401E-07       5.93567E-07
       4.35000E-06       4.37500E-06       4.36250E-06       2.50001E-08       3.61040E-09       1.44415E-01       6.30012E-07       5.97177E-07
       4.37500E-06       4.40000E-06       4.38750E-06       2.50001E-08       3.61040E-09       1.44415E-01       6.33622E-07       6.00788E-07
       4.40000E-06       4.42500E-06       4.41250E-06       2.50001E-08       3.61040E-09       1.44415E-01       6.37232E-07       6.04398E-07
       4.42500E-06       4.45000E-06       4.43750E-06       2.49996E-08       3.61040E-09       1.44418E-01       6.40855E-07       6.08008E-07
       4.45000E-06       4.47500E-06       4.46250E-06       2.50001E-08       3.61040E-09       1.44415E-01       6.44453E-07       6.11619E-07
       4.47500E-06       4.50000E-06       4.48750E-06       2.50001E-08       3.61040E-09       1.44415E-01       6.48064E-07       6.15229E-07
       4.50000E-06       4.52500E-06       4.51250E-06       2.50001E-08       3.61040E-09       1.44415E-01       6.51674E-07       6.18840E-07
       4.52500E-06       4.55000E-06       4.53750E-06       2.50001E-08       3.61040E-09       1.44415E-01       6.55284E-07       6.22450E-07
       4.55000E-06       4.57500E-06       4.56250E-06       2.49996E-08       3.61040E-09       1.44418E-01       6.58907E-07       6.26061E-07
       4.57500E-06       4.60000E-06       4.58750E-06       2.50001E-08       3.61040E-09       1.44415E-01       6.62505E-07       6.29671E-07
       4.60000E-06       4.62500E-06       4.61250E-06       2.50001E-08       3.61040E-09       1.44415E-01       6.66116E-07       6.33281E-07
       4.62500E-06       4.65000E-06       4.63750E-06       2.50001E-08       3.61040E-09       1.44415E-01       6.69726E-07       6.36892E-07
       4.65000E-06       4.67500E-06       4.66250E-06       2.50001E-08       3.61040E-09       1.44415E-01       6.73336E-07       6.40502E-07
       4.67500E-06       4.70000E-06       4.68750E-06       2.49996E-08       3.61040E-09       1.44418E-01       6.76960E-07       6.44113E-07
       4.70000E-06       4.72500E-06       4.71250E-06       2.50001E-08       3.61040E-09       1.44415E-01       6.80557E-07       6.47723E-07
       4.72500E-06       4.75000E-06       4.73750E-06       2.50001E-08       3.61040E-09       1.44415E-01       6.84167E-07       6.51333E-07
       4.75000E-06       4.77500E-06       4.76250E-06       2.50001E-08       3.61040E-09       1.44415E-01       6.87778E-07       6.54944E-07
       4.77500E-06       4.80000E-06       4.78750E-06       2.50001E-08       3.61040E-09       1.44415E-01       6.91388E-07       6.58554E-07
       4.80000E-06       4.82500E-06       4.81250E-06       2.49996E-08       3.61040E-09       1.44418E-01       6.95012E-07       6.62165E-07
       4.82500E-06       4.85000E-06       4.83750E-06       2.50001E-08       3.61040E-09       1.44415E-01       6.98609E-07       6.65775E-07
       4.85000E-06       4.87500E-06       4.86250E-06       2.50001E-08       3.61040E-09       1.44415E-01       7.02219E-07       6.69385E-07
       4.87500E-06       4.90000E-06       4.88750E-06       2.50001E-08       3.61040E-09       1.44415E-01       7.05830E-07       6.72996E-07
       4.90000E-06       4.92500E-06       4.91250E-06       2.50001E-08       3.61040E-09       1.44415E-01       7.09440E-07       6.76606E-07
       4.92500E-06       4.95000E-06       4.93750E-06       2.49996E-08       3.61040E-09       1.44418E-01       7.13064E-07       6.80217E-07
       4.95000E-06       4.97500E-06       4.96250E-06       2.50001E-08       3.61040E-09       1.44415E-01       7.16661E-07       6.83827E-07
       4.97500E-06       5.00000E-06       4.98750E-06       2.50001E-08       3.61040E-09       1.44415E-01       7.20271E-07       6.87437E-07
       5.00000E-06       5.02500E-06       5.01250E-06       2.50001E-08       3.61040E-09       1.44415E-01       7.23882E-07       6.91048E-07
       5.02500E-06       5.05000E-06       5.03750E-06       2.50001E-08       3.61040E-09       1.44415E-01       7.27492E-07       6.94658E-07
       5.05000E-06       5.07500E-06       5.06250E-06       2.49996E-08       3.61040E-09       1.44418E-01       7.31116E-07       6.98269E-07
       5.07500E-06       5.10000E-06       5.08750E-06       2.50001E-08       3.61040E-09       1.44415E-01       7.34713E-07       7.01879E-07
       5.10000E-06       5.12500E-06       5.11250E-06       2.50001E-08       3.61040E-09       1.44415E-01       7.38323E-07       7.05490E-07
       5.12500E-06       5.15000E-06       5.13750E-06       2.50001E-08       3.61040E-09       1.44415E-01       7.41934E-07       7.09100E-07
       5.15000E-06       5.17500E-06       5.16250E-06       2.50001E-08       3.61040E-09       1.44415E-01       7.45544E-07       7.12710E-07
       5.17500E-06       5.20000E-06       5.18750E-06       2.49996E-08       3.61040E-09       1.44418E-01       7.49169E-07       7.16321E-07
       5.20000E-06       5.22500E-06       5.21250E-06       2.50001E-08       3.61040E-09       1.44415E-01       7.52765E-07       7.19931E-07
       5.22500E-06       5.25000E-06       5.23750E-06       2.50001E-08       3.61040E-09       1.44415E-01       7.56375E-07       7.23542E-07
       5.25000E-06       5.27500E-06       5.26250E-06       2.50001E-08       3.61040E-09       1.44415E-01       7.59985E-07       7.27152E-07
       5.27500E-06       5.30000E-06       5.28750E-06       2.50001E-08       3.61040E-09       1.44415E-01       7.63596E-07       7.30762E-07
       5.30000E-06       5.32500E-06       5.31250E-06       2.49996E-08       3.61040E-09       1.44418E-01       7.67221E-07       7.34373E-07
       5.32500E-06       5.35000E-06       5.33750E-06       2.50001E-08       3.61040E-09       1.44415E-01       7.70817E-07       7.37983E-07
       5.35000E-06       5.37500E-06       5.36250E-06       2.50001E-08       3.61040E-09       1.44415E-01       7.74427E-07       7.41594E-07
       5.37500E-06       5.40000E-06       5.38750E-06       2.50001E-08       3.61040E-09       1.44415E-01       7.78037E-07       7.45204E-07
       5.40000E-06       5.42500E-06       5.41250E-06       2.50001E-08       3.61040E-09       1.44415E-01       7.81648E-07       7.48814E-07
       5.42500E-06       5.45000E-06       5.43750E-06       2.49996E-08       3.61040E-09       1.44418E-01       7.85273E-07       7.52425E-07
       5.45000E-06       5.47500E-06       5.46250E-06       2.50001E-08       3.61040E-09       1.44415E-01       7.88868E-07       7.56035E-07
       5.47500E-06       5.50000E-06       5.48750E-06       2.50001E-08       3.61040E-09       1.44415E-01       7.92479E-07       7.59646E-07
       5.50000E-06       5.52500E-06       5.51250E-06       2.50001E-08       3.61040E-09       1.44415E-01       7.96089E-07       7.63256E-07
       5.52500E-06       5.55000E-06       5.53750E-06       2.50001E-08       3.61040E-09       1.44415E-01       7.99700E-07       7.66866E-07
       5.55000E-06       5.57500E-06       5.56250E-06       2.49996E-08       3.61040E-09       1.44418E-01       8.03325E-07       7.70477E-07
       5.57500E-06       5.60000E-06       5.58750E-06       2.50001E-08       3.61040E-09       1.44415E-01       8.06920E-07       7.74087E-07
       5.60000E-06       5.62500E-06       5.61250E-06       2.50001E-08       3.61040E-09       1.44415E-01       8.10531E-07       7.77698E-07
       5.62500E-06       5.65000E-06       5.63750E-06       2.50001E-08       3.61040E-09       1.44415E-01       8.14141E-07       7.81308E-07
       5.65000E-06       5.67500E-06       5.66250E-06       2.50001E-08       3.61040E-09       1.44415E-01       8.17752E-07       7.84919E-07
       5.67500E-06       5.70000E-06       5.68750E-06       2.49996E-08       3.61040E-09       1.44418E-01       8.21378E-07       7.88529E-07
       5.70000E-06       5.72500E-06       5.71250E-06       2.50001E-08       3.61040E-09       1.44415E-01       8.24972E-07       7.92139E-07
       5.72500E-06       5.75000E-06       5.73750E-06       2.50001E-08       3.61040E-09       1.44415E-01       8.28583E-07       7.95750E-07
       5.75000E-06       5.77500E-06       5.76250E-06       2.50001E-08       3.61040E-09       1.44415E-01       8.32193E-07       7.99360E-07
       5.77500E-06       5.80000E-06       5.78750E-06       2.50001E-08       3.61040E-09       1.44415E-01       8.35804E-07       8.02971E-07
       5.80000E-06       5.82500E-06       5.81250E-06       2.49996E-08       3.61040E-09       1.44418E-01       8.39430E-07       8.06581E-07
       5.82500E-06       5.85000E-06       5.83750E-06       2.50001E-08       3.61040E-09       1.44415E-01       8.43024E-07       8.10191E-07
       5.85000E-06       5.87500E-06       5.86250E-06       2.50001E-08       3.61040E-09       1.44415E-01       8.46635E-07       8.13802E-07
       5.87500E-06       5.90000E-06       5.88750E-06       2.50001E-08       3.61040E-09       1.44415E-01       8.50245E-07       8.17412E-07
       5.90000E-06       5.92500E-06       5.91250E-06       2.50001E-08       3.61040E-09       1.44415E-01       8.53855E-07       8.21023E-07
       5.92500E-06       5.95000E-06       5.93750E-06       2.49996E-08       3.61040E-09       1.44418E-01       8.57482E-07       8.24633E-07
       5.95000E-06       5.97500E-06       5.96250E-06       2.50001E-08       3.61040E-09       1.44415E-01       8.61076E-07       8.28243E-07
       5.97500E-06       6.00000E-06       5.98750E-06       2.50001E-08       3.61040E-09       1.44415E-01       8.64687E-07       8.31854E-07
       6.00000E-06       6.02500E-06       6.01250E-06       2.50001E-08       3.61040E-09       1.44415E-01       8.68297E-07       8.35464E-07
       6.02500E-06       6.05000E-06       6.03750E-06       2.50001E-08       3.61040E-09       1.44415E-01       8.71907E-07       8.39075E-07
       6.05000E-06       6.07500E-06       6.06250E-06       2.49996E-08       3.61040E-09       1.44418E-01       8.75534E-07       8.42685E-07
       6.07500E-06       6.10000E-06       6.08750E-06       2.50001E-08       3.61040E-09       1.44415E-01       8.79128E-07       8.46296E-07
       6.10000E-06       6.12500E-06       6.11250E-06       2.50001E-08       3.61040E-09       1.44415E-01       8.82739E-07       8.49906E-07
       6.12500E-06       6.15000E-06       6.13750E-06       2.50001E-08       3.61040E-09       1.44415E-01       8.86349E-07       8.53516E-07
       6.15000E-06       6.17500E-06       6.16250E-06       2.50001E-08       3.61040E-09       1.44415E-01       8.89959E-07       8.57127E-07
       6.17500E-06       6.20000E-06       6.18750E-06       2.49996E-08       3.61040E-09       1.44418E-01       8.93587E-07       8.60737E-07
       6.20000E-06       6.22500E-06       6.21250E-06       2.50001E-08       3.61040E-09       1.44415E-01       8.97180E-07       8.64348E-07
       6.22500E-06       6.25000E-06       6.23750E-06       2.50001E-08       3.61040E-09       1.44415E-01       9.00790E-07       8.67958E-07
       6.25000E-06       6.27500E-06       6.26250E-06       2.50001E-08       3.61040E-09       1.44415E-01       9.04401E-07       8.71568E-07
       6.27500E-06       6.30000E-06       6.28750E-06       2.50001E-08       3.61040E-09       1.44415E-01       9.08011E-07       8.75179E-07
       6.30000E-06       6.32500E-06       6.31250E-06       2.49996E-08       3.61040E-09       1.44418E-01       9.11639E-07       8.78789E-07
       6.32500E-06       6.35000E-06       6.33750E-06       2.50001E-08       3.61040E-09       1.44415E-01       9.15232E-07       8.82400E-07
       6.35000E-06       6.37500E-06       6.36250E-06       2.50001E-08       3.61040E-09       1.44415E-01       9.18842E-07       8.86010E-07
       6.37500E-06       6.40000E-06       6.38750E-06       2.50001E-08       3.61040E-09       1.44415E-01       9.22453E-07       8.89620E-07
       6.40000E-06       6.42500E-06       6.41250E-06       2.50001E-08       3.61040E-09       1.44415E-01       9.26063E-07       8.93231E-07
       6.42500E-06       6.45000E-06       6.43750E-06       2.49996E-08       3.61040E-09       1.44418E-01       9.29691E-07       8.96841E-07
       6.45000E-06       6.47500E-06       6.46250E-06       2.50001E-08       3.61040E-09       1.44415E-01       9.33284E-07       9.00452E-07
       6.47500E-06       6.50000E-06       6.48750E-06       2.50001E-08       3.61040E-09       1.44415E-01       9.36894E-07       9.04062E-07
       6.50000E-06       6.52500E-06       6.51250E-06       2.50001E-08       3.61040E-09       1.44415E-01       9.40505E-07       9.07672E-07
       6.52500E-06       6.55000E-06       6.53750E-06       2.50001E-08       3.61040E-09       1.44415E-01       9.44115E-07       9.11283E-07
       6.55000E-06       6.57500E-06       6.56250E-06       2.49996E-08       3.61040E-09       1.44418E-01       9.47743E-07       9.14893E-07
       6.57500E-06       6.60000E-06       6.58750E-06       2.50001E-08       3.61040E-09       1.44415E-01       9.51336E-07       9.18504E-07
       6.60000E-06       6.62500E-06       6.61250E-06       2.50001E-08       3.61040E-09       1.44415E-01       9.54946E-07       9.22114E-07
       6.62500E-06       6.65000E-06       6.63750E-06       2.50001E-08       3.61040E-09       1.44415E-01       9.58556E-07       9.25725E-07
       6.65000E-06       6.67500E-06       6.66250E-06       2.50001E-08       3.61040E-09       1.44415E-01       9.62167E-07       9.29335E-07
       6.67500E-06       6.70000E-06       6.68750E-06       2.49996E-08       3.61040E-09       1.44418E-01       9.65796E-07       9.32945E-07
       6.70000E-06       6.72500E-06       6.71250E-06       2.50001E-08       3.61040E-09       1.44415E-01       9.69388E-07       9.36556E-07
       6.72500E-06       6.75000E-06       6.73750E-06       2.50001E-08       3.61040E-09       1.44415E-01       9.72998E-07       9.40166E-07
       6.75000E-06       6.77500E-06       6.76250E-06       2.50001E-08       3.61040E-09       1.44415E-01       9.76608E-07       9.43777E-07
       6.77500E-06       6.80000E-06       6.78750E-06       2.50001E-08       3.61040E-09       1.44415E-01       9.80219E-07       9.47387E-07
       6.80000E-06       6.82500E-06       6.81250E-06       2.49996E-08       3.61040E-09       1.44418E-01       9.83848E-07       9.50997E-07
       6.82500E-06       6.85000E-06       6.83750E-06       2.50001E-08       3.61040E-09       1.44415E-01       9.87440E-07       9.54608E-07
       6.85000E-06       6.87500E-06       6.86250E-06       2.50001E-08       3.61040E-09       1.44415E-01       9.91050E-07       9.58218E-07
       6.87500E-06       6.90000E-06       6.88750E-06       2.50001E-08       3.61040E-09       1.44415E-01       9.94660E-07       9.61829E-07
       6.90000E-06       6.92500E-06       6.91250E-06       2.50001E-08       3.61040E-09       1.44415E-01       9.98271E-07       9.65439E-07
       6.92500E-06       6.95000E-06       6.93750E-06       2.49996E-08       3.61040E-09       1.44418E-01       1.00190E-06       9.69049E-07
       6.95000E-06       6.97500E-06       6.96250E-06       2.50001E-08       3.61040E-09       1.44415E-01       1.00549E-06       9.72660E-07
       6.97500E-06       7.00000E-06       6.98750E-06       2.50001E-08       3.61040E-09       1.44415E-01       1.00910E-06       9.76270E-07
       7.00000E-06       7.02500E-06       7.01250E-06       2.50001E-08       3.61040E-09       1.44415E-01       1.01271E-06       9.79880E-07
       7.02500E-06       7.05000E-06       7.03750E-06       2.50001E-08       3.61040E-09       1.44415E-01       1.01632E-06       9.83491E-07
       7.05000E-06       7.07500E-06       7.06250E-06       2.49996E-08       3.61040E-09       1.44418E-01       1.01995E-06       9.87101E-07
       7.07500E-06       7.10000E-06       7.08750E-06       2.50001E-08       3.61040E-09       1.44415E-01       1.02354E-06       9.90711E-07
       7.10000E-06       7.12500E-06       7.11250E-06       2.50001E-08       3.61040E-09       1.44415E-01       1.02715E-06       9.94322E-07
       7.12500E-06       7.15000E-06       7.13750E-06       2.50001E-08       3.61040E-09       1.44415E-01       1.03076E-06       9.97932E-07
       7.15000E-06       7.17500E-06       7.16250E-06       2.50001E-08       3.61040E-09       1.44415E-01       1.03437E-06       1.00154E-06
       7.17500E-06       7.20000E-06       7.18750E-06       2.49996E-08       3.61040E-09       1.44418E-01       1.03800E-06       1.00515E-06
       7.20000E-06       7.22500E-06       7.21250E-06       2.50001E-08       3.61040E-09       1.44415E-01       1.04160E-06       1.00876E-06
       7.22500E-06       7.25000E-06       7.23750E-06       2.50001E-08       3.61040E-09       1.44415E-01       1.04521E-06       1.01237E-06
       7.25000E-06       7.27500E-06       7.26250E-06       2.50001E-08       3.61040E-09       1.44415E-01       1.04882E-06       1.01598E-06
       7.27500E-06       7.30000E-06       7.28750E-06       2.50001E-08       3.61040E-09       1.44415E-01       1.05243E-06       1.01959E-06
       7.30000E-06       7.32500E-06       7.31250E-06       2.49996E-08       3.61040E-09       1.44418E-01       1.05606E-06       1.02320E-06
       7.32500E-06       7.35000E-06       7.33750E-06       2.50001E-08       3.61040E-09       1.44415E-01       1.05965E-06       1.02681E-06
       7.35000E-06       7.37500E-06       7.36250E-06       2.50001E-08       3.61040E-09       1.44415E-01       1.06326E-06       1.03043E-06
       7.37500E-06       7.40000E-06       7.38750E-06       2.50001E-08       3.61040E-09       1.44415E-01       1.06687E-06       1.03404E-06
       7.40000E-06       7.42500E-06       7.41250E-06       2.50001E-08       3.61040E-09       1.44415E-01       1.07048E-06       1.03765E-06
       7.42500E-06       7.45000E-06       7.43750E-06       2.49996E-08       3.61040E-09       1.44418E-01       1.07411E-06       1.04126E-06
       7.45000E-06       7.47500E-06       7.46250E-06       2.50001E-08       3.61040E-09       1.44415E-01       1.07770E-06       1.04487E-06
       7.47500E-06       7.50000E-06       7.48750E-06       2.50001E-08       3.61040E-09       1.44415E-01       1.08131E-06       1.04848E-06
       7.50000E-06       7.52500E-06       7.51250E-06       2.50001E-08       3.61040E-09       1.44415E-01       1.08492E-06       1.05209E-06
       7.52500E-06       7.55000E-06       7.53750E-06       2.50001E-08       3.61040E-09       1.44415E-01       1.08853E-06       1.05570E-06
       7.55000E-06       7.57500E-06       7.56250E-06       2.49996E-08       3.61040E-09       1.44418E-01       1.09216E-06       1.05931E-06
       7.57500E-06       7.60000E-06       7.58750E-06       2.50001E-08       3.61040E-09       1.44415E-01       1.09575E-06       1.06292E-06
       7.60000E-06       7.62500E-06       7.61250E-06       2.50001E-08       3.61040E-09       1.44415E-01       1.09936E-06       1.06653E-06
       7.62500E-06       7.65000E-06       7.63750E-06       2.50001E-08       3.61040E-09       1.44415E-01       1.10297E-06       1.07014E-06
       7.65000E-06       7.67500E-06       7.66250E-06       2.50001E-08       3.61040E-09       1.44415E-01       1.10658E-06       1.07375E-06
       7.67500E-06       7.70000E-06       7.68750E-06       2.49996E-08       3.61040E-09       1.44418E-01       1.11021E-06       1.07736E-06
       7.70000E-06       7.72500E-06       7.71250E-06       2.50001E-08       3.61040E-09       1.44415E-01       1.11380E-06       1.08097E-06
       7.72500E-06       7.75000E-06       7.73750E-06       2.50001E-08       3.61040E-09       1.44415E-01       1.11741E-06       1.08458E-06
       7.75000E-06       7.77500E-06       7.76250E-06       2.50001E-08       3.61040E-09       1.44415E-01       1.12102E-06       1.08819E-06
       7.77500E-06       7.80000E-06       7.78750E-06       2.50001E-08       3.61040E-09       1.44415E-01       1.12463E-06       1.09180E-06
       7.80000E-06       7.82500E-06       7.81250E-06       2.49996E-08       3.61040E-09       1.44418E-01       1.12827E-06       1.09541E-06
       7.82500E-06       7.85000E-06       7.83750E-06       2.50001E-08       3.61040E-09       1.44415E-01       1.13185E-06       1.09902E-06
       7.85000E-06       7.87500E-06       7.86250E-06       2.50001E-08       3.61040E-09       1.44415E-01       1.13547E-06       1.10263E-06
       7.87500E-06       7.90000E-06       7.88750E-06       2.50001E-08       3.61040E-09       1.44415E-01       1.13908E-06       1.10624E-06
       7.90000E-06       7.92500E-06       7.91250E-06       2.50001E-08       3.61040E-09       1.44415E-01       1.14269E-06       1.10985E-06
       7.92500E-06       7.95000E-06       7.93750E-06       2.49996E-08       3.61040E-09       1.44418E-01       1.14632E-06       1.11346E-06
       7.95000E-06       7.97500E-06       7.96250E-06       2.50001E-08       3.61040E-09       1.44415E-01       1.14991E-06       1.11707E-06
       7.97500E-06       8.00000E-06       7.98750E-06       2.50001E-08       3.61040E-09       1.44415E-01       1.15352E-06       1.12068E-06
       8.00000E-06       8.02500E-06       8.01250E-06       2.49996E-08       3.61040E-09       1.44418E-01       1.15715E-06       1.12429E-06
       8.02500E-06       8.05000E-06       8.03750E-06       2.50006E-08       3.61040E-09       1.44413E-01       1.16072E-06       1.12790E-06
       8.05000E-06       8.07500E-06       8.06250E-06       2.49996E-08       3.61040E-09       1.44418E-01       1.16437E-06       1.13152E-06
       8.07500E-06       8.10000E-06       8.08750E-06       2.50006E-08       3.61040E-09       1.44413E-01       1.16794E-06       1.13513E-06
       8.10000E-06       8.12500E-06       8.11250E-06       2.49996E-08       3.61040E-09       1.44418E-01       1.17159E-06       1.13874E-06
       8.12500E-06       8.15000E-06       8.13750E-06       2.49996E-08       3.61040E-09       1.44418E-01       1.17520E-06       1.14235E-06
       8.15000E-06       8.17500E-06       8.16250E-06       2.50006E-08       3.61040E-09       1.44413E-01       1.17877E-06       1.14596E-06
       8.17500E-06       8.20000E-06       8.18750E-06       2.49996E-08       3.61040E-09       1.44418E-01       1.18242E-06       1.14957E-06
       8.20000E-06       8.22500E-06       8.21250E-06       2.50006E-08       3.61040E-09       1.44413E-01       1.18599E-06       1.15318E-06
       8.22500E-06       8.25000E-06       8.23750E-06       2.49996E-08       3.61040E-09       1.44418E-01       1.18964E-06       1.15679E-06
       8.25000E-06       8.27500E-06       8.26250E-06       2.49996E-08       3.61040E-09       1.44418E-01       1.19325E-06       1.16040E-06
       8.27500E-06       8.30000E-06       8.28750E-06       2.50006E-08       3.61040E-09       1.44413E-01       1.19682E-06       1.16401E-06
       8.30000E-06       8.32500E-06       8.31250E-06       2.49996E-08       3.61040E-09       1.44418E-01       1.20047E-06       1.16762E-06
       8.32500E-06       8.35000E-06       8.33750E-06       2.50006E-08       3.61040E-09       1.44413E-01       1.20404E-06       1.17123E-06
       8.35000E-06       8.37500E-06       8.36250E-06       2.49996E-08       3.61040E-09       1.44418E-01       1.20770E-06       1.17484E-06
       8.37500E-06       8.40000E-06       8.38750E-06       2.49996E-08       3.61040E-09       1.44418E-01       1.21131E-06       1.17845E-06
       8.40000E-06       8.42500E-06       8.41250E-06       2.50006E-08       3.61040E-09       1.44413E-01       1.21487E-06       1.18206E-06
       8.42500E-06       8.45000E-06       8.43750E-06       2.49996E-08       3.61040E-09       1.44418E-01       1.21853E-06       1.18567E-06
       8.45000E-06       8.47500E-06       8.46250E-06       2.50006E-08       3.61040E-09       1.44413E-01       1.22209E-06       1.18928E-06
       8.47500E-06       8.50000E-06       8.48750E-06       2.49996E-08       3.61040E-09       1.44418E-01       1.22575E-06       1.19289E-06
       8.50000E-06       8.52500E-06       8.51250E-06       2.49996E-08       3.61040E-09       1.44418E-01       1.22936E-06       1.19650E-06
       8.52500E-06       8.55000E-06       8.53750E-06       2.50006E-08       3.61040E-09       1.44413E-01       1.23292E-06       1.20011E-06
       8.55000E-06       8.57500E-06       8.56250E-06       2.49996E-08       3.61040E-09       1.44418E-01       1.23658E-06       1.20372E-06
       8.57500E-06       8.60000E-06       8.58750E-06       2.50006E-08       3.61040E-09       1.44413E-01       1.24014E-06       1.20733E-06
       8.60000E-06       8.62500E-06       8.61250E-06       2.49996E-08       3.61040E-09       1.44418E-01       1.24380E-06       1.21094E-06
       8.62500E-06       8.65000E-06       8.63750E-06       2.49996E-08       3.61040E-09       1.44418E-01       1.24741E-06       1.21455E-06
       8.65000E-06       8.67500E-06       8.66250E-06       2.50006E-08       3.61040E-09       1.44413E-01       1.25097E-06       1.21816E-06
       8.67500E-06       8.70000E-06       8.68750E-06       2.49996E-08       3.61040E-09       1.44418E-01       1.25463E-06       1.22177E-06
       8.70000E-06       8.72500E-06       8.71250E-06       2.50006E-08       3.61040E-09       1.44413E-01       1.25819E-06       1.22538E-06
       8.72500E-06       8.75000E-06       8.73750E-06       2.49996E-08       3.61040E-09       1.44418E-01       1.26185E-06       1.22899E-06
       8.75000E-06       8.77500E-06       8.76250E-06       2.49996E-08       3.61040E-09       1.44418E-01       1.26546E-06       1.23260E-06
       8.77500E-06       8.80000E-06       8.78750E-06       2.50006E-08       3.61040E-09       1.44413E-01       1.26903E-06       1.23622E-06
       8.80000E-06       8.82500E-06       8.81250E-06       2.49996E-08       3.61040E-09       1.44418E-01       1.27268E-06       1.23983E-06
       8.82500E-06       8.85000E-06       8.83750E-06       2.50006E-08       3.61040E-09       1.44413E-01       1.27625E-06       1.24344E-06
       8.85000E-06       8.87500E-06       8.86250E-06       2.49996E-08       3.61040E-09       1.44418E-01       1.27990E-06       1.24705E-06
       8.87500E-06       8.90000E-06       8.88750E-06       2.49996E-08       3.61040E-09       1.44418E-01       1.28352E-06       1.25066E-06
       8.90000E-06       8.92500E-06       8.91250E-06       2.50006E-08       3.61040E-09       1.44413E-01       1.28708E-06       1.25427E-06
       8.92500E-06       8.95000E-06       8.93750E-06       2.49996E-08       3.61040E-09       1.44418E-01       1.29074E-06       1.25788E-06
       8.95000E-06       8.97500E-06       8.96250E-06       2.50006E-08       3.61040E-09       1.44413E-01       1.29430E-06       1.26149E-06
       8.97500E-06       9.00000E-06       8.98750E-06       2.49996E-08       3.61040E-09       1.44418E-01       1.29796E-06       1.26510E-06
       9.00000E-06       9.02500E-06       9.01250E-06       2.49996E-08       3.61040E-09       1.44418E-01       1.30157E-06       1.26871E-06
       9.02500E-06       9.05000E-06       9.03750E-06       2.50006E-08       3.61040E-09       1.44413E-01       1.30513E-06       1.27232E-06
       9.05000E-06       9.07500E-06       9.06250E-06       2.49996E-08       3.61040E-09       1.44418E-01       1.30879E-06       1.27593E-06
       9.07500E-06       9.10000E-06       9.08750E-06       2.50006E-08       3.61040E-09       1.44413E-01       1.31235E-06       1.27954E-06
       9.10000E-06       9.12500E-06       9.11250E-06       2.49996E-08       3.61040E-09       1.44418E-01       1.31601E-06       1.28315E-06
       9.12500E-06       9.15000E-06       9.13750E-06       2.49996E-08       3.61040E-09       1.44418E-01       1.31962E-06       1.28676E-06
       9.15000E-06       9.17500E-06       9.16250E-06       2.50006E-08       3.61040E-09       1.44413E-01       1.32318E-06       1.29037E-06
       9.17500E-06       9.20000E-06       9.18750E-06       2.49996E-08       3.61040E-09       1.44418E-01       1.32684E-06       1.29398E-06
       9.20000E-06       9.22500E-06       9.21250E-06       2.50006E-08       3.61040E-09       1.44413E-01       1.33040E-06       1.29759E-06
       9.22500E-06       9.25000E-06       9.23750E-06       2.49996E-08       3.61040E-09       1.44418E-01       1.33406E-06       1.30120E-06
       9.25000E-06       9.27500E-06       9.26250E-06       2.49996E-08       3.61040E-09       1.44418E-01       1.33767E-06       1.30481E-06
       9.27500E-06       9.30000E-06       9.28750E-06       2.50006E-08       3.61040E-09       1.44413E-01       1.34123E-06       1.30842E-06
       9.30000E-06       9.32500E-06       9.31250E-06       2.49996E-08       3.61040E-09       1.44418E-01       1.34489E-06       1.31203E-06
       9.32500E-06       9.35000E-06       9.33750E-06       2.50006E-08       3.61040E-09       1.44413E-01       1.34845E-06       1.31564E-06
       9.35000E-06       9.37500E-06       9.36250E-06       2.49996E-08       3.61040E-09       1.44418E-01       1.35211E-06       1.31925E-06
       9.37500E-06       9.40000E-06       9.38750E-06       2.49996E-08       3.61040E-09       1.44418E-01       1.35572E-06       1.32286E-06
       9.40000E-06       9.42500E-06       9.41250E-06       2.50006E-08       3.61040E-09       1.44413E-01       1.35928E-06       1.32647E-06
       9.42500E-06       9.45000E-06       9.43750E-06       2.49996E-08       3.61040E-09       1.44418E-01       1.36295E-06       1.33008E-06
       9.45000E-06       9.47500E-06       9.46250E-06       2.50006E-08       3.61040E-09       1.44413E-01       1.36650E-06       1.33369E-06
       9.47500E-06       9.50000E-06       9.48750E-06       2.49996E-08       3.61040E-09       1.44418E-01       1.37017E-06       1.33731E-06
       9.50000E-06       9.52500E-06       9.51250E-06       2.49996E-08       3.61040E-09       1.44418E-01       1.37378E-06       1.34092E-06
       9.52500E-06       9.55000E-06       9.53750E-06       2.50006E-08       3.61040E-09       1.44413E-01       1.37733E-06       1.34453E-06
       9.55000E-06       9.57500E-06       9.56250E-06       2.49996E-08       3.61040E-09       1.44418E-01       1.38100E-06       1.34814E-06
       9.57500E-06       9.60000E-06       9.58750E-06       2.50006E-08       3.61040E-09       1.44413E-01       1.38456E-06       1.35175E-06
       9.60000E-06       9.62500E-06       9.61250E-06       2.49996E-08       3.61040E-09       1.44418E-01       1.38822E-06       1.35536E-06
       9.62500E-06       9.65000E-06       9.63750E-06       2.49996E-08       3.61040E-09       1.44418E-01       1.39183E-06       1.35897E-06
       9.65000E-06       9.67500E-06       9.66250E-06       2.50006E-08       3.61040E-09       1.44413E-01       1.39539E-06       1.36258E-06
       9.67500E-06       9.70000E-06       9.68750E-06       2.49996E-08       3.61040E-09       1.44418E-01       1.39905E-06       1.36619E-06
       9.70000E-06       9.72500E-06       9.71250E-06       2.50006E-08       3.61040E-09       1.44413E-01       1.40261E-06       1.36980E-06
       9.72500E-06       9.75000E-06       9.73750E-06       2.49996E-08       3.61040E-09       1.44418E-01       1.40627E-06       1.37341E-06
       9.75000E-06       9.77500E-06       9.76250E-06       2.49996E-08       3.61040E-09       1.44418E-01       1.40988E-06       1.37702E-06
       9.77500E-06       9.80000E-06       9.78750E-06       2.50006E-08       3.61040E-09       1.44413E-01       1.41344E-06       1.38063E-06
       9.80000E-06       9.82500E-06       9.81250E-06       2.49996E-08       3.61040E-09       1.44418E-01       1.41710E-06       1.38424E-06
       9.82500E-06       9.85000E-06       9.83750E-06       2.50006E-08       3.61040E-09       1.44413E-01       1.42066E-06       1.38785E-06
       9.85000E-06       9.87500E-06       9.86250E-06       2.49996E-08       3.61040E-09       1.44418E-01       1.42432E-06       1.39146E-06
       9.87500E-06       9.90000E-06       9.88750E-06       2.49996E-08       3.61040E-09       1.44418E-01       1.42793E-06       1.39507E-06
       9.90000E-06       9.92500E-06       9.91250E-06       2.50006E-08       3.61040E-09       1.44413E-01       1.43149E-06       1.39868E-06
       9.92500E-06       9.95000E-06       9.93750E-06       2.49996E-08       3.61040E-09       1.44418E-01       1.43515E-06       1.40229E-06
       9.95000E-06       9.97500E-06       9.96250E-06       2.50006E-08       3.61040E-09       1.44413E-01       1.43871E-06       1.40590E-06
       9.97500E-06       1.00000E-05       9.98750E-06       2.49996E-08       3.61040E-09       1.44418E-01       1.44238E-06       1.40951E-06
       1.00000E-05       1.04713E-05       1.02356E-05       4.71300E-07       6.80620E-08       1.44413E-01       1.47816E-06       1.47757E-06
       1.04713E-05       1.09648E-05       1.07180E-05       4.93500E-07       7.12675E-08       1.44412E-01       1.54782E-06       1.54884E-06
       1.09648E-05       1.14815E-05       1.12232E-05       5.16700E-07       7.46275E-08       1.44431E-01       1.62097E-06       1.62347E-06
       1.14815E-05       1.20226E-05       1.17521E-05       5.41101E-07       7.81433E-08       1.44416E-01       1.69718E-06       1.70161E-06
       1.20226E-05       1.25892E-05       1.23059E-05       5.66600E-07       8.18262E-08       1.44416E-01       1.77717E-06       1.78344E-06
       1.25892E-05       1.31826E-05       1.28859E-05       5.93400E-07       8.56839E-08       1.44395E-01       1.86066E-06       1.86912E-06
       1.31826E-05       1.38038E-05       1.34932E-05       6.21200E-07       8.97212E-08       1.44432E-01       1.94885E-06       1.95884E-06
       1.38038E-05       1.44544E-05       1.41291E-05       6.50600E-07       9.39506E-08       1.44406E-01       2.04033E-06       2.05279E-06
       1.44544E-05       1.51356E-05       1.47950E-05       6.81200E-07       9.83770E-08       1.44417E-01       2.13665E-06       2.15117E-06
       1.51356E-05       1.58489E-05       1.54922E-05       7.13300E-07       1.03014E-07       1.44420E-01       2.23738E-06       2.25419E-06
       1.58489E-05       1.65959E-05       1.62224E-05       7.47000E-07       1.07869E-07       1.44403E-01       2.34257E-06       2.36206E-06
       1.65959E-05       1.73780E-05       1.69869E-05       7.82101E-07       1.12952E-07       1.44422E-01       2.45329E-06       2.47501E-06
       1.73780E-05       1.81970E-05       1.77875E-05       8.19000E-07       1.18275E-07       1.44414E-01       2.56876E-06       2.59328E-06
       1.81970E-05       1.90546E-05       1.86258E-05       8.57599E-07       1.23850E-07       1.44415E-01       2.68984E-06       2.71713E-06
       1.90546E-05       1.99526E-05       1.95036E-05       8.98001E-07       1.29686E-07       1.44416E-01       2.81664E-06       2.84682E-06
       1.99526E-05       2.08930E-05       2.04228E-05       9.40399E-07       1.35799E-07       1.44406E-01       2.94918E-06       2.98262E-06
       2.08930E-05       2.18776E-05       2.13853E-05       9.84600E-07       1.42200E-07       1.44424E-01       3.08854E-06       3.12482E-06
       2.18776E-05       2.29087E-05       2.23932E-05       1.03110E-06       1.48900E-07       1.44409E-01       3.23378E-06       3.27372E-06
       2.29087E-05       2.39883E-05       2.34485E-05       1.07960E-06       1.55918E-07       1.44422E-01       3.38648E-06       3.42964E-06
       2.39883E-05       2.51189E-05       2.45536E-05       1.13060E-06       1.63271E-07       1.44411E-01       3.54581E-06       3.59291E-06
       2.51189E-05       2.63027E-05       2.57108E-05       1.18380E-06       1.70958E-07       1.44415E-01       3.71302E-06       3.76387E-06
       2.63027E-05       2.75423E-05       2.69225E-05       1.23960E-06       1.79023E-07       1.44420E-01       3.88816E-06       3.94289E-06
       2.75423E-05       2.88403E-05       2.81913E-05       1.29800E-06       1.87451E-07       1.44415E-01       4.07125E-06       4.13034E-06
       2.88403E-05       3.01995E-05       2.95199E-05       1.35920E-06       1.96288E-07       1.44414E-01       4.26309E-06       4.32663E-06
       3.01995E-05       3.16228E-05       3.09111E-05       1.42330E-06       2.05534E-07       1.44407E-01       4.46378E-06       4.53216E-06
       3.16228E-05       3.31131E-05       3.23679E-05       1.49030E-06       2.15222E-07       1.44415E-01       4.67443E-06       4.74738E-06
       3.31131E-05       3.46737E-05       3.38934E-05       1.56060E-06       2.25366E-07       1.44410E-01       4.89454E-06       4.97275E-06
       3.46737E-05       3.63078E-05       3.54907E-05       1.63410E-06       2.35983E-07       1.44412E-01       5.12527E-06       5.20873E-06
       3.63078E-05       3.80189E-05       3.71634E-05       1.71110E-06       2.47120E-07       1.44422E-01       5.36719E-06       5.45585E-06
       3.80189E-05       3.98107E-05       3.89148E-05       1.79180E-06       2.58761E-07       1.44414E-01       5.61984E-06       5.71461E-06
       3.98107E-05       4.16869E-05       4.07488E-05       1.87620E-06       2.70953E-07       1.44416E-01       5.88477E-06       5.98557E-06
       4.16869E-05       4.36516E-05       4.26692E-05       1.96470E-06       2.83728E-07       1.44413E-01       6.16199E-06       6.26929E-06
       4.36516E-05       4.57088E-05       4.46802E-05       2.05720E-06       2.97102E-07       1.44420E-01       6.45273E-06       6.56640E-06
       4.57088E-05       4.78630E-05       4.67859E-05       2.15420E-06       3.11089E-07       1.44411E-01       6.75639E-06       6.87749E-06
       4.78630E-05       5.01187E-05       4.89908E-05       2.25570E-06       3.25755E-07       1.44414E-01       7.07497E-06       7.20324E-06
       5.01187E-05       5.24808E-05       5.12998E-05       2.36210E-06       3.41113E-07       1.44411E-01       7.40824E-06       7.54435E-06
       5.24808E-05       5.49541E-05       5.37174E-05       2.47330E-06       3.57180E-07       1.44414E-01       7.75757E-06       7.90153E-06
       5.49541E-05       5.75440E-05       5.62490E-05       2.58990E-06       3.74019E-07       1.44415E-01       8.12319E-06       8.27555E-06
       5.75440E-05       6.02560E-05       5.89000E-05       2.71200E-06       3.91646E-07       1.44412E-01       8.50588E-06       8.66720E-06
       6.02560E-05       6.30957E-05       6.16758E-05       2.83970E-06       4.10108E-07       1.44419E-01       8.90719E-06       9.07731E-06
       6.30957E-05       6.60693E-05       6.45825E-05       2.97360E-06       4.29436E-07       1.44416E-01       9.32675E-06       9.50674E-06
       6.60693E-05       6.91831E-05       6.76262E-05       3.11380E-06       4.49677E-07       1.44414E-01       9.76619E-06       9.95642E-06
       6.91831E-05       7.24436E-05       7.08134E-05       3.26051E-06       4.70864E-07       1.44414E-01       1.02265E-05       1.04273E-05
       7.24436E-05       7.58578E-05       7.41507E-05       3.41420E-06       4.93059E-07       1.44414E-01       1.07084E-05       1.09203E-05
       7.58578E-05       7.94328E-05       7.76453E-05       3.57500E-06       5.16293E-07       1.44418E-01       1.12134E-05       1.14366E-05
       7.94328E-05       8.31764E-05       8.13046E-05       3.74360E-06       5.40630E-07       1.44415E-01       1.17416E-05       1.19773E-05
       8.31764E-05       8.70964E-05       8.51364E-05       3.92000E-06       5.66101E-07       1.44414E-01       1.22949E-05       1.25434E-05
       8.70964E-05       9.12011E-05       8.91488E-05       4.10471E-06       5.92785E-07       1.44416E-01       1.28745E-05       1.31362E-05
       9.12011E-05       9.54993E-05       9.33502E-05       4.29820E-06       6.20714E-07       1.44413E-01       1.34810E-05       1.37569E-05
       9.54993E-05       1.00000E-04       9.77497E-05       4.50070E-06       6.49966E-07       1.44414E-01       1.41165E-05       1.44068E-05
       1.00000E-04       1.04713E-04       1.02356E-04       4.71300E-06       6.80619E-07       1.44413E-01       1.47816E-05       1.50874E-05
       1.04713E-04       1.09648E-04       1.07181E-04       4.93501E-06       7.12675E-07       1.44412E-01       1.54782E-05       1.58001E-05
       1.09648E-04       1.14815E-04       1.12232E-04       5.16700E-06       7.46274E-07       1.44431E-01       1.62097E-05       1.65464E-05
       1.14815E-04       1.20226E-04       1.17520E-04       5.41100E-06       7.81433E-07       1.44416E-01       1.69718E-05       1.73278E-05
       1.20226E-04       1.25892E-04       1.23059E-04       5.66600E-06       8.18262E-07       1.44416E-01       1.77717E-05       1.81461E-05
       1.25892E-04       1.31826E-04       1.28859E-04       5.93401E-06       8.56839E-07       1.44395E-01       1.86066E-05       1.90029E-05
       1.31826E-04       1.38038E-04       1.34932E-04       6.21199E-06       8.97212E-07       1.44432E-01       1.94885E-05       1.99001E-05
       1.38038E-04       1.44544E-04       1.41291E-04       6.50601E-06       9.39506E-07       1.44406E-01       2.04033E-05       2.08397E-05
       1.44544E-04       1.51356E-04       1.47950E-04       6.81200E-06       9.83770E-07       1.44417E-01       2.13665E-05       2.18234E-05
       1.51356E-04       1.58489E-04       1.54922E-04       7.13300E-06       1.03014E-06       1.44420E-01       2.23738E-05       2.28536E-05
       1.58489E-04       1.65959E-04       1.62224E-04       7.47000E-06       1.07869E-06       1.44403E-01       2.34257E-05       2.39323E-05
       1.65959E-04       1.73780E-04       1.69870E-04       7.82100E-06       1.12952E-06       1.44422E-01       2.45329E-05       2.50618E-05
       1.73780E-04       1.81970E-04       1.77875E-04       8.19000E-06       1.18275E-06       1.44414E-01       2.56876E-05       2.62445E-05
       1.81970E-04       1.90546E-04       1.86258E-04       8.57600E-06       1.23850E-06       1.44414E-01       2.68983E-05       2.74830E-05
       1.90546E-04       1.99526E-04       1.95036E-04       8.98000E-06       1.29686E-06       1.44417E-01       2.81664E-05       2.87799E-05
       1.99526E-04       2.08930E-04       2.04228E-04       9.40399E-06       1.35799E-06       1.44406E-01       2.94918E-05       3.01379E-05
       2.08930E-04       2.18776E-04       2.13853E-04       9.84601E-06       1.42200E-06       1.44423E-01       3.08854E-05       3.15599E-05
       2.18776E-04       2.29087E-04       2.23932E-04       1.03110E-05       1.48900E-06       1.44409E-01       3.23378E-05       3.30489E-05
       2.29087E-04       2.39883E-04       2.34485E-04       1.07960E-05       1.55918E-06       1.44422E-01       3.38648E-05       3.46081E-05
       2.39883E-04       2.51189E-04       2.45536E-04       1.13060E-05       1.63265E-06       1.44406E-01       3.54568E-05       3.62407E-05
       2.51189E-04       2.63027E-04       2.57108E-04       1.18380E-05       1.70961E-06       1.44417E-01       3.71308E-05       3.79503E-05
       2.63027E-04       2.75423E-04       2.69225E-04       1.23960E-05       1.79019E-06       1.44416E-01       3.88805E-05       3.97405E-05
       2.75423E-04       2.88403E-04       2.81913E-04       1.29800E-05       1.87454E-06       1.44417E-01       4.07131E-05       4.16151E-05
       2.88403E-04       3.01995E-04       2.95199E-04       1.35920E-05       1.96289E-06       1.44415E-01       4.26313E-05       4.35779E-05
       3.01995E-04       3.16228E-04       3.09111E-04       1.42330E-05       2.05539E-06       1.44410E-01       4.46388E-05       4.56333E-05
       3.16228E-04       3.31131E-04       3.23680E-04       1.49030E-05       2.15225E-06       1.44417E-01       4.67448E-05       4.77856E-05
       3.31131E-04       3.46737E-04       3.38934E-04       1.56060E-05       2.25371E-06       1.44413E-01       4.89465E-05       5.00393E-05
       3.46737E-04       3.63078E-04       3.54908E-04       1.63410E-05       2.35991E-06       1.44416E-01       5.12545E-05       5.23992E-05
       3.63078E-04       3.80189E-04       3.71634E-04       1.71110E-05       2.47112E-06       1.44417E-01       5.36702E-05       5.48703E-05
       3.80189E-04       3.98107E-04       3.89148E-04       1.79180E-05       2.58759E-06       1.44413E-01       5.61980E-05       5.74579E-05
       3.98107E-04       4.16869E-04       4.07488E-04       1.87620E-05       2.70955E-06       1.44417E-01       5.88481E-05       6.01675E-05
       4.16869E-04       4.36516E-04       4.26692E-04       1.96470E-05       2.83723E-06       1.44410E-01       6.16188E-05       6.30047E-05
       4.36516E-04       4.57088E-04       4.46802E-04       2.05720E-05       2.97095E-06       1.44417E-01       6.45259E-05       6.59756E-05
       4.57088E-04       4.78630E-04       4.67859E-04       2.15420E-05       3.11097E-06       1.44414E-01       6.75656E-05       6.90866E-05
       4.78630E-04       5.01187E-04       4.89909E-04       2.25570E-05       3.25758E-06       1.44415E-01       7.07503E-05       7.23442E-05
       5.01187E-04       5.24808E-04       5.12998E-04       2.36210E-05       3.41111E-06       1.44410E-01       7.40822E-05       7.57553E-05
       5.24808E-04       5.49541E-04       5.37175E-04       2.47330E-05       3.57187E-06       1.44417E-01       7.75770E-05       7.93272E-05
       5.49541E-04       5.75440E-04       5.62491E-04       2.58990E-05       3.74019E-06       1.44415E-01       8.12319E-05       8.30674E-05
       5.75440E-04       6.02560E-04       5.89000E-04       2.71200E-05       3.91648E-06       1.44413E-01       8.50592E-05       8.69838E-05
       6.02560E-04       6.30957E-04       6.16758E-04       2.83970E-05       4.10104E-06       1.44418E-01       8.90712E-05       9.10849E-05
       6.30957E-04       6.60693E-04       6.45825E-04       2.97360E-05       4.29432E-06       1.44415E-01       9.32667E-05       9.53792E-05
       6.60693E-04       6.91831E-04       6.76262E-04       3.11380E-05       4.49672E-06       1.44413E-01       9.76608E-05       9.98759E-05
       6.91831E-04       7.24436E-04       7.08133E-04       3.26050E-05       4.70864E-06       1.44415E-01       1.02265E-04       1.04585E-04
       7.24436E-04       7.58578E-04       7.41507E-04       3.41420E-05       4.93055E-06       1.44413E-01       1.07083E-04       1.09515E-04
       7.58578E-04       7.94328E-04       7.76453E-04       3.57500E-05       5.16291E-06       1.44417E-01       1.12133E-04       1.14678E-04
       7.94328E-04       8.31764E-04       8.13046E-04       3.74360E-05       5.40625E-06       1.44413E-01       1.17415E-04       1.20084E-04
       8.31764E-04       8.70964E-04       8.51364E-04       3.92000E-05       5.66103E-06       1.44414E-01       1.22949E-04       1.25745E-04
       8.70964E-04       9.12011E-04       8.91487E-04       4.10470E-05       5.92782E-06       1.44415E-01       1.28745E-04       1.31673E-04
       9.12011E-04       9.54993E-04       9.33502E-04       4.29820E-05       6.20720E-06       1.44414E-01       1.34811E-04       1.37880E-04
       9.54993E-04       1.00000E-03       9.77497E-04       4.50070E-05       6.49974E-06       1.44416E-01       1.41166E-04       1.44380E-04
       1.00000E-03       1.04713E-03       1.02356E-03       4.71300E-05       6.80612E-06       1.44412E-01       1.47815E-04       1.51186E-04
       1.04713E-03       1.09648E-03       1.07180E-03       4.93500E-05       7.12672E-06       1.44412E-01       1.54781E-04       1.58313E-04
       1.09648E-03       1.14815E-03       1.12231E-03       5.16700E-05       7.46278E-06       1.44431E-01       1.62097E-04       1.65776E-04
       1.14815E-03       1.20226E-03       1.17520E-03       5.41100E-05       7.81429E-06       1.44415E-01       1.69717E-04       1.73590E-04
       1.20226E-03       1.25892E-03       1.23059E-03       5.66600E-05       8.18268E-06       1.44417E-01       1.77718E-04       1.81773E-04
       1.25892E-03       1.31826E-03       1.28859E-03       5.93400E-05       8.56842E-06       1.44395E-01       1.86067E-04       1.90341E-04
       1.31826E-03       1.38038E-03       1.34932E-03       6.21200E-05       8.97205E-06       1.44431E-01       1.94884E-04       1.99313E-04
       1.38038E-03       1.44544E-03       1.41291E-03       6.50599E-05       9.39505E-06       1.44406E-01       2.04033E-04       2.08708E-04
       1.44544E-03       1.51356E-03       1.47950E-03       6.81201E-05       9.83767E-06       1.44416E-01       2.13664E-04       2.18546E-04
       1.51356E-03       1.58489E-03       1.54923E-03       7.13300E-05       1.03014E-05       1.44419E-01       2.23737E-04       2.28847E-04
       1.58489E-03       1.65959E-03       1.62224E-03       7.47000E-05       1.07869E-05       1.44403E-01       2.34257E-04       2.39634E-04
       1.65959E-03       1.73780E-03       1.69870E-03       7.82101E-05       1.12952E-05       1.44422E-01       2.45329E-04       2.50929E-04
       1.73780E-03       1.81970E-03       1.77875E-03       8.18999E-05       1.18276E-05       1.44415E-01       2.56878E-04       2.62757E-04
       1.81970E-03       1.90546E-03       1.86258E-03       8.57600E-05       1.23850E-05       1.44415E-01       2.68984E-04       2.75142E-04
       1.90546E-03       1.99526E-03       1.95036E-03       8.98001E-05       1.29686E-05       1.44416E-01       2.81664E-04       2.88111E-04
       1.99526E-03       2.08930E-03       2.04228E-03       9.40400E-05       1.35799E-05       1.44405E-01       2.94916E-04       3.01690E-04
       2.08930E-03       2.18776E-03       2.13853E-03       9.84600E-05       1.42199E-05       1.44424E-01       3.08854E-04       3.15910E-04
       2.18776E-03       2.29087E-03       2.23932E-03       1.03110E-04       1.48900E-05       1.44409E-01       3.23377E-04       3.30800E-04
       2.29087E-03       2.39883E-03       2.34485E-03       1.07960E-04       1.55917E-05       1.44421E-01       3.38647E-04       3.46392E-04
       2.39883E-03       2.51189E-03       2.45536E-03       1.13060E-04       1.63265E-05       1.44406E-01       3.54568E-04       3.62719E-04
       2.51189E-03       2.63027E-03       2.57108E-03       1.18380E-04       1.70961E-05       1.44417E-01       3.71308E-04       3.79815E-04
       2.63027E-03       2.75423E-03       2.69225E-03       1.23960E-04       1.79019E-05       1.44416E-01       3.88805E-04       3.97717E-04
       2.75423E-03       2.88403E-03       2.81913E-03       1.29800E-04       1.87454E-05       1.44417E-01       4.07132E-04       4.16462E-04
       2.88403E-03       3.01995E-03       2.95199E-03       1.35920E-04       1.96289E-05       1.44415E-01       4.26313E-04       4.36091E-04
       3.01995E-03       3.16228E-03       3.09112E-03       1.42330E-04       2.05539E-05       1.44410E-01       4.46388E-04       4.56645E-04
       3.16228E-03       3.31131E-03       3.23679E-03       1.49030E-04       2.15225E-05       1.44417E-01       4.67449E-04       4.78167E-04
       3.31131E-03       3.46737E-03       3.38934E-03       1.56060E-04       2.25371E-05       1.44413E-01       4.89465E-04       5.00704E-04
       3.46737E-03       3.63078E-03       3.54907E-03       1.63410E-04       2.35991E-05       1.44417E-01       5.12545E-04       5.24304E-04
       3.63078E-03       3.80189E-03       3.71633E-03       1.71110E-04       2.47112E-05       1.44417E-01       5.36703E-04       5.49015E-04
       3.80189E-03       3.98107E-03       3.89148E-03       1.79180E-04       2.58759E-05       1.44413E-01       5.61980E-04       5.74891E-04
       3.98107E-03       4.16869E-03       4.07488E-03       1.87620E-04       2.70955E-05       1.44417E-01       5.88481E-04       6.01986E-04
       4.16869E-03       4.36516E-03       4.26693E-03       1.96470E-04       2.83723E-05       1.44410E-01       6.16188E-04       6.30358E-04
       4.36516E-03       4.57088E-03       4.46802E-03       2.05720E-04       2.97095E-05       1.44417E-01       6.45260E-04       6.60068E-04
       4.57088E-03       4.78630E-03       4.67859E-03       2.15420E-04       3.11097E-05       1.44414E-01       6.75656E-04       6.91178E-04
       4.78630E-03       5.01187E-03       4.89909E-03       2.25570E-04       3.25758E-05       1.44415E-01       7.07502E-04       7.23753E-04
       5.01187E-03       5.24807E-03       5.12997E-03       2.36200E-04       3.41112E-05       1.44417E-01       7.40853E-04       7.57865E-04
       5.24807E-03       5.49541E-03       5.37174E-03       2.47340E-04       3.57187E-05       1.44411E-01       7.75738E-04       7.93583E-04
       5.49541E-03       5.75440E-03       5.62491E-03       2.58990E-04       3.74019E-05       1.44415E-01       8.12319E-04       8.30985E-04
       5.75440E-03       6.02560E-03       5.89000E-03       2.71200E-04       3.91648E-05       1.44413E-01       8.50591E-04       8.70150E-04
       6.02560E-03       6.30957E-03       6.16759E-03       2.83970E-04       4.10104E-05       1.44418E-01       8.90712E-04       9.11160E-04
       6.30957E-03       6.60693E-03       6.45825E-03       2.97360E-04       4.29432E-05       1.44415E-01       9.32667E-04       9.54104E-04
       6.60693E-03       6.91831E-03       6.76262E-03       3.11380E-04       4.49672E-05       1.44413E-01       9.76609E-04       9.99071E-04
       6.91831E-03       7.24436E-03       7.08133E-03       3.26050E-04       4.70864E-05       1.44415E-01       1.02265E-03       1.04616E-03
       7.24436E-03       7.58578E-03       7.41507E-03       3.41420E-04       4.93055E-05       1.44413E-01       1.07083E-03       1.09546E-03
       7.58578E-03       7.94328E-03       7.76453E-03       3.57500E-04       5.16291E-05       1.44417E-01       1.12133E-03       1.14709E-03
       7.94328E-03       8.31764E-03       8.13046E-03       3.74360E-04       5.40625E-05       1.44413E-01       1.17415E-03       1.20115E-03
       8.31764E-03       8.70964E-03       8.51364E-03       3.92000E-04       5.66103E-05       1.44414E-01       1.22949E-03       1.25776E-03
       8.70964E-03       9.12011E-03       8.91487E-03       4.10471E-04       5.92782E-05       1.44415E-01       1.28744E-03       1.31704E-03
       9.12011E-03       9.54993E-03       9.33502E-03       4.29819E-04       6.20720E-05       1.44414E-01       1.34811E-03       1.37912E-03
       9.54993E-03       1.00000E-02       9.77496E-03       4.50070E-04       6.49974E-05       1.44416E-01       1.41166E-03       1.44411E-03
       1.00000E-02       1.04713E-02       1.02357E-02       4.71300E-04       6.80612E-05       1.44412E-01       1.47815E-03       1.51217E-03
       1.04713E-02       1.09648E-02       1.07180E-02       4.93500E-04       7.12672E-05       1.44412E-01       1.54781E-03       1.58344E-03
       1.09648E-02       1.14815E-02       1.12232E-02       5.16700E-04       7.46278E-05       1.44431E-01       1.62098E-03       1.65807E-03
       1.14815E-02       1.20226E-02       1.17521E-02       5.41100E-04       7.81429E-05       1.44415E-01       1.69717E-03       1.73621E-03
       1.20226E-02       1.25892E-02       1.23059E-02       5.66601E-04       8.18268E-05       1.44417E-01       1.77718E-03       1.81804E-03
       1.25892E-02       1.31826E-02       1.28859E-02       5.93399E-04       8.56842E-05       1.44396E-01       1.86067E-03       1.90372E-03
       1.31826E-02       1.38038E-02       1.34932E-02       6.21200E-04       8.97205E-05       1.44431E-01       1.94884E-03       1.99344E-03
       1.38038E-02       1.44544E-02       1.41291E-02       6.50601E-04       9.39505E-05       1.44406E-01       2.04032E-03       2.08739E-03
       1.44544E-02       1.51356E-02       1.47950E-02       6.81199E-04       9.83767E-05       1.44417E-01       2.13665E-03       2.18577E-03
       1.51356E-02       1.58489E-02       1.54923E-02       7.13301E-04       1.03014E-04       1.44419E-01       2.23737E-03       2.28878E-03
       1.58489E-02       1.65959E-02       1.62224E-02       7.47000E-04       1.07869E-04       1.44403E-01       2.34256E-03       2.39665E-03
       1.65959E-02       1.73780E-02       1.69870E-02       7.82100E-04       1.12952E-04       1.44422E-01       2.45329E-03       2.50961E-03
       1.73780E-02       1.81970E-02       1.77875E-02       8.19000E-04       1.18276E-04       1.44415E-01       2.56878E-03       2.62788E-03
       1.81970E-02       1.90546E-02       1.86258E-02       8.57600E-04       1.23850E-04       1.44415E-01       2.68984E-03       2.75173E-03
       1.90546E-02       1.99526E-02       1.95036E-02       8.98000E-04       1.29686E-04       1.44416E-01       2.81664E-03       2.88142E-03
       1.99526E-02       2.08930E-02       2.04228E-02       9.40400E-04       1.35799E-04       1.44405E-01       2.94916E-03       3.01722E-03
       2.08930E-02       2.18776E-02       2.13853E-02       9.84600E-04       1.42199E-04       1.44424E-01       3.08854E-03       3.15942E-03
       2.18776E-02       2.29087E-02       2.23931E-02       1.03110E-03       1.48900E-04       1.44409E-01       3.23377E-03       3.30832E-03
       2.29087E-02       2.39883E-02       2.34485E-02       1.07960E-03       1.55917E-04       1.44421E-01       3.38646E-03       3.46423E-03
       2.39883E-02       2.51189E-02       2.45536E-02       1.13060E-03       1.63265E-04       1.44406E-01       3.54568E-03       3.62750E-03
       2.51189E-02       2.63027E-02       2.57108E-02       1.18380E-03       1.70961E-04       1.44418E-01       3.71309E-03       3.79846E-03
       2.63027E-02       2.75423E-02       2.69225E-02       1.23960E-03       1.79019E-04       1.44416E-01       3.88805E-03       3.97748E-03
       2.75423E-02       2.88403E-02       2.81913E-02       1.29800E-03       1.87454E-04       1.44417E-01       4.07132E-03       4.16493E-03
       2.88403E-02       3.01995E-02       2.95199E-02       1.35920E-03       1.96289E-04       1.44415E-01       4.26313E-03       4.36122E-03
       3.01995E-02       3.16228E-02       3.09112E-02       1.42330E-03       2.05539E-04       1.44410E-01       4.46388E-03       4.56676E-03
       3.16228E-02       3.31131E-02       3.23680E-02       1.49030E-03       2.15225E-04       1.44417E-01       4.67449E-03       4.78199E-03
       3.31131E-02       3.46737E-02       3.38934E-02       1.56060E-03       2.25371E-04       1.44413E-01       4.89465E-03       5.00736E-03
       3.46737E-02       3.63078E-02       3.54908E-02       1.63410E-03       2.35991E-04       1.44416E-01       5.12545E-03       5.24335E-03
       3.63078E-02       3.80189E-02       3.71633E-02       1.71110E-03       2.47112E-04       1.44417E-01       5.36703E-03       5.49046E-03
       3.80189E-02       3.98107E-02       3.89148E-02       1.79180E-03       2.58759E-04       1.44413E-01       5.61980E-03       5.74922E-03
       3.98107E-02       4.16869E-02       4.07488E-02       1.87620E-03       2.70955E-04       1.44417E-01       5.88481E-03       6.02017E-03
       4.16869E-02       4.36516E-02       4.26693E-02       1.96470E-03       2.83723E-04       1.44410E-01       6.16188E-03       6.30390E-03
       4.36516E-02       4.57088E-02       4.46802E-02       2.05720E-03       2.97095E-04       1.44417E-01       6.45260E-03       6.60099E-03
       4.57088E-02       4.78630E-02       4.67859E-02       2.15420E-03       3.11097E-04       1.44414E-01       6.75656E-03       6.91209E-03
       4.78630E-02       5.01187E-02       4.89908E-02       2.25570E-03       3.25758E-04       1.44415E-01       7.07504E-03       7.23785E-03
       5.01187E-02       5.24808E-02       5.12998E-02       2.36210E-03       3.41112E-04       1.44410E-01       7.40821E-03       7.57896E-03
       5.24808E-02       5.49541E-02       5.37174E-02       2.47330E-03       3.57187E-04       1.44417E-01       7.75771E-03       7.93614E-03
       5.49541E-02       5.75440E-02       5.62491E-02       2.58990E-03       3.74019E-04       1.44415E-01       8.12319E-03       8.31016E-03
       5.75440E-02       6.02560E-02       5.89000E-02       2.71200E-03       3.91648E-04       1.44413E-01       8.50592E-03       8.70181E-03
       6.02560E-02       6.30957E-02       6.16758E-02       2.83970E-03       4.10104E-04       1.44418E-01       8.90712E-03       9.11191E-03
       6.30957E-02       6.60693E-02       6.45825E-02       2.97360E-03       4.29432E-04       1.44415E-01       9.32669E-03       9.54135E-03
       6.60693E-02       6.91831E-02       6.76262E-02       3.11380E-03       4.49672E-04       1.44412E-01       9.76607E-03       9.99102E-03
       6.91831E-02       7.24436E-02       7.08134E-02       3.26050E-03       4.70864E-04       1.44415E-01       1.02265E-02       1.04619E-02
       7.24436E-02       7.58578E-02       7.41507E-02       3.41420E-03       4.93055E-04       1.44413E-01       1.07083E-02       1.09549E-02
       7.58578E-02       7.94328E-02       7.76453E-02       3.57500E-03       5.16291E-04       1.44417E-01       1.12133E-02       1.14712E-02
       7.94328E-02       8.31764E-02       8.13046E-02       3.74360E-03       5.40625E-04       1.44413E-01       1.17415E-02       1.20119E-02
       8.31764E-02       8.70964E-02       8.51364E-02       3.92000E-03       5.72295E-04       1.45994E-01       1.24294E-02       1.25842E-02
       8.70964E-02       9.12011E-02       8.91488E-02       4.10470E-03       6.07369E-04       1.47969E-01       1.31913E-02       1.31915E-02
       9.12011E-02       9.54993E-02       9.33502E-02       4.29820E-03       6.39369E-04       1.48753E-01       1.38861E-02       1.38309E-02
       9.54993E-02       1.00000E-01       9.77497E-02       4.50070E-03       6.69511E-04       1.48757E-01       1.45409E-02       1.45004E-02
       1.00000E-01       1.04713E-01       1.02357E-01       4.71300E-03       7.01071E-04       1.48753E-01       1.52258E-02       1.52015E-02
       1.04713E-01       1.09648E-01       1.07180E-01       4.93500E-03       7.34095E-04       1.48753E-01       1.59434E-02       1.59356E-02
       1.09648E-01       1.14815E-01       1.12231E-01       5.16700E-03       7.68710E-04       1.48773E-01       1.66970E-02       1.67043E-02
       1.14815E-01       1.20226E-01       1.17520E-01       5.41100E-03       8.04917E-04       1.48756E-01       1.74818E-02       1.75092E-02
       1.20226E-01       1.25892E-01       1.23059E-01       5.66600E-03       8.42865E-04       1.48758E-01       1.83061E-02       1.83521E-02
       1.25892E-01       1.31826E-01       1.28859E-01       5.93400E-03       8.82597E-04       1.48736E-01       1.91659E-02       1.92347E-02
       1.31826E-01       1.38038E-01       1.34932E-01       6.21200E-03       9.24175E-04       1.48772E-01       2.00742E-02       2.01588E-02
       1.38038E-01       1.44544E-01       1.41291E-01       6.50600E-03       9.67745E-04       1.48747E-01       2.10166E-02       2.11266E-02
       1.44544E-01       1.51356E-01       1.47950E-01       6.81200E-03       1.01334E-03       1.48758E-01       2.20087E-02       2.21399E-02
       1.51356E-01       1.58489E-01       1.54923E-01       7.13300E-03       1.06111E-03       1.48760E-01       2.30463E-02       2.32010E-02
       1.58489E-01       1.65959E-01       1.62224E-01       7.47000E-03       1.11112E-03       1.48744E-01       2.41298E-02       2.43121E-02
       1.65959E-01       1.73780E-01       1.69869E-01       7.82100E-03       1.15804E-03       1.48068E-01       2.51523E-02       2.54702E-02
       1.73780E-01       1.81970E-01       1.77875E-01       8.19000E-03       1.20579E-03       1.47227E-01       2.61880E-02       2.66760E-02
       1.81970E-01       1.90546E-01       1.86258E-01       8.57600E-03       1.26631E-03       1.47657E-01       2.75023E-02       2.79423E-02
       1.90546E-01       1.99526E-01       1.95036E-01       8.98000E-03       1.32604E-03       1.47666E-01       2.88003E-02       2.92683E-02
       1.99526E-01       2.08930E-01       2.04228E-01       9.40400E-03       1.38855E-03       1.47655E-01       3.01553E-02       3.06569E-02
       2.08930E-01       2.18776E-01       2.13853E-01       9.84600E-03       1.45399E-03       1.47674E-01       3.15804E-02       3.21109E-02
       2.18776E-01       2.29087E-01       2.23931E-01       1.03110E-02       1.52251E-03       1.47659E-01       3.30655E-02       3.36334E-02
       2.29087E-01       2.39883E-01       2.34485E-01       1.07960E-02       1.59426E-03       1.47671E-01       3.46267E-02       3.52276E-02
       2.39883E-01       2.51189E-01       2.45536E-01       1.13060E-02       1.66940E-03       1.47656E-01       3.62549E-02       3.68970E-02
       2.51189E-01       2.63027E-01       2.57108E-01       1.18380E-02       1.76802E-03       1.49351E-01       3.83995E-02       3.86651E-02
       2.63027E-01       2.75423E-01       2.69225E-01       1.23960E-02       1.93860E-03       1.56389E-01       4.21039E-02       4.06037E-02
       2.75423E-01       2.88403E-01       2.81913E-01       1.29800E-02       2.15874E-03       1.66313E-01       4.68857E-02       4.27624E-02
       2.88403E-01       3.01995E-01       2.95199E-01       1.35920E-02       2.26047E-03       1.66309E-01       4.90941E-02       4.50229E-02
       3.01995E-01       3.16228E-01       3.09112E-01       1.42330E-02       2.36700E-03       1.66304E-01       5.14064E-02       4.73899E-02
       3.16228E-01       3.31131E-01       3.23680E-01       1.49030E-02       2.47856E-03       1.66313E-01       5.38320E-02       4.98684E-02
       3.31131E-01       3.46737E-01       3.38934E-01       1.56060E-02       2.93502E-03       1.88070E-01       6.37433E-02       5.28034E-02
       3.46737E-01       3.63078E-01       3.54908E-01       1.63410E-02       3.81154E-03       2.33250E-01       8.27821E-02       5.66150E-02
       3.63078E-01       3.80189E-01       3.71633E-01       1.71110E-02       4.78497E-03       2.79643E-01       1.03925E-01       6.13999E-02
       3.80189E-01       3.98107E-01       3.89148E-01       1.79180E-02       5.03570E-03       2.81041E-01       1.09367E-01       6.64356E-02
       3.98107E-01       4.16869E-01       4.07488E-01       1.87620E-02       5.27302E-03       2.81048E-01       1.14524E-01       7.17087E-02
       4.16869E-01       4.36516E-01       4.26692E-01       1.96470E-02       8.88598E-03       4.52282E-01       1.92985E-01       8.05947E-02
       4.36516E-01       4.57088E-01       4.46802E-01       2.05720E-02       1.29813E-02       6.31017E-01       2.81940E-01       9.35759E-02
       4.57088E-01       4.78630E-01       4.67859E-01       2.15420E-02       1.49966E-02       6.96155E-01       3.25703E-01       1.08573E-01
       4.78630E-01       5.01187E-01       4.89909E-01       2.25570E-02       1.57033E-02       6.96162E-01       3.41055E-01       1.24276E-01
       5.01187E-01       5.24808E-01       5.12998E-01       2.36210E-02       2.79113E-02       1.18163E+00       6.06173E-01       1.52187E-01
       5.24808E-01       5.49541E-01       5.37174E-01       2.47330E-02       3.91889E-02       1.58448E+00       8.51140E-01       1.91376E-01
       5.49541E-01       5.75440E-01       5.62490E-01       2.58990E-02       4.29358E-02       1.65782E+00       9.32507E-01       2.34312E-01
       5.75440E-01       6.02560E-01       5.89000E-01       2.71200E-02       5.37536E-02       1.98207E+00       1.16744E+00       2.88065E-01
       6.02560E-01       6.30957E-01       6.16758E-01       2.83970E-02       8.57192E-02       3.01860E+00       1.86175E+00       3.73785E-01
       6.30957E-01       6.60693E-01       6.45825E-01       2.97360E-02       9.21013E-02       3.09730E+00       2.00031E+00       4.65886E-01
       6.60693E-01       6.91831E-01       6.76262E-01       3.11380E-02       9.51625E-02       3.05615E+00       2.06676E+00       5.61048E-01
       6.91831E-01       7.24436E-01       7.08133E-01       3.26050E-02       9.61635E-02       2.94935E+00       2.08853E+00       6.57212E-01
       7.24436E-01       7.58578E-01       7.41507E-01       3.41420E-02       9.69895E-02       2.84077E+00       2.10645E+00       7.54201E-01
       7.58578E-01       7.94328E-01       7.76453E-01       3.57500E-02       6.20594E-02       1.73593E+00       1.34787E+00       8.16261E-01
       7.94328E-01       8.31764E-01       8.13046E-01       3.74360E-02       4.56343E-02       1.21900E+00       9.91100E-01       8.61895E-01
       8.31764E-01       8.70964E-01       8.51364E-01       3.92000E-02       3.10031E-02       7.90895E-01       6.73340E-01       8.92898E-01
       8.70964E-01       9.12011E-01       8.91487E-01       4.10470E-02       1.47598E-02       3.59584E-01       3.20565E-01       9.07658E-01
       9.12011E-01       9.54993E-01       9.33502E-01       4.29820E-02       9.64985E-03       2.24509E-01       2.09580E-01       9.17308E-01
       9.54993E-01       1.00000E+00       9.77497E-01       4.50070E-02       7.69956E-03       1.71075E-01       1.67225E-01       9.25008E-01
       1.00000E+00       1.04713E+00       1.02357E+00       4.71300E-02       6.97470E-03       1.47988E-01       1.51476E-01       9.31982E-01
       1.04713E+00       1.09648E+00       1.07181E+00       4.93500E-02       7.27730E-03       1.47463E-01       1.58051E-01       9.39260E-01
       1.09648E+00       1.14815E+00       1.12231E+00       5.16700E-02       7.62025E-03       1.47479E-01       1.65518E-01       9.46880E-01
       1.14815E+00       1.20226E+00       1.17520E+00       5.41100E-02       7.96733E-03       1.47243E-01       1.73041E-01       9.54847E-01
       1.20226E+00       1.25892E+00       1.23059E+00       5.66600E-02       8.31327E-03       1.46722E-01       1.80555E-01       9.63160E-01
       1.25892E+00       1.31826E+00       1.28859E+00       5.93400E-02       8.59013E-03       1.44761E-01       1.86538E-01       9.71750E-01
       1.31826E+00       1.38038E+00       1.34932E+00       6.21200E-02       8.72068E-03       1.40384E-01       1.89424E-01       9.80471E-01
       1.38038E+00       1.44544E+00       1.41291E+00       6.50600E-02       8.33844E-03       1.28165E-01       1.81086E-01       9.88810E-01
       1.44544E+00       1.51356E+00       1.47950E+00       6.81200E-02       6.56423E-03       9.63627E-02       1.42569E-01       9.95374E-01
       1.51356E+00       1.58489E+00       1.54923E+00       7.13300E-02       3.54888E-03       4.97530E-02       7.70786E-02       9.98923E-01
       1.58489E+00       1.65959E+00       1.62224E+00       7.47000E-02       1.07730E-03       1.44217E-02       2.33955E-02       1.00000E+00

 Sum =                                                                         1.00000E+00
 Renormalization bin#   947 =                                                  6.34833E-04 barn        1.42000E+07        1.44000E+07        1.43000E+07
 Avg. Energy     bin#   947 =                                                  6.84916E-01 MeV         1.42000E+07        1.44000E+07
