"        MT=103 recoil spectrum "
" Initial neutron energy corresponds to the group:"
   1.16000E+01    1.18000E+01       0.00000E+00           796           862            67



          Low               High              Mid              Energy           Number             dn/de            E*dn/de          Cumulative
         Energy            Energy            Energy             Width          Fraction                               Sum   
         [MeV]             [MeV]             [MeV]              [MeV]

       3.98107E-02       4.16869E-02       4.07488E-02       1.87620E-03       0.00000E+00       0.00000E+00       0.00000E+00       0.00000E+00
       4.16869E-02       4.36516E-02       4.26693E-02       1.96470E-03       1.41982E-04       7.22666E-02       3.08356E-03       1.41982E-04
       4.36516E-02       4.57088E-02       4.46802E-02       2.05720E-03       3.12908E-04       1.52104E-01       6.79603E-03       4.54890E-04
       4.57088E-02       4.78630E-02       4.67859E-02       2.15420E-03       3.27655E-04       1.52100E-01       7.11615E-03       7.82545E-04
       4.78630E-02       5.01187E-02       4.89908E-02       2.25570E-03       3.43095E-04       1.52102E-01       7.45158E-03       1.12564E-03
       5.01187E-02       5.24808E-02       5.12998E-02       2.36210E-03       3.59267E-04       1.52096E-01       7.80250E-03       1.48491E-03
       5.24808E-02       5.49541E-02       5.37174E-02       2.47330E-03       3.76197E-04       1.52103E-01       8.17060E-03       1.86110E-03
       5.49541E-02       5.75440E-02       5.62491E-02       2.58990E-03       3.93926E-04       1.52101E-01       8.55554E-03       2.25503E-03
       5.75440E-02       6.02560E-02       5.89000E-02       2.71200E-03       4.12494E-04       1.52099E-01       8.95865E-03       2.66752E-03
       6.02560E-02       6.30957E-02       6.16758E-02       2.83970E-03       4.31932E-04       1.52105E-01       9.38120E-03       3.09946E-03
       6.30957E-02       6.60693E-02       6.45825E-02       2.97360E-03       4.52289E-04       1.52102E-01       9.82310E-03       3.55174E-03
       6.60693E-02       6.91831E-02       6.76262E-02       3.11380E-03       4.73606E-04       1.52099E-01       1.02859E-02       4.02535E-03
       6.91831E-02       7.24436E-02       7.08134E-02       3.26050E-03       4.95925E-04       1.52101E-01       1.07708E-02       4.52128E-03
       7.24436E-02       7.58578E-02       7.41507E-02       3.41420E-03       5.19297E-04       1.52099E-01       1.12783E-02       5.04057E-03
       7.58578E-02       7.94328E-02       7.76453E-02       3.57500E-03       5.43770E-04       1.52103E-01       1.18101E-02       5.58434E-03
       7.94328E-02       8.31764E-02       8.13046E-02       3.74360E-03       5.69399E-04       1.52099E-01       1.23664E-02       6.15374E-03
       8.31764E-02       8.70964E-02       8.51364E-02       3.92000E-03       1.71679E-03       4.37956E-01       3.72860E-02       7.87053E-03
       8.70964E-02       9.12011E-02       8.91488E-02       4.10470E-03       3.39489E-03       8.27074E-01       7.37326E-02       1.12654E-02
       9.12011E-02       9.54993E-02       9.33502E-02       4.29820E-03       3.55490E-03       8.27069E-01       7.72071E-02       1.48203E-02
       9.54993E-02       1.00000E-01       9.77497E-02       4.50070E-03       3.72244E-03       8.27079E-01       8.08467E-02       1.85428E-02
       1.00000E-01       1.04713E-01       1.02357E-01       4.71300E-03       3.89791E-03       8.27055E-01       8.46544E-02       2.24407E-02
       1.04713E-01       1.09648E-01       1.07180E-01       4.93500E-03       4.08151E-03       8.27054E-01       8.86441E-02       2.65222E-02
       1.09648E-01       1.14815E-01       1.12231E-01       5.16700E-03       4.27397E-03       8.27167E-01       9.28342E-02       3.07962E-02
       1.14815E-01       1.20226E-01       1.17520E-01       5.41100E-03       4.47528E-03       8.27071E-01       9.71978E-02       3.52714E-02
       1.20226E-01       1.25892E-01       1.23059E-01       5.66600E-03       4.68627E-03       8.27087E-01       1.01780E-01       3.99577E-02
       1.25892E-01       1.31826E-01       1.28859E-01       5.93400E-03       6.58927E-03       1.11043E+00       1.43088E-01       4.65470E-02
       1.31826E-01       1.38038E-01       1.34932E-01       6.21200E-03       7.91077E-03       1.27347E+00       1.71831E-01       5.44578E-02
       1.38038E-01       1.44544E-01       1.41291E-01       6.50600E-03       8.28373E-03       1.27324E+00       1.79898E-01       6.27415E-02
       1.44544E-01       1.51356E-01       1.47950E-01       6.81200E-03       8.67400E-03       1.27334E+00       1.88391E-01       7.14155E-02
       1.51356E-01       1.58489E-01       1.54923E-01       7.13300E-03       9.08284E-03       1.27335E+00       1.97271E-01       8.04983E-02
       1.58489E-01       1.65959E-01       1.62224E-01       7.47000E-03       9.51093E-03       1.27322E+00       2.06546E-01       9.00092E-02
       1.65959E-01       1.73780E-01       1.69869E-01       7.82100E-03       1.05419E-02       1.34789E+00       2.28966E-01       1.00551E-01
       1.73780E-01       1.81970E-01       1.77875E-01       8.19000E-03       1.19330E-02       1.45702E+00       2.59168E-01       1.12484E-01
       1.81970E-01       1.90546E-01       1.86258E-01       8.57600E-03       1.24954E-02       1.45702E+00       2.71381E-01       1.24980E-01
       1.90546E-01       1.99526E-01       1.95036E-01       8.98000E-03       1.30842E-02       1.45704E+00       2.84175E-01       1.38064E-01
       1.99526E-01       2.08930E-01       2.04228E-01       9.40400E-03       1.37010E-02       1.45693E+00       2.97546E-01       1.51765E-01
       2.08930E-01       2.18776E-01       2.13853E-01       9.84600E-03       1.43206E-02       1.45446E+00       3.11040E-01       1.66085E-01
       2.18776E-01       2.29087E-01       2.23931E-01       1.03110E-02       1.49614E-02       1.45101E+00       3.24927E-01       1.81047E-01
       2.29087E-01       2.39883E-01       2.34485E-01       1.07960E-02       1.56665E-02       1.45114E+00       3.40270E-01       1.96713E-01
       2.39883E-01       2.51189E-01       2.45536E-01       1.13060E-02       1.64047E-02       1.45098E+00       3.56267E-01       2.13118E-01
       2.51189E-01       2.63027E-01       2.57108E-01       1.18380E-02       1.70825E-02       1.44303E+00       3.71013E-01       2.30200E-01
       2.63027E-01       2.75423E-01       2.69225E-01       1.23960E-02       1.78084E-02       1.43663E+00       3.86776E-01       2.48009E-01
       2.75423E-01       2.88403E-01       2.81913E-01       1.29800E-02       1.86478E-02       1.43665E+00       4.05011E-01       2.66657E-01
       2.88403E-01       3.01995E-01       2.95199E-01       1.35920E-02       1.94837E-02       1.43347E+00       4.23158E-01       2.86140E-01
       3.01995E-01       3.16228E-01       3.09112E-01       1.42330E-02       2.02654E-02       1.42384E+00       4.40124E-01       3.06406E-01
       3.16228E-01       3.31131E-01       3.23680E-01       1.49030E-02       2.12152E-02       1.42355E+00       4.60775E-01       3.27621E-01
       3.31131E-01       3.46737E-01       3.38934E-01       1.56060E-02       2.21680E-02       1.42048E+00       4.81449E-01       3.49789E-01
       3.46737E-01       3.63078E-01       3.54908E-01       1.63410E-02       2.31051E-02       1.41393E+00       5.01815E-01       3.72894E-01
       3.63078E-01       3.80189E-01       3.71633E-01       1.71110E-02       2.41919E-02       1.41382E+00       5.25423E-01       3.97086E-01
       3.80189E-01       3.98107E-01       3.89148E-01       1.79180E-02       2.52485E-02       1.40911E+00       5.48353E-01       4.22334E-01
       3.98107E-01       4.16869E-01       4.07488E-01       1.87620E-02       2.64065E-02       1.40745E+00       5.73518E-01       4.48741E-01
       4.16869E-01       4.36516E-01       4.26692E-01       1.96470E-02       2.76221E-02       1.40592E+00       5.99895E-01       4.76363E-01
       4.36516E-01       4.57088E-01       4.46802E-01       2.05720E-02       2.88895E-02       1.40431E+00       6.27449E-01       5.05252E-01
       4.57088E-01       4.78630E-01       4.67859E-01       2.15420E-02       3.02547E-02       1.40445E+00       6.57086E-01       5.35507E-01
       4.78630E-01       5.01187E-01       4.89909E-01       2.25570E-02       3.16851E-02       1.40467E+00       6.88158E-01       5.67192E-01
       5.01187E-01       5.24808E-01       5.12998E-01       2.36210E-02       3.32234E-02       1.40652E+00       7.21541E-01       6.00416E-01
       5.24808E-01       5.49541E-01       5.37174E-01       2.47330E-02       3.48358E-02       1.40848E+00       7.56597E-01       6.35251E-01
       5.49541E-01       5.75440E-01       5.62490E-01       2.58990E-02       3.65854E-02       1.41262E+00       7.94584E-01       6.71837E-01
       5.75440E-01       6.02560E-01       5.89000E-01       2.71200E-02       3.83371E-02       1.41361E+00       8.32616E-01       7.10174E-01
       6.02560E-01       6.30957E-01       6.16758E-01       2.83970E-02       4.01029E-02       1.41222E+00       8.71001E-01       7.50277E-01
       6.30957E-01       6.60693E-01       6.45825E-01       2.97360E-02       4.11279E-02       1.38310E+00       8.93241E-01       7.91405E-01
       6.60693E-01       6.91831E-01       6.76262E-01       3.11380E-02       4.17921E-02       1.34216E+00       9.07650E-01       8.33197E-01
       6.91831E-01       7.24436E-01       7.08133E-01       3.26050E-02       4.12399E-02       1.26483E+00       8.95670E-01       8.74437E-01
       7.24436E-01       7.58578E-01       7.41507E-01       3.41420E-02       3.99622E-02       1.17047E+00       8.67913E-01       9.14399E-01
       7.58578E-01       7.94328E-01       7.76453E-01       3.57500E-02       3.69855E-02       1.03456E+00       8.03287E-01       9.51384E-01
       7.94328E-01       8.31764E-01       8.13046E-01       3.74360E-02       3.20961E-02       8.57359E-01       6.97072E-01       9.83481E-01
       8.31764E-01       8.70964E-01       8.51364E-01       3.92000E-02       1.65194E-02       4.21413E-01       3.58776E-01       1.00000E+00

 Sum =                                                                         1.00000E+00
 Renormalization bin#   934 =                                                  1.12617E-02 barn        1.16000E+07        1.18000E+07        1.17000E+07
 Avg. Energy     bin#   934 =                                                  4.56150E-01 MeV         1.16000E+07        1.18000E+07
