"        MT=104 recoil spectrum "
" Initial neutron energy corresponds to the group:"
   1.34000E+01    1.36000E+01       0.00000E+00           797           864            68



          Low               High              Mid              Energy           Number             dn/de            E*dn/de          Cumulative
         Energy            Energy            Energy             Width          Fraction                               Sum   
         [MeV]             [MeV]             [MeV]              [MeV]

       4.16869E-02       4.36516E-02       4.26693E-02       1.96470E-03       0.00000E+00       0.00000E+00       0.00000E+00       0.00000E+00
       4.36516E-02       4.57088E-02       4.46802E-02       2.05720E-03       1.29979E-04       6.31826E-02       2.82301E-03       1.29979E-04
       4.57088E-02       4.78630E-02       4.67859E-02       2.15420E-03       3.95596E-04       1.83640E-01       8.59175E-03       5.25576E-04
       4.78630E-02       5.01187E-02       4.89908E-02       2.25570E-03       4.57903E-04       2.02998E-01       9.94505E-03       9.83478E-04
       5.01187E-02       5.24808E-02       5.12998E-02       2.36210E-03       4.79483E-04       2.02990E-01       1.04133E-02       1.46296E-03
       5.24808E-02       5.49541E-02       5.37174E-02       2.47330E-03       5.02078E-04       2.02999E-01       1.09046E-02       1.96504E-03
       5.49541E-02       5.75440E-02       5.62491E-02       2.58990E-03       5.25742E-04       2.02997E-01       1.14184E-02       2.49078E-03
       5.75440E-02       6.02560E-02       5.89000E-02       2.71200E-03       5.50520E-04       2.02994E-01       1.19564E-02       3.04130E-03
       6.02560E-02       6.30957E-02       6.16758E-02       2.83970E-03       5.76464E-04       2.03002E-01       1.25203E-02       3.61777E-03
       6.30957E-02       6.60693E-02       6.45825E-02       2.97360E-03       6.03634E-04       2.02998E-01       1.31101E-02       4.22140E-03
       6.60693E-02       6.91831E-02       6.76262E-02       3.11380E-03       6.32083E-04       2.02994E-01       1.37277E-02       4.85348E-03
       6.91831E-02       7.24436E-02       7.08134E-02       3.26050E-03       6.61869E-04       2.02996E-01       1.43748E-02       5.51535E-03
       7.24436E-02       7.58578E-02       7.41507E-02       3.41420E-03       6.93061E-04       2.02994E-01       1.50521E-02       6.20841E-03
       7.58578E-02       7.94328E-02       7.76453E-02       3.57500E-03       7.25726E-04       2.03000E-01       1.57620E-02       6.93414E-03
       7.94328E-02       8.31764E-02       8.13046E-02       3.74360E-03       7.59930E-04       2.02994E-01       1.65044E-02       7.69407E-03
       8.31764E-02       8.70964E-02       8.51364E-02       3.92000E-03       7.95741E-04       2.02995E-01       1.72823E-02       8.48981E-03
       8.70964E-02       9.12011E-02       8.91488E-02       4.10470E-03       1.63651E-03       3.98692E-01       3.55429E-02       1.01263E-02
       9.12011E-02       9.54993E-02       9.33502E-02       4.29820E-03       3.58172E-03       8.33308E-01       7.77894E-02       1.37080E-02
       9.54993E-02       1.00000E-01       9.77497E-02       4.50070E-03       4.10641E-03       9.12393E-01       8.91861E-02       1.78145E-02
       1.00000E-01       1.04713E-01       1.02357E-01       4.71300E-03       4.29997E-03       9.12364E-01       9.33864E-02       2.21144E-02
       1.04713E-01       1.09648E-01       1.07180E-01       4.93500E-03       4.50253E-03       9.12366E-01       9.77879E-02       2.66170E-02
       1.09648E-01       1.14815E-01       1.12231E-01       5.16700E-03       4.71482E-03       9.12486E-01       1.02410E-01       3.13318E-02
       1.14815E-01       1.20226E-01       1.17520E-01       5.41100E-03       4.93692E-03       9.12385E-01       1.07224E-01       3.62687E-02
       1.20226E-01       1.25892E-01       1.23059E-01       5.66600E-03       5.16963E-03       9.12396E-01       1.12278E-01       4.14383E-02
       1.25892E-01       1.31826E-01       1.28859E-01       5.93400E-03       5.41405E-03       9.12378E-01       1.17568E-01       4.68524E-02
       1.31826E-01       1.38038E-01       1.34932E-01       6.21200E-03       5.79251E-03       9.32471E-01       1.25820E-01       5.26449E-02
       1.38038E-01       1.44544E-01       1.41291E-01       6.50600E-03       6.23863E-03       9.58904E-01       1.35485E-01       5.88835E-02
       1.44544E-01       1.51356E-01       1.47950E-01       6.81200E-03       6.54940E-03       9.61451E-01       1.42247E-01       6.54329E-02
       1.51356E-01       1.58489E-01       1.54923E-01       7.13300E-03       6.85814E-03       9.61467E-01       1.48953E-01       7.22911E-02
       1.58489E-01       1.65959E-01       1.62224E-01       7.47000E-03       7.18139E-03       9.61364E-01       1.55956E-01       7.94724E-02
       1.65959E-01       1.73780E-01       1.69869E-01       7.82100E-03       7.51981E-03       9.61489E-01       1.63328E-01       8.69922E-02
       1.73780E-01       1.81970E-01       1.77875E-01       8.19000E-03       7.87185E-03       9.61153E-01       1.70965E-01       9.48641E-02
       1.81970E-01       1.90546E-01       1.86258E-01       8.57600E-03       8.23640E-03       9.60401E-01       1.78882E-01       1.03100E-01
       1.90546E-01       1.99526E-01       1.95036E-01       8.98000E-03       8.62311E-03       9.60258E-01       1.87285E-01       1.11724E-01
       1.99526E-01       2.08930E-01       2.04228E-01       9.40400E-03       9.02959E-03       9.60187E-01       1.96097E-01       1.20753E-01
       2.08930E-01       2.18776E-01       2.13853E-01       9.84600E-03       9.45517E-03       9.60306E-01       2.05364E-01       1.30208E-01
       2.18776E-01       2.29087E-01       2.23931E-01       1.03110E-02       9.87072E-03       9.57300E-01       2.14370E-01       1.40079E-01
       2.29087E-01       2.39883E-01       2.34485E-01       1.07960E-02       1.02838E-02       9.52559E-01       2.23361E-01       1.50363E-01
       2.39883E-01       2.51189E-01       2.45536E-01       1.13060E-02       1.07609E-02       9.51789E-01       2.33698E-01       1.61124E-01
       2.51189E-01       2.63027E-01       2.57108E-01       1.18380E-02       1.12682E-02       9.51865E-01       2.44732E-01       1.72392E-01
       2.63027E-01       2.75423E-01       2.69225E-01       1.23960E-02       1.17508E-02       9.47950E-01       2.55212E-01       1.84143E-01
       2.75423E-01       2.88403E-01       2.81913E-01       1.29800E-02       1.22290E-02       9.42139E-01       2.65601E-01       1.96372E-01
       2.88403E-01       3.01995E-01       2.95199E-01       1.35920E-02       1.27958E-02       9.41422E-01       2.77907E-01       2.09168E-01
       3.01995E-01       3.16228E-01       3.09112E-01       1.42330E-02       1.33813E-02       9.40161E-01       2.90614E-01       2.22549E-01
       3.16228E-01       3.31131E-01       3.23680E-01       1.49030E-02       1.39180E-02       9.33908E-01       3.02287E-01       2.36467E-01
       3.31131E-01       3.46737E-01       3.38934E-01       1.56060E-02       1.45491E-02       9.32275E-01       3.15980E-01       2.51016E-01
       3.46737E-01       3.63078E-01       3.54908E-01       1.63410E-02       1.69989E-02       1.04026E+00       3.69195E-01       2.68015E-01
       3.63078E-01       3.80189E-01       3.71633E-01       1.71110E-02       2.26180E-02       1.32184E+00       4.91241E-01       2.90633E-01
       3.80189E-01       3.98107E-01       3.89148E-01       1.79180E-02       2.45467E-02       1.36995E+00       5.33112E-01       3.15180E-01
       3.98107E-01       4.16869E-01       4.07488E-01       1.87620E-02       2.57421E-02       1.37203E+00       5.59087E-01       3.40922E-01
       4.16869E-01       4.36516E-01       4.26692E-01       1.96470E-02       2.69789E-02       1.37318E+00       5.85926E-01       3.67901E-01
       4.36516E-01       4.57088E-01       4.46802E-01       2.05720E-02       2.78556E-02       1.35406E+00       6.04995E-01       3.95756E-01
       4.57088E-01       4.78630E-01       4.67859E-01       2.15420E-02       2.85225E-02       1.32404E+00       6.19466E-01       4.24279E-01
       4.78630E-01       5.01187E-01       4.89909E-01       2.25570E-02       3.01433E-02       1.33632E+00       6.54673E-01       4.54422E-01
       5.01187E-01       5.24808E-01       5.12998E-01       2.36210E-02       3.23033E-02       1.36757E+00       7.01558E-01       4.86725E-01
       5.24808E-01       5.49541E-01       5.37174E-01       2.47330E-02       3.43352E-02       1.38824E+00       7.45725E-01       5.21061E-01
       5.49541E-01       5.75440E-01       5.62490E-01       2.58990E-02       3.65550E-02       1.41144E+00       7.93924E-01       5.57616E-01
       5.75440E-01       6.02560E-01       5.89000E-01       2.71200E-02       3.87351E-02       1.42828E+00       8.41259E-01       5.96351E-01
       6.02560E-01       6.30957E-01       6.16758E-01       2.83970E-02       4.05648E-02       1.42849E+00       8.81033E-01       6.36915E-01
       6.30957E-01       6.60693E-01       6.45825E-01       2.97360E-02       4.06059E-02       1.36555E+00       8.81905E-01       6.77521E-01
       6.60693E-01       6.91831E-01       6.76262E-01       3.11380E-02       4.21566E-02       1.35386E+00       9.15567E-01       7.19678E-01
       6.91831E-01       7.24436E-01       7.08133E-01       3.26050E-02       4.48621E-02       1.37593E+00       9.74339E-01       7.64540E-01
       7.24436E-01       7.58578E-01       7.41507E-01       3.41420E-02       4.90594E-02       1.43692E+00       1.06549E+00       8.13599E-01
       7.58578E-01       7.94328E-01       7.76453E-01       3.57500E-02       5.10949E-02       1.42923E+00       1.10973E+00       8.64694E-01
       7.94328E-01       8.31764E-01       8.13046E-01       3.74360E-02       5.14384E-02       1.37404E+00       1.11715E+00       9.16133E-01
       8.31764E-01       8.70964E-01       8.51364E-01       3.92000E-02       4.82511E-02       1.23089E+00       1.04794E+00       9.64384E-01
       8.70964E-01       9.12011E-01       8.91487E-01       4.10470E-02       3.11209E-02       7.58178E-01       6.75907E-01       9.95505E-01
       9.12011E-01       9.54993E-01       9.33502E-01       4.29820E-02       4.49505E-03       1.04580E-01       9.76255E-02       1.00000E+00

 Sum =                                                                         1.00000E+00
 Renormalization bin#   943 =                                                  2.70197E-04 barn        1.34000E+07        1.36000E+07        1.35000E+07
 Avg. Energy     bin#   943 =                                                  5.20905E-01 MeV         1.34000E+07        1.36000E+07
