"        MT= 22 recoil spectrum "
" Initial neutron energy corresponds to the group:"
   1.34000E+01    1.36000E+01       0.00000E+00           615           873           259



          Low               High              Mid              Energy           Number             dn/de            E*dn/de          Cumulative
         Energy            Energy            Energy             Width          Fraction                               Sum   
         [MeV]             [MeV]             [MeV]              [MeV]

       9.97500E-06       1.00000E-05       9.98750E-06       2.49996E-08       0.00000E+00       0.00000E+00       0.00000E+00       0.00000E+00
       1.00000E-05       1.04713E-05       1.02356E-05       4.71300E-07       6.16784E-08       1.30869E-01       1.33953E-06       6.16784E-08
       1.04713E-05       1.09648E-05       1.07180E-05       4.93500E-07       6.45836E-08       1.30868E-01       1.40266E-06       1.26262E-07
       1.09648E-05       1.14815E-05       1.12232E-05       5.16700E-07       6.76314E-08       1.30891E-01       1.46901E-06       1.93893E-07
       1.14815E-05       1.20226E-05       1.17521E-05       5.41101E-07       7.08149E-08       1.30872E-01       1.53802E-06       2.64708E-07
       1.20226E-05       1.25892E-05       1.23059E-05       5.66600E-07       7.41555E-08       1.30878E-01       1.61057E-06       3.38864E-07
       1.25892E-05       1.31826E-05       1.28859E-05       5.93400E-07       7.76495E-08       1.30855E-01       1.68619E-06       4.16513E-07
       1.31826E-05       1.38038E-05       1.34932E-05       6.21200E-07       8.13076E-08       1.30888E-01       1.76610E-06       4.97821E-07
       1.38038E-05       1.44544E-05       1.41291E-05       6.50600E-07       8.51407E-08       1.30865E-01       1.84900E-06       5.82962E-07
       1.44544E-05       1.51356E-05       1.47950E-05       6.81200E-07       8.91522E-08       1.30875E-01       1.93630E-06       6.72114E-07
       1.51356E-05       1.58489E-05       1.54922E-05       7.13300E-07       9.33528E-08       1.30875E-01       2.02754E-06       7.65467E-07
       1.58489E-05       1.65959E-05       1.62224E-05       7.47000E-07       9.77533E-08       1.30861E-01       2.12288E-06       8.63220E-07
       1.65959E-05       1.73780E-05       1.69869E-05       7.82101E-07       1.02361E-07       1.30879E-01       2.22324E-06       9.65581E-07
       1.73780E-05       1.81970E-05       1.77875E-05       8.19000E-07       1.07186E-07       1.30874E-01       2.32793E-06       1.07277E-06
       1.81970E-05       1.90546E-05       1.86258E-05       8.57599E-07       1.12236E-07       1.30872E-01       2.43760E-06       1.18500E-06
       1.90546E-05       1.99526E-05       1.95036E-05       8.98001E-07       1.17525E-07       1.30874E-01       2.55252E-06       1.30253E-06
       1.99526E-05       2.08930E-05       2.04228E-05       9.40399E-07       1.23064E-07       1.30864E-01       2.67261E-06       1.42559E-06
       2.08930E-05       2.18776E-05       2.13853E-05       9.84600E-07       1.28864E-07       1.30879E-01       2.79889E-06       1.55446E-06
       2.18776E-05       2.29087E-05       2.23932E-05       1.03110E-06       1.34938E-07       1.30868E-01       2.93055E-06       1.68939E-06
       2.29087E-05       2.39883E-05       2.34485E-05       1.07960E-06       1.41298E-07       1.30880E-01       3.06894E-06       1.83069E-06
       2.39883E-05       2.51189E-05       2.45536E-05       1.13060E-06       1.47954E-07       1.30863E-01       3.21316E-06       1.97865E-06
       2.51189E-05       2.63027E-05       2.57108E-05       1.18380E-06       1.54931E-07       1.30876E-01       3.36493E-06       2.13358E-06
       2.63027E-05       2.75423E-05       2.69225E-05       1.23960E-06       1.62230E-07       1.30873E-01       3.52342E-06       2.29581E-06
       2.75423E-05       2.88403E-05       2.81913E-05       1.29800E-06       1.69878E-07       1.30877E-01       3.68959E-06       2.46569E-06
       2.88403E-05       3.01995E-05       2.95199E-05       1.35920E-06       1.77883E-07       1.30874E-01       3.86337E-06       2.64357E-06
       3.01995E-05       3.16228E-05       3.09111E-05       1.42330E-06       1.86267E-07       1.30869E-01       4.04532E-06       2.82984E-06
       3.16228E-05       3.31131E-05       3.23679E-05       1.49030E-06       1.95043E-07       1.30875E-01       4.23616E-06       3.02488E-06
       3.31131E-05       3.46737E-05       3.38934E-05       1.56060E-06       2.04236E-07       1.30870E-01       4.43564E-06       3.22911E-06
       3.46737E-05       3.63078E-05       3.54907E-05       1.63410E-06       2.13862E-07       1.30874E-01       4.64482E-06       3.44298E-06
       3.63078E-05       3.80189E-05       3.71634E-05       1.71110E-06       2.23940E-07       1.30875E-01       4.86375E-06       3.66692E-06
       3.80189E-05       3.98107E-05       3.89148E-05       1.79180E-06       2.34494E-07       1.30871E-01       5.09281E-06       3.90141E-06
       3.98107E-05       4.16869E-05       4.07488E-05       1.87620E-06       2.45547E-07       1.30874E-01       5.33298E-06       4.14696E-06
       4.16869E-05       4.36516E-05       4.26692E-05       1.96470E-06       2.57117E-07       1.30869E-01       5.58406E-06       4.40407E-06
       4.36516E-05       4.57088E-05       4.46802E-05       2.05720E-06       2.69237E-07       1.30876E-01       5.84755E-06       4.67331E-06
       4.57088E-05       4.78630E-05       4.67859E-05       2.15420E-06       2.81925E-07       1.30872E-01       6.12298E-06       4.95524E-06
       4.78630E-05       5.01187E-05       4.89908E-05       2.25570E-06       2.95212E-07       1.30874E-01       6.41162E-06       5.25045E-06
       5.01187E-05       5.24808E-05       5.12998E-05       2.36210E-06       3.09127E-07       1.30870E-01       6.71358E-06       5.55958E-06
       5.24808E-05       5.49541E-05       5.37174E-05       2.47330E-06       3.23692E-07       1.30875E-01       7.03025E-06       5.88327E-06
       5.49541E-05       5.75440E-05       5.62490E-05       2.58990E-06       3.38950E-07       1.30874E-01       7.36152E-06       6.22222E-06
       5.75440E-05       6.02560E-05       5.89000E-05       2.71200E-06       3.54924E-07       1.30872E-01       7.70834E-06       6.57714E-06
       6.02560E-05       6.30957E-05       6.16758E-05       2.83970E-06       3.71634E-07       1.30871E-01       8.07157E-06       6.94878E-06
       6.30957E-05       6.60693E-05       6.45825E-05       2.97360E-06       3.89157E-07       1.30871E-01       8.45197E-06       7.33793E-06
       6.60693E-05       6.91831E-05       6.76262E-05       3.11380E-06       4.07502E-07       1.30870E-01       8.85021E-06       7.74544E-06
       6.91831E-05       7.24436E-05       7.08134E-05       3.26051E-06       4.26703E-07       1.30870E-01       9.26735E-06       8.17214E-06
       7.24436E-05       7.58578E-05       7.41507E-05       3.41420E-06       4.46832E-07       1.30874E-01       9.70443E-06       8.61897E-06
       7.58578E-05       7.94328E-05       7.76453E-05       3.57500E-06       4.67888E-07       1.30878E-01       1.01621E-05       9.08686E-06
       7.94328E-05       8.31764E-05       8.13046E-05       3.74360E-06       4.89944E-07       1.30875E-01       1.06408E-05       9.57680E-06
       8.31764E-05       8.70964E-05       8.51364E-05       3.92000E-06       5.13035E-07       1.30876E-01       1.11423E-05       1.00898E-05
       8.70964E-05       9.12011E-05       8.91488E-05       4.10471E-06       5.37197E-07       1.30873E-01       1.16672E-05       1.06270E-05
       9.12011E-05       9.54993E-05       9.33502E-05       4.29820E-06       5.62501E-07       1.30869E-01       1.22167E-05       1.11895E-05
       9.54993E-05       1.00000E-04       9.77497E-05       4.50070E-06       5.89018E-07       1.30873E-01       1.27927E-05       1.17786E-05
       1.00000E-04       1.04713E-04       1.02356E-04       4.71300E-06       6.16785E-07       1.30869E-01       1.33953E-05       1.23953E-05
       1.04713E-04       1.09648E-04       1.07181E-04       4.93501E-06       6.45836E-07       1.30868E-01       1.40265E-05       1.30412E-05
       1.09648E-04       1.14815E-04       1.12232E-04       5.16700E-06       6.76314E-07       1.30891E-01       1.46901E-05       1.37175E-05
       1.14815E-04       1.20226E-04       1.17520E-04       5.41100E-06       7.08149E-07       1.30872E-01       1.53802E-05       1.44256E-05
       1.20226E-04       1.25892E-04       1.23059E-04       5.66600E-06       7.41555E-07       1.30878E-01       1.61057E-05       1.51672E-05
       1.25892E-04       1.31826E-04       1.28859E-04       5.93401E-06       7.76495E-07       1.30855E-01       1.68619E-05       1.59437E-05
       1.31826E-04       1.38038E-04       1.34932E-04       6.21199E-06       8.13076E-07       1.30888E-01       1.76610E-05       1.67568E-05
       1.38038E-04       1.44544E-04       1.41291E-04       6.50601E-06       8.51407E-07       1.30865E-01       1.84900E-05       1.76082E-05
       1.44544E-04       1.51356E-04       1.47950E-04       6.81200E-06       8.91522E-07       1.30875E-01       1.93630E-05       1.84997E-05
       1.51356E-04       1.58489E-04       1.54922E-04       7.13300E-06       9.33528E-07       1.30875E-01       2.02754E-05       1.94332E-05
       1.58489E-04       1.65959E-04       1.62224E-04       7.47000E-06       9.77533E-07       1.30861E-01       2.12288E-05       2.04108E-05
       1.65959E-04       1.73780E-04       1.69870E-04       7.82100E-06       1.02361E-06       1.30879E-01       2.22324E-05       2.14344E-05
       1.73780E-04       1.81970E-04       1.77875E-04       8.19000E-06       1.07186E-06       1.30874E-01       2.32793E-05       2.25062E-05
       1.81970E-04       1.90546E-04       1.86258E-04       8.57600E-06       1.12236E-06       1.30872E-01       2.43760E-05       2.36286E-05
       1.90546E-04       1.99526E-04       1.95036E-04       8.98000E-06       1.17525E-06       1.30875E-01       2.55252E-05       2.48038E-05
       1.99526E-04       2.08930E-04       2.04228E-04       9.40399E-06       1.23064E-06       1.30864E-01       2.67261E-05       2.60345E-05
       2.08930E-04       2.18776E-04       2.13853E-04       9.84601E-06       1.28864E-06       1.30879E-01       2.79889E-05       2.73231E-05
       2.18776E-04       2.29087E-04       2.23932E-04       1.03110E-05       1.34938E-06       1.30868E-01       2.93055E-05       2.86725E-05
       2.29087E-04       2.39883E-04       2.34485E-04       1.07960E-05       1.41298E-06       1.30880E-01       3.06894E-05       3.00855E-05
       2.39883E-04       2.51189E-04       2.45536E-04       1.13060E-05       1.47954E-06       1.30863E-01       3.21317E-05       3.15650E-05
       2.51189E-04       2.63027E-04       2.57108E-04       1.18380E-05       1.54931E-06       1.30876E-01       3.36493E-05       3.31143E-05
       2.63027E-04       2.75423E-04       2.69225E-04       1.23960E-05       1.62230E-06       1.30873E-01       3.52342E-05       3.47366E-05
       2.75423E-04       2.88403E-04       2.81913E-04       1.29800E-05       1.69878E-06       1.30877E-01       3.68958E-05       3.64354E-05
       2.88403E-04       3.01995E-04       2.95199E-04       1.35920E-05       1.77883E-06       1.30874E-01       3.86338E-05       3.82142E-05
       3.01995E-04       3.16228E-04       3.09111E-04       1.42330E-05       1.86267E-06       1.30870E-01       4.04533E-05       4.00769E-05
       3.16228E-04       3.31131E-04       3.23680E-04       1.49030E-05       1.95043E-06       1.30875E-01       4.23614E-05       4.20273E-05
       3.31131E-04       3.46737E-04       3.38934E-04       1.56060E-05       2.04236E-06       1.30870E-01       4.43564E-05       4.40697E-05
       3.46737E-04       3.63078E-04       3.54908E-04       1.63410E-05       2.13862E-06       1.30874E-01       4.64483E-05       4.62083E-05
       3.63078E-04       3.80189E-04       3.71634E-04       1.71110E-05       2.23940E-06       1.30875E-01       4.86376E-05       4.84477E-05
       3.80189E-04       3.98107E-04       3.89148E-04       1.79180E-05       2.34494E-06       1.30871E-01       5.09280E-05       5.07927E-05
       3.98107E-04       4.16869E-04       4.07488E-04       1.87620E-05       2.45547E-06       1.30875E-01       5.33298E-05       5.32481E-05
       4.16869E-04       4.36516E-04       4.26692E-04       1.96470E-05       2.57117E-06       1.30868E-01       5.58406E-05       5.58193E-05
       4.36516E-04       4.57088E-04       4.46802E-04       2.05720E-05       2.69237E-06       1.30876E-01       5.84754E-05       5.85117E-05
       4.57088E-04       4.78630E-04       4.67859E-04       2.15420E-05       2.81925E-06       1.30872E-01       6.12298E-05       6.13309E-05
       4.78630E-04       5.01187E-04       4.89909E-04       2.25570E-05       2.95212E-06       1.30874E-01       6.41162E-05       6.42830E-05
       5.01187E-04       5.24808E-04       5.12998E-04       2.36210E-05       3.09127E-06       1.30870E-01       6.71359E-05       6.73743E-05
       5.24808E-04       5.49541E-04       5.37175E-04       2.47330E-05       3.23692E-06       1.30875E-01       7.03025E-05       7.06112E-05
       5.49541E-04       5.75440E-04       5.62491E-04       2.58990E-05       3.38950E-06       1.30874E-01       7.36152E-05       7.40007E-05
       5.75440E-04       6.02560E-04       5.89000E-04       2.71200E-05       3.54924E-06       1.30872E-01       7.70835E-05       7.75500E-05
       6.02560E-04       6.30957E-04       6.16758E-04       2.83970E-05       3.71634E-06       1.30871E-01       8.07158E-05       8.12663E-05
       6.30957E-04       6.60693E-04       6.45825E-04       2.97360E-05       3.89157E-06       1.30871E-01       8.45196E-05       8.51579E-05
       6.60693E-04       6.91831E-04       6.76262E-04       3.11380E-05       4.07502E-06       1.30870E-01       8.85022E-05       8.92329E-05
       6.91831E-04       7.24436E-04       7.08133E-04       3.26050E-05       4.26703E-06       1.30870E-01       9.26737E-05       9.34999E-05
       7.24436E-04       7.58578E-04       7.41507E-04       3.41420E-05       4.46832E-06       1.30874E-01       9.70442E-05       9.79683E-05
       7.58578E-04       7.94328E-04       7.76453E-04       3.57500E-05       4.67888E-06       1.30878E-01       1.01620E-04       1.02647E-04
       7.94328E-04       8.31764E-04       8.13046E-04       3.74360E-05       4.89944E-06       1.30875E-01       1.06408E-04       1.07547E-04
       8.31764E-04       8.70964E-04       8.51364E-04       3.92000E-05       5.13035E-06       1.30876E-01       1.11423E-04       1.12677E-04
       8.70964E-04       9.12011E-04       8.91487E-04       4.10470E-05       5.37197E-06       1.30874E-01       1.16672E-04       1.18049E-04
       9.12011E-04       9.54993E-04       9.33502E-04       4.29820E-05       5.62501E-06       1.30869E-01       1.22166E-04       1.23674E-04
       9.54993E-04       1.00000E-03       9.77497E-04       4.50070E-05       5.89018E-06       1.30873E-01       1.27927E-04       1.29564E-04
       1.00000E-03       1.04713E-03       1.02356E-03       4.71300E-05       6.16785E-06       1.30869E-01       1.33953E-04       1.35732E-04
       1.04713E-03       1.09648E-03       1.07180E-03       4.93500E-05       6.45836E-06       1.30868E-01       1.40265E-04       1.42190E-04
       1.09648E-03       1.14815E-03       1.12231E-03       5.16700E-05       6.76314E-06       1.30891E-01       1.46901E-04       1.48953E-04
       1.14815E-03       1.20226E-03       1.17520E-03       5.41100E-05       7.08149E-06       1.30872E-01       1.53802E-04       1.56035E-04
       1.20226E-03       1.25892E-03       1.23059E-03       5.66600E-05       7.41555E-06       1.30878E-01       1.61057E-04       1.63451E-04
       1.25892E-03       1.31826E-03       1.28859E-03       5.93400E-05       7.76495E-06       1.30855E-01       1.68619E-04       1.71215E-04
       1.31826E-03       1.38038E-03       1.34932E-03       6.21200E-05       8.13076E-06       1.30888E-01       1.76610E-04       1.79346E-04
       1.38038E-03       1.44544E-03       1.41291E-03       6.50599E-05       8.51407E-06       1.30865E-01       1.84900E-04       1.87860E-04
       1.44544E-03       1.51356E-03       1.47950E-03       6.81201E-05       8.91522E-06       1.30875E-01       1.93629E-04       1.96775E-04
       1.51356E-03       1.58489E-03       1.54923E-03       7.13300E-05       9.33528E-06       1.30875E-01       2.02754E-04       2.06111E-04
       1.58489E-03       1.65959E-03       1.62224E-03       7.47000E-05       9.77533E-06       1.30861E-01       2.12288E-04       2.15886E-04
       1.65959E-03       1.73780E-03       1.69870E-03       7.82101E-05       1.02361E-05       1.30879E-01       2.22324E-04       2.26122E-04
       1.73780E-03       1.81970E-03       1.77875E-03       8.18999E-05       1.07186E-05       1.30874E-01       2.32793E-04       2.36841E-04
       1.81970E-03       1.90546E-03       1.86258E-03       8.57600E-05       1.12236E-05       1.30872E-01       2.43760E-04       2.48064E-04
       1.90546E-03       1.99526E-03       1.95036E-03       8.98001E-05       1.17525E-05       1.30874E-01       2.55252E-04       2.59817E-04
       1.99526E-03       2.08930E-03       2.04228E-03       9.40400E-05       1.23064E-05       1.30864E-01       2.67260E-04       2.72123E-04
       2.08930E-03       2.18776E-03       2.13853E-03       9.84600E-05       1.28864E-05       1.30879E-01       2.79889E-04       2.85010E-04
       2.18776E-03       2.29087E-03       2.23932E-03       1.03110E-04       1.34938E-05       1.30868E-01       2.93055E-04       2.98504E-04
       2.29087E-03       2.39883E-03       2.34485E-03       1.07960E-04       1.41298E-05       1.30880E-01       3.06894E-04       3.12633E-04
       2.39883E-03       2.51189E-03       2.45536E-03       1.13060E-04       1.47954E-05       1.30864E-01       3.21317E-04       3.27429E-04
       2.51189E-03       2.63027E-03       2.57108E-03       1.18380E-04       1.54931E-05       1.30876E-01       3.36493E-04       3.42922E-04
       2.63027E-03       2.75423E-03       2.69225E-03       1.23960E-04       1.62230E-05       1.30873E-01       3.52342E-04       3.59145E-04
       2.75423E-03       2.88403E-03       2.81913E-03       1.29800E-04       1.69878E-05       1.30877E-01       3.68959E-04       3.76133E-04
       2.88403E-03       3.01995E-03       2.95199E-03       1.35920E-04       1.77883E-05       1.30874E-01       3.86337E-04       3.93921E-04
       3.01995E-03       3.16228E-03       3.09112E-03       1.42330E-04       1.86267E-05       1.30870E-01       4.04533E-04       4.12548E-04
       3.16228E-03       3.31131E-03       3.23679E-03       1.49030E-04       1.95043E-05       1.30875E-01       4.23615E-04       4.32052E-04
       3.31131E-03       3.46737E-03       3.38934E-03       1.56060E-04       2.04236E-05       1.30870E-01       4.43564E-04       4.52476E-04
       3.46737E-03       3.63078E-03       3.54907E-03       1.63410E-04       2.13862E-05       1.30874E-01       4.64483E-04       4.73862E-04
       3.63078E-03       3.80189E-03       3.71633E-03       1.71110E-04       2.23940E-05       1.30875E-01       4.86376E-04       4.96256E-04
       3.80189E-03       3.98107E-03       3.89148E-03       1.79180E-04       2.34494E-05       1.30870E-01       5.09279E-04       5.19705E-04
       3.98107E-03       4.16869E-03       4.07488E-03       1.87620E-04       2.45547E-05       1.30875E-01       5.33298E-04       5.44260E-04
       4.16869E-03       4.36516E-03       4.26693E-03       1.96470E-04       2.57117E-05       1.30868E-01       5.58405E-04       5.69972E-04
       4.36516E-03       4.57088E-03       4.46802E-03       2.05720E-04       2.69237E-05       1.30876E-01       5.84756E-04       5.96895E-04
       4.57088E-03       4.78630E-03       4.67859E-03       2.15420E-04       2.81925E-05       1.30872E-01       6.12298E-04       6.25088E-04
       4.78630E-03       5.01187E-03       4.89909E-03       2.25570E-04       2.95212E-05       1.30874E-01       6.41161E-04       6.54609E-04
       5.01187E-03       5.24807E-03       5.12997E-03       2.36200E-04       3.09127E-05       1.30875E-01       6.71387E-04       6.85522E-04
       5.24807E-03       5.49541E-03       5.37174E-03       2.47340E-04       3.23692E-05       1.30869E-01       7.02995E-04       7.17891E-04
       5.49541E-03       5.75440E-03       5.62491E-03       2.58990E-04       3.38950E-05       1.30874E-01       7.36152E-04       7.51786E-04
       5.75440E-03       6.02560E-03       5.89000E-03       2.71200E-04       3.54924E-05       1.30872E-01       7.70834E-04       7.87278E-04
       6.02560E-03       6.30957E-03       6.16759E-03       2.83970E-04       3.71648E-05       1.30876E-01       8.07189E-04       8.24443E-04
       6.30957E-03       6.60693E-03       6.45825E-03       2.97360E-04       3.89165E-05       1.30873E-01       8.45211E-04       8.63360E-04
       6.60693E-03       6.91831E-03       6.76262E-03       3.11380E-04       4.07505E-05       1.30871E-01       8.85029E-04       9.04110E-04
       6.91831E-03       7.24436E-03       7.08133E-03       3.26050E-04       4.26710E-05       1.30873E-01       9.26753E-04       9.46781E-04
       7.24436E-03       7.58578E-03       7.41507E-03       3.41420E-04       4.46821E-05       1.30871E-01       9.70420E-04       9.91463E-04
       7.58578E-03       7.94328E-03       7.76453E-03       3.57500E-04       4.67878E-05       1.30875E-01       1.01618E-03       1.03825E-03
       7.94328E-03       8.31764E-03       8.13046E-03       3.74360E-04       4.89930E-05       1.30871E-01       1.06404E-03       1.08724E-03
       8.31764E-03       8.70964E-03       8.51364E-03       3.92000E-04       5.13021E-05       1.30873E-01       1.11420E-03       1.13855E-03
       8.70964E-03       9.12011E-03       8.91487E-03       4.10471E-04       5.37197E-05       1.30873E-01       1.16672E-03       1.19227E-03
       9.12011E-03       9.54993E-03       9.33502E-03       4.29819E-04       5.62515E-05       1.30872E-01       1.22170E-03       1.24852E-03
       9.54993E-03       1.00000E-02       9.77496E-03       4.50070E-04       5.89025E-05       1.30874E-01       1.27929E-03       1.30742E-03
       1.00000E-02       1.04713E-02       1.02357E-02       4.71300E-04       6.16792E-05       1.30870E-01       1.33954E-03       1.36910E-03
       1.04713E-02       1.09648E-02       1.07180E-02       4.93500E-04       6.45846E-05       1.30871E-01       1.40268E-03       1.43368E-03
       1.09648E-02       1.14815E-02       1.12232E-02       5.16700E-04       6.76300E-05       1.30888E-01       1.46898E-03       1.50131E-03
       1.14815E-02       1.20226E-02       1.17521E-02       5.41100E-04       7.08153E-05       1.30873E-01       1.53803E-03       1.57213E-03
       1.20226E-02       1.25892E-02       1.23059E-02       5.66601E-04       7.41540E-05       1.30875E-01       1.61054E-03       1.64628E-03
       1.25892E-02       1.31826E-02       1.28859E-02       5.93399E-04       7.76495E-05       1.30855E-01       1.68619E-03       1.72393E-03
       1.31826E-02       1.38038E-02       1.34932E-02       6.21200E-04       8.13073E-05       1.30887E-01       1.76609E-03       1.80524E-03
       1.38038E-02       1.44544E-02       1.41291E-02       6.50601E-04       8.51407E-05       1.30865E-01       1.84900E-03       1.89038E-03
       1.44544E-02       1.51356E-02       1.47950E-02       6.81199E-04       8.91518E-05       1.30875E-01       1.93629E-03       1.97953E-03
       1.51356E-02       1.58489E-02       1.54923E-02       7.13301E-04       9.33542E-05       1.30876E-01       2.02757E-03       2.07289E-03
       1.58489E-02       1.65959E-02       1.62224E-02       7.47000E-04       9.77544E-05       1.30863E-01       2.12291E-03       2.17064E-03
       1.65959E-02       1.73780E-02       1.69870E-02       7.82100E-04       1.02361E-04       1.30880E-01       2.22324E-03       2.27300E-03
       1.73780E-02       1.81970E-02       1.77875E-02       8.19000E-04       1.07185E-04       1.30873E-01       2.32790E-03       2.38019E-03
       1.81970E-02       1.90546E-02       1.86258E-02       8.57600E-04       1.12237E-04       1.30873E-01       2.43762E-03       2.49242E-03
       1.90546E-02       1.99526E-02       1.95036E-02       8.98000E-04       1.17525E-04       1.30874E-01       2.55252E-03       2.60995E-03
       1.99526E-02       2.08930E-02       2.04228E-02       9.40400E-04       1.23065E-04       1.30864E-01       2.67262E-03       2.73301E-03
       2.08930E-02       2.18776E-02       2.13853E-02       9.84600E-04       1.28865E-04       1.30881E-01       2.79893E-03       2.86188E-03
       2.18776E-02       2.29087E-02       2.23931E-02       1.03110E-03       1.34938E-04       1.30868E-01       2.93054E-03       2.99682E-03
       2.29087E-02       2.39883E-02       2.34485E-02       1.07960E-03       1.41297E-04       1.30879E-01       3.06891E-03       3.13811E-03
       2.39883E-02       2.51189E-02       2.45536E-02       1.13060E-03       1.47956E-04       1.30865E-01       3.21320E-03       3.28607E-03
       2.51189E-02       2.63027E-02       2.57108E-02       1.18380E-03       1.54930E-04       1.30875E-01       3.36491E-03       3.44100E-03
       2.63027E-02       2.75423E-02       2.69225E-02       1.23960E-03       1.62231E-04       1.30874E-01       3.52345E-03       3.60323E-03
       2.75423E-02       2.88403E-02       2.81913E-02       1.29800E-03       1.69877E-04       1.30876E-01       3.68956E-03       3.77311E-03
       2.88403E-02       3.01995E-02       2.95199E-02       1.35920E-03       1.77882E-04       1.30873E-01       3.86336E-03       3.95099E-03
       3.01995E-02       3.16228E-02       3.09112E-02       1.42330E-03       1.86266E-04       1.30869E-01       4.04532E-03       4.13726E-03
       3.16228E-02       3.31131E-02       3.23680E-02       1.49030E-03       1.95044E-04       1.30875E-01       4.23617E-03       4.33230E-03
       3.31131E-02       3.46737E-02       3.38934E-02       1.56060E-03       2.04238E-04       1.30871E-01       4.43568E-03       4.53654E-03
       3.46737E-02       3.63078E-02       3.54908E-02       1.63410E-03       2.13862E-04       1.30874E-01       4.64483E-03       4.75040E-03
       3.63078E-02       3.80189E-02       3.71633E-02       1.71110E-03       2.23941E-04       1.30875E-01       4.86377E-03       4.97434E-03
       3.80189E-02       3.98107E-02       3.89148E-02       1.79180E-03       2.34496E-04       1.30871E-01       5.09284E-03       5.20884E-03
       3.98107E-02       4.16869E-02       4.07488E-02       1.87620E-03       2.45546E-04       1.30874E-01       5.33297E-03       5.45438E-03
       4.16869E-02       4.36516E-02       4.26693E-02       1.96470E-03       2.57118E-04       1.30869E-01       5.58407E-03       5.71150E-03
       4.36516E-02       4.57088E-02       4.46802E-02       2.05720E-03       2.69237E-04       1.30876E-01       5.84755E-03       5.98074E-03
       4.57088E-02       4.78630E-02       4.67859E-02       2.15420E-03       2.81925E-04       1.30872E-01       6.12298E-03       6.26266E-03
       4.78630E-02       5.01187E-02       4.89908E-02       2.25570E-03       2.95211E-04       1.30874E-01       6.41161E-03       6.55787E-03
       5.01187E-02       5.24808E-02       5.12998E-02       2.36210E-03       3.09126E-04       1.30869E-01       6.71354E-03       6.86700E-03
       5.24808E-02       5.49541E-02       5.37174E-02       2.47330E-03       3.23693E-04       1.30875E-01       7.03027E-03       7.19069E-03
       5.49541E-02       5.75440E-02       5.62491E-02       2.58990E-03       3.38948E-04       1.30873E-01       7.36148E-03       7.52964E-03
       5.75440E-02       6.02560E-02       5.89000E-02       2.71200E-03       3.54923E-04       1.30871E-01       7.70833E-03       7.88456E-03
       6.02560E-02       6.30957E-02       6.16758E-02       2.83970E-03       3.71648E-04       1.30876E-01       8.07188E-03       8.25621E-03
       6.30957E-02       6.60693E-02       6.45825E-02       2.97360E-03       3.89165E-04       1.30873E-01       8.45212E-03       8.64538E-03
       6.60693E-02       6.91831E-02       6.76262E-02       3.11380E-03       4.07505E-04       1.30871E-01       8.85028E-03       9.05288E-03
       6.91831E-02       7.24436E-02       7.08134E-02       3.26050E-03       4.96825E-04       1.52377E-01       1.07903E-02       9.54971E-03
       7.24436E-02       7.58578E-02       7.41507E-02       3.41420E-03       7.63072E-04       2.23500E-01       1.65727E-02       1.03128E-02
       7.58578E-02       7.94328E-02       7.76453E-02       3.57500E-03       8.62988E-04       2.41395E-01       1.87432E-02       1.11758E-02
       7.94328E-02       8.31764E-02       8.13046E-02       3.74360E-03       9.03663E-04       2.41389E-01       1.96260E-02       1.20794E-02
       8.31764E-02       8.70964E-02       8.51364E-02       3.92000E-03       9.46248E-04       2.41390E-01       2.05511E-02       1.30257E-02
       8.70964E-02       9.12011E-02       8.91488E-02       4.10470E-03       9.90845E-04       2.41393E-01       2.15199E-02       1.40165E-02
       9.12011E-02       9.54993E-02       9.33502E-02       4.29820E-03       1.03754E-03       2.41391E-01       2.25339E-02       1.50541E-02
       9.54993E-02       1.00000E-01       9.77497E-02       4.50070E-03       1.08644E-03       2.41393E-01       2.35961E-02       1.61405E-02
       1.00000E-01       1.04713E-01       1.02357E-01       4.71300E-03       1.13765E-03       2.41386E-01       2.47075E-02       1.72782E-02
       1.04713E-01       1.09648E-01       1.07180E-01       4.93500E-03       1.19124E-03       2.41386E-01       2.58719E-02       1.84694E-02
       1.09648E-01       1.14815E-01       1.12231E-01       5.16700E-03       1.24741E-03       2.41419E-01       2.70948E-02       1.97168E-02
       1.14815E-01       1.20226E-01       1.17520E-01       5.41100E-03       1.30617E-03       2.41391E-01       2.83684E-02       2.10230E-02
       1.20226E-01       1.25892E-01       1.23059E-01       5.66600E-03       1.36775E-03       2.41396E-01       2.97059E-02       2.23907E-02
       1.25892E-01       1.31826E-01       1.28859E-01       5.93400E-03       1.43222E-03       2.41359E-01       3.11013E-02       2.38230E-02
       1.31826E-01       1.38038E-01       1.34932E-01       6.21200E-03       1.49969E-03       2.41418E-01       3.25751E-02       2.53226E-02
       1.38038E-01       1.44544E-01       1.41291E-01       6.50600E-03       1.60017E-03       2.45953E-01       3.47509E-02       2.69228E-02
       1.44544E-01       1.51356E-01       1.47950E-01       6.81200E-03       1.79710E-03       2.63814E-01       3.90313E-02       2.87199E-02
       1.51356E-01       1.58489E-01       1.54923E-01       7.13300E-03       1.91671E-03       2.68710E-01       4.16293E-02       3.06366E-02
       1.58489E-01       1.65959E-01       1.62224E-01       7.47000E-03       2.00705E-03       2.68681E-01       4.35865E-02       3.26437E-02
       1.65959E-01       1.73780E-01       1.69869E-01       7.82100E-03       2.10163E-03       2.68717E-01       4.56467E-02       3.47453E-02
       1.73780E-01       1.81970E-01       1.77875E-01       8.19000E-03       2.20068E-03       2.68703E-01       4.77955E-02       3.69460E-02
       1.81970E-01       1.90546E-01       1.86258E-01       8.57600E-03       2.30439E-03       2.68703E-01       5.00480E-02       3.92504E-02
       1.90546E-01       1.99526E-01       1.95036E-01       8.98000E-03       2.41298E-03       2.68706E-01       5.24073E-02       4.16634E-02
       1.99526E-01       2.08930E-01       2.04228E-01       9.40400E-03       2.52672E-03       2.68686E-01       5.48732E-02       4.41901E-02
       2.08930E-01       2.18776E-01       2.13853E-01       9.84600E-03       2.65067E-03       2.69213E-01       5.75720E-02       4.68407E-02
       2.18776E-01       2.29087E-01       2.23931E-01       1.03110E-02       2.79127E-03       2.70708E-01       6.06200E-02       4.96320E-02
       2.29087E-01       2.39883E-01       2.34485E-01       1.07960E-02       2.92608E-03       2.71033E-01       6.35532E-02       5.25581E-02
       2.39883E-01       2.51189E-01       2.45536E-01       1.13060E-02       3.06397E-03       2.71004E-01       6.65413E-02       5.56221E-02
       2.51189E-01       2.63027E-01       2.57108E-01       1.18380E-02       3.20840E-03       2.71025E-01       6.96827E-02       5.88305E-02
       2.63027E-01       2.75423E-01       2.69225E-01       1.23960E-02       3.35960E-03       2.71023E-01       7.29661E-02       6.21901E-02
       2.75423E-01       2.88403E-01       2.81913E-01       1.29800E-02       3.59764E-03       2.77168E-01       7.81372E-02       6.57877E-02
       2.88403E-01       3.01995E-01       2.95199E-01       1.35920E-02       4.30254E-03       3.16549E-01       9.34450E-02       7.00902E-02
       3.01995E-01       3.16228E-01       3.09112E-01       1.42330E-02       4.72000E-03       3.31623E-01       1.02509E-01       7.48102E-02
       3.16228E-01       3.31131E-01       3.23680E-01       1.49030E-02       4.94241E-03       3.31639E-01       1.07345E-01       7.97526E-02
       3.31131E-01       3.46737E-01       3.38934E-01       1.56060E-02       5.17539E-03       3.31628E-01       1.12400E-01       8.49280E-02
       3.46737E-01       3.63078E-01       3.54908E-01       1.63410E-02       6.44790E-03       3.94584E-01       1.40041E-01       9.13759E-02
       3.63078E-01       3.80189E-01       3.71633E-01       1.71110E-02       1.06221E-02       6.20776E-01       2.30701E-01       1.01998E-01
       3.80189E-01       3.98107E-01       3.89148E-01       1.79180E-02       1.21875E-02       6.80184E-01       2.64692E-01       1.14186E-01
       3.98107E-01       4.16869E-01       4.07488E-01       1.87620E-02       1.27619E-02       6.80199E-01       2.77173E-01       1.26947E-01
       4.16869E-01       4.36516E-01       4.26692E-01       1.96470E-02       1.69581E-02       8.63142E-01       3.68296E-01       1.43906E-01
       4.36516E-01       4.57088E-01       4.46802E-01       2.05720E-02       2.99141E-02       1.45411E+00       6.49701E-01       1.73820E-01
       4.57088E-01       4.78630E-01       4.67859E-01       2.15420E-02       3.42753E-02       1.59109E+00       7.44407E-01       2.08095E-01
       4.78630E-01       5.01187E-01       4.89909E-01       2.25570E-02       3.76862E-02       1.67071E+00       8.18496E-01       2.45781E-01
       5.01187E-01       5.24808E-01       5.12998E-01       2.36210E-02       6.08405E-02       2.57569E+00       1.32132E+00       3.06622E-01
       5.24808E-01       5.49541E-01       5.37174E-01       2.47330E-02       7.67219E-02       3.10201E+00       1.66632E+00       3.83344E-01
       5.49541E-01       5.75440E-01       5.62490E-01       2.58990E-02       8.07302E-02       3.11712E+00       1.75335E+00       4.64074E-01
       5.75440E-01       6.02560E-01       5.89000E-01       2.71200E-02       8.64566E-02       3.18793E+00       1.87769E+00       5.50530E-01
       6.02560E-01       6.30957E-01       6.16758E-01       2.83970E-02       9.09563E-02       3.20302E+00       1.97549E+00       6.41487E-01
       6.30957E-01       6.60693E-01       6.45825E-01       2.97360E-02       8.12113E-02       2.73108E+00       1.76380E+00       7.22698E-01
       6.60693E-01       6.91831E-01       6.76262E-01       3.11380E-02       5.24274E-02       1.68371E+00       1.13863E+00       7.75125E-01
       6.91831E-01       7.24436E-01       7.08133E-01       3.26050E-02       4.56764E-02       1.40090E+00       9.92025E-01       8.20802E-01
       7.24436E-01       7.58578E-01       7.41507E-01       3.41420E-02       2.20187E-02       6.44914E-01       4.78208E-01       8.42820E-01
       7.58578E-01       7.94328E-01       7.76453E-01       3.57500E-02       1.45516E-02       4.07038E-01       3.16046E-01       8.57372E-01
       7.94328E-01       8.31764E-01       8.13046E-01       3.74360E-02       1.13943E-02       3.04368E-01       2.47465E-01       8.68766E-01
       8.31764E-01       8.70964E-01       8.51364E-01       3.92000E-02       1.05978E-02       2.70351E-01       2.30167E-01       8.79364E-01
       8.70964E-01       9.12011E-01       8.91487E-01       4.10470E-02       1.10183E-02       2.68430E-01       2.39302E-01       8.90382E-01
       9.12011E-01       9.54993E-01       9.33502E-01       4.29820E-02       1.15073E-02       2.67723E-01       2.49920E-01       9.01890E-01
       9.54993E-01       1.00000E+00       9.77497E-01       4.50070E-02       1.20322E-02       2.67341E-01       2.61325E-01       9.13922E-01
       1.00000E+00       1.04713E+00       1.02357E+00       4.71300E-02       1.26076E-02       2.67507E-01       2.73811E-01       9.26530E-01
       1.04713E+00       1.09648E+00       1.07181E+00       4.93500E-02       1.31801E-02       2.67074E-01       2.86251E-01       9.39710E-01
       1.09648E+00       1.14815E+00       1.12231E+00       5.16700E-02       1.36973E-02       2.65092E-01       2.97517E-01       9.53407E-01
       1.14815E+00       1.20226E+00       1.17520E+00       5.41100E-02       1.39123E-02       2.57111E-01       3.02158E-01       9.67319E-01
       1.20226E+00       1.25892E+00       1.23059E+00       5.66600E-02       1.35051E-02       2.38354E-01       2.93316E-01       9.80824E-01
       1.25892E+00       1.31826E+00       1.28859E+00       5.93400E-02       1.13128E-02       1.90644E-01       2.45662E-01       9.92137E-01
       1.31826E+00       1.38038E+00       1.34932E+00       6.21200E-02       6.67000E-03       1.07373E-01       1.44880E-01       9.98807E-01
       1.38038E+00       1.44544E+00       1.41291E+00       6.50600E-02       1.19303E-03       1.83373E-02       2.59090E-02       1.00000E+00

 Sum =                                                                         1.00000E+00
 Renormalization bin#   943 =                                                  2.80195E-05 barn        1.34000E+07        1.36000E+07        1.35000E+07
 Avg. Energy     bin#   943 =                                                  6.12003E-01 MeV         1.34000E+07        1.36000E+07
