"        MT= 53 recoil spectrum "
" Initial neutron energy corresponds to the group:"
   1.51356E+00    1.58489E+00       0.00000E+00           769           792            24
 Debug druck set-a:   769      0.00000E+00        5.41100E-04        0.00000E+00
 Debug druck set-a:   770      4.76048E-01        5.66601E-04        2.69729E-04
 Debug druck set-a:   771      1.32667E+00        5.93399E-04        7.87243E-04
 Debug druck set-a:   772      2.08521E+00        6.21200E-04        1.29533E-03
 Debug druck set-a:   773      2.66877E+00        6.50601E-04        1.73630E-03
 Debug druck set-a:   774      3.21094E+00        6.81199E-04        2.18729E-03
 Debug druck set-a:   775      3.40427E+00        7.13301E-04        2.42827E-03
 Debug druck set-a:   776      3.47493E+00        7.47000E-04        2.59577E-03
 Debug druck set-a:   777      3.47985E+00        7.82100E-04        2.72159E-03
 Debug druck set-a:   778      3.48320E+00        8.19000E-04        2.85274E-03
 Debug druck set-a:   779      3.48575E+00        8.57600E-04        2.98938E-03
 Debug druck set-a:   780      3.48729E+00        8.98000E-04        3.13159E-03
 Debug druck set-a:   781      3.48746E+00        9.40400E-04        3.27961E-03
 Debug druck set-a:   782      3.48718E+00        9.84600E-04        3.43348E-03
 Debug druck set-a:   783      3.48490E+00        1.03110E-03        3.59328E-03
 Debug druck set-a:   784      3.48197E+00        1.07960E-03        3.75914E-03
 Debug druck set-a:   785      3.47698E+00        1.13060E-03        3.93107E-03
 Debug druck set-a:   786      3.47116E+00        1.18380E-03        4.10915E-03
 Debug druck set-a:   787      3.30401E+00        1.23960E-03        4.09565E-03
 Debug druck set-a:   788      3.05998E+00        1.29800E-03        3.97186E-03
 Debug druck set-a:   789      2.53916E+00        1.35920E-03        3.45123E-03
 Debug druck set-a:   790      1.83804E+00        1.42330E-03        2.61609E-03
 Debug druck set-a:   791      9.76642E-01        1.49030E-03        1.45549E-03
 Debug druck set-a:   792      1.41771E-01        1.56060E-03        2.21248E-04



          Low               High              Mid              Energy           Number             dn/de            E*dn/de          Cumulative
         Energy            Energy            Energy             Width          Fraction                               Sum   
         [MeV]             [MeV]             [MeV]              [MeV]

       1.14815E-02       1.20226E-02       1.17521E-02       5.41100E-04       0.00000E+00       0.00000E+00       0.00000E+00       0.00000E+00
       1.20226E-02       1.25892E-02       1.23059E-02       5.66601E-04       4.42814E-03       7.81527E+00       9.61739E-02       4.42814E-03
       1.25892E-02       1.31826E-02       1.28859E-02       5.93399E-04       1.29242E-02       2.17799E+01       2.80653E-01       1.73523E-02
       1.31826E-02       1.38038E-02       1.34932E-02       6.21200E-04       2.12654E-02       3.42328E+01       4.61910E-01       3.86177E-02
       1.38038E-02       1.44544E-02       1.41291E-02       6.50601E-04       2.85048E-02       4.38131E+01       6.19039E-01       6.71225E-02
       1.44544E-02       1.51356E-02       1.47950E-02       6.81199E-04       3.59087E-02       5.27139E+01       7.79903E-01       1.03031E-01
       1.51356E-02       1.58489E-02       1.54923E-02       7.13301E-04       3.98649E-02       5.58879E+01       8.65829E-01       1.42896E-01
       1.58489E-02       1.65959E-02       1.62224E-02       7.47000E-04       4.26147E-02       5.70478E+01       9.25452E-01       1.85511E-01
       1.65959E-02       1.73780E-02       1.69870E-02       7.82100E-04       4.46803E-02       5.71287E+01       9.70442E-01       2.30191E-01
       1.73780E-02       1.81970E-02       1.77875E-02       8.19000E-04       4.68334E-02       5.71836E+01       1.01715E+00       2.77024E-01
       1.81970E-02       1.90546E-02       1.86258E-02       8.57600E-04       4.90766E-02       5.72255E+01       1.06587E+00       3.26101E-01
       1.90546E-02       1.99526E-02       1.95036E-02       8.98000E-04       5.14113E-02       5.72508E+01       1.11660E+00       3.77512E-01
       1.99526E-02       2.08930E-02       2.04228E-02       9.40400E-04       5.38413E-02       5.72536E+01       1.16928E+00       4.31354E-01
       2.08930E-02       2.18776E-02       2.13853E-02       9.84600E-04       5.63674E-02       5.72490E+01       1.22429E+00       4.87721E-01
       2.18776E-02       2.29087E-02       2.23931E-02       1.03110E-03       5.89908E-02       5.72116E+01       1.28115E+00       5.46712E-01
       2.29087E-02       2.39883E-02       2.34485E-02       1.07960E-03       6.17137E-02       5.71634E+01       1.34040E+00       6.08426E-01
       2.39883E-02       2.51189E-02       2.45536E-02       1.13060E-03       6.45363E-02       5.70815E+01       1.40156E+00       6.72962E-01
       2.51189E-02       2.63027E-02       2.57108E-02       1.18380E-03       6.74598E-02       5.69859E+01       1.46515E+00       7.40422E-01
       2.63027E-02       2.75423E-02       2.69225E-02       1.23960E-03       6.72382E-02       5.42418E+01       1.46032E+00       8.07660E-01
       2.75423E-02       2.88403E-02       2.81913E-02       1.29800E-03       6.52060E-02       5.02357E+01       1.41621E+00       8.72866E-01
       2.88403E-02       3.01995E-02       2.95199E-02       1.35920E-03       5.66588E-02       4.16854E+01       1.23055E+00       9.29525E-01
       3.01995E-02       3.16228E-02       3.09112E-02       1.42330E-03       4.29483E-02       3.01751E+01       9.32748E-01       9.72473E-01
       3.16228E-02       3.31131E-02       3.23680E-02       1.49030E-03       2.38948E-02       1.60335E+01       5.18972E-01       9.96368E-01
       3.31131E-02       3.46737E-02       3.38934E-02       1.56060E-03       3.63222E-03       2.32746E+00       7.88854E-02       1.00000E+00

 Sum =                                                                         1.00000E+00
 Renormalization bin#   875 =                                                  6.09125E-02 barn        1.51356E+06        1.58489E+06        1.54922E+06
 Avg. Energy     bin#   875 =                                                  2.21970E-02 MeV         1.51356E+06        1.58489E+06
