"        MT= 59 recoil spectrum "
" Initial neutron energy corresponds to the group:"
   2.51189E+00    2.63027E+00       0.00000E+00           778           804            27
 Debug druck set-a:   778      0.00000E+00        8.19000E-04        0.00000E+00
 Debug druck set-a:   779      1.53004E-02        8.57600E-04        1.31216E-05
 Debug druck set-a:   780      2.67293E-01        8.98000E-04        2.40029E-04
 Debug druck set-a:   781      5.18141E-01        9.40400E-04        4.87260E-04
 Debug druck set-a:   782      7.09673E-01        9.84600E-04        6.98744E-04
 Debug druck set-a:   783      9.00609E-01        1.03110E-03        9.28618E-04
 Debug druck set-a:   784      9.64884E-01        1.07960E-03        1.04169E-03
 Debug druck set-a:   785      9.59031E-01        1.13060E-03        1.08428E-03
 Debug druck set-a:   786      9.47957E-01        1.18380E-03        1.12219E-03
 Debug druck set-a:   787      9.37414E-01        1.23960E-03        1.16202E-03
 Debug druck set-a:   788      9.27673E-01        1.29800E-03        1.20412E-03
 Debug druck set-a:   789      9.18828E-01        1.35920E-03        1.24887E-03
 Debug druck set-a:   790      9.11093E-01        1.42330E-03        1.29676E-03
 Debug druck set-a:   791      9.04737E-01        1.49030E-03        1.34833E-03
 Debug druck set-a:   792      8.99854E-01        1.56060E-03        1.40431E-03
 Debug druck set-a:   793      8.96811E-01        1.63410E-03        1.46548E-03
 Debug druck set-a:   794      8.95823E-01        1.71110E-03        1.53284E-03
 Debug druck set-a:   795      8.97181E-01        1.79180E-03        1.60757E-03
 Debug druck set-a:   796      9.01317E-01        1.87620E-03        1.69105E-03
 Debug druck set-a:   797      9.08509E-01        1.96470E-03        1.78495E-03
 Debug druck set-a:   798      9.19318E-01        2.05720E-03        1.89122E-03
 Debug druck set-a:   799      9.30740E-01        2.15420E-03        2.00500E-03
 Debug druck set-a:   800      8.70635E-01        2.25570E-03        1.96389E-03
 Debug druck set-a:   801      6.96918E-01        2.36210E-03        1.64619E-03
 Debug druck set-a:   802      5.12218E-01        2.47330E-03        1.26687E-03
 Debug druck set-a:   803      2.73058E-01        2.58990E-03        7.07193E-04
 Debug druck set-a:   804      1.71465E-02        2.71200E-03        4.65014E-05



          Low               High              Mid              Energy           Number             dn/de            E*dn/de          Cumulative
         Energy            Energy            Energy             Width          Fraction                               Sum   
         [MeV]             [MeV]             [MeV]              [MeV]

       1.73780E-02       1.81970E-02       1.77875E-02       8.19000E-04       0.00000E+00       0.00000E+00       0.00000E+00       0.00000E+00
       1.81970E-02       1.90546E-02       1.86258E-02       8.57600E-04       4.24797E-04       4.95333E-01       9.22597E-03       4.24797E-04
       1.90546E-02       1.99526E-02       1.95036E-02       8.98000E-04       7.77067E-03       8.65331E+00       1.68771E-01       8.19547E-03
       1.99526E-02       2.08930E-02       2.04228E-02       9.40400E-04       1.57745E-02       1.67742E+01       3.42577E-01       2.39700E-02
       2.08930E-02       2.18776E-02       2.13853E-02       9.84600E-04       2.26211E-02       2.29749E+01       4.91325E-01       4.65910E-02
       2.18776E-02       2.29087E-02       2.23931E-02       1.03110E-03       3.00630E-02       2.91562E+01       6.52900E-01       7.66540E-02
       2.29087E-02       2.39883E-02       2.34485E-02       1.07960E-03       3.37235E-02       3.12370E+01       7.32461E-01       1.10378E-01
       2.39883E-02       2.51189E-02       2.45536E-02       1.13060E-03       3.51024E-02       3.10476E+01       7.62329E-01       1.45480E-01
       2.51189E-02       2.63027E-02       2.57108E-02       1.18380E-03       3.63296E-02       3.06890E+01       7.89039E-01       1.81810E-01
       2.63027E-02       2.75423E-02       2.69225E-02       1.23960E-03       3.76191E-02       3.03477E+01       8.17037E-01       2.19429E-01
       2.75423E-02       2.88403E-02       2.81913E-02       1.29800E-03       3.89820E-02       3.00324E+01       8.46652E-01       2.58411E-01
       2.88403E-02       3.01995E-02       2.95199E-02       1.35920E-03       4.04308E-02       2.97460E+01       8.78100E-01       2.98841E-01
       3.01995E-02       3.16228E-02       3.09112E-02       1.42330E-03       4.19812E-02       2.94956E+01       9.11744E-01       3.40823E-01
       3.16228E-02       3.31131E-02       3.23680E-02       1.49030E-03       4.36507E-02       2.92898E+01       9.48052E-01       3.84473E-01
       3.31131E-02       3.46737E-02       3.38934E-02       1.56060E-03       4.54630E-02       2.91318E+01       9.87375E-01       4.29936E-01
       3.46737E-02       3.63078E-02       3.54908E-02       1.63410E-03       4.74433E-02       2.90332E+01       1.03041E+00       4.77380E-01
       3.63078E-02       3.80189E-02       3.71633E-02       1.71110E-03       4.96240E-02       2.90013E+01       1.07778E+00       5.27003E-01
       3.80189E-02       3.98107E-02       3.89148E-02       1.79180E-03       5.20433E-02       2.90452E+01       1.13029E+00       5.79047E-01
       3.98107E-02       4.16869E-02       4.07488E-02       1.87620E-03       5.47458E-02       2.91791E+01       1.18901E+00       6.33793E-01
       4.16869E-02       4.36516E-02       4.26693E-02       1.96470E-03       5.77858E-02       2.94120E+01       1.25499E+00       6.91578E-01
       4.36516E-02       4.57088E-02       4.46802E-02       2.05720E-03       6.12261E-02       2.97619E+01       1.32977E+00       7.52804E-01
       4.57088E-02       4.78630E-02       4.67859E-02       2.15420E-03       6.49096E-02       3.01317E+01       1.40974E+00       8.17714E-01
       4.78630E-02       5.01187E-02       4.89908E-02       2.25570E-03       6.35787E-02       2.81858E+01       1.38085E+00       8.81293E-01
       5.01187E-02       5.24808E-02       5.12998E-02       2.36210E-03       5.32936E-02       2.25619E+01       1.15742E+00       9.34586E-01
       5.24808E-02       5.49541E-02       5.37174E-02       2.47330E-03       4.10135E-02       1.65825E+01       8.90769E-01       9.75600E-01
       5.49541E-02       5.75440E-02       5.62491E-02       2.58990E-03       2.28946E-02       8.83995E+00       4.97239E-01       9.98494E-01
       5.75440E-02       6.02560E-02       5.89000E-02       2.71200E-03       1.50543E-03       5.55100E-01       3.26954E-02       1.00000E+00

 Sum =                                                                         1.00000E+00
 Renormalization bin#   886 =                                                  3.08891E-02 barn        2.51189E+06        2.63027E+06        2.57108E+06
 Avg. Energy     bin#   886 =                                                  3.72326E-02 MeV         2.51189E+06        2.63027E+06
