"        MT= 63 recoil spectrum "
" Initial neutron energy corresponds to the group:"
   2.63027E+00    2.75423E+00       0.00000E+00           779           805            27
 Debug druck set-a:   779      0.00000E+00        8.57600E-04        0.00000E+00
 Debug druck set-a:   780      6.07918E-03        8.98000E-04        5.45910E-06
 Debug druck set-a:   781      1.40724E-01        9.40400E-04        1.32337E-04
 Debug druck set-a:   782      3.34900E-01        9.84600E-04        3.29742E-04
 Debug druck set-a:   783      5.41688E-01        1.03110E-03        5.58534E-04
 Debug druck set-a:   784      7.08607E-01        1.07960E-03        7.65013E-04
 Debug druck set-a:   785      8.07939E-01        1.13060E-03        9.13456E-04
 Debug druck set-a:   786      8.47407E-01        1.18380E-03        1.00316E-03
 Debug druck set-a:   787      8.52161E-01        1.23960E-03        1.05634E-03
 Debug druck set-a:   788      8.56649E-01        1.29800E-03        1.11193E-03
 Debug druck set-a:   789      8.60749E-01        1.35920E-03        1.16993E-03
 Debug druck set-a:   790      8.64434E-01        1.42330E-03        1.23035E-03
 Debug druck set-a:   791      8.67691E-01        1.49030E-03        1.29312E-03
 Debug druck set-a:   792      8.70301E-01        1.56060E-03        1.35819E-03
 Debug druck set-a:   793      8.72284E-01        1.63410E-03        1.42540E-03
 Debug druck set-a:   794      8.73480E-01        1.71110E-03        1.49461E-03
 Debug druck set-a:   795      8.73752E-01        1.79180E-03        1.56559E-03
 Debug druck set-a:   796      8.73042E-01        1.87620E-03        1.63800E-03
 Debug druck set-a:   797      8.71088E-01        1.96470E-03        1.71143E-03
 Debug druck set-a:   798      8.67869E-01        2.05720E-03        1.78538E-03
 Debug druck set-a:   799      8.63035E-01        2.15420E-03        1.85915E-03
 Debug druck set-a:   800      8.32753E-01        2.25570E-03        1.87844E-03
 Debug druck set-a:   801      7.41712E-01        2.36210E-03        1.75200E-03
 Debug druck set-a:   802      5.67485E-01        2.47330E-03        1.40356E-03
 Debug druck set-a:   803      3.56541E-01        2.58990E-03        9.23406E-04
 Debug druck set-a:   804      1.64633E-01        2.71200E-03        4.46486E-04
 Debug druck set-a:   805      1.82586E-02        2.83970E-03        5.18490E-05



          Low               High              Mid              Energy           Number             dn/de            E*dn/de          Cumulative
         Energy            Energy            Energy             Width          Fraction                               Sum   
         [MeV]             [MeV]             [MeV]              [MeV]

       1.81970E-02       1.90546E-02       1.86258E-02       8.57600E-04       0.00000E+00       0.00000E+00       0.00000E+00       0.00000E+00
       1.90546E-02       1.99526E-02       1.95036E-02       8.98000E-04       1.89139E-04       2.10623E-01       4.10790E-03       1.89139E-04
       1.99526E-02       2.08930E-02       2.04228E-02       9.40400E-04       4.58503E-03       4.87561E+00       9.95736E-02       4.77417E-03
       2.08930E-02       2.18776E-02       2.13853E-02       9.84600E-04       1.14244E-02       1.16031E+01       2.48136E-01       1.61986E-02
       2.18776E-02       2.29087E-02       2.23931E-02       1.03110E-03       1.93513E-02       1.87676E+01       4.20266E-01       3.55499E-02
       2.29087E-02       2.39883E-02       2.34485E-02       1.07960E-03       2.65051E-02       2.45508E+01       5.75680E-01       6.20550E-02
       2.39883E-02       2.51189E-02       2.45536E-02       1.13060E-03       3.16481E-02       2.79923E+01       6.87313E-01       9.37031E-02
       2.51189E-02       2.63027E-02       2.57108E-02       1.18380E-03       3.47561E-02       2.93598E+01       7.54864E-01       1.28459E-01
       2.63027E-02       2.75423E-02       2.69225E-02       1.23960E-03       3.65986E-02       2.95245E+01       7.94873E-01       1.65058E-01
       2.75423E-02       2.88403E-02       2.81913E-02       1.29800E-03       3.85246E-02       2.96800E+01       8.36717E-01       2.03582E-01
       2.88403E-02       3.01995E-02       2.95199E-02       1.35920E-03       4.05341E-02       2.98220E+01       8.80344E-01       2.44117E-01
       3.01995E-02       3.16228E-02       3.09112E-02       1.42330E-03       4.26274E-02       2.99497E+01       9.25780E-01       2.86744E-01
       3.16228E-02       3.31131E-02       3.23680E-02       1.49030E-03       4.48022E-02       3.00625E+01       9.73062E-01       3.31546E-01
       3.31131E-02       3.46737E-02       3.38934E-02       1.56060E-03       4.70567E-02       3.01530E+01       1.02199E+00       3.78603E-01
       3.46737E-02       3.63078E-02       3.54908E-02       1.63410E-03       4.93853E-02       3.02217E+01       1.07259E+00       4.27988E-01
       3.63078E-02       3.80189E-02       3.71633E-02       1.71110E-03       5.17831E-02       3.02631E+01       1.12468E+00       4.79771E-01
       3.80189E-02       3.98107E-02       3.89148E-02       1.79180E-03       5.42424E-02       3.02725E+01       1.17805E+00       5.34014E-01
       3.98107E-02       4.16869E-02       4.07488E-02       1.87620E-03       5.67511E-02       3.02479E+01       1.23257E+00       5.90765E-01
       4.16869E-02       4.36516E-02       4.26693E-02       1.96470E-03       5.92952E-02       3.01802E+01       1.28777E+00       6.50060E-01
       4.36516E-02       4.57088E-02       4.46802E-02       2.05720E-03       6.18573E-02       3.00687E+01       1.34348E+00       7.11917E-01
       4.57088E-02       4.78630E-02       4.67859E-02       2.15420E-03       6.44132E-02       2.99012E+01       1.39896E+00       7.76330E-01
       4.78630E-02       5.01187E-02       4.89908E-02       2.25570E-03       6.50816E-02       2.88521E+01       1.41349E+00       8.41412E-01
       5.01187E-02       5.24808E-02       5.12998E-02       2.36210E-03       6.07008E-02       2.56978E+01       1.31829E+00       9.02113E-01
       5.24808E-02       5.49541E-02       5.37174E-02       2.47330E-03       4.86286E-02       1.96614E+01       1.05616E+00       9.50741E-01
       5.49541E-02       5.75440E-02       5.62491E-02       2.58990E-03       3.19929E-02       1.23529E+01       6.94841E-01       9.82734E-01
       5.75440E-02       6.02560E-02       5.89000E-02       2.71200E-03       1.54692E-02       5.70399E+00       3.35965E-01       9.98203E-01
       6.02560E-02       6.30957E-02       6.16758E-02       2.83970E-03       1.79639E-03       6.32599E-01       3.90161E-02       1.00000E+00

 Sum =                                                                         1.00000E+00
 Renormalization bin#   887 =                                                  2.88629E-02 barn        2.63027E+06        2.75423E+06        2.69225E+06
 Avg. Energy     bin#   887 =                                                  3.88419E-02 MeV         2.63027E+06        2.75423E+06
