"        MT= 22 recoil spectrum "
" Initial neutron energy corresponds to the group:"
   7.20000E+00    7.40000E+00       0.00000E+00           831           850            20
 Debug druck set-a:   831      0.00000E+00        9.40400E-03        0.00000E+00
 Debug druck set-a:   832      1.03088E-10        9.84600E-03        1.01500E-12
 Debug druck set-a:   833      1.05945E-10        1.03110E-02        1.09240E-12
 Debug druck set-a:   834      1.06206E-10        1.07960E-02        1.14660E-12
 Debug druck set-a:   835      1.03733E-10        1.13060E-02        1.17280E-12
 Debug druck set-a:   836      1.01292E-10        1.18380E-02        1.19910E-12
 Debug druck set-a:   837      1.01041E-10        1.23960E-02        1.25250E-12
 Debug druck set-a:   838      1.00331E-10        1.29800E-02        1.30230E-12
 Debug druck set-a:   839      1.00258E-10        1.35920E-02        1.36270E-12
 Debug druck set-a:   840      1.00141E-10        1.42330E-02        1.42530E-12
 Debug druck set-a:   841      1.00154E-10        1.49030E-02        1.49260E-12
 Debug druck set-a:   842      1.00186E-10        1.56060E-02        1.56350E-12
 Debug druck set-a:   843      1.00196E-10        1.63410E-02        1.63730E-12
 Debug druck set-a:   844      1.00199E-10        1.71110E-02        1.71450E-12
 Debug druck set-a:   845      1.00206E-10        1.79180E-02        1.79550E-12
 Debug druck set-a:   846      1.00213E-10        1.87620E-02        1.88020E-12
 Debug druck set-a:   847      1.00199E-10        1.96470E-02        1.96860E-12
 Debug druck set-a:   848      9.98785E-11        2.05720E-02        2.05470E-12
 Debug druck set-a:   849      9.48705E-11        2.15420E-02        2.04370E-12
 Debug druck set-a:   850      6.92911E-11        2.25570E-02        1.56300E-12



          Low               High              Mid              Energy           Number             dn/de            E*dn/de          Cumulative
         Energy            Energy            Energy             Width          Fraction                               Sum   
         [MeV]             [MeV]             [MeV]              [MeV]

       1.99526E-01       2.08930E-01       2.04228E-01       9.40400E-03       0.00000E+00       0.00000E+00       0.00000E+00       0.00000E+00
       2.08930E-01       2.18776E-01       2.13853E-01       9.84600E-03       3.53877E-02       3.59412E+00       7.68613E-01       3.53877E-02
       2.18776E-01       2.29087E-01       2.23931E-01       1.03110E-02       3.80862E-02       3.69375E+00       8.27146E-01       7.34739E-02
       2.29087E-01       2.39883E-01       2.34485E-01       1.07960E-02       3.99759E-02       3.70284E+00       8.68261E-01       1.13450E-01
       2.39883E-01       2.51189E-01       2.45536E-01       1.13060E-02       4.08893E-02       3.61660E+00       8.88007E-01       1.54339E-01
       2.51189E-01       2.63027E-01       2.57108E-01       1.18380E-02       4.18063E-02       3.53153E+00       9.07985E-01       1.96145E-01
       2.63027E-01       2.75423E-01       2.69225E-01       1.23960E-02       4.36681E-02       3.52275E+00       9.48413E-01       2.39813E-01
       2.75423E-01       2.88403E-01       2.81913E-01       1.29800E-02       4.54043E-02       3.49802E+00       9.86137E-01       2.85218E-01
       2.88403E-01       3.01995E-01       2.95199E-01       1.35920E-02       4.75101E-02       3.49545E+00       1.03185E+00       3.32728E-01
       3.01995E-01       3.16228E-01       3.09112E-01       1.42330E-02       4.96927E-02       3.49137E+00       1.07922E+00       3.82421E-01
       3.16228E-01       3.31131E-01       3.23680E-01       1.49030E-02       5.20391E-02       3.49185E+00       1.13024E+00       4.34460E-01
       3.31131E-01       3.46737E-01       3.38934E-01       1.56060E-02       5.45110E-02       3.49295E+00       1.18388E+00       4.88971E-01
       3.46737E-01       3.63078E-01       3.54908E-01       1.63410E-02       5.70840E-02       3.49330E+00       1.23980E+00       5.46055E-01
       3.63078E-01       3.80189E-01       3.71633E-01       1.71110E-02       5.97755E-02       3.49340E+00       1.29826E+00       6.05830E-01
       3.80189E-01       3.98107E-01       3.89148E-01       1.79180E-02       6.25996E-02       3.49367E+00       1.35955E+00       6.68430E-01
       3.98107E-01       4.16869E-01       4.07488E-01       1.87620E-02       6.55526E-02       3.49390E+00       1.42372E+00       7.33982E-01
       4.16869E-01       4.36516E-01       4.26692E-01       1.96470E-02       6.86347E-02       3.49339E+00       1.49060E+00       8.02617E-01
       4.36516E-01       4.57088E-01       4.46802E-01       2.05720E-02       7.16365E-02       3.48223E+00       1.55587E+00       8.74254E-01
       4.57088E-01       4.78630E-01       4.67859E-01       2.15420E-02       7.12530E-02       3.30763E+00       1.54751E+00       9.45507E-01
       4.78630E-01       5.01187E-01       4.89909E-01       2.25570E-02       5.44935E-02       2.41581E+00       1.18353E+00       1.00000E+00

 Sum =                                                                         1.00000E+00
 Renormalization bin#   912 =                                                  2.86823E-11 barn        7.20000E+06        7.40000E+06        7.30000E+06
 Avg. Energy     bin#   912 =                                                  3.50393E-01 MeV         7.20000E+06        7.40000E+06
