"        MT= 28 recoil spectrum "
" Initial neutron energy corresponds to the group:"
   1.22000E+01    1.24000E+01       0.00000E+00           229           842           614



          Low               High              Mid              Energy           Number             dn/de            E*dn/de          Cumulative
         Energy            Energy            Energy             Width          Fraction                               Sum   
         [MeV]             [MeV]             [MeV]              [MeV]

       3.63078E-07       3.80189E-07       3.71633E-07       1.71110E-08       0.00000E+00       0.00000E+00       0.00000E+00       0.00000E+00
       3.80189E-07       3.98107E-07       3.89148E-07       1.79180E-08       5.64585E-08       3.15094E+00       1.22618E-06       5.64585E-08
       3.98107E-07       4.16869E-07       4.07488E-07       1.87620E-08       5.91201E-08       3.15105E+00       1.28402E-06       1.15579E-07
       4.16869E-07       4.36516E-07       4.26693E-07       1.96470E-08       6.19079E-08       3.15102E+00       1.34452E-06       1.77487E-07
       4.36516E-07       4.57088E-07       4.46802E-07       2.05720E-08       6.48220E-08       3.15098E+00       1.40786E-06       2.42309E-07
       4.57088E-07       4.78630E-07       4.67859E-07       2.15420E-08       6.78787E-08       3.15099E+00       1.47422E-06       3.10187E-07
       4.78630E-07       5.01187E-07       4.89909E-07       2.25570E-08       7.10781E-08       3.15104E+00       1.54372E-06       3.81265E-07
       5.01187E-07       5.24807E-07       5.12997E-07       2.36200E-08       7.44311E-08       3.15120E+00       1.61655E-06       4.55696E-07
       5.24807E-07       5.50000E-07       5.37403E-07       2.51930E-08       7.93811E-08       3.15092E+00       1.69331E-06       5.35078E-07
       5.50000E-07       5.75000E-07       5.62500E-07       2.50000E-08       7.87775E-08       3.15110E+00       1.77249E-06       6.13855E-07
       5.75000E-07       6.00000E-07       5.87500E-07       2.50000E-08       7.87775E-08       3.15109E+00       1.85127E-06       6.92633E-07
       6.00000E-07       6.25000E-07       6.12500E-07       2.50000E-08       7.87775E-08       3.15110E+00       1.93005E-06       7.71410E-07
       6.25000E-07       6.50000E-07       6.37500E-07       2.50000E-08       7.87775E-08       3.15110E+00       2.00883E-06       8.50187E-07
       6.50000E-07       6.75000E-07       6.62500E-07       2.50000E-08       7.87775E-08       3.15109E+00       2.08760E-06       9.28965E-07
       6.75000E-07       7.00000E-07       6.87500E-07       2.50000E-08       7.87775E-08       3.15110E+00       2.16638E-06       1.00774E-06
       7.00000E-07       7.25000E-07       7.12500E-07       2.50000E-08       7.87775E-08       3.15109E+00       2.24515E-06       1.08652E-06
       7.25000E-07       7.50000E-07       7.37500E-07       2.50000E-08       7.87775E-08       3.15110E+00       2.32394E-06       1.16530E-06
       7.50000E-07       7.75000E-07       7.62500E-07       2.50000E-08       7.87775E-08       3.15110E+00       2.40271E-06       1.24407E-06
       7.75000E-07       8.00000E-07       7.87500E-07       2.50000E-08       7.87775E-08       3.15109E+00       2.48149E-06       1.32285E-06
       8.00000E-07       8.25000E-07       8.12500E-07       2.50000E-08       7.87775E-08       3.15110E+00       2.56027E-06       1.40163E-06
       8.25000E-07       8.50000E-07       8.37500E-07       2.50000E-08       7.87775E-08       3.15109E+00       2.63904E-06       1.48041E-06
       8.50000E-07       8.75000E-07       8.62500E-07       2.50000E-08       7.87775E-08       3.15110E+00       2.71783E-06       1.55918E-06
       8.75000E-07       9.00000E-07       8.87500E-07       2.50000E-08       7.87775E-08       3.15110E+00       2.79660E-06       1.63796E-06
       9.00000E-07       9.25000E-07       9.12500E-07       2.50000E-08       7.87775E-08       3.15109E+00       2.87537E-06       1.71674E-06
       9.25000E-07       9.50000E-07       9.37500E-07       2.50000E-08       7.87775E-08       3.15110E+00       2.95416E-06       1.79552E-06
       9.50000E-07       9.75000E-07       9.62500E-07       2.50000E-08       7.87775E-08       3.15109E+00       3.03293E-06       1.87429E-06
       9.75000E-07       1.00000E-06       9.87500E-07       2.50000E-08       7.87775E-08       3.15110E+00       3.11171E-06       1.95307E-06
       1.00000E-06       1.02500E-06       1.01250E-06       2.50000E-08       7.87775E-08       3.15110E+00       3.19049E-06       2.03185E-06
       1.02500E-06       1.05000E-06       1.03750E-06       2.50000E-08       7.87775E-08       3.15110E+00       3.26927E-06       2.11063E-06
       1.05000E-06       1.07500E-06       1.06250E-06       2.50001E-08       7.87775E-08       3.15109E+00       3.34803E-06       2.18940E-06
       1.07500E-06       1.10000E-06       1.08750E-06       2.50000E-08       7.87775E-08       3.15110E+00       3.42682E-06       2.26818E-06
       1.10000E-06       1.12500E-06       1.11250E-06       2.50000E-08       7.87775E-08       3.15110E+00       3.50560E-06       2.34696E-06
       1.12500E-06       1.15000E-06       1.13750E-06       2.50000E-08       7.87775E-08       3.15110E+00       3.58438E-06       2.42574E-06
       1.15000E-06       1.17500E-06       1.16250E-06       2.50000E-08       7.87775E-08       3.15110E+00       3.66316E-06       2.50451E-06
       1.17500E-06       1.20000E-06       1.18750E-06       2.50001E-08       7.87775E-08       3.15109E+00       3.74191E-06       2.58329E-06
       1.20000E-06       1.22500E-06       1.21250E-06       2.50000E-08       7.87775E-08       3.15110E+00       3.82071E-06       2.66207E-06
       1.22500E-06       1.25000E-06       1.23750E-06       2.50000E-08       7.87775E-08       3.15110E+00       3.89949E-06       2.74085E-06
       1.25000E-06       1.27500E-06       1.26250E-06       2.50000E-08       7.87775E-08       3.15110E+00       3.97827E-06       2.81962E-06
       1.27500E-06       1.30000E-06       1.28750E-06       2.50000E-08       7.87775E-08       3.15110E+00       4.05704E-06       2.89840E-06
       1.30000E-06       1.32500E-06       1.31250E-06       2.50001E-08       7.87775E-08       3.15109E+00       4.13580E-06       2.97718E-06
       1.32500E-06       1.35000E-06       1.33750E-06       2.50000E-08       7.87775E-08       3.15110E+00       4.21460E-06       3.05596E-06
       1.35000E-06       1.37500E-06       1.36250E-06       2.50000E-08       7.87775E-08       3.15110E+00       4.29338E-06       3.13473E-06
       1.37500E-06       1.40000E-06       1.38750E-06       2.50000E-08       7.87775E-08       3.15110E+00       4.37215E-06       3.21351E-06
       1.40000E-06       1.42500E-06       1.41250E-06       2.50000E-08       7.87775E-08       3.15110E+00       4.45093E-06       3.29229E-06
       1.42500E-06       1.45000E-06       1.43750E-06       2.50001E-08       7.87775E-08       3.15109E+00       4.52969E-06       3.37107E-06
       1.45000E-06       1.47500E-06       1.46250E-06       2.50000E-08       7.87775E-08       3.15110E+00       4.60849E-06       3.44984E-06
       1.47500E-06       1.50000E-06       1.48750E-06       2.50000E-08       7.87775E-08       3.15110E+00       4.68726E-06       3.52862E-06
       1.50000E-06       1.52500E-06       1.51250E-06       2.50000E-08       7.87775E-08       3.15110E+00       4.76604E-06       3.60740E-06
       1.52500E-06       1.55000E-06       1.53750E-06       2.50000E-08       7.87775E-08       3.15110E+00       4.84482E-06       3.68618E-06
       1.55000E-06       1.57500E-06       1.56250E-06       2.50001E-08       7.87775E-08       3.15109E+00       4.92357E-06       3.76495E-06
       1.57500E-06       1.60000E-06       1.58750E-06       2.50000E-08       7.87775E-08       3.15110E+00       5.00237E-06       3.84373E-06
       1.60000E-06       1.62500E-06       1.61250E-06       2.50000E-08       7.87775E-08       3.15110E+00       5.08115E-06       3.92251E-06
       1.62500E-06       1.65000E-06       1.63750E-06       2.50000E-08       7.87775E-08       3.15110E+00       5.15993E-06       4.00129E-06
       1.65000E-06       1.67500E-06       1.66250E-06       2.50000E-08       7.87775E-08       3.15110E+00       5.23871E-06       4.08006E-06
       1.67500E-06       1.70000E-06       1.68750E-06       2.50001E-08       7.87775E-08       3.15109E+00       5.31746E-06       4.15884E-06
       1.70000E-06       1.72500E-06       1.71250E-06       2.50000E-08       7.87775E-08       3.15110E+00       5.39626E-06       4.23762E-06
       1.72500E-06       1.75000E-06       1.73750E-06       2.50000E-08       7.87775E-08       3.15110E+00       5.47504E-06       4.31640E-06
       1.75000E-06       1.77500E-06       1.76250E-06       2.50000E-08       7.87775E-08       3.15110E+00       5.55382E-06       4.39517E-06
       1.77500E-06       1.80000E-06       1.78750E-06       2.50000E-08       7.87775E-08       3.15110E+00       5.63259E-06       4.47395E-06
       1.80000E-06       1.82500E-06       1.81250E-06       2.50001E-08       7.87775E-08       3.15109E+00       5.71134E-06       4.55273E-06
       1.82500E-06       1.85000E-06       1.83750E-06       2.50000E-08       7.87775E-08       3.15110E+00       5.79015E-06       4.63150E-06
       1.85000E-06       1.87500E-06       1.86250E-06       2.50000E-08       7.87775E-08       3.15110E+00       5.86893E-06       4.71028E-06
       1.87500E-06       1.90000E-06       1.88750E-06       2.50000E-08       7.87775E-08       3.15110E+00       5.94770E-06       4.78906E-06
       1.90000E-06       1.92500E-06       1.91250E-06       2.50000E-08       7.87775E-08       3.15110E+00       6.02648E-06       4.86784E-06
       1.92500E-06       1.95000E-06       1.93750E-06       2.50001E-08       7.87775E-08       3.15109E+00       6.10523E-06       4.94661E-06
       1.95000E-06       1.97500E-06       1.96250E-06       2.50000E-08       7.87775E-08       3.15110E+00       6.18404E-06       5.02539E-06
       1.97500E-06       2.00000E-06       1.98750E-06       2.50000E-08       7.87775E-08       3.15110E+00       6.26281E-06       5.10417E-06
       2.00000E-06       2.02500E-06       2.01250E-06       2.50001E-08       7.87775E-08       3.15109E+00       6.34156E-06       5.18294E-06
       2.02500E-06       2.05000E-06       2.03750E-06       2.49999E-08       7.87775E-08       3.15112E+00       6.42040E-06       5.26172E-06
       2.05000E-06       2.07500E-06       2.06250E-06       2.50001E-08       7.87775E-08       3.15109E+00       6.49912E-06       5.34050E-06
       2.07500E-06       2.10000E-06       2.08750E-06       2.49999E-08       7.87775E-08       3.15112E+00       6.57796E-06       5.41928E-06
       2.10000E-06       2.12500E-06       2.11250E-06       2.50001E-08       7.87775E-08       3.15109E+00       6.65667E-06       5.49805E-06
       2.12500E-06       2.15000E-06       2.13750E-06       2.50001E-08       7.87775E-08       3.15109E+00       6.73545E-06       5.57683E-06
       2.15000E-06       2.17500E-06       2.16250E-06       2.49999E-08       7.87775E-08       3.15112E+00       6.81429E-06       5.65561E-06
       2.17500E-06       2.20000E-06       2.18750E-06       2.50001E-08       7.87775E-08       3.15109E+00       6.89300E-06       5.73439E-06
       2.20000E-06       2.22500E-06       2.21250E-06       2.49999E-08       7.87775E-08       3.15112E+00       6.97185E-06       5.81316E-06
       2.22500E-06       2.25000E-06       2.23750E-06       2.50001E-08       7.87775E-08       3.15109E+00       7.05056E-06       5.89194E-06
       2.25000E-06       2.27500E-06       2.26250E-06       2.50001E-08       7.87775E-08       3.15109E+00       7.12933E-06       5.97072E-06
       2.27500E-06       2.30000E-06       2.28750E-06       2.49999E-08       7.87775E-08       3.15112E+00       7.20818E-06       6.04949E-06
       2.30000E-06       2.32500E-06       2.31250E-06       2.50001E-08       7.87775E-08       3.15109E+00       7.28689E-06       6.12827E-06
       2.32500E-06       2.35000E-06       2.33750E-06       2.49999E-08       7.87775E-08       3.15112E+00       7.36574E-06       6.20705E-06
       2.35000E-06       2.37500E-06       2.36250E-06       2.50001E-08       7.87775E-08       3.15109E+00       7.44444E-06       6.28583E-06
       2.37500E-06       2.40000E-06       2.38750E-06       2.50001E-08       7.87775E-08       3.15109E+00       7.52322E-06       6.36460E-06
       2.40000E-06       2.42500E-06       2.41250E-06       2.49999E-08       7.87775E-08       3.15112E+00       7.60207E-06       6.44338E-06
       2.42500E-06       2.45000E-06       2.43750E-06       2.50001E-08       7.87775E-08       3.15109E+00       7.68077E-06       6.52216E-06
       2.45000E-06       2.47500E-06       2.46250E-06       2.49999E-08       7.87775E-08       3.15112E+00       7.75963E-06       6.60094E-06
       2.47500E-06       2.50000E-06       2.48750E-06       2.50001E-08       7.87775E-08       3.15109E+00       7.83833E-06       6.67971E-06
       2.50000E-06       2.52500E-06       2.51250E-06       2.50001E-08       7.87775E-08       3.15109E+00       7.91710E-06       6.75849E-06
       2.52500E-06       2.55000E-06       2.53750E-06       2.49999E-08       7.87775E-08       3.15112E+00       7.99596E-06       6.83727E-06
       2.55000E-06       2.57500E-06       2.56250E-06       2.50001E-08       7.87775E-08       3.15109E+00       8.07466E-06       6.91604E-06
       2.57500E-06       2.60000E-06       2.58750E-06       2.49999E-08       7.87775E-08       3.15112E+00       8.15351E-06       6.99482E-06
       2.60000E-06       2.62500E-06       2.61250E-06       2.50001E-08       7.87775E-08       3.15109E+00       8.23221E-06       7.07360E-06
       2.62500E-06       2.65000E-06       2.63750E-06       2.50001E-08       7.87775E-08       3.15109E+00       8.31099E-06       7.15238E-06
       2.65000E-06       2.67500E-06       2.66250E-06       2.49999E-08       7.87775E-08       3.15112E+00       8.38985E-06       7.23115E-06
       2.67500E-06       2.70000E-06       2.68750E-06       2.50001E-08       7.87775E-08       3.15109E+00       8.46854E-06       7.30993E-06
       2.70000E-06       2.72500E-06       2.71250E-06       2.49999E-08       7.87775E-08       3.15112E+00       8.54740E-06       7.38871E-06
       2.72500E-06       2.75000E-06       2.73750E-06       2.50001E-08       7.87775E-08       3.15109E+00       8.62610E-06       7.46748E-06
       2.75000E-06       2.77500E-06       2.76250E-06       2.50001E-08       7.87775E-08       3.15109E+00       8.70488E-06       7.54626E-06
       2.77500E-06       2.80000E-06       2.78750E-06       2.49999E-08       7.87775E-08       3.15112E+00       8.78374E-06       7.62504E-06
       2.80000E-06       2.82500E-06       2.81250E-06       2.50001E-08       7.87775E-08       3.15109E+00       8.86243E-06       7.70382E-06
       2.82500E-06       2.85000E-06       2.83750E-06       2.49999E-08       7.87775E-08       3.15112E+00       8.94129E-06       7.78259E-06
       2.85000E-06       2.87500E-06       2.86250E-06       2.50001E-08       7.87775E-08       3.15109E+00       9.01998E-06       7.86137E-06
       2.87500E-06       2.90000E-06       2.88750E-06       2.50001E-08       7.87775E-08       3.15109E+00       9.09876E-06       7.94015E-06
       2.90000E-06       2.92500E-06       2.91250E-06       2.49999E-08       7.87775E-08       3.15112E+00       9.17763E-06       8.01893E-06
       2.92500E-06       2.95000E-06       2.93750E-06       2.50001E-08       7.87775E-08       3.15109E+00       9.25632E-06       8.09771E-06
       2.95000E-06       2.97500E-06       2.96250E-06       2.49999E-08       7.87775E-08       3.15112E+00       9.33518E-06       8.17648E-06
       2.97500E-06       3.00000E-06       2.98750E-06       2.50001E-08       7.87775E-08       3.15109E+00       9.41387E-06       8.25526E-06
       3.00000E-06       3.02500E-06       3.01250E-06       2.50001E-08       7.87775E-08       3.15109E+00       9.49265E-06       8.33404E-06
       3.02500E-06       3.05000E-06       3.03750E-06       2.49999E-08       7.87775E-08       3.15112E+00       9.57152E-06       8.41282E-06
       3.05000E-06       3.07500E-06       3.06250E-06       2.50001E-08       7.87775E-08       3.15109E+00       9.65020E-06       8.49159E-06
       3.07500E-06       3.10000E-06       3.08750E-06       2.49999E-08       7.87775E-08       3.15112E+00       9.72907E-06       8.57037E-06
       3.10000E-06       3.12500E-06       3.11250E-06       2.50001E-08       7.87775E-08       3.15109E+00       9.80776E-06       8.64915E-06
       3.12500E-06       3.15000E-06       3.13750E-06       2.50001E-08       7.87775E-08       3.15109E+00       9.88653E-06       8.72793E-06
       3.15000E-06       3.17500E-06       3.16250E-06       2.49999E-08       7.87775E-08       3.15112E+00       9.96541E-06       8.80670E-06
       3.17500E-06       3.20000E-06       3.18750E-06       2.50001E-08       7.87775E-08       3.15109E+00       1.00441E-05       8.88548E-06
       3.20000E-06       3.22500E-06       3.21250E-06       2.49999E-08       7.87775E-08       3.15112E+00       1.01230E-05       8.96426E-06
       3.22500E-06       3.25000E-06       3.23750E-06       2.50001E-08       7.87775E-08       3.15109E+00       1.02016E-05       9.04304E-06
       3.25000E-06       3.27500E-06       3.26250E-06       2.50001E-08       7.87775E-08       3.15109E+00       1.02804E-05       9.12182E-06
       3.27500E-06       3.30000E-06       3.28750E-06       2.49999E-08       7.87775E-08       3.15112E+00       1.03593E-05       9.20059E-06
       3.30000E-06       3.32500E-06       3.31250E-06       2.50001E-08       7.87775E-08       3.15109E+00       1.04380E-05       9.27937E-06
       3.32500E-06       3.35000E-06       3.33750E-06       2.49999E-08       7.87775E-08       3.15112E+00       1.05169E-05       9.35815E-06
       3.35000E-06       3.37500E-06       3.36250E-06       2.50001E-08       7.87775E-08       3.15109E+00       1.05955E-05       9.43693E-06
       3.37500E-06       3.40000E-06       3.38750E-06       2.50001E-08       7.87775E-08       3.15109E+00       1.06743E-05       9.51570E-06
       3.40000E-06       3.42500E-06       3.41250E-06       2.49999E-08       7.87775E-08       3.15112E+00       1.07532E-05       9.59448E-06
       3.42500E-06       3.45000E-06       3.43750E-06       2.50001E-08       7.87775E-08       3.15109E+00       1.08319E-05       9.67326E-06
       3.45000E-06       3.47500E-06       3.46250E-06       2.49999E-08       7.87775E-08       3.15112E+00       1.09107E-05       9.75204E-06
       3.47500E-06       3.50000E-06       3.48750E-06       2.50001E-08       7.87775E-08       3.15109E+00       1.09894E-05       9.83081E-06
       3.50000E-06       3.52500E-06       3.51250E-06       2.50001E-08       7.87775E-08       3.15109E+00       1.10682E-05       9.90959E-06
       3.52500E-06       3.55000E-06       3.53750E-06       2.49999E-08       7.87775E-08       3.15112E+00       1.11471E-05       9.98837E-06
       3.55000E-06       3.57500E-06       3.56250E-06       2.50001E-08       7.87775E-08       3.15109E+00       1.12257E-05       1.00671E-05
       3.57500E-06       3.60000E-06       3.58750E-06       2.49999E-08       7.87775E-08       3.15112E+00       1.13046E-05       1.01459E-05
       3.60000E-06       3.62500E-06       3.61250E-06       2.50001E-08       7.87775E-08       3.15109E+00       1.13833E-05       1.02247E-05
       3.62500E-06       3.65000E-06       3.63750E-06       2.50001E-08       7.87775E-08       3.15109E+00       1.14621E-05       1.03035E-05
       3.65000E-06       3.67500E-06       3.66250E-06       2.49999E-08       7.87775E-08       3.15112E+00       1.15410E-05       1.03823E-05
       3.67500E-06       3.70000E-06       3.68750E-06       2.50001E-08       7.87775E-08       3.15109E+00       1.16196E-05       1.04610E-05
       3.70000E-06       3.72500E-06       3.71250E-06       2.49999E-08       7.87775E-08       3.15112E+00       1.16985E-05       1.05398E-05
       3.72500E-06       3.75000E-06       3.73750E-06       2.50001E-08       7.87775E-08       3.15109E+00       1.17772E-05       1.06186E-05
       3.75000E-06       3.77500E-06       3.76250E-06       2.50001E-08       7.87775E-08       3.15109E+00       1.18560E-05       1.06974E-05
       3.77500E-06       3.80000E-06       3.78750E-06       2.49999E-08       7.87775E-08       3.15112E+00       1.19349E-05       1.07761E-05
       3.80000E-06       3.82500E-06       3.81250E-06       2.50001E-08       7.87775E-08       3.15109E+00       1.20135E-05       1.08549E-05
       3.82500E-06       3.85000E-06       3.83750E-06       2.49999E-08       7.87775E-08       3.15112E+00       1.20924E-05       1.09337E-05
       3.85000E-06       3.87500E-06       3.86250E-06       2.50001E-08       7.87775E-08       3.15109E+00       1.21711E-05       1.10125E-05
       3.87500E-06       3.90000E-06       3.88750E-06       2.50001E-08       7.87775E-08       3.15109E+00       1.22498E-05       1.10913E-05
       3.90000E-06       3.92500E-06       3.91250E-06       2.49999E-08       7.87775E-08       3.15112E+00       1.23287E-05       1.11700E-05
       3.92500E-06       3.95000E-06       3.93750E-06       2.50001E-08       7.87775E-08       3.15109E+00       1.24074E-05       1.12488E-05
       3.95000E-06       3.97500E-06       3.96250E-06       2.49999E-08       7.87775E-08       3.15112E+00       1.24863E-05       1.13276E-05
       3.97500E-06       4.00000E-06       3.98750E-06       2.50001E-08       7.87775E-08       3.15109E+00       1.25650E-05       1.14064E-05
       4.00000E-06       4.02500E-06       4.01250E-06       2.50001E-08       7.87775E-08       3.15109E+00       1.26437E-05       1.14851E-05
       4.02500E-06       4.05000E-06       4.03750E-06       2.50001E-08       7.87775E-08       3.15109E+00       1.27225E-05       1.15639E-05
       4.05000E-06       4.07500E-06       4.06250E-06       2.49996E-08       7.87775E-08       3.15115E+00       1.28015E-05       1.16427E-05
       4.07500E-06       4.10000E-06       4.08750E-06       2.50001E-08       7.87775E-08       3.15109E+00       1.28801E-05       1.17215E-05
       4.10000E-06       4.12500E-06       4.11250E-06       2.50001E-08       7.87775E-08       3.15109E+00       1.29588E-05       1.18003E-05
       4.12500E-06       4.15000E-06       4.13750E-06       2.50001E-08       7.87775E-08       3.15109E+00       1.30376E-05       1.18790E-05
       4.15000E-06       4.17500E-06       4.16250E-06       2.50001E-08       7.87775E-08       3.15109E+00       1.31164E-05       1.19578E-05
       4.17500E-06       4.20000E-06       4.18750E-06       2.49996E-08       7.87775E-08       3.15115E+00       1.31954E-05       1.20366E-05
       4.20000E-06       4.22500E-06       4.21250E-06       2.50001E-08       7.87775E-08       3.15109E+00       1.32740E-05       1.21154E-05
       4.22500E-06       4.25000E-06       4.23750E-06       2.50001E-08       7.87775E-08       3.15109E+00       1.33527E-05       1.21941E-05
       4.25000E-06       4.27500E-06       4.26250E-06       2.50001E-08       7.87775E-08       3.15109E+00       1.34315E-05       1.22729E-05
       4.27500E-06       4.30000E-06       4.28750E-06       2.50001E-08       7.87775E-08       3.15109E+00       1.35103E-05       1.23517E-05
       4.30000E-06       4.32500E-06       4.31250E-06       2.49996E-08       7.87775E-08       3.15115E+00       1.35893E-05       1.24305E-05
       4.32500E-06       4.35000E-06       4.33750E-06       2.50001E-08       7.87775E-08       3.15109E+00       1.36678E-05       1.25093E-05
       4.35000E-06       4.37500E-06       4.36250E-06       2.50001E-08       7.87775E-08       3.15109E+00       1.37466E-05       1.25880E-05
       4.37500E-06       4.40000E-06       4.38750E-06       2.50001E-08       7.87775E-08       3.15109E+00       1.38254E-05       1.26668E-05
       4.40000E-06       4.42500E-06       4.41250E-06       2.50001E-08       7.87775E-08       3.15109E+00       1.39042E-05       1.27456E-05
       4.42500E-06       4.45000E-06       4.43750E-06       2.49996E-08       7.87775E-08       3.15115E+00       1.39832E-05       1.28244E-05
       4.45000E-06       4.47500E-06       4.46250E-06       2.50001E-08       7.87775E-08       3.15109E+00       1.40617E-05       1.29031E-05
       4.47500E-06       4.50000E-06       4.48750E-06       2.50001E-08       7.87775E-08       3.15109E+00       1.41405E-05       1.29819E-05
       4.50000E-06       4.52500E-06       4.51250E-06       2.50001E-08       7.87775E-08       3.15109E+00       1.42193E-05       1.30607E-05
       4.52500E-06       4.55000E-06       4.53750E-06       2.50001E-08       7.87775E-08       3.15109E+00       1.42981E-05       1.31395E-05
       4.55000E-06       4.57500E-06       4.56250E-06       2.49996E-08       7.87775E-08       3.15115E+00       1.43771E-05       1.32183E-05
       4.57500E-06       4.60000E-06       4.58750E-06       2.50001E-08       7.87775E-08       3.15109E+00       1.44556E-05       1.32970E-05
       4.60000E-06       4.62500E-06       4.61250E-06       2.50001E-08       7.87775E-08       3.15109E+00       1.45344E-05       1.33758E-05
       4.62500E-06       4.65000E-06       4.63750E-06       2.50001E-08       7.87775E-08       3.15109E+00       1.46132E-05       1.34546E-05
       4.65000E-06       4.67500E-06       4.66250E-06       2.50001E-08       7.87775E-08       3.15109E+00       1.46919E-05       1.35334E-05
       4.67500E-06       4.70000E-06       4.68750E-06       2.49996E-08       7.87775E-08       3.15115E+00       1.47710E-05       1.36121E-05
       4.70000E-06       4.72500E-06       4.71250E-06       2.50001E-08       7.87775E-08       3.15109E+00       1.48495E-05       1.36909E-05
       4.72500E-06       4.75000E-06       4.73750E-06       2.50001E-08       7.87775E-08       3.15109E+00       1.49283E-05       1.37697E-05
       4.75000E-06       4.77500E-06       4.76250E-06       2.50001E-08       7.87775E-08       3.15109E+00       1.50070E-05       1.38485E-05
       4.77500E-06       4.80000E-06       4.78750E-06       2.50001E-08       7.87775E-08       3.15109E+00       1.50858E-05       1.39273E-05
       4.80000E-06       4.82500E-06       4.81250E-06       2.49996E-08       7.87775E-08       3.15115E+00       1.51649E-05       1.40060E-05
       4.82500E-06       4.85000E-06       4.83750E-06       2.50001E-08       7.87775E-08       3.15109E+00       1.52434E-05       1.40848E-05
       4.85000E-06       4.87500E-06       4.86250E-06       2.50001E-08       7.87775E-08       3.15109E+00       1.53222E-05       1.41636E-05
       4.87500E-06       4.90000E-06       4.88750E-06       2.50001E-08       7.87775E-08       3.15109E+00       1.54009E-05       1.42424E-05
       4.90000E-06       4.92500E-06       4.91250E-06       2.50001E-08       7.87775E-08       3.15109E+00       1.54797E-05       1.43211E-05
       4.92500E-06       4.95000E-06       4.93750E-06       2.49996E-08       7.87775E-08       3.15115E+00       1.55588E-05       1.43999E-05
       4.95000E-06       4.97500E-06       4.96250E-06       2.50001E-08       7.87775E-08       3.15109E+00       1.56373E-05       1.44787E-05
       4.97500E-06       5.00000E-06       4.98750E-06       2.50001E-08       7.87775E-08       3.15109E+00       1.57160E-05       1.45575E-05
       5.00000E-06       5.02500E-06       5.01250E-06       2.50001E-08       7.87775E-08       3.15109E+00       1.57948E-05       1.46363E-05
       5.02500E-06       5.05000E-06       5.03750E-06       2.50001E-08       7.87775E-08       3.15109E+00       1.58736E-05       1.47150E-05
       5.05000E-06       5.07500E-06       5.06250E-06       2.49996E-08       7.87775E-08       3.15115E+00       1.59527E-05       1.47938E-05
       5.07500E-06       5.10000E-06       5.08750E-06       2.50001E-08       7.87775E-08       3.15109E+00       1.60312E-05       1.48726E-05
       5.10000E-06       5.12500E-06       5.11250E-06       2.50001E-08       7.87775E-08       3.15109E+00       1.61099E-05       1.49514E-05
       5.12500E-06       5.15000E-06       5.13750E-06       2.50001E-08       7.87775E-08       3.15109E+00       1.61887E-05       1.50301E-05
       5.15000E-06       5.17500E-06       5.16250E-06       2.50001E-08       7.87775E-08       3.15109E+00       1.62675E-05       1.51089E-05
       5.17500E-06       5.20000E-06       5.18750E-06       2.49996E-08       7.87775E-08       3.15115E+00       1.63466E-05       1.51877E-05
       5.20000E-06       5.22500E-06       5.21250E-06       2.50001E-08       7.87775E-08       3.15109E+00       1.64250E-05       1.52665E-05
       5.22500E-06       5.25000E-06       5.23750E-06       2.50001E-08       7.87775E-08       3.15109E+00       1.65038E-05       1.53453E-05
       5.25000E-06       5.27500E-06       5.26250E-06       2.50001E-08       7.87775E-08       3.15109E+00       1.65826E-05       1.54240E-05
       5.27500E-06       5.30000E-06       5.28750E-06       2.50001E-08       7.87775E-08       3.15109E+00       1.66614E-05       1.55028E-05
       5.30000E-06       5.32500E-06       5.31250E-06       2.49996E-08       7.87775E-08       3.15115E+00       1.67405E-05       1.55816E-05
       5.32500E-06       5.35000E-06       5.33750E-06       2.50001E-08       7.87775E-08       3.15109E+00       1.68189E-05       1.56604E-05
       5.35000E-06       5.37500E-06       5.36250E-06       2.50001E-08       7.87775E-08       3.15109E+00       1.68977E-05       1.57391E-05
       5.37500E-06       5.40000E-06       5.38750E-06       2.50001E-08       7.87775E-08       3.15109E+00       1.69765E-05       1.58179E-05
       5.40000E-06       5.42500E-06       5.41250E-06       2.50001E-08       7.87775E-08       3.15109E+00       1.70553E-05       1.58967E-05
       5.42500E-06       5.45000E-06       5.43750E-06       2.49996E-08       7.87775E-08       3.15115E+00       1.71344E-05       1.59755E-05
       5.45000E-06       5.47500E-06       5.46250E-06       2.50001E-08       7.87775E-08       3.15109E+00       1.72128E-05       1.60542E-05
       5.47500E-06       5.50000E-06       5.48750E-06       2.50001E-08       7.87775E-08       3.15109E+00       1.72916E-05       1.61330E-05
       5.50000E-06       5.52500E-06       5.51250E-06       2.50001E-08       7.87775E-08       3.15109E+00       1.73704E-05       1.62118E-05
       5.52500E-06       5.55000E-06       5.53750E-06       2.50001E-08       7.87775E-08       3.15109E+00       1.74491E-05       1.62906E-05
       5.55000E-06       5.57500E-06       5.56250E-06       2.49996E-08       7.87775E-08       3.15115E+00       1.75283E-05       1.63694E-05
       5.57500E-06       5.60000E-06       5.58750E-06       2.50001E-08       7.87775E-08       3.15109E+00       1.76067E-05       1.64481E-05
       5.60000E-06       5.62500E-06       5.61250E-06       2.50001E-08       7.87775E-08       3.15109E+00       1.76855E-05       1.65269E-05
       5.62500E-06       5.65000E-06       5.63750E-06       2.50001E-08       7.87775E-08       3.15109E+00       1.77643E-05       1.66057E-05
       5.65000E-06       5.67500E-06       5.66250E-06       2.50001E-08       7.87775E-08       3.15109E+00       1.78430E-05       1.66845E-05
       5.67500E-06       5.70000E-06       5.68750E-06       2.49996E-08       7.87775E-08       3.15115E+00       1.79221E-05       1.67632E-05
       5.70000E-06       5.72500E-06       5.71250E-06       2.50001E-08       7.87775E-08       3.15109E+00       1.80006E-05       1.68420E-05
       5.72500E-06       5.75000E-06       5.73750E-06       2.50001E-08       7.87775E-08       3.15109E+00       1.80794E-05       1.69208E-05
       5.75000E-06       5.77500E-06       5.76250E-06       2.50001E-08       7.87775E-08       3.15109E+00       1.81581E-05       1.69996E-05
       5.77500E-06       5.80000E-06       5.78750E-06       2.50001E-08       7.87775E-08       3.15109E+00       1.82369E-05       1.70783E-05
       5.80000E-06       5.82500E-06       5.81250E-06       2.49996E-08       7.87775E-08       3.15115E+00       1.83160E-05       1.71571E-05
       5.82500E-06       5.85000E-06       5.83750E-06       2.50001E-08       7.87775E-08       3.15109E+00       1.83945E-05       1.72359E-05
       5.85000E-06       5.87500E-06       5.86250E-06       2.50001E-08       7.87775E-08       3.15109E+00       1.84732E-05       1.73147E-05
       5.87500E-06       5.90000E-06       5.88750E-06       2.50001E-08       7.87775E-08       3.15109E+00       1.85520E-05       1.73934E-05
       5.90000E-06       5.92500E-06       5.91250E-06       2.50001E-08       7.87775E-08       3.15109E+00       1.86308E-05       1.74722E-05
       5.92500E-06       5.95000E-06       5.93750E-06       2.49996E-08       7.87775E-08       3.15115E+00       1.87099E-05       1.75510E-05
       5.95000E-06       5.97500E-06       5.96250E-06       2.50001E-08       7.87775E-08       3.15109E+00       1.87884E-05       1.76298E-05
       5.97500E-06       6.00000E-06       5.98750E-06       2.50001E-08       7.87775E-08       3.15109E+00       1.88671E-05       1.77086E-05
       6.00000E-06       6.02500E-06       6.01250E-06       2.50001E-08       7.87775E-08       3.15109E+00       1.89459E-05       1.77873E-05
       6.02500E-06       6.05000E-06       6.03750E-06       2.50001E-08       7.87775E-08       3.15109E+00       1.90247E-05       1.78661E-05
       6.05000E-06       6.07500E-06       6.06250E-06       2.49996E-08       7.87775E-08       3.15115E+00       1.91038E-05       1.79449E-05
       6.07500E-06       6.10000E-06       6.08750E-06       2.50001E-08       7.87775E-08       3.15109E+00       1.91822E-05       1.80237E-05
       6.10000E-06       6.12500E-06       6.11250E-06       2.50001E-08       7.87775E-08       3.15109E+00       1.92610E-05       1.81024E-05
       6.12500E-06       6.15000E-06       6.13750E-06       2.50001E-08       7.87775E-08       3.15109E+00       1.93398E-05       1.81812E-05
       6.15000E-06       6.17500E-06       6.16250E-06       2.50001E-08       7.87775E-08       3.15109E+00       1.94186E-05       1.82600E-05
       6.17500E-06       6.20000E-06       6.18750E-06       2.49996E-08       7.87775E-08       3.15115E+00       1.94977E-05       1.83388E-05
       6.20000E-06       6.22500E-06       6.21250E-06       2.50001E-08       7.87775E-08       3.15109E+00       1.95761E-05       1.84175E-05
       6.22500E-06       6.25000E-06       6.23750E-06       2.50001E-08       7.87775E-08       3.15109E+00       1.96549E-05       1.84963E-05
       6.25000E-06       6.27500E-06       6.26250E-06       2.50001E-08       7.87775E-08       3.15109E+00       1.97337E-05       1.85751E-05
       6.27500E-06       6.30000E-06       6.28750E-06       2.50001E-08       7.87775E-08       3.15109E+00       1.98125E-05       1.86539E-05
       6.30000E-06       6.32500E-06       6.31250E-06       2.49996E-08       7.87775E-08       3.15115E+00       1.98916E-05       1.87327E-05
       6.32500E-06       6.35000E-06       6.33750E-06       2.50001E-08       7.87775E-08       3.15109E+00       1.99700E-05       1.88114E-05
       6.35000E-06       6.37500E-06       6.36250E-06       2.50001E-08       7.87775E-08       3.15109E+00       2.00488E-05       1.88902E-05
       6.37500E-06       6.40000E-06       6.38750E-06       2.50001E-08       7.87775E-08       3.15109E+00       2.01276E-05       1.89690E-05
       6.40000E-06       6.42500E-06       6.41250E-06       2.50001E-08       7.87775E-08       3.15109E+00       2.02063E-05       1.90478E-05
       6.42500E-06       6.45000E-06       6.43750E-06       2.49996E-08       7.87775E-08       3.15115E+00       2.02855E-05       1.91265E-05
       6.45000E-06       6.47500E-06       6.46250E-06       2.50001E-08       7.87775E-08       3.15109E+00       2.03639E-05       1.92053E-05
       6.47500E-06       6.50000E-06       6.48750E-06       2.50001E-08       7.87775E-08       3.15109E+00       2.04427E-05       1.92841E-05
       6.50000E-06       6.52500E-06       6.51250E-06       2.50001E-08       7.87775E-08       3.15109E+00       2.05214E-05       1.93629E-05
       6.52500E-06       6.55000E-06       6.53750E-06       2.50001E-08       7.87775E-08       3.15109E+00       2.06002E-05       1.94416E-05
       6.55000E-06       6.57500E-06       6.56250E-06       2.49996E-08       7.87775E-08       3.15115E+00       2.06794E-05       1.95204E-05
       6.57500E-06       6.60000E-06       6.58750E-06       2.50001E-08       7.87775E-08       3.15109E+00       2.07578E-05       1.95992E-05
       6.60000E-06       6.62500E-06       6.61250E-06       2.50001E-08       7.87775E-08       3.15109E+00       2.08366E-05       1.96780E-05
       6.62500E-06       6.65000E-06       6.63750E-06       2.50001E-08       7.87775E-08       3.15109E+00       2.09153E-05       1.97568E-05
       6.65000E-06       6.67500E-06       6.66250E-06       2.50001E-08       7.87775E-08       3.15109E+00       2.09941E-05       1.98355E-05
       6.67500E-06       6.70000E-06       6.68750E-06       2.49996E-08       7.87775E-08       3.15115E+00       2.10733E-05       1.99143E-05
       6.70000E-06       6.72500E-06       6.71250E-06       2.50001E-08       7.87775E-08       3.15109E+00       2.11517E-05       1.99931E-05
       6.72500E-06       6.75000E-06       6.73750E-06       2.50001E-08       7.87775E-08       3.15109E+00       2.12304E-05       2.00719E-05
       6.75000E-06       6.77500E-06       6.76250E-06       2.50001E-08       7.87775E-08       3.15109E+00       2.13092E-05       2.01506E-05
       6.77500E-06       6.80000E-06       6.78750E-06       2.50001E-08       7.87775E-08       3.15109E+00       2.13880E-05       2.02294E-05
       6.80000E-06       6.82500E-06       6.81250E-06       2.49996E-08       7.87775E-08       3.15115E+00       2.14672E-05       2.03082E-05
       6.82500E-06       6.85000E-06       6.83750E-06       2.50001E-08       7.87775E-08       3.15109E+00       2.15456E-05       2.03870E-05
       6.85000E-06       6.87500E-06       6.86250E-06       2.50001E-08       7.87775E-08       3.15109E+00       2.16243E-05       2.04657E-05
       6.87500E-06       6.90000E-06       6.88750E-06       2.50001E-08       7.87775E-08       3.15109E+00       2.17031E-05       2.05445E-05
       6.90000E-06       6.92500E-06       6.91250E-06       2.50001E-08       7.87775E-08       3.15109E+00       2.17819E-05       2.06233E-05
       6.92500E-06       6.95000E-06       6.93750E-06       2.49996E-08       7.87775E-08       3.15115E+00       2.18611E-05       2.07021E-05
       6.95000E-06       6.97500E-06       6.96250E-06       2.50001E-08       7.87775E-08       3.15109E+00       2.19394E-05       2.07809E-05
       6.97500E-06       7.00000E-06       6.98750E-06       2.50001E-08       7.87775E-08       3.15109E+00       2.20182E-05       2.08596E-05
       7.00000E-06       7.02500E-06       7.01250E-06       2.50001E-08       7.87775E-08       3.15109E+00       2.20970E-05       2.09384E-05
       7.02500E-06       7.05000E-06       7.03750E-06       2.50001E-08       7.87775E-08       3.15109E+00       2.21758E-05       2.10172E-05
       7.05000E-06       7.07500E-06       7.06250E-06       2.49996E-08       7.87775E-08       3.15115E+00       2.22550E-05       2.10960E-05
       7.07500E-06       7.10000E-06       7.08750E-06       2.50001E-08       7.87775E-08       3.15109E+00       2.23333E-05       2.11747E-05
       7.10000E-06       7.12500E-06       7.11250E-06       2.50001E-08       7.87775E-08       3.15109E+00       2.24121E-05       2.12535E-05
       7.12500E-06       7.15000E-06       7.13750E-06       2.50001E-08       7.87775E-08       3.15109E+00       2.24909E-05       2.13323E-05
       7.15000E-06       7.17500E-06       7.16250E-06       2.50001E-08       7.87775E-08       3.15109E+00       2.25697E-05       2.14111E-05
       7.17500E-06       7.20000E-06       7.18750E-06       2.49996E-08       7.87775E-08       3.15115E+00       2.26489E-05       2.14898E-05
       7.20000E-06       7.22500E-06       7.21250E-06       2.50001E-08       7.87775E-08       3.15109E+00       2.27272E-05       2.15686E-05
       7.22500E-06       7.25000E-06       7.23750E-06       2.50001E-08       7.87775E-08       3.15109E+00       2.28060E-05       2.16474E-05
       7.25000E-06       7.27500E-06       7.26250E-06       2.50001E-08       7.87775E-08       3.15109E+00       2.28848E-05       2.17262E-05
       7.27500E-06       7.30000E-06       7.28750E-06       2.50001E-08       7.87775E-08       3.15109E+00       2.29635E-05       2.18049E-05
       7.30000E-06       7.32500E-06       7.31250E-06       2.49996E-08       7.87775E-08       3.15115E+00       2.30428E-05       2.18837E-05
       7.32500E-06       7.35000E-06       7.33750E-06       2.50001E-08       7.87775E-08       3.15109E+00       2.31211E-05       2.19625E-05
       7.35000E-06       7.37500E-06       7.36250E-06       2.50001E-08       7.87775E-08       3.15109E+00       2.31999E-05       2.20413E-05
       7.37500E-06       7.40000E-06       7.38750E-06       2.50001E-08       7.87775E-08       3.15109E+00       2.32786E-05       2.21201E-05
       7.40000E-06       7.42500E-06       7.41250E-06       2.50001E-08       7.87775E-08       3.15109E+00       2.33574E-05       2.21988E-05
       7.42500E-06       7.45000E-06       7.43750E-06       2.49996E-08       7.87775E-08       3.15115E+00       2.34367E-05       2.22776E-05
       7.45000E-06       7.47500E-06       7.46250E-06       2.50001E-08       7.87775E-08       3.15109E+00       2.35150E-05       2.23564E-05
       7.47500E-06       7.50000E-06       7.48750E-06       2.50001E-08       7.87775E-08       3.15109E+00       2.35938E-05       2.24352E-05
       7.50000E-06       7.52500E-06       7.51250E-06       2.50001E-08       7.87775E-08       3.15109E+00       2.36725E-05       2.25139E-05
       7.52500E-06       7.55000E-06       7.53750E-06       2.50001E-08       7.87775E-08       3.15109E+00       2.37513E-05       2.25927E-05
       7.55000E-06       7.57500E-06       7.56250E-06       2.49996E-08       7.87775E-08       3.15115E+00       2.38305E-05       2.26715E-05
       7.57500E-06       7.60000E-06       7.58750E-06       2.50001E-08       7.87775E-08       3.15109E+00       2.39089E-05       2.27503E-05
       7.60000E-06       7.62500E-06       7.61250E-06       2.50001E-08       7.87775E-08       3.15109E+00       2.39876E-05       2.28290E-05
       7.62500E-06       7.65000E-06       7.63750E-06       2.50001E-08       7.87775E-08       3.15109E+00       2.40664E-05       2.29078E-05
       7.65000E-06       7.67500E-06       7.66250E-06       2.50001E-08       7.87775E-08       3.15109E+00       2.41452E-05       2.29866E-05
       7.67500E-06       7.70000E-06       7.68750E-06       2.49996E-08       7.87775E-08       3.15115E+00       2.42244E-05       2.30654E-05
       7.70000E-06       7.72500E-06       7.71250E-06       2.50001E-08       7.87775E-08       3.15109E+00       2.43028E-05       2.31442E-05
       7.72500E-06       7.75000E-06       7.73750E-06       2.50001E-08       7.87775E-08       3.15109E+00       2.43815E-05       2.32229E-05
       7.75000E-06       7.77500E-06       7.76250E-06       2.50001E-08       7.87775E-08       3.15109E+00       2.44603E-05       2.33017E-05
       7.77500E-06       7.80000E-06       7.78750E-06       2.50001E-08       7.87775E-08       3.15109E+00       2.45391E-05       2.33805E-05
       7.80000E-06       7.82500E-06       7.81250E-06       2.49996E-08       7.87775E-08       3.15115E+00       2.46183E-05       2.34593E-05
       7.82500E-06       7.85000E-06       7.83750E-06       2.50001E-08       7.87775E-08       3.15109E+00       2.46966E-05       2.35380E-05
       7.85000E-06       7.87500E-06       7.86250E-06       2.50001E-08       7.87775E-08       3.15109E+00       2.47754E-05       2.36168E-05
       7.87500E-06       7.90000E-06       7.88750E-06       2.50001E-08       7.87775E-08       3.15109E+00       2.48542E-05       2.36956E-05
       7.90000E-06       7.92500E-06       7.91250E-06       2.50001E-08       7.87775E-08       3.15109E+00       2.49330E-05       2.37744E-05
       7.92500E-06       7.95000E-06       7.93750E-06       2.49996E-08       7.87775E-08       3.15115E+00       2.50122E-05       2.38531E-05
       7.95000E-06       7.97500E-06       7.96250E-06       2.50001E-08       7.87775E-08       3.15109E+00       2.50905E-05       2.39319E-05
       7.97500E-06       8.00000E-06       7.98750E-06       2.50001E-08       7.87775E-08       3.15109E+00       2.51693E-05       2.40107E-05
       8.00000E-06       8.02500E-06       8.01250E-06       2.49996E-08       7.87775E-08       3.15115E+00       2.52486E-05       2.40895E-05
       8.02500E-06       8.05000E-06       8.03750E-06       2.50006E-08       7.87775E-08       3.15103E+00       2.53264E-05       2.41683E-05
       8.05000E-06       8.07500E-06       8.06250E-06       2.49996E-08       7.87775E-08       3.15115E+00       2.54061E-05       2.42470E-05
       8.07500E-06       8.10000E-06       8.08750E-06       2.50006E-08       7.87775E-08       3.15103E+00       2.54839E-05       2.43258E-05
       8.10000E-06       8.12500E-06       8.11250E-06       2.49996E-08       7.87775E-08       3.15115E+00       2.55637E-05       2.44046E-05
       8.12500E-06       8.15000E-06       8.13750E-06       2.49996E-08       7.87775E-08       3.15115E+00       2.56425E-05       2.44834E-05
       8.15000E-06       8.17500E-06       8.16250E-06       2.50006E-08       7.87775E-08       3.15103E+00       2.57203E-05       2.45621E-05
       8.17500E-06       8.20000E-06       8.18750E-06       2.49996E-08       7.87775E-08       3.15115E+00       2.58000E-05       2.46409E-05
       8.20000E-06       8.22500E-06       8.21250E-06       2.50006E-08       7.87775E-08       3.15103E+00       2.58778E-05       2.47197E-05
       8.22500E-06       8.25000E-06       8.23750E-06       2.49996E-08       7.87775E-08       3.15115E+00       2.59576E-05       2.47985E-05
       8.25000E-06       8.27500E-06       8.26250E-06       2.49996E-08       7.87775E-08       3.15115E+00       2.60363E-05       2.48772E-05
       8.27500E-06       8.30000E-06       8.28750E-06       2.50006E-08       7.87775E-08       3.15103E+00       2.61141E-05       2.49560E-05
       8.30000E-06       8.32500E-06       8.31250E-06       2.49996E-08       7.87775E-08       3.15115E+00       2.61939E-05       2.50348E-05
       8.32500E-06       8.35000E-06       8.33750E-06       2.50006E-08       7.87775E-08       3.15103E+00       2.62717E-05       2.51136E-05
       8.35000E-06       8.37500E-06       8.36250E-06       2.49996E-08       7.87775E-08       3.15115E+00       2.63515E-05       2.51924E-05
       8.37500E-06       8.40000E-06       8.38750E-06       2.49996E-08       7.87775E-08       3.15115E+00       2.64302E-05       2.52711E-05
       8.40000E-06       8.42500E-06       8.41250E-06       2.50006E-08       7.87775E-08       3.15103E+00       2.65080E-05       2.53499E-05
       8.42500E-06       8.45000E-06       8.43750E-06       2.49996E-08       7.87775E-08       3.15115E+00       2.65878E-05       2.54287E-05
       8.45000E-06       8.47500E-06       8.46250E-06       2.50006E-08       7.87775E-08       3.15103E+00       2.66656E-05       2.55075E-05
       8.47500E-06       8.50000E-06       8.48750E-06       2.49996E-08       7.87775E-08       3.15115E+00       2.67454E-05       2.55862E-05
       8.50000E-06       8.52500E-06       8.51250E-06       2.49996E-08       7.87775E-08       3.15115E+00       2.68241E-05       2.56650E-05
       8.52500E-06       8.55000E-06       8.53750E-06       2.50006E-08       7.87775E-08       3.15103E+00       2.69019E-05       2.57438E-05
       8.55000E-06       8.57500E-06       8.56250E-06       2.49996E-08       7.87775E-08       3.15115E+00       2.69817E-05       2.58226E-05
       8.57500E-06       8.60000E-06       8.58750E-06       2.50006E-08       7.87775E-08       3.15103E+00       2.70594E-05       2.59013E-05
       8.60000E-06       8.62500E-06       8.61250E-06       2.49996E-08       7.87775E-08       3.15115E+00       2.71393E-05       2.59801E-05
       8.62500E-06       8.65000E-06       8.63750E-06       2.49996E-08       7.87775E-08       3.15115E+00       2.72180E-05       2.60589E-05
       8.65000E-06       8.67500E-06       8.66250E-06       2.50006E-08       7.87775E-08       3.15103E+00       2.72958E-05       2.61377E-05
       8.67500E-06       8.70000E-06       8.68750E-06       2.49996E-08       7.87775E-08       3.15115E+00       2.73756E-05       2.62165E-05
       8.70000E-06       8.72500E-06       8.71250E-06       2.50006E-08       7.87775E-08       3.15103E+00       2.74533E-05       2.62952E-05
       8.72500E-06       8.75000E-06       8.73750E-06       2.49996E-08       7.87775E-08       3.15115E+00       2.75331E-05       2.63740E-05
       8.75000E-06       8.77500E-06       8.76250E-06       2.49996E-08       7.87775E-08       3.15115E+00       2.76119E-05       2.64528E-05
       8.77500E-06       8.80000E-06       8.78750E-06       2.50006E-08       7.87775E-08       3.15103E+00       2.76896E-05       2.65316E-05
       8.80000E-06       8.82500E-06       8.81250E-06       2.49996E-08       7.87775E-08       3.15115E+00       2.77695E-05       2.66103E-05
       8.82500E-06       8.85000E-06       8.83750E-06       2.50006E-08       7.87775E-08       3.15103E+00       2.78472E-05       2.66891E-05
       8.85000E-06       8.87500E-06       8.86250E-06       2.49996E-08       7.87775E-08       3.15115E+00       2.79270E-05       2.67679E-05
       8.87500E-06       8.90000E-06       8.88750E-06       2.49996E-08       7.87775E-08       3.15115E+00       2.80058E-05       2.68467E-05
       8.90000E-06       8.92500E-06       8.91250E-06       2.50006E-08       7.87775E-08       3.15103E+00       2.80835E-05       2.69254E-05
       8.92500E-06       8.95000E-06       8.93750E-06       2.49996E-08       7.87775E-08       3.15115E+00       2.81634E-05       2.70042E-05
       8.95000E-06       8.97500E-06       8.96250E-06       2.50006E-08       7.87775E-08       3.15103E+00       2.82411E-05       2.70830E-05
       8.97500E-06       9.00000E-06       8.98750E-06       2.49996E-08       7.87775E-08       3.15115E+00       2.83209E-05       2.71618E-05
       9.00000E-06       9.02500E-06       9.01250E-06       2.49996E-08       7.87775E-08       3.15115E+00       2.83997E-05       2.72405E-05
       9.02500E-06       9.05000E-06       9.03750E-06       2.50006E-08       7.87775E-08       3.15103E+00       2.84774E-05       2.73193E-05
       9.05000E-06       9.07500E-06       9.06250E-06       2.49996E-08       7.87775E-08       3.15115E+00       2.85573E-05       2.73981E-05
       9.07500E-06       9.10000E-06       9.08750E-06       2.50006E-08       7.87775E-08       3.15103E+00       2.86350E-05       2.74769E-05
       9.10000E-06       9.12500E-06       9.11250E-06       2.49996E-08       7.87775E-08       3.15115E+00       2.87148E-05       2.75557E-05
       9.12500E-06       9.15000E-06       9.13750E-06       2.49996E-08       7.87775E-08       3.15115E+00       2.87936E-05       2.76344E-05
       9.15000E-06       9.17500E-06       9.16250E-06       2.50006E-08       7.87775E-08       3.15103E+00       2.88713E-05       2.77132E-05
       9.17500E-06       9.20000E-06       9.18750E-06       2.49996E-08       7.87775E-08       3.15115E+00       2.89512E-05       2.77920E-05
       9.20000E-06       9.22500E-06       9.21250E-06       2.50006E-08       7.87775E-08       3.15103E+00       2.90288E-05       2.78708E-05
       9.22500E-06       9.25000E-06       9.23750E-06       2.49996E-08       7.87775E-08       3.15115E+00       2.91087E-05       2.79495E-05
       9.25000E-06       9.27500E-06       9.26250E-06       2.49996E-08       7.87775E-08       3.15115E+00       2.91875E-05       2.80283E-05
       9.27500E-06       9.30000E-06       9.28750E-06       2.50006E-08       7.87775E-08       3.15103E+00       2.92652E-05       2.81071E-05
       9.30000E-06       9.32500E-06       9.31250E-06       2.49996E-08       7.87775E-08       3.15115E+00       2.93451E-05       2.81859E-05
       9.32500E-06       9.35000E-06       9.33750E-06       2.50006E-08       7.87775E-08       3.15103E+00       2.94227E-05       2.82646E-05
       9.35000E-06       9.37500E-06       9.36250E-06       2.49996E-08       7.87775E-08       3.15115E+00       2.95026E-05       2.83434E-05
       9.37500E-06       9.40000E-06       9.38750E-06       2.49996E-08       7.87775E-08       3.15115E+00       2.95814E-05       2.84222E-05
       9.40000E-06       9.42500E-06       9.41250E-06       2.50006E-08       7.87775E-08       3.15103E+00       2.96590E-05       2.85010E-05
       9.42500E-06       9.45000E-06       9.43750E-06       2.49996E-08       7.87775E-08       3.15115E+00       2.97389E-05       2.85798E-05
       9.45000E-06       9.47500E-06       9.46250E-06       2.50006E-08       7.87775E-08       3.15103E+00       2.98166E-05       2.86585E-05
       9.47500E-06       9.50000E-06       9.48750E-06       2.49996E-08       7.87775E-08       3.15115E+00       2.98965E-05       2.87373E-05
       9.50000E-06       9.52500E-06       9.51250E-06       2.49996E-08       7.87775E-08       3.15115E+00       2.99753E-05       2.88161E-05
       9.52500E-06       9.55000E-06       9.53750E-06       2.50006E-08       7.87775E-08       3.15103E+00       3.00529E-05       2.88949E-05
       9.55000E-06       9.57500E-06       9.56250E-06       2.49996E-08       7.87775E-08       3.15115E+00       3.01328E-05       2.89736E-05
       9.57500E-06       9.60000E-06       9.58750E-06       2.50006E-08       7.87775E-08       3.15103E+00       3.02105E-05       2.90524E-05
       9.60000E-06       9.62500E-06       9.61250E-06       2.49996E-08       7.87775E-08       3.15115E+00       3.02904E-05       2.91312E-05
       9.62500E-06       9.65000E-06       9.63750E-06       2.49996E-08       7.87775E-08       3.15115E+00       3.03692E-05       2.92100E-05
       9.65000E-06       9.67500E-06       9.66250E-06       2.50006E-08       7.87775E-08       3.15103E+00       3.04468E-05       2.92887E-05
       9.67500E-06       9.70000E-06       9.68750E-06       2.49996E-08       7.87775E-08       3.15115E+00       3.05267E-05       2.93675E-05
       9.70000E-06       9.72500E-06       9.71250E-06       2.50006E-08       7.87775E-08       3.15103E+00       3.06043E-05       2.94463E-05
       9.72500E-06       9.75000E-06       9.73750E-06       2.49996E-08       7.87775E-08       3.15115E+00       3.06843E-05       2.95251E-05
       9.75000E-06       9.77500E-06       9.76250E-06       2.49996E-08       7.87775E-08       3.15115E+00       3.07631E-05       2.96039E-05
       9.77500E-06       9.80000E-06       9.78750E-06       2.50006E-08       7.87775E-08       3.15103E+00       3.08407E-05       2.96826E-05
       9.80000E-06       9.82500E-06       9.81250E-06       2.49996E-08       7.87775E-08       3.15115E+00       3.09206E-05       2.97614E-05
       9.82500E-06       9.85000E-06       9.83750E-06       2.50006E-08       7.87775E-08       3.15103E+00       3.09982E-05       2.98402E-05
       9.85000E-06       9.87500E-06       9.86250E-06       2.49996E-08       7.87775E-08       3.15115E+00       3.10782E-05       2.99190E-05
       9.87500E-06       9.90000E-06       9.88750E-06       2.49996E-08       7.87775E-08       3.15115E+00       3.11570E-05       2.99977E-05
       9.90000E-06       9.92500E-06       9.91250E-06       2.50006E-08       7.87775E-08       3.15103E+00       3.12345E-05       3.00765E-05
       9.92500E-06       9.95000E-06       9.93750E-06       2.49996E-08       7.87775E-08       3.15115E+00       3.13145E-05       3.01553E-05
       9.95000E-06       9.97500E-06       9.96250E-06       2.50006E-08       7.87775E-08       3.15103E+00       3.13921E-05       3.02341E-05
       9.97500E-06       1.00000E-05       9.98750E-06       2.49996E-08       7.87775E-08       3.15115E+00       3.14721E-05       3.03128E-05
       1.00000E-05       1.04713E-05       1.02356E-05       4.71300E-07       1.48506E-06       3.15098E+00       3.22523E-05       3.17979E-05
       1.04713E-05       1.09648E-05       1.07180E-05       4.93500E-07       1.55502E-06       3.15101E+00       3.37727E-05       3.33529E-05
       1.09648E-05       1.14815E-05       1.12232E-05       5.16700E-07       1.62834E-06       3.15143E+00       3.53689E-05       3.49813E-05
       1.14815E-05       1.20226E-05       1.17521E-05       5.41101E-07       1.70501E-06       3.15100E+00       3.70307E-05       3.66863E-05
       1.20226E-05       1.25892E-05       1.23059E-05       5.66600E-07       1.78540E-06       3.15108E+00       3.87769E-05       3.84717E-05
       1.25892E-05       1.31826E-05       1.28859E-05       5.93400E-07       1.86959E-06       3.15063E+00       4.05987E-05       4.03413E-05
       1.31826E-05       1.38038E-05       1.34932E-05       6.21200E-07       1.95767E-06       3.15143E+00       4.25228E-05       4.22989E-05
       1.38038E-05       1.44544E-05       1.41291E-05       6.50600E-07       2.04997E-06       3.15089E+00       4.45192E-05       4.43489E-05
       1.44544E-05       1.51356E-05       1.47950E-05       6.81200E-07       2.14650E-06       3.15106E+00       4.66199E-05       4.64954E-05
       1.51356E-05       1.58489E-05       1.54922E-05       7.13300E-07       2.24770E-06       3.15112E+00       4.88180E-05       4.87431E-05
       1.58489E-05       1.65959E-05       1.62224E-05       7.47000E-07       2.35367E-06       3.15082E+00       5.11139E-05       5.10968E-05
       1.65959E-05       1.73780E-05       1.69869E-05       7.82101E-07       2.46457E-06       3.15122E+00       5.35297E-05       5.35613E-05
       1.73780E-05       1.81970E-05       1.77875E-05       8.19000E-07       2.58070E-06       3.15103E+00       5.60490E-05       5.61420E-05
       1.81970E-05       1.90546E-05       1.86258E-05       8.57599E-07       2.70236E-06       3.15108E+00       5.86913E-05       5.88444E-05
       1.90546E-05       1.99526E-05       1.95036E-05       8.98001E-07       2.82968E-06       3.15109E+00       6.14575E-05       6.16741E-05
       1.99526E-05       2.08930E-05       2.04228E-05       9.40399E-07       2.96303E-06       3.15082E+00       6.43486E-05       6.46371E-05
       2.08930E-05       2.18776E-05       2.13853E-05       9.84600E-07       3.10270E-06       3.15122E+00       6.73899E-05       6.77398E-05
       2.18776E-05       2.29087E-05       2.23932E-05       1.03110E-06       3.24889E-06       3.15089E+00       7.05585E-05       7.09887E-05
       2.29087E-05       2.39883E-05       2.34485E-05       1.07960E-06       3.40200E-06       3.15117E+00       7.38902E-05       7.43907E-05
       2.39883E-05       2.51189E-05       2.45536E-05       1.13060E-06       3.56235E-06       3.15085E+00       7.73648E-05       7.79530E-05
       2.51189E-05       2.63027E-05       2.57108E-05       1.18380E-06       3.73028E-06       3.15111E+00       8.10175E-05       8.16833E-05
       2.63027E-05       2.75423E-05       2.69225E-05       1.23960E-06       3.90606E-06       3.15106E+00       8.48345E-05       8.55894E-05
       2.75423E-05       2.88403E-05       2.81913E-05       1.29800E-06       4.09017E-06       3.15113E+00       8.88345E-05       8.96795E-05
       2.88403E-05       3.01995E-05       2.95199E-05       1.35920E-06       4.28290E-06       3.15105E+00       9.30186E-05       9.39624E-05
       3.01995E-05       3.16228E-05       3.09111E-05       1.42330E-06       4.48475E-06       3.15094E+00       9.73993E-05       9.84472E-05
       3.16228E-05       3.31131E-05       3.23679E-05       1.49030E-06       4.69608E-06       3.15110E+00       1.01995E-04       1.03143E-04
       3.31131E-05       3.46737E-05       3.38934E-05       1.56060E-06       4.91746E-06       3.15100E+00       1.06798E-04       1.08061E-04
       3.46737E-05       3.63078E-05       3.54907E-05       1.63410E-06       5.14921E-06       3.15109E+00       1.11835E-04       1.13210E-04
       3.63078E-05       3.80189E-05       3.71634E-05       1.71110E-06       5.39182E-06       3.15108E+00       1.17105E-04       1.18602E-04
       3.80189E-05       3.98107E-05       3.89148E-05       1.79180E-06       5.64586E-06       3.15094E+00       1.22618E-04       1.24248E-04
       3.98107E-05       4.16869E-05       4.07488E-05       1.87620E-06       5.91201E-06       3.15105E+00       1.28402E-04       1.30160E-04
       4.16869E-05       4.36516E-05       4.26692E-05       1.96470E-06       6.19079E-06       3.15101E+00       1.34451E-04       1.36350E-04
       4.36516E-05       4.57088E-05       4.46802E-05       2.05720E-06       6.48220E-06       3.15098E+00       1.40786E-04       1.42833E-04
       4.57088E-05       4.78630E-05       4.67859E-05       2.15420E-06       6.78787E-06       3.15100E+00       1.47422E-04       1.49620E-04
       4.78630E-05       5.01187E-05       4.89908E-05       2.25570E-06       7.10781E-06       3.15104E+00       1.54372E-04       1.56728E-04
       5.01187E-05       5.24808E-05       5.12998E-05       2.36210E-06       7.44311E-06       3.15105E+00       1.61648E-04       1.64171E-04
       5.24808E-05       5.49541E-05       5.37174E-05       2.47330E-06       7.79378E-06       3.15117E+00       1.69273E-04       1.71965E-04
       5.49541E-05       5.75440E-05       5.62490E-05       2.58990E-06       8.16092E-06       3.15106E+00       1.77244E-04       1.80126E-04
       5.75440E-05       6.02560E-05       5.89000E-05       2.71200E-06       8.54561E-06       3.15103E+00       1.85596E-04       1.88672E-04
       6.02560E-05       6.30957E-05       6.16758E-05       2.83970E-06       8.94842E-06       3.15119E+00       1.94352E-04       1.97620E-04
       6.30957E-05       6.60693E-05       6.45825E-05       2.97360E-06       9.36988E-06       3.15102E+00       2.03501E-04       2.06990E-04
       6.60693E-05       6.91831E-05       6.76262E-05       3.11380E-06       9.81165E-06       3.15102E+00       2.13092E-04       2.16802E-04
       6.91831E-05       7.24436E-05       7.08134E-05       3.26051E-06       1.02737E-05       3.15096E+00       2.23130E-04       2.27075E-04
       7.24436E-05       7.58578E-05       7.41507E-05       3.41420E-06       1.07583E-05       3.15104E+00       2.33652E-04       2.37834E-04
       7.58578E-05       7.94328E-05       7.76453E-05       3.57500E-06       1.12654E-05       3.15115E+00       2.44672E-04       2.49099E-04
       7.94328E-05       8.31764E-05       8.13046E-05       3.74360E-06       1.17960E-05       3.15099E+00       2.56190E-04       2.60895E-04
       8.31764E-05       8.70964E-05       8.51364E-05       3.92000E-06       1.23520E-05       3.15101E+00       2.68266E-04       2.73247E-04
       8.70964E-05       9.12011E-05       8.91488E-05       4.10471E-06       1.29342E-05       3.15107E+00       2.80914E-04       2.86181E-04
       9.12011E-05       9.54993E-05       9.33502E-05       4.29820E-06       1.35439E-05       3.15107E+00       2.94153E-04       2.99725E-04
       9.54993E-05       1.00000E-04       9.77497E-05       4.50070E-06       1.41821E-05       3.15109E+00       3.08018E-04       3.13907E-04
       1.00000E-04       1.04713E-04       1.02356E-04       4.71300E-06       1.48506E-05       3.15098E+00       3.22523E-04       3.28758E-04
       1.04713E-04       1.09648E-04       1.07181E-04       4.93501E-06       1.55502E-05       3.15101E+00       3.37727E-04       3.44308E-04
       1.09648E-04       1.14815E-04       1.12232E-04       5.16700E-06       1.62834E-05       3.15143E+00       3.53689E-04       3.60592E-04
       1.14815E-04       1.20226E-04       1.17520E-04       5.41100E-06       1.70501E-05       3.15100E+00       3.70308E-04       3.77642E-04
       1.20226E-04       1.25892E-04       1.23059E-04       5.66600E-06       1.78540E-05       3.15108E+00       3.87769E-04       3.95496E-04
       1.25892E-04       1.31826E-04       1.28859E-04       5.93401E-06       1.86959E-05       3.15063E+00       4.05987E-04       4.14192E-04
       1.31826E-04       1.38038E-04       1.34932E-04       6.21199E-06       1.95767E-05       3.15143E+00       4.25229E-04       4.33768E-04
       1.38038E-04       1.44544E-04       1.41291E-04       6.50601E-06       2.04997E-05       3.15089E+00       4.45192E-04       4.54268E-04
       1.44544E-04       1.51356E-04       1.47950E-04       6.81200E-06       2.14650E-05       3.15106E+00       4.66199E-04       4.75733E-04
       1.51356E-04       1.58489E-04       1.54922E-04       7.13300E-06       2.24770E-05       3.15112E+00       4.88180E-04       4.98210E-04
       1.58489E-04       1.65959E-04       1.62224E-04       7.47000E-06       2.35367E-05       3.15082E+00       5.11139E-04       5.21747E-04
       1.65959E-04       1.73780E-04       1.69870E-04       7.82100E-06       2.46457E-05       3.15123E+00       5.35297E-04       5.46392E-04
       1.73780E-04       1.81970E-04       1.77875E-04       8.19000E-06       2.58070E-05       3.15103E+00       5.60490E-04       5.72199E-04
       1.81970E-04       1.90546E-04       1.86258E-04       8.57600E-06       2.70236E-05       3.15107E+00       5.86912E-04       5.99223E-04
       1.90546E-04       1.99526E-04       1.95036E-04       8.98000E-06       2.82968E-05       3.15109E+00       6.14576E-04       6.27520E-04
       1.99526E-04       2.08930E-04       2.04228E-04       9.40399E-06       2.96303E-05       3.15082E+00       6.43486E-04       6.57150E-04
       2.08930E-04       2.18776E-04       2.13853E-04       9.84601E-06       3.10270E-05       3.15122E+00       6.73898E-04       6.88177E-04
       2.18776E-04       2.29087E-04       2.23932E-04       1.03110E-05       3.24889E-05       3.15090E+00       7.05585E-04       7.20666E-04
       2.29087E-04       2.39883E-04       2.34485E-04       1.07960E-05       3.40200E-05       3.15117E+00       7.38902E-04       7.54686E-04
       2.39883E-04       2.51189E-04       2.45536E-04       1.13060E-05       3.56235E-05       3.15085E+00       7.73648E-04       7.90309E-04
       2.51189E-04       2.63027E-04       2.57108E-04       1.18380E-05       3.73028E-05       3.15110E+00       8.10174E-04       8.27612E-04
       2.63027E-04       2.75423E-04       2.69225E-04       1.23960E-05       3.90606E-05       3.15106E+00       8.48345E-04       8.66673E-04
       2.75423E-04       2.88403E-04       2.81913E-04       1.29800E-05       4.09017E-05       3.15113E+00       8.88345E-04       9.07574E-04
       2.88403E-04       3.01995E-04       2.95199E-04       1.35920E-05       4.28290E-05       3.15105E+00       9.30187E-04       9.50403E-04
       3.01995E-04       3.16228E-04       3.09111E-04       1.42330E-05       4.48475E-05       3.15095E+00       9.73994E-04       9.95251E-04
       3.16228E-04       3.31131E-04       3.23680E-04       1.49030E-05       4.69608E-05       3.15109E+00       1.01994E-03       1.04221E-03
       3.31131E-04       3.46737E-04       3.38934E-04       1.56060E-05       4.91746E-05       3.15101E+00       1.06798E-03       1.09139E-03
       3.46737E-04       3.63078E-04       3.54908E-04       1.63410E-05       5.14921E-05       3.15110E+00       1.11835E-03       1.14288E-03
       3.63078E-04       3.80189E-04       3.71634E-04       1.71110E-05       5.39182E-05       3.15109E+00       1.17105E-03       1.19680E-03
       3.80189E-04       3.98107E-04       3.89148E-04       1.79180E-05       5.64597E-05       3.15100E+00       1.22621E-03       1.25326E-03
       3.98107E-04       4.16869E-04       4.07488E-04       1.87620E-05       5.91207E-05       3.15109E+00       1.28403E-03       1.31238E-03
       4.16869E-04       4.36516E-04       4.26692E-04       1.96470E-05       6.19068E-05       3.15096E+00       1.34449E-03       1.37428E-03
       4.36516E-04       4.57088E-04       4.46802E-04       2.05720E-05       6.48247E-05       3.15111E+00       1.40792E-03       1.43911E-03
       4.57088E-04       4.78630E-04       4.67859E-04       2.15420E-05       6.78798E-05       3.15104E+00       1.47424E-03       1.50699E-03
       4.78630E-04       5.01187E-04       4.89909E-04       2.25570E-05       7.10786E-05       3.15107E+00       1.54373E-03       1.57807E-03
       5.01187E-04       5.24808E-04       5.12998E-04       2.36210E-05       7.44289E-05       3.15097E+00       1.61644E-03       1.65250E-03
       5.24808E-04       5.49541E-04       5.37175E-04       2.47330E-05       7.79362E-05       3.15110E+00       1.69269E-03       1.73043E-03
       5.49541E-04       5.75440E-04       5.62491E-04       2.58990E-05       8.16092E-05       3.15106E+00       1.77244E-03       1.81204E-03
       5.75440E-04       6.02560E-04       5.89000E-04       2.71200E-05       8.54556E-05       3.15102E+00       1.85595E-03       1.89750E-03
       6.02560E-04       6.30957E-04       6.16758E-04       2.83970E-05       8.94825E-05       3.15113E+00       1.94349E-03       1.98698E-03
       6.30957E-04       6.60693E-04       6.45825E-04       2.97360E-05       9.36999E-05       3.15106E+00       2.03503E-03       2.08068E-03
       6.60693E-04       6.91831E-04       6.76262E-04       3.11380E-05       9.81159E-05       3.15100E+00       2.13090E-03       2.17880E-03
       6.91831E-04       7.24436E-04       7.08133E-04       3.26050E-05       1.02740E-04       3.15105E+00       2.23136E-03       2.28154E-03
       7.24436E-04       7.58578E-04       7.41507E-04       3.41420E-05       1.07582E-04       3.15101E+00       2.33650E-03       2.38912E-03
       7.58578E-04       7.94328E-04       7.76453E-04       3.57500E-05       1.12652E-04       3.15111E+00       2.44669E-03       2.50177E-03
       7.94328E-04       8.31764E-04       8.13046E-04       3.74360E-05       1.17961E-04       3.15102E+00       2.56192E-03       2.61973E-03
       8.31764E-04       8.70964E-04       8.51364E-04       3.92000E-05       1.23521E-04       3.15104E+00       2.68268E-03       2.74325E-03
       8.70964E-04       9.12011E-04       8.91487E-04       4.10470E-05       1.29342E-04       3.15106E+00       2.80913E-03       2.87259E-03
       9.12011E-04       9.54993E-04       9.33502E-04       4.29820E-05       1.35437E-04       3.15103E+00       2.94149E-03       3.00803E-03
       9.54993E-04       1.00000E-03       9.77497E-04       4.50070E-05       1.41820E-04       3.15107E+00       3.08016E-03       3.14985E-03
       1.00000E-03       1.04713E-03       1.02356E-03       4.71300E-05       1.48506E-04       3.15098E+00       3.22523E-03       3.29836E-03
       1.04713E-03       1.09648E-03       1.07180E-03       4.93500E-05       1.55501E-04       3.15098E+00       3.37724E-03       3.45386E-03
       1.09648E-03       1.14815E-03       1.12231E-03       5.16700E-05       1.62834E-04       3.15141E+00       3.53688E-03       3.61669E-03
       1.14815E-03       1.20226E-03       1.17520E-03       5.41100E-05       1.70503E-04       3.15105E+00       3.70313E-03       3.78719E-03
       1.20226E-03       1.25892E-03       1.23059E-03       5.66600E-05       1.78541E-04       3.15110E+00       3.87771E-03       3.96574E-03
       1.25892E-03       1.31826E-03       1.28859E-03       5.93400E-05       1.86958E-04       3.15063E+00       4.05986E-03       4.15269E-03
       1.31826E-03       1.38038E-03       1.34932E-03       6.21200E-05       1.95765E-04       3.15140E+00       4.25225E-03       4.34846E-03
       1.38038E-03       1.44544E-03       1.41291E-03       6.50599E-05       2.04994E-04       3.15085E+00       4.45187E-03       4.55345E-03
       1.44544E-03       1.51356E-03       1.47950E-03       6.81201E-05       2.14652E-04       3.15108E+00       4.66203E-03       4.76810E-03
       1.51356E-03       1.58489E-03       1.54923E-03       7.13300E-05       2.24771E-04       3.15114E+00       4.88182E-03       4.99288E-03
       1.58489E-03       1.65959E-03       1.62224E-03       7.47000E-05       2.35364E-04       3.15080E+00       5.11135E-03       5.22824E-03
       1.65959E-03       1.73780E-03       1.69870E-03       7.82101E-05       2.46456E-04       3.15120E+00       5.35293E-03       5.47470E-03
       1.73780E-03       1.81970E-03       1.77875E-03       8.18999E-05       2.58071E-04       3.15105E+00       5.60493E-03       5.73277E-03
       1.81970E-03       1.90546E-03       1.86258E-03       8.57600E-05       2.70234E-04       3.15105E+00       5.86908E-03       6.00300E-03
       1.90546E-03       1.99526E-03       1.95036E-03       8.98001E-05       2.82967E-04       3.15108E+00       6.14574E-03       6.28597E-03
       1.99526E-03       2.08930E-03       2.04228E-03       9.40400E-05       2.96305E-04       3.15084E+00       6.43490E-03       6.58227E-03
       2.08930E-03       2.18776E-03       2.13853E-03       9.84600E-05       3.10271E-04       3.15124E+00       6.73902E-03       6.89254E-03
       2.18776E-03       2.29087E-03       2.23932E-03       1.03110E-04       3.24892E-04       3.15092E+00       7.05591E-03       7.21744E-03
       2.29087E-03       2.39883E-03       2.34485E-03       1.07960E-04       3.40203E-04       3.15119E+00       7.38908E-03       7.55764E-03
       2.39883E-03       2.51189E-03       2.45536E-03       1.13060E-04       3.56235E-04       3.15086E+00       7.73649E-03       7.91387E-03
       2.51189E-03       2.63027E-03       2.57108E-03       1.18380E-04       3.73027E-04       3.15110E+00       8.10172E-03       8.28690E-03
       2.63027E-03       2.75423E-03       2.69225E-03       1.23960E-04       3.90607E-04       3.15107E+00       8.48347E-03       8.67751E-03
       2.75423E-03       2.88403E-03       2.81913E-03       1.29800E-04       4.09016E-04       3.15112E+00       8.88342E-03       9.08652E-03
       2.88403E-03       3.01995E-03       2.95199E-03       1.35920E-04       4.28290E-04       3.15105E+00       9.30186E-03       9.51481E-03
       3.01995E-03       3.16228E-03       3.09112E-03       1.42330E-04       4.48476E-04       3.15095E+00       9.73996E-03       9.96329E-03
       3.16228E-03       3.31131E-03       3.23679E-03       1.49030E-04       4.69610E-04       3.15111E+00       1.01995E-02       1.04329E-02
       3.31131E-03       3.46737E-03       3.38934E-03       1.56060E-04       4.91746E-04       3.15100E+00       1.06798E-02       1.09246E-02
       3.46737E-03       3.63078E-03       3.54907E-03       1.63410E-04       5.14919E-04       3.15109E+00       1.11834E-02       1.14396E-02
       3.63078E-03       3.80189E-03       3.71633E-03       1.71110E-04       5.39185E-04       3.15111E+00       1.17106E-02       1.19787E-02
       3.80189E-03       3.98107E-03       3.89148E-03       1.79180E-04       5.64596E-04       3.15100E+00       1.22620E-02       1.25433E-02
       3.98107E-03       4.16869E-03       4.07488E-03       1.87620E-04       5.91207E-04       3.15109E+00       1.28403E-02       1.31346E-02
       4.16869E-03       4.36516E-03       4.26693E-03       1.96470E-04       6.19068E-04       3.15095E+00       1.34449E-02       1.37536E-02
       4.36516E-03       4.57088E-03       4.46802E-03       2.05720E-04       6.48247E-04       3.15112E+00       1.40793E-02       1.44019E-02
       4.57088E-03       4.78630E-03       4.67859E-03       2.15420E-04       6.78798E-04       3.15104E+00       1.47424E-02       1.50807E-02
       4.78630E-03       5.01187E-03       4.89909E-03       2.25570E-04       7.10786E-04       3.15106E+00       1.54373E-02       1.57915E-02
       5.01187E-03       5.24807E-03       5.12997E-03       2.36200E-04       7.44289E-04       3.15110E+00       1.61651E-02       1.65357E-02
       5.24807E-03       5.49541E-03       5.37174E-03       2.47340E-04       7.79362E-04       3.15097E+00       1.69262E-02       1.73151E-02
       5.49541E-03       5.75440E-03       5.62491E-03       2.58990E-04       8.16092E-04       3.15106E+00       1.77244E-02       1.81312E-02
       5.75440E-03       6.02560E-03       5.89000E-03       2.71200E-04       8.54556E-04       3.15101E+00       1.85595E-02       1.89858E-02
       6.02560E-03       6.30957E-03       6.16759E-03       2.83970E-04       8.94825E-04       3.15113E+00       1.94349E-02       1.98806E-02
       6.30957E-03       6.60693E-03       6.45825E-03       2.97360E-04       9.36999E-04       3.15106E+00       2.03503E-02       2.08176E-02
       6.60693E-03       6.91831E-03       6.76262E-03       3.11380E-04       9.81159E-04       3.15100E+00       2.13090E-02       2.17987E-02
       6.91831E-03       7.24436E-03       7.08133E-03       3.26050E-04       1.02740E-03       3.15105E+00       2.23136E-02       2.28261E-02
       7.24436E-03       7.58578E-03       7.41507E-03       3.41420E-04       1.07582E-03       3.15101E+00       2.33650E-02       2.39020E-02
       7.58578E-03       7.94328E-03       7.76453E-03       3.57500E-04       1.12652E-03       3.15111E+00       2.44669E-02       2.50285E-02
       7.94328E-03       8.31764E-03       8.13046E-03       3.74360E-04       1.17961E-03       3.15102E+00       2.56192E-02       2.62081E-02
       8.31764E-03       8.70964E-03       8.51364E-03       3.92000E-04       1.23521E-03       3.15104E+00       2.68268E-02       2.74433E-02
       8.70964E-03       9.12011E-03       8.91487E-03       4.10471E-04       1.29342E-03       3.15105E+00       2.80913E-02       2.87367E-02
       9.12011E-03       9.54993E-03       9.33502E-03       4.29819E-04       1.35437E-03       3.15103E+00       2.94149E-02       3.00911E-02
       9.54993E-03       1.00000E-02       9.77496E-03       4.50070E-04       1.41820E-03       3.15107E+00       3.08016E-02       3.15093E-02
       1.00000E-02       1.04713E-02       1.02357E-02       4.71300E-04       1.48755E-03       3.15626E+00       3.23064E-02       3.29968E-02
       1.04713E-02       1.09648E-02       1.07180E-02       4.93500E-04       1.55809E-03       3.15722E+00       3.38392E-02       3.45549E-02
       1.09648E-02       1.14815E-02       1.12232E-02       5.16700E-04       1.63156E-03       3.15765E+00       3.54388E-02       3.61865E-02
       1.14815E-02       1.20226E-02       1.17521E-02       5.41100E-04       1.70841E-03       3.15729E+00       3.71046E-02       3.78949E-02
       1.20226E-02       1.25892E-02       1.23059E-02       5.66601E-04       1.78895E-03       3.15734E+00       3.88539E-02       3.96838E-02
       1.25892E-02       1.31826E-02       1.28859E-02       5.93399E-04       1.87328E-03       3.15686E+00       4.06790E-02       4.15571E-02
       1.31826E-02       1.38038E-02       1.34932E-02       6.21200E-04       1.96153E-03       3.15764E+00       4.26067E-02       4.35186E-02
       1.38038E-02       1.44544E-02       1.41291E-02       6.50601E-04       2.06007E-03       3.16642E+00       4.47386E-02       4.55787E-02
       1.44544E-02       1.51356E-02       1.47950E-02       6.81199E-04       2.16377E-03       3.17641E+00       4.69950E-02       4.77425E-02
       1.51356E-02       1.58489E-02       1.54923E-02       7.13301E-04       2.26576E-03       3.17645E+00       4.92103E-02       5.00083E-02
       1.58489E-02       1.65959E-02       1.62224E-02       7.47000E-04       2.37255E-03       3.17610E+00       5.15240E-02       5.23808E-02
       1.65959E-02       1.73780E-02       1.69870E-02       7.82100E-04       2.49067E-03       3.18460E+00       5.40966E-02       5.48715E-02
       1.73780E-02       1.81970E-02       1.77875E-02       8.19000E-04       2.60939E-03       3.18607E+00       5.66722E-02       5.74809E-02
       1.81970E-02       1.90546E-02       1.86258E-02       8.57600E-04       2.73237E-03       3.18607E+00       5.93431E-02       6.02132E-02
       1.90546E-02       1.99526E-02       1.95036E-02       8.98000E-04       2.86112E-03       3.18611E+00       6.21405E-02       6.30744E-02
       1.99526E-02       2.08930E-02       2.04228E-02       9.40400E-04       3.00561E-03       3.19610E+00       6.52733E-02       6.60800E-02
       2.08930E-02       2.18776E-02       2.13853E-02       9.84600E-04       3.14986E-03       3.19913E+00       6.84143E-02       6.92298E-02
       2.18776E-02       2.29087E-02       2.23931E-02       1.03110E-03       3.29829E-03       3.19881E+00       7.16313E-02       7.25281E-02
       2.29087E-02       2.39883E-02       2.34485E-02       1.07960E-03       3.45372E-03       3.19907E+00       7.50134E-02       7.59818E-02
       2.39883E-02       2.51189E-02       2.45536E-02       1.13060E-03       3.61649E-03       3.19873E+00       7.85404E-02       7.95983E-02
       2.51189E-02       2.63027E-02       2.57108E-02       1.18380E-03       3.78695E-03       3.19898E+00       8.22484E-02       8.33853E-02
       2.63027E-02       2.75423E-02       2.69225E-02       1.23960E-03       3.96542E-03       3.19895E+00       8.61237E-02       8.73507E-02
       2.75423E-02       2.88403E-02       2.81913E-02       1.29800E-03       4.17462E-03       3.21619E+00       9.06687E-02       9.15253E-02
       2.88403E-02       3.01995E-02       2.95199E-02       1.35920E-03       4.40140E-03       3.23823E+00       9.55922E-02       9.59267E-02
       3.01995E-02       3.16228E-02       3.09112E-02       1.42330E-03       4.77444E-03       3.35448E+00       1.03691E-01       1.00701E-01
       3.16228E-02       3.31131E-02       3.23680E-02       1.49030E-03       5.00161E-03       3.35611E+00       1.08630E-01       1.05703E-01
       3.31131E-02       3.46737E-02       3.38934E-02       1.56060E-03       5.26176E-03       3.37163E+00       1.14276E-01       1.10965E-01
       3.46737E-02       3.63078E-02       3.54908E-02       1.63410E-03       5.51689E-03       3.37610E+00       1.19820E-01       1.16481E-01
       3.63078E-02       3.80189E-02       3.71633E-02       1.71110E-03       5.77685E-03       3.37611E+00       1.25467E-01       1.22258E-01
       3.80189E-02       3.98107E-02       3.89148E-02       1.79180E-03       6.04915E-03       3.37602E+00       1.31377E-01       1.28307E-01
       3.98107E-02       4.16869E-02       4.07488E-02       1.87620E-03       6.46743E-03       3.44709E+00       1.40465E-01       1.34775E-01
       4.16869E-02       4.36516E-02       4.26693E-02       1.96470E-03       7.26767E-03       3.69912E+00       1.57839E-01       1.42043E-01
       4.36516E-02       4.57088E-02       4.46802E-02       2.05720E-03       7.88236E-03       3.83160E+00       1.71196E-01       1.49925E-01
       4.57088E-02       4.78630E-02       4.67859E-02       2.15420E-03       8.25382E-03       3.83151E+00       1.79260E-01       1.58179E-01
       4.78630E-02       5.01187E-02       4.89908E-02       2.25570E-03       8.64280E-03       3.83154E+00       1.87710E-01       1.66822E-01
       5.01187E-02       5.24808E-02       5.12998E-02       2.36210E-03       9.50724E-03       4.02491E+00       2.06477E-01       1.76329E-01
       5.24808E-02       5.49541E-02       5.37174E-02       2.47330E-03       9.97173E-03       4.03175E+00       2.16575E-01       1.86300E-01
       5.49541E-02       5.75440E-02       5.62491E-02       2.58990E-03       1.07328E-02       4.14411E+00       2.33102E-01       1.97033E-01
       5.75440E-02       6.02560E-02       5.89000E-02       2.71200E-03       1.17243E-02       4.32312E+00       2.54632E-01       2.08758E-01
       6.02560E-02       6.30957E-02       6.16758E-02       2.83970E-03       1.23160E-02       4.33706E+00       2.67492E-01       2.21074E-01
       6.30957E-02       6.60693E-02       6.45825E-02       2.97360E-03       1.28992E-02       4.33791E+00       2.80153E-01       2.33973E-01
       6.60693E-02       6.91831E-02       6.76262E-02       3.11380E-03       1.38445E-02       4.44616E+00       3.00677E-01       2.47817E-01
       6.91831E-02       7.24436E-02       7.08134E-02       3.26050E-03       1.47219E-02       4.51523E+00       3.19739E-01       2.62539E-01
       7.24436E-02       7.58578E-02       7.41507E-02       3.41420E-03       1.54992E-02       4.53962E+00       3.36616E-01       2.78038E-01
       7.58578E-02       7.94328E-02       7.76453E-02       3.57500E-03       1.62296E-02       4.53974E+00       3.52490E-01       2.94268E-01
       7.94328E-02       8.31764E-02       8.13046E-02       3.74360E-03       1.69564E-02       4.52945E+00       3.68265E-01       3.11224E-01
       8.31764E-02       8.70964E-02       8.51364E-02       3.92000E-03       1.79311E-02       4.57425E+00       3.89436E-01       3.29155E-01
       8.70964E-02       9.12011E-02       8.91488E-02       4.10470E-03       1.88536E-02       4.59316E+00       4.09475E-01       3.48009E-01
       9.12011E-02       9.54993E-02       9.33502E-02       4.29820E-03       1.96573E-02       4.57339E+00       4.26927E-01       3.67666E-01
       9.54993E-02       1.00000E-01       9.77497E-02       4.50070E-03       2.05900E-02       4.57484E+00       4.47189E-01       3.88256E-01
       1.00000E-01       1.04713E-01       1.02357E-01       4.71300E-03       2.13958E-02       4.53973E+00       4.64671E-01       4.09652E-01
       1.04713E-01       1.09648E-01       1.07180E-01       4.93500E-03       2.23580E-02       4.53049E+00       4.85580E-01       4.32010E-01
       1.09648E-01       1.14815E-01       1.12231E-01       5.16700E-03       2.29465E-02       4.44098E+00       4.98418E-01       4.54957E-01
       1.14815E-01       1.20226E-01       1.17520E-01       5.41100E-03       2.37591E-02       4.39089E+00       5.16020E-01       4.78716E-01
       1.20226E-01       1.25892E-01       1.23059E-01       5.66600E-03       2.46201E-02       4.34524E+00       5.34721E-01       5.03336E-01
       1.25892E-01       1.31826E-01       1.28859E-01       5.93400E-03       2.54220E-02       4.28412E+00       5.52048E-01       5.28758E-01
       1.31826E-01       1.38038E-01       1.34932E-01       6.21200E-03       2.64097E-02       4.25140E+00       5.73650E-01       5.55167E-01
       1.38038E-01       1.44544E-01       1.41291E-01       6.50600E-03       2.69099E-02       4.13617E+00       5.84403E-01       5.82077E-01
       1.44544E-01       1.51356E-01       1.47950E-01       6.81200E-03       2.73861E-02       4.02028E+00       5.94800E-01       6.09463E-01
       1.51356E-01       1.58489E-01       1.54923E-01       7.13300E-03       2.75705E-02       3.86520E+00       5.98806E-01       6.37034E-01
       1.58489E-01       1.65959E-01       1.62224E-01       7.47000E-03       2.75884E-02       3.69322E+00       5.99129E-01       6.64622E-01
       1.65959E-01       1.73780E-01       1.69869E-01       7.82100E-03       2.74892E-02       3.51479E+00       5.97056E-01       6.92111E-01
       1.73780E-01       1.81970E-01       1.77875E-01       8.19000E-03       2.80037E-02       3.41926E+00       6.08201E-01       7.20115E-01
       1.81970E-01       1.90546E-01       1.86258E-01       8.57600E-03       2.82649E-02       3.29582E+00       6.13873E-01       7.48380E-01
       1.90546E-01       1.99526E-01       1.95036E-01       8.98000E-03       2.92486E-02       3.25708E+00       6.35248E-01       7.77629E-01
       1.99526E-01       2.08930E-01       2.04228E-01       9.40400E-03       2.31300E-02       2.45959E+00       5.02316E-01       8.00759E-01
       2.08930E-01       2.18776E-01       2.13853E-01       9.84600E-03       2.22734E-02       2.26218E+00       4.83774E-01       8.23032E-01
       2.18776E-01       2.29087E-01       2.23931E-01       1.03110E-02       2.32787E-02       2.25766E+00       5.05561E-01       8.46311E-01
       2.29087E-01       2.39883E-01       2.34485E-01       1.07960E-02       2.43746E-02       2.25774E+00       5.29407E-01       8.70685E-01
       2.39883E-01       2.51189E-01       2.45536E-01       1.13060E-02       2.55097E-02       2.25630E+00       5.54003E-01       8.96195E-01
       2.51189E-01       2.63027E-01       2.57108E-01       1.18380E-02       2.66759E-02       2.25341E+00       5.79370E-01       9.22871E-01
       2.63027E-01       2.75423E-01       2.69225E-01       1.23960E-02       2.78906E-02       2.24997E+00       6.05748E-01       9.50762E-01
       2.75423E-01       2.88403E-01       2.81913E-01       1.29800E-02       2.00240E-02       1.54268E+00       4.34902E-01       9.70786E-01
       2.88403E-01       3.01995E-01       2.95199E-01       1.35920E-02       8.63364E-03       6.35200E-01       1.87510E-01       9.79419E-01
       3.01995E-01       3.16228E-01       3.09112E-01       1.42330E-02       9.01317E-03       6.33259E-01       1.95748E-01       9.88432E-01
       3.16228E-01       3.31131E-01       3.23680E-01       1.49030E-02       9.41044E-03       6.31446E-01       2.04386E-01       9.97843E-01
       3.31131E-01       3.46737E-01       3.38934E-01       1.56060E-02       2.15698E-03       1.38215E-01       4.68457E-02       1.00000E+00

 Sum =                                                                         1.00000E+00
 Renormalization bin#   937 =                                                  1.82222E-05 barn        1.22000E+07        1.24000E+07        1.23000E+07
 Avg. Energy     bin#   937 =                                                  1.33903E-01 MeV         1.22000E+07        1.24000E+07
