"        MT=103 recoil spectrum "
" Initial neutron energy corresponds to the group:"
   6.00000E+00    6.20000E+00       0.00000E+00           783           851            69



          Low               High              Mid              Energy           Number             dn/de            E*dn/de          Cumulative
         Energy            Energy            Energy             Width          Fraction                               Sum   
         [MeV]             [MeV]             [MeV]              [MeV]

       2.18776E-02       2.29087E-02       2.23931E-02       1.03110E-03       0.00000E+00       0.00000E+00       0.00000E+00       0.00000E+00
       2.29087E-02       2.39883E-02       2.34485E-02       1.07960E-03       1.32379E-06       1.22618E-03       2.87521E-05       1.32379E-06
       2.39883E-02       2.51189E-02       2.45536E-02       1.13060E-03       3.58020E-04       3.16663E-01       7.77523E-03       3.59343E-04
       2.51189E-02       2.63027E-02       2.57108E-02       1.18380E-03       8.85303E-04       7.47849E-01       1.92278E-02       1.24465E-03
       2.63027E-02       2.75423E-02       2.69225E-02       1.23960E-03       9.35445E-04       7.54634E-01       2.03166E-02       2.18009E-03
       2.75423E-02       2.88403E-02       2.81913E-02       1.29800E-03       9.79531E-04       7.54646E-01       2.12745E-02       3.15962E-03
       2.88403E-02       3.01995E-02       2.95199E-02       1.35920E-03       1.02569E-03       7.54629E-01       2.22766E-02       4.18531E-03
       3.01995E-02       3.16228E-02       3.09112E-02       1.42330E-03       1.07403E-03       7.54607E-01       2.33258E-02       5.25935E-03
       3.16228E-02       3.31131E-02       3.23680E-02       1.49030E-03       1.12465E-03       7.54644E-01       2.44263E-02       6.38399E-03
       3.31131E-02       3.46737E-02       3.38934E-02       1.56060E-03       1.17766E-03       7.54620E-01       2.55766E-02       7.56165E-03
       3.46737E-02       3.63078E-02       3.54908E-02       1.63410E-03       1.23315E-03       7.54637E-01       2.67826E-02       8.79480E-03
       3.63078E-02       3.80189E-02       3.71633E-02       1.71110E-03       1.29127E-03       7.54643E-01       2.80451E-02       1.00861E-02
       3.80189E-02       3.98107E-02       3.89148E-02       1.79180E-03       1.35213E-03       7.54620E-01       2.93659E-02       1.14382E-02
       3.98107E-02       4.16869E-02       4.07488E-02       1.87620E-03       1.41586E-03       7.54641E-01       3.07507E-02       1.28541E-02
       4.16869E-02       4.36516E-02       4.26693E-02       1.96470E-03       1.48258E-03       7.54607E-01       3.21985E-02       1.43366E-02
       4.36516E-02       4.57088E-02       4.46802E-02       2.05720E-03       1.55245E-03       7.54642E-01       3.37175E-02       1.58891E-02
       4.57088E-02       4.78630E-02       4.67859E-02       2.15420E-03       1.62641E-03       7.54996E-01       3.53232E-02       1.75155E-02
       4.78630E-02       5.01187E-02       4.89908E-02       2.25570E-03       3.00734E-03       1.33322E+00       6.53155E-02       2.05228E-02
       5.01187E-02       5.24808E-02       5.12998E-02       2.36210E-03       4.89203E-03       2.07105E+00       1.06244E-01       2.54149E-02
       5.24808E-02       5.49541E-02       5.37174E-02       2.47330E-03       5.16383E-03       2.08783E+00       1.12153E-01       3.05787E-02
       5.49541E-02       5.75440E-02       5.62491E-02       2.58990E-03       5.40719E-03       2.08780E+00       1.17437E-01       3.59859E-02
       5.75440E-02       6.02560E-02       5.89000E-02       2.71200E-03       5.66205E-03       2.08778E+00       1.22970E-01       4.16479E-02
       6.02560E-02       6.30957E-02       6.16758E-02       2.83970E-03       5.92887E-03       2.08785E+00       1.28770E-01       4.75768E-02
       6.30957E-02       6.60693E-02       6.45825E-02       2.97360E-03       6.20831E-03       2.08781E+00       1.34836E-01       5.37851E-02
       6.60693E-02       6.91831E-02       6.76262E-02       3.11380E-03       6.50090E-03       2.08777E+00       1.41188E-01       6.02860E-02
       6.91831E-02       7.24436E-02       7.08134E-02       3.26050E-03       6.81325E-03       2.08963E+00       1.47974E-01       6.70993E-02
       7.24436E-02       7.58578E-02       7.41507E-02       3.41420E-03       7.33177E-03       2.14744E+00       1.59234E-01       7.44310E-02
       7.58578E-02       7.94328E-02       7.76453E-02       3.57500E-03       7.83146E-03       2.19062E+00       1.70091E-01       8.22625E-02
       7.94328E-02       8.31764E-02       8.13046E-02       3.74360E-03       8.20058E-03       2.19056E+00       1.78102E-01       9.04631E-02
       8.31764E-02       8.70964E-02       8.51364E-02       3.92000E-03       8.58703E-03       2.19057E+00       1.86497E-01       9.90501E-02
       8.70964E-02       9.12011E-02       8.91488E-02       4.10470E-03       8.99172E-03       2.19059E+00       1.95288E-01       1.08042E-01
       9.12011E-02       9.54993E-02       9.33502E-02       4.29820E-03       9.41551E-03       2.19057E+00       2.04490E-01       1.17457E-01
       9.54993E-02       1.00000E-01       9.77497E-02       4.50070E-03       9.91671E-03       2.20337E+00       2.15379E-01       1.27374E-01
       1.00000E-01       1.04713E-01       1.02357E-01       4.71300E-03       1.04779E-02       2.22318E+00       2.27557E-01       1.37852E-01
       1.04713E-01       1.09648E-01       1.07180E-01       4.93500E-03       1.09750E-02       2.22390E+00       2.38359E-01       1.48827E-01
       1.09648E-01       1.14815E-01       1.12231E-01       5.16700E-03       1.14925E-02       2.22421E+00       2.49626E-01       1.60319E-01
       1.14815E-01       1.20226E-01       1.17520E-01       5.41100E-03       1.20344E-02       2.22406E+00       2.61372E-01       1.72354E-01
       1.20226E-01       1.25892E-01       1.23059E-01       5.66600E-03       1.26496E-02       2.23254E+00       2.74735E-01       1.85003E-01
       1.25892E-01       1.31826E-01       1.28859E-01       5.93400E-03       1.32945E-02       2.24040E+00       2.88696E-01       1.98298E-01
       1.31826E-01       1.38038E-01       1.34932E-01       6.21200E-03       1.39211E-02       2.24101E+00       3.02384E-01       2.12219E-01
       1.38038E-01       1.44544E-01       1.41291E-01       6.50600E-03       1.45786E-02       2.24079E+00       3.16604E-01       2.26798E-01
       1.44544E-01       1.51356E-01       1.47950E-01       6.81200E-03       1.53247E-02       2.24966E+00       3.32837E-01       2.42122E-01
       1.51356E-01       1.58489E-01       1.54923E-01       7.13300E-03       1.61001E-02       2.25712E+00       3.49679E-01       2.58222E-01
       1.58489E-01       1.65959E-01       1.62224E-01       7.47000E-03       1.68591E-02       2.25690E+00       3.66124E-01       2.75081E-01
       1.65959E-01       1.73780E-01       1.69869E-01       7.82100E-03       1.76736E-02       2.25976E+00       3.83864E-01       2.92755E-01
       1.73780E-01       1.81970E-01       1.77875E-01       8.19000E-03       1.85602E-02       2.26621E+00       4.03102E-01       3.11315E-01
       1.81970E-01       1.90546E-01       1.86258E-01       8.57600E-03       1.94402E-02       2.26681E+00       4.22211E-01       3.30755E-01
       1.90546E-01       1.99526E-01       1.95036E-01       8.98000E-03       2.03819E-02       2.26970E+00       4.42673E-01       3.51137E-01
       1.99526E-01       2.08930E-01       2.04228E-01       9.40400E-03       2.13926E-02       2.27484E+00       4.64587E-01       3.72530E-01
       2.08930E-01       2.18776E-01       2.13853E-01       9.84600E-03       2.24064E-02       2.27568E+00       4.86662E-01       3.94936E-01
       2.18776E-01       2.29087E-01       2.23931E-01       1.03110E-02       2.35013E-02       2.27925E+00       5.10396E-01       4.18438E-01
       2.29087E-01       2.39883E-01       2.34485E-01       1.07960E-02       2.46278E-02       2.28119E+00       5.34906E-01       4.43065E-01
       2.39883E-01       2.51189E-01       2.45536E-01       1.13060E-02       2.58061E-02       2.28252E+00       5.60440E-01       4.68872E-01
       2.51189E-01       2.63027E-01       2.57108E-01       1.18380E-02       2.70438E-02       2.28449E+00       5.87362E-01       4.95915E-01
       2.63027E-01       2.75423E-01       2.69225E-01       1.23960E-02       2.83226E-02       2.28482E+00       6.15131E-01       5.24238E-01
       2.75423E-01       2.88403E-01       2.81913E-01       1.29800E-02       2.96634E-02       2.28532E+00       6.44260E-01       5.53901E-01
       2.88403E-01       3.01995E-01       2.95199E-01       1.35920E-02       3.10517E-02       2.28456E+00       6.74399E-01       5.84953E-01
       3.01995E-01       3.16228E-01       3.09112E-01       1.42330E-02       3.25017E-02       2.28355E+00       7.05870E-01       6.17455E-01
       3.16228E-01       3.31131E-01       3.23680E-01       1.49030E-02       3.39913E-02       2.28083E+00       7.38259E-01       6.51446E-01
       3.31131E-01       3.46737E-01       3.38934E-01       1.56060E-02       3.55467E-02       2.27776E+00       7.72009E-01       6.86993E-01
       3.46737E-01       3.63078E-01       3.54908E-01       1.63410E-02       3.71246E-02       2.27187E+00       8.06303E-01       7.24117E-01
       3.63078E-01       3.80189E-01       3.71633E-01       1.71110E-02       3.87251E-02       2.26317E+00       8.41069E-01       7.62842E-01
       3.80189E-01       3.98107E-01       3.89148E-01       1.79180E-02       4.02700E-02       2.24746E+00       8.74595E-01       8.03112E-01
       3.98107E-01       4.16869E-01       4.07488E-01       1.87620E-02       4.16556E-02       2.22021E+00       9.04708E-01       8.44768E-01
       4.16869E-01       4.36516E-01       4.26692E-01       1.96470E-02       4.29367E-02       2.18541E+00       9.32497E-01       8.87705E-01
       4.36516E-01       4.57088E-01       4.46802E-01       2.05720E-02       4.42966E-02       2.15324E+00       9.62074E-01       9.32001E-01
       4.57088E-01       4.78630E-01       4.67859E-01       2.15420E-02       4.29146E-02       1.99213E+00       9.32038E-01       9.74916E-01
       4.78630E-01       5.01187E-01       4.89909E-01       2.25570E-02       2.44780E-02       1.08516E+00       5.31630E-01       9.99394E-01
       5.01187E-01       5.24808E-01       5.12998E-01       2.36210E-02       6.06013E-04       2.56557E-02       1.31613E-02       1.00000E+00

 Sum =                                                                         1.00000E+00
 Renormalization bin#   906 =                                                  7.27793E-02 barn        6.00000E+06        6.20000E+06        6.10000E+06
 Avg. Energy     bin#   906 =                                                  2.64838E-01 MeV         6.00000E+06        6.20000E+06
