"        MT=104 recoil spectrum "
" Initial neutron energy corresponds to the group:"
   1.32000E+01    1.34000E+01       0.00000E+00           202           871           670



          Low               High              Mid              Energy           Number             dn/de            E*dn/de          Cumulative
         Energy            Energy            Energy             Width          Fraction                               Sum   
         [MeV]             [MeV]             [MeV]              [MeV]

       1.04713E-07       1.09648E-07       1.07180E-07       4.93500E-09       0.00000E+00       0.00000E+00       0.00000E+00       0.00000E+00
       1.09648E-07       1.14815E-07       1.12231E-07       5.16700E-09       1.22373E-10       2.36835E-02       2.65803E-09       1.22373E-10
       1.14815E-07       1.20226E-07       1.17520E-07       5.41101E-09       1.28144E-10       2.36821E-02       2.78313E-09       2.50517E-10
       1.20226E-07       1.25892E-07       1.23059E-07       5.66600E-09       1.34184E-10       2.36823E-02       2.91432E-09       3.84700E-10
       1.25892E-07       1.31826E-07       1.28859E-07       5.93400E-09       1.40503E-10       2.36776E-02       3.05108E-09       5.25203E-10
       1.31826E-07       1.38038E-07       1.34932E-07       6.21200E-09       1.47127E-10       2.36843E-02       3.19578E-09       6.72330E-10
       1.38038E-07       1.44544E-07       1.41291E-07       6.50601E-09       1.54068E-10       2.36808E-02       3.34588E-09       8.26398E-10
       1.44544E-07       1.51356E-07       1.47950E-07       6.81199E-09       1.61325E-10       2.36825E-02       3.50382E-09       9.87723E-10
       1.51356E-07       1.58489E-07       1.54923E-07       7.13301E-09       1.68923E-10       2.36818E-02       3.66885E-09       1.15665E-09
       1.58489E-07       1.65959E-07       1.62224E-07       7.47000E-09       1.76886E-10       2.36795E-02       3.84139E-09       1.33353E-09
       1.65959E-07       1.73780E-07       1.69869E-07       7.82099E-09       1.85227E-10       2.36833E-02       4.02307E-09       1.51876E-09
       1.73780E-07       1.81970E-07       1.77875E-07       8.19001E-09       1.93957E-10       2.36822E-02       4.21247E-09       1.71272E-09
       1.81970E-07       1.90546E-07       1.86258E-07       8.57601E-09       2.03090E-10       2.36811E-02       4.41080E-09       1.91581E-09
       1.90546E-07       1.99526E-07       1.95036E-07       8.97999E-09       2.12660E-10       2.36816E-02       4.61876E-09       2.12847E-09
       1.99526E-07       2.08930E-07       2.04228E-07       9.40400E-09       2.22694E-10       2.36807E-02       4.83627E-09       2.35116E-09
       2.08930E-07       2.18776E-07       2.13853E-07       9.84600E-09       2.33190E-10       2.36837E-02       5.06483E-09       2.58435E-09
       2.18776E-07       2.29087E-07       2.23931E-07       1.03110E-08       2.44173E-10       2.36808E-02       5.30288E-09       2.82852E-09
       2.29087E-07       2.39883E-07       2.34485E-07       1.07960E-08       2.55679E-10       2.36828E-02       5.55325E-09       3.08420E-09
       2.39883E-07       2.51189E-07       2.45536E-07       1.13060E-08       2.67734E-10       2.36807E-02       5.81447E-09       3.35194E-09
       2.51189E-07       2.63027E-07       2.57108E-07       1.18380E-08       2.80349E-10       2.36821E-02       6.08885E-09       3.63228E-09
       2.63027E-07       2.75423E-07       2.69225E-07       1.23960E-08       2.93560E-10       2.36819E-02       6.37575E-09       3.92584E-09
       2.75423E-07       2.88403E-07       2.81913E-07       1.29800E-08       3.07392E-10       2.36820E-02       6.67626E-09       4.23324E-09
       2.88403E-07       3.01995E-07       2.95199E-07       1.35920E-08       3.21882E-10       2.36817E-02       6.99083E-09       4.55512E-09
       3.01995E-07       3.16228E-07       3.09111E-07       1.42330E-08       3.37054E-10       2.36812E-02       7.32012E-09       4.89217E-09
       3.16228E-07       3.31131E-07       3.23680E-07       1.49030E-08       3.52932E-10       2.36819E-02       7.66536E-09       5.24510E-09
       3.31131E-07       3.46737E-07       3.38934E-07       1.56060E-08       3.69577E-10       2.36818E-02       8.02655E-09       5.61468E-09
       3.46737E-07       3.63078E-07       3.54908E-07       1.63410E-08       3.86989E-10       2.36821E-02       8.40496E-09       6.00167E-09
       3.63078E-07       3.80189E-07       3.71633E-07       1.71110E-08       4.05230E-10       2.36824E-02       8.80117E-09       6.40690E-09
       3.80189E-07       3.98107E-07       3.89148E-07       1.79180E-08       4.24322E-10       2.36813E-02       9.21555E-09       6.83122E-09
       3.98107E-07       4.16869E-07       4.07488E-07       1.87620E-08       4.44316E-10       2.36816E-02       9.64999E-09       7.27554E-09
       4.16869E-07       4.36516E-07       4.26693E-07       1.96470E-08       4.65259E-10       2.36810E-02       1.01045E-08       7.74080E-09
       4.36516E-07       4.57088E-07       4.46802E-07       2.05720E-08       4.87189E-10       2.36821E-02       1.05812E-08       8.22799E-09
       4.57088E-07       4.78630E-07       4.67859E-07       2.15420E-08       5.10153E-10       2.36818E-02       1.10797E-08       8.73814E-09
       4.78630E-07       5.01187E-07       4.89909E-07       2.25570E-08       5.34189E-10       2.36817E-02       1.16019E-08       9.27233E-09
       5.01187E-07       5.24807E-07       5.12997E-07       2.36200E-08       5.59370E-10       2.36821E-02       1.21488E-08       9.83170E-09
       5.24807E-07       5.50000E-07       5.37403E-07       2.51930E-08       5.96605E-10       2.36814E-02       1.27264E-08       1.04283E-08
       5.50000E-07       5.75000E-07       5.62500E-07       2.50000E-08       5.92039E-10       2.36816E-02       1.33209E-08       1.10203E-08
       5.75000E-07       6.00000E-07       5.87500E-07       2.50000E-08       5.92039E-10       2.36815E-02       1.39129E-08       1.16124E-08
       6.00000E-07       6.25000E-07       6.12500E-07       2.50000E-08       5.92039E-10       2.36816E-02       1.45050E-08       1.22044E-08
       6.25000E-07       6.50000E-07       6.37500E-07       2.50000E-08       5.92039E-10       2.36816E-02       1.50970E-08       1.27965E-08
       6.50000E-07       6.75000E-07       6.62500E-07       2.50000E-08       5.92039E-10       2.36815E-02       1.56890E-08       1.33885E-08
       6.75000E-07       7.00000E-07       6.87500E-07       2.50000E-08       5.92039E-10       2.36816E-02       1.62811E-08       1.39805E-08
       7.00000E-07       7.25000E-07       7.12500E-07       2.50000E-08       5.92039E-10       2.36815E-02       1.68731E-08       1.45726E-08
       7.25000E-07       7.50000E-07       7.37500E-07       2.50000E-08       5.92039E-10       2.36816E-02       1.74652E-08       1.51646E-08
       7.50000E-07       7.75000E-07       7.62500E-07       2.50000E-08       5.92039E-10       2.36816E-02       1.80572E-08       1.57567E-08
       7.75000E-07       8.00000E-07       7.87500E-07       2.50000E-08       5.92039E-10       2.36815E-02       1.86492E-08       1.63487E-08
       8.00000E-07       8.25000E-07       8.12500E-07       2.50000E-08       5.92039E-10       2.36816E-02       1.92413E-08       1.69407E-08
       8.25000E-07       8.50000E-07       8.37500E-07       2.50000E-08       5.92039E-10       2.36815E-02       1.98333E-08       1.75328E-08
       8.50000E-07       8.75000E-07       8.62500E-07       2.50000E-08       5.92039E-10       2.36816E-02       2.04254E-08       1.81248E-08
       8.75000E-07       9.00000E-07       8.87500E-07       2.50000E-08       5.92039E-10       2.36816E-02       2.10174E-08       1.87169E-08
       9.00000E-07       9.25000E-07       9.12500E-07       2.50000E-08       5.92039E-10       2.36815E-02       2.16094E-08       1.93089E-08
       9.25000E-07       9.50000E-07       9.37500E-07       2.50000E-08       5.92039E-10       2.36816E-02       2.22015E-08       1.99009E-08
       9.50000E-07       9.75000E-07       9.62500E-07       2.50000E-08       5.92039E-10       2.36815E-02       2.27935E-08       2.04930E-08
       9.75000E-07       1.00000E-06       9.87500E-07       2.50000E-08       5.92039E-10       2.36816E-02       2.33856E-08       2.10850E-08
       1.00000E-06       1.02500E-06       1.01250E-06       2.50000E-08       5.92039E-10       2.36816E-02       2.39776E-08       2.16770E-08
       1.02500E-06       1.05000E-06       1.03750E-06       2.50000E-08       5.92039E-10       2.36816E-02       2.45697E-08       2.22691E-08
       1.05000E-06       1.07500E-06       1.06250E-06       2.50001E-08       5.92039E-10       2.36815E-02       2.51616E-08       2.28611E-08
       1.07500E-06       1.10000E-06       1.08750E-06       2.50000E-08       5.92039E-10       2.36816E-02       2.57537E-08       2.34532E-08
       1.10000E-06       1.12500E-06       1.11250E-06       2.50000E-08       5.92039E-10       2.36816E-02       2.63458E-08       2.40452E-08
       1.12500E-06       1.15000E-06       1.13750E-06       2.50000E-08       5.92039E-10       2.36816E-02       2.69378E-08       2.46372E-08
       1.15000E-06       1.17500E-06       1.16250E-06       2.50000E-08       5.92039E-10       2.36816E-02       2.75299E-08       2.52293E-08
       1.17500E-06       1.20000E-06       1.18750E-06       2.50001E-08       5.92039E-10       2.36815E-02       2.81218E-08       2.58213E-08
       1.20000E-06       1.22500E-06       1.21250E-06       2.50000E-08       5.92039E-10       2.36816E-02       2.87139E-08       2.64133E-08
       1.22500E-06       1.25000E-06       1.23750E-06       2.50000E-08       5.92039E-10       2.36816E-02       2.93060E-08       2.70054E-08
       1.25000E-06       1.27500E-06       1.26250E-06       2.50000E-08       5.92039E-10       2.36816E-02       2.98980E-08       2.75974E-08
       1.27500E-06       1.30000E-06       1.28750E-06       2.50000E-08       5.92039E-10       2.36816E-02       3.04901E-08       2.81895E-08
       1.30000E-06       1.32500E-06       1.31250E-06       2.50001E-08       5.92039E-10       2.36815E-02       3.10819E-08       2.87815E-08
       1.32500E-06       1.35000E-06       1.33750E-06       2.50000E-08       5.92039E-10       2.36816E-02       3.16741E-08       2.93735E-08
       1.35000E-06       1.37500E-06       1.36250E-06       2.50000E-08       5.92039E-10       2.36816E-02       3.22662E-08       2.99656E-08
       1.37500E-06       1.40000E-06       1.38750E-06       2.50000E-08       5.92039E-10       2.36816E-02       3.28582E-08       3.05576E-08
       1.40000E-06       1.42500E-06       1.41250E-06       2.50000E-08       5.92039E-10       2.36816E-02       3.34503E-08       3.11497E-08
       1.42500E-06       1.45000E-06       1.43750E-06       2.50001E-08       5.92039E-10       2.36815E-02       3.40421E-08       3.17417E-08
       1.45000E-06       1.47500E-06       1.46250E-06       2.50000E-08       5.92039E-10       2.36816E-02       3.46343E-08       3.23337E-08
       1.47500E-06       1.50000E-06       1.48750E-06       2.50000E-08       5.92039E-10       2.36816E-02       3.52264E-08       3.29258E-08
       1.50000E-06       1.52500E-06       1.51250E-06       2.50000E-08       5.92039E-10       2.36816E-02       3.58184E-08       3.35178E-08
       1.52500E-06       1.55000E-06       1.53750E-06       2.50000E-08       5.92039E-10       2.36816E-02       3.64105E-08       3.41098E-08
       1.55000E-06       1.57500E-06       1.56250E-06       2.50001E-08       5.92039E-10       2.36815E-02       3.70023E-08       3.47019E-08
       1.57500E-06       1.60000E-06       1.58750E-06       2.50000E-08       5.92039E-10       2.36816E-02       3.75945E-08       3.52939E-08
       1.60000E-06       1.62500E-06       1.61250E-06       2.50000E-08       5.92039E-10       2.36816E-02       3.81866E-08       3.58860E-08
       1.62500E-06       1.65000E-06       1.63750E-06       2.50000E-08       5.92039E-10       2.36816E-02       3.87786E-08       3.64780E-08
       1.65000E-06       1.67500E-06       1.66250E-06       2.50000E-08       5.92039E-10       2.36816E-02       3.93707E-08       3.70700E-08
       1.67500E-06       1.70000E-06       1.68750E-06       2.50001E-08       5.92039E-10       2.36815E-02       3.99625E-08       3.76621E-08
       1.70000E-06       1.72500E-06       1.71250E-06       2.50000E-08       5.92039E-10       2.36816E-02       4.05547E-08       3.82541E-08
       1.72500E-06       1.75000E-06       1.73750E-06       2.50000E-08       5.92039E-10       2.36816E-02       4.11468E-08       3.88462E-08
       1.75000E-06       1.77500E-06       1.76250E-06       2.50000E-08       5.92039E-10       2.36816E-02       4.17388E-08       3.94382E-08
       1.77500E-06       1.80000E-06       1.78750E-06       2.50000E-08       5.92039E-10       2.36816E-02       4.23309E-08       4.00302E-08
       1.80000E-06       1.82500E-06       1.81250E-06       2.50001E-08       5.92039E-10       2.36815E-02       4.29227E-08       4.06223E-08
       1.82500E-06       1.85000E-06       1.83750E-06       2.50000E-08       5.92039E-10       2.36816E-02       4.35149E-08       4.12143E-08
       1.85000E-06       1.87500E-06       1.86250E-06       2.50000E-08       5.92039E-10       2.36816E-02       4.41070E-08       4.18063E-08
       1.87500E-06       1.90000E-06       1.88750E-06       2.50000E-08       5.92039E-10       2.36816E-02       4.46990E-08       4.23984E-08
       1.90000E-06       1.92500E-06       1.91250E-06       2.50000E-08       5.92039E-10       2.36816E-02       4.52911E-08       4.29904E-08
       1.92500E-06       1.95000E-06       1.93750E-06       2.50001E-08       5.92039E-10       2.36815E-02       4.58829E-08       4.35825E-08
       1.95000E-06       1.97500E-06       1.96250E-06       2.50000E-08       5.92039E-10       2.36816E-02       4.64751E-08       4.41745E-08
       1.97500E-06       2.00000E-06       1.98750E-06       2.50000E-08       5.92039E-10       2.36816E-02       4.70672E-08       4.47665E-08
       2.00000E-06       2.02500E-06       2.01250E-06       2.50001E-08       5.92039E-10       2.36815E-02       4.76590E-08       4.53586E-08
       2.02500E-06       2.05000E-06       2.03750E-06       2.49999E-08       5.92039E-10       2.36817E-02       4.82515E-08       4.59506E-08
       2.05000E-06       2.07500E-06       2.06250E-06       2.50001E-08       5.92039E-10       2.36815E-02       4.88431E-08       4.65427E-08
       2.07500E-06       2.10000E-06       2.08750E-06       2.49999E-08       5.92039E-10       2.36817E-02       4.94356E-08       4.71347E-08
       2.10000E-06       2.12500E-06       2.11250E-06       2.50001E-08       5.92039E-10       2.36815E-02       5.00271E-08       4.77267E-08
       2.12500E-06       2.15000E-06       2.13750E-06       2.50001E-08       5.92039E-10       2.36815E-02       5.06192E-08       4.83188E-08
       2.15000E-06       2.17500E-06       2.16250E-06       2.49999E-08       5.92039E-10       2.36817E-02       5.12117E-08       4.89108E-08
       2.17500E-06       2.20000E-06       2.18750E-06       2.50001E-08       5.92039E-10       2.36815E-02       5.18032E-08       4.95028E-08
       2.20000E-06       2.22500E-06       2.21250E-06       2.49999E-08       5.92039E-10       2.36817E-02       5.23958E-08       5.00949E-08
       2.22500E-06       2.25000E-06       2.23750E-06       2.50001E-08       5.92039E-10       2.36815E-02       5.29873E-08       5.06869E-08
       2.25000E-06       2.27500E-06       2.26250E-06       2.50001E-08       5.92039E-10       2.36815E-02       5.35793E-08       5.12790E-08
       2.27500E-06       2.30000E-06       2.28750E-06       2.49999E-08       5.92039E-10       2.36817E-02       5.41719E-08       5.18710E-08
       2.30000E-06       2.32500E-06       2.31250E-06       2.50001E-08       5.92039E-10       2.36815E-02       5.47634E-08       5.24630E-08
       2.32500E-06       2.35000E-06       2.33750E-06       2.49999E-08       5.92039E-10       2.36817E-02       5.53560E-08       5.30551E-08
       2.35000E-06       2.37500E-06       2.36250E-06       2.50001E-08       5.92039E-10       2.36815E-02       5.59475E-08       5.36471E-08
       2.37500E-06       2.40000E-06       2.38750E-06       2.50001E-08       5.92039E-10       2.36815E-02       5.65395E-08       5.42392E-08
       2.40000E-06       2.42500E-06       2.41250E-06       2.49999E-08       5.92039E-10       2.36817E-02       5.71321E-08       5.48312E-08
       2.42500E-06       2.45000E-06       2.43750E-06       2.50001E-08       5.92039E-10       2.36815E-02       5.77236E-08       5.54232E-08
       2.45000E-06       2.47500E-06       2.46250E-06       2.49999E-08       5.92039E-10       2.36817E-02       5.83162E-08       5.60153E-08
       2.47500E-06       2.50000E-06       2.48750E-06       2.50001E-08       5.92039E-10       2.36815E-02       5.89077E-08       5.66073E-08
       2.50000E-06       2.52500E-06       2.51250E-06       2.50001E-08       5.92039E-10       2.36815E-02       5.94997E-08       5.71993E-08
       2.52500E-06       2.55000E-06       2.53750E-06       2.49999E-08       5.92039E-10       2.36817E-02       6.00923E-08       5.77914E-08
       2.55000E-06       2.57500E-06       2.56250E-06       2.50001E-08       5.92039E-10       2.36815E-02       6.06838E-08       5.83834E-08
       2.57500E-06       2.60000E-06       2.58750E-06       2.49999E-08       5.92039E-10       2.36817E-02       6.12764E-08       5.89755E-08
       2.60000E-06       2.62500E-06       2.61250E-06       2.50001E-08       5.92039E-10       2.36815E-02       6.18679E-08       5.95675E-08
       2.62500E-06       2.65000E-06       2.63750E-06       2.50001E-08       5.92039E-10       2.36815E-02       6.24599E-08       6.01595E-08
       2.65000E-06       2.67500E-06       2.66250E-06       2.49999E-08       5.92039E-10       2.36817E-02       6.30525E-08       6.07516E-08
       2.67500E-06       2.70000E-06       2.68750E-06       2.50001E-08       5.92039E-10       2.36815E-02       6.36440E-08       6.13436E-08
       2.70000E-06       2.72500E-06       2.71250E-06       2.49999E-08       5.92039E-10       2.36817E-02       6.42366E-08       6.19357E-08
       2.72500E-06       2.75000E-06       2.73750E-06       2.50001E-08       5.92039E-10       2.36815E-02       6.48281E-08       6.25277E-08
       2.75000E-06       2.77500E-06       2.76250E-06       2.50001E-08       5.92039E-10       2.36815E-02       6.54201E-08       6.31197E-08
       2.77500E-06       2.80000E-06       2.78750E-06       2.49999E-08       5.92039E-10       2.36817E-02       6.60128E-08       6.37118E-08
       2.80000E-06       2.82500E-06       2.81250E-06       2.50001E-08       5.92039E-10       2.36815E-02       6.66042E-08       6.43038E-08
       2.82500E-06       2.85000E-06       2.83750E-06       2.49999E-08       5.92039E-10       2.36817E-02       6.71968E-08       6.48959E-08
       2.85000E-06       2.87500E-06       2.86250E-06       2.50001E-08       5.92039E-10       2.36815E-02       6.77882E-08       6.54879E-08
       2.87500E-06       2.90000E-06       2.88750E-06       2.50001E-08       5.92039E-10       2.36815E-02       6.83803E-08       6.60799E-08
       2.90000E-06       2.92500E-06       2.91250E-06       2.49999E-08       5.92039E-10       2.36817E-02       6.89730E-08       6.66720E-08
       2.92500E-06       2.95000E-06       2.93750E-06       2.50001E-08       5.92039E-10       2.36815E-02       6.95644E-08       6.72640E-08
       2.95000E-06       2.97500E-06       2.96250E-06       2.49999E-08       5.92039E-10       2.36817E-02       7.01571E-08       6.78560E-08
       2.97500E-06       3.00000E-06       2.98750E-06       2.50001E-08       5.92039E-10       2.36815E-02       7.07484E-08       6.84481E-08
       3.00000E-06       3.02500E-06       3.01250E-06       2.50001E-08       5.92039E-10       2.36815E-02       7.13405E-08       6.90401E-08
       3.02500E-06       3.05000E-06       3.03750E-06       2.49999E-08       5.92039E-10       2.36817E-02       7.19332E-08       6.96322E-08
       3.05000E-06       3.07500E-06       3.06250E-06       2.50001E-08       5.92039E-10       2.36815E-02       7.25245E-08       7.02242E-08
       3.07500E-06       3.10000E-06       3.08750E-06       2.49999E-08       5.92039E-10       2.36817E-02       7.31173E-08       7.08162E-08
       3.10000E-06       3.12500E-06       3.11250E-06       2.50001E-08       5.92039E-10       2.36815E-02       7.37086E-08       7.14083E-08
       3.12500E-06       3.15000E-06       3.13750E-06       2.50001E-08       5.92039E-10       2.36815E-02       7.43006E-08       7.20003E-08
       3.15000E-06       3.17500E-06       3.16250E-06       2.49999E-08       5.92039E-10       2.36817E-02       7.48934E-08       7.25923E-08
       3.17500E-06       3.20000E-06       3.18750E-06       2.50001E-08       5.92039E-10       2.36815E-02       7.54847E-08       7.31844E-08
       3.20000E-06       3.22500E-06       3.21250E-06       2.49999E-08       5.92039E-10       2.36817E-02       7.60775E-08       7.37764E-08
       3.22500E-06       3.25000E-06       3.23750E-06       2.50001E-08       5.92039E-10       2.36815E-02       7.66688E-08       7.43685E-08
       3.25000E-06       3.27500E-06       3.26250E-06       2.50001E-08       5.92039E-10       2.36815E-02       7.72608E-08       7.49605E-08
       3.27500E-06       3.30000E-06       3.28750E-06       2.49999E-08       5.92039E-10       2.36817E-02       7.78536E-08       7.55525E-08
       3.30000E-06       3.32500E-06       3.31250E-06       2.50001E-08       5.92039E-10       2.36815E-02       7.84449E-08       7.61446E-08
       3.32500E-06       3.35000E-06       3.33750E-06       2.49999E-08       5.92039E-10       2.36817E-02       7.90377E-08       7.67366E-08
       3.35000E-06       3.37500E-06       3.36250E-06       2.50001E-08       5.92039E-10       2.36815E-02       7.96290E-08       7.73287E-08
       3.37500E-06       3.40000E-06       3.38750E-06       2.50001E-08       5.92039E-10       2.36815E-02       8.02210E-08       7.79207E-08
       3.40000E-06       3.42500E-06       3.41250E-06       2.49999E-08       5.92039E-10       2.36817E-02       8.08138E-08       7.85127E-08
       3.42500E-06       3.45000E-06       3.43750E-06       2.50001E-08       5.92039E-10       2.36815E-02       8.14051E-08       7.91048E-08
       3.45000E-06       3.47500E-06       3.46250E-06       2.49999E-08       5.92039E-10       2.36817E-02       8.19979E-08       7.96968E-08
       3.47500E-06       3.50000E-06       3.48750E-06       2.50001E-08       5.92039E-10       2.36815E-02       8.25892E-08       8.02888E-08
       3.50000E-06       3.52500E-06       3.51250E-06       2.50001E-08       5.92039E-10       2.36815E-02       8.31812E-08       8.08809E-08
       3.52500E-06       3.55000E-06       3.53750E-06       2.49999E-08       5.92039E-10       2.36817E-02       8.37740E-08       8.14729E-08
       3.55000E-06       3.57500E-06       3.56250E-06       2.50001E-08       5.92039E-10       2.36815E-02       8.43653E-08       8.20650E-08
       3.57500E-06       3.60000E-06       3.58750E-06       2.49999E-08       5.92039E-10       2.36817E-02       8.49581E-08       8.26570E-08
       3.60000E-06       3.62500E-06       3.61250E-06       2.50001E-08       5.92039E-10       2.36815E-02       8.55493E-08       8.32490E-08
       3.62500E-06       3.65000E-06       3.63750E-06       2.50001E-08       5.92039E-10       2.36815E-02       8.61414E-08       8.38411E-08
       3.65000E-06       3.67500E-06       3.66250E-06       2.49999E-08       5.92039E-10       2.36817E-02       8.67343E-08       8.44331E-08
       3.67500E-06       3.70000E-06       3.68750E-06       2.50001E-08       5.92039E-10       2.36815E-02       8.73255E-08       8.50252E-08
       3.70000E-06       3.72500E-06       3.71250E-06       2.49999E-08       5.92039E-10       2.36817E-02       8.79183E-08       8.56172E-08
       3.72500E-06       3.75000E-06       3.73750E-06       2.50001E-08       5.92039E-10       2.36815E-02       8.85095E-08       8.62092E-08
       3.75000E-06       3.77500E-06       3.76250E-06       2.50001E-08       5.92039E-10       2.36815E-02       8.91016E-08       8.68013E-08
       3.77500E-06       3.80000E-06       3.78750E-06       2.49999E-08       5.92039E-10       2.36817E-02       8.96945E-08       8.73933E-08
       3.80000E-06       3.82500E-06       3.81250E-06       2.50001E-08       5.92039E-10       2.36815E-02       9.02856E-08       8.79853E-08
       3.82500E-06       3.85000E-06       3.83750E-06       2.49999E-08       5.92039E-10       2.36817E-02       9.08786E-08       8.85774E-08
       3.85000E-06       3.87500E-06       3.86250E-06       2.50001E-08       5.92039E-10       2.36815E-02       9.14697E-08       8.91694E-08
       3.87500E-06       3.90000E-06       3.88750E-06       2.50001E-08       5.92039E-10       2.36815E-02       9.20618E-08       8.97615E-08
       3.90000E-06       3.92500E-06       3.91250E-06       2.49999E-08       5.92039E-10       2.36817E-02       9.26547E-08       9.03535E-08
       3.92500E-06       3.95000E-06       3.93750E-06       2.50001E-08       5.92039E-10       2.36815E-02       9.32458E-08       9.09455E-08
       3.95000E-06       3.97500E-06       3.96250E-06       2.49999E-08       5.92039E-10       2.36817E-02       9.38388E-08       9.15376E-08
       3.97500E-06       4.00000E-06       3.98750E-06       2.50001E-08       5.92039E-10       2.36815E-02       9.44299E-08       9.21296E-08
       4.00000E-06       4.02500E-06       4.01250E-06       2.50001E-08       5.92039E-10       2.36815E-02       9.50219E-08       9.27217E-08
       4.02500E-06       4.05000E-06       4.03750E-06       2.50001E-08       5.92039E-10       2.36815E-02       9.56140E-08       9.33137E-08
       4.05000E-06       4.07500E-06       4.06250E-06       2.49996E-08       5.92039E-10       2.36819E-02       9.62079E-08       9.39057E-08
       4.07500E-06       4.10000E-06       4.08750E-06       2.50001E-08       5.92039E-10       2.36815E-02       9.67980E-08       9.44978E-08
       4.10000E-06       4.12500E-06       4.11250E-06       2.50001E-08       5.92039E-10       2.36815E-02       9.73901E-08       9.50898E-08
       4.12500E-06       4.15000E-06       4.13750E-06       2.50001E-08       5.92039E-10       2.36815E-02       9.79821E-08       9.56818E-08
       4.15000E-06       4.17500E-06       4.16250E-06       2.50001E-08       5.92039E-10       2.36815E-02       9.85742E-08       9.62739E-08
       4.17500E-06       4.20000E-06       4.18750E-06       2.49996E-08       5.92039E-10       2.36819E-02       9.91681E-08       9.68659E-08
       4.20000E-06       4.22500E-06       4.21250E-06       2.50001E-08       5.92039E-10       2.36815E-02       9.97582E-08       9.74580E-08
       4.22500E-06       4.25000E-06       4.23750E-06       2.50001E-08       5.92039E-10       2.36815E-02       1.00350E-07       9.80500E-08
       4.25000E-06       4.27500E-06       4.26250E-06       2.50001E-08       5.92039E-10       2.36815E-02       1.00942E-07       9.86420E-08
       4.27500E-06       4.30000E-06       4.28750E-06       2.50001E-08       5.92039E-10       2.36815E-02       1.01534E-07       9.92341E-08
       4.30000E-06       4.32500E-06       4.31250E-06       2.49996E-08       5.92039E-10       2.36819E-02       1.02128E-07       9.98261E-08
       4.32500E-06       4.35000E-06       4.33750E-06       2.50001E-08       5.92039E-10       2.36815E-02       1.02718E-07       1.00418E-07
       4.35000E-06       4.37500E-06       4.36250E-06       2.50001E-08       5.92039E-10       2.36815E-02       1.03310E-07       1.01010E-07
       4.37500E-06       4.40000E-06       4.38750E-06       2.50001E-08       5.92039E-10       2.36815E-02       1.03903E-07       1.01602E-07
       4.40000E-06       4.42500E-06       4.41250E-06       2.50001E-08       5.92039E-10       2.36815E-02       1.04495E-07       1.02194E-07
       4.42500E-06       4.45000E-06       4.43750E-06       2.49996E-08       5.92039E-10       2.36819E-02       1.05089E-07       1.02786E-07
       4.45000E-06       4.47500E-06       4.46250E-06       2.50001E-08       5.92039E-10       2.36815E-02       1.05679E-07       1.03378E-07
       4.47500E-06       4.50000E-06       4.48750E-06       2.50001E-08       5.92039E-10       2.36815E-02       1.06271E-07       1.03970E-07
       4.50000E-06       4.52500E-06       4.51250E-06       2.50001E-08       5.92039E-10       2.36815E-02       1.06863E-07       1.04562E-07
       4.52500E-06       4.55000E-06       4.53750E-06       2.50001E-08       5.92039E-10       2.36815E-02       1.07455E-07       1.05154E-07
       4.55000E-06       4.57500E-06       4.56250E-06       2.49996E-08       5.92039E-10       2.36819E-02       1.08049E-07       1.05747E-07
       4.57500E-06       4.60000E-06       4.58750E-06       2.50001E-08       5.92039E-10       2.36815E-02       1.08639E-07       1.06339E-07
       4.60000E-06       4.62500E-06       4.61250E-06       2.50001E-08       5.92039E-10       2.36815E-02       1.09231E-07       1.06931E-07
       4.62500E-06       4.65000E-06       4.63750E-06       2.50001E-08       5.92039E-10       2.36815E-02       1.09823E-07       1.07523E-07
       4.65000E-06       4.67500E-06       4.66250E-06       2.50001E-08       5.92039E-10       2.36815E-02       1.10415E-07       1.08115E-07
       4.67500E-06       4.70000E-06       4.68750E-06       2.49996E-08       5.92039E-10       2.36819E-02       1.11009E-07       1.08707E-07
       4.70000E-06       4.72500E-06       4.71250E-06       2.50001E-08       5.92039E-10       2.36815E-02       1.11599E-07       1.09299E-07
       4.72500E-06       4.75000E-06       4.73750E-06       2.50001E-08       5.92039E-10       2.36815E-02       1.12191E-07       1.09891E-07
       4.75000E-06       4.77500E-06       4.76250E-06       2.50001E-08       5.92039E-10       2.36815E-02       1.12783E-07       1.10483E-07
       4.77500E-06       4.80000E-06       4.78750E-06       2.50001E-08       5.92039E-10       2.36815E-02       1.13375E-07       1.11075E-07
       4.80000E-06       4.82500E-06       4.81250E-06       2.49996E-08       5.92039E-10       2.36819E-02       1.13969E-07       1.11667E-07
       4.82500E-06       4.85000E-06       4.83750E-06       2.50001E-08       5.92039E-10       2.36815E-02       1.14559E-07       1.12259E-07
       4.85000E-06       4.87500E-06       4.86250E-06       2.50001E-08       5.92039E-10       2.36815E-02       1.15151E-07       1.12851E-07
       4.87500E-06       4.90000E-06       4.88750E-06       2.50001E-08       5.92039E-10       2.36815E-02       1.15743E-07       1.13443E-07
       4.90000E-06       4.92500E-06       4.91250E-06       2.50001E-08       5.92039E-10       2.36815E-02       1.16335E-07       1.14035E-07
       4.92500E-06       4.95000E-06       4.93750E-06       2.49996E-08       5.92039E-10       2.36819E-02       1.16930E-07       1.14627E-07
       4.95000E-06       4.97500E-06       4.96250E-06       2.50001E-08       5.92039E-10       2.36815E-02       1.17519E-07       1.15219E-07
       4.97500E-06       5.00000E-06       4.98750E-06       2.50001E-08       5.92039E-10       2.36815E-02       1.18111E-07       1.15811E-07
       5.00000E-06       5.02500E-06       5.01250E-06       2.50001E-08       5.92039E-10       2.36815E-02       1.18703E-07       1.16403E-07
       5.02500E-06       5.05000E-06       5.03750E-06       2.50001E-08       5.92039E-10       2.36815E-02       1.19295E-07       1.16995E-07
       5.05000E-06       5.07500E-06       5.06250E-06       2.49996E-08       5.92039E-10       2.36819E-02       1.19890E-07       1.17587E-07
       5.07500E-06       5.10000E-06       5.08750E-06       2.50001E-08       5.92039E-10       2.36815E-02       1.20480E-07       1.18179E-07
       5.10000E-06       5.12500E-06       5.11250E-06       2.50001E-08       5.92039E-10       2.36815E-02       1.21072E-07       1.18771E-07
       5.12500E-06       5.15000E-06       5.13750E-06       2.50001E-08       5.92039E-10       2.36815E-02       1.21664E-07       1.19363E-07
       5.15000E-06       5.17500E-06       5.16250E-06       2.50001E-08       5.92039E-10       2.36815E-02       1.22256E-07       1.19955E-07
       5.17500E-06       5.20000E-06       5.18750E-06       2.49996E-08       5.92039E-10       2.36819E-02       1.22850E-07       1.20547E-07
       5.20000E-06       5.22500E-06       5.21250E-06       2.50001E-08       5.92039E-10       2.36815E-02       1.23440E-07       1.21140E-07
       5.22500E-06       5.25000E-06       5.23750E-06       2.50001E-08       5.92039E-10       2.36815E-02       1.24032E-07       1.21732E-07
       5.25000E-06       5.27500E-06       5.26250E-06       2.50001E-08       5.92039E-10       2.36815E-02       1.24624E-07       1.22324E-07
       5.27500E-06       5.30000E-06       5.28750E-06       2.50001E-08       5.92039E-10       2.36815E-02       1.25216E-07       1.22916E-07
       5.30000E-06       5.32500E-06       5.31250E-06       2.49996E-08       5.92039E-10       2.36819E-02       1.25810E-07       1.23508E-07
       5.32500E-06       5.35000E-06       5.33750E-06       2.50001E-08       5.92039E-10       2.36815E-02       1.26400E-07       1.24100E-07
       5.35000E-06       5.37500E-06       5.36250E-06       2.50001E-08       5.92039E-10       2.36815E-02       1.26992E-07       1.24692E-07
       5.37500E-06       5.40000E-06       5.38750E-06       2.50001E-08       5.92039E-10       2.36815E-02       1.27584E-07       1.25284E-07
       5.40000E-06       5.42500E-06       5.41250E-06       2.50001E-08       5.92039E-10       2.36815E-02       1.28176E-07       1.25876E-07
       5.42500E-06       5.45000E-06       5.43750E-06       2.49996E-08       5.92039E-10       2.36819E-02       1.28771E-07       1.26468E-07
       5.45000E-06       5.47500E-06       5.46250E-06       2.50001E-08       5.92039E-10       2.36815E-02       1.29360E-07       1.27060E-07
       5.47500E-06       5.50000E-06       5.48750E-06       2.50001E-08       5.92039E-10       2.36815E-02       1.29952E-07       1.27652E-07
       5.50000E-06       5.52500E-06       5.51250E-06       2.50001E-08       5.92039E-10       2.36815E-02       1.30544E-07       1.28244E-07
       5.52500E-06       5.55000E-06       5.53750E-06       2.50001E-08       5.92039E-10       2.36815E-02       1.31136E-07       1.28836E-07
       5.55000E-06       5.57500E-06       5.56250E-06       2.49996E-08       5.92039E-10       2.36819E-02       1.31731E-07       1.29428E-07
       5.57500E-06       5.60000E-06       5.58750E-06       2.50001E-08       5.92039E-10       2.36815E-02       1.32320E-07       1.30020E-07
       5.60000E-06       5.62500E-06       5.61250E-06       2.50001E-08       5.92039E-10       2.36815E-02       1.32912E-07       1.30612E-07
       5.62500E-06       5.65000E-06       5.63750E-06       2.50001E-08       5.92039E-10       2.36815E-02       1.33504E-07       1.31204E-07
       5.65000E-06       5.67500E-06       5.66250E-06       2.50001E-08       5.92039E-10       2.36815E-02       1.34096E-07       1.31796E-07
       5.67500E-06       5.70000E-06       5.68750E-06       2.49996E-08       5.92039E-10       2.36819E-02       1.34691E-07       1.32388E-07
       5.70000E-06       5.72500E-06       5.71250E-06       2.50001E-08       5.92039E-10       2.36815E-02       1.35280E-07       1.32980E-07
       5.72500E-06       5.75000E-06       5.73750E-06       2.50001E-08       5.92039E-10       2.36815E-02       1.35872E-07       1.33572E-07
       5.75000E-06       5.77500E-06       5.76250E-06       2.50001E-08       5.92039E-10       2.36815E-02       1.36465E-07       1.34164E-07
       5.77500E-06       5.80000E-06       5.78750E-06       2.50001E-08       5.92039E-10       2.36815E-02       1.37057E-07       1.34756E-07
       5.80000E-06       5.82500E-06       5.81250E-06       2.49996E-08       5.92039E-10       2.36819E-02       1.37651E-07       1.35348E-07
       5.82500E-06       5.85000E-06       5.83750E-06       2.50001E-08       5.92039E-10       2.36815E-02       1.38241E-07       1.35940E-07
       5.85000E-06       5.87500E-06       5.86250E-06       2.50001E-08       5.92039E-10       2.36815E-02       1.38833E-07       1.36533E-07
       5.87500E-06       5.90000E-06       5.88750E-06       2.50001E-08       5.92039E-10       2.36815E-02       1.39425E-07       1.37125E-07
       5.90000E-06       5.92500E-06       5.91250E-06       2.50001E-08       5.92039E-10       2.36815E-02       1.40017E-07       1.37717E-07
       5.92500E-06       5.95000E-06       5.93750E-06       2.49996E-08       5.92039E-10       2.36819E-02       1.40611E-07       1.38309E-07
       5.95000E-06       5.97500E-06       5.96250E-06       2.50001E-08       5.92039E-10       2.36815E-02       1.41201E-07       1.38901E-07
       5.97500E-06       6.00000E-06       5.98750E-06       2.50001E-08       5.92039E-10       2.36815E-02       1.41793E-07       1.39493E-07
       6.00000E-06       6.02500E-06       6.01250E-06       2.50001E-08       5.92039E-10       2.36815E-02       1.42385E-07       1.40085E-07
       6.02500E-06       6.05000E-06       6.03750E-06       2.50001E-08       5.92039E-10       2.36815E-02       1.42977E-07       1.40677E-07
       6.05000E-06       6.07500E-06       6.06250E-06       2.49996E-08       5.92039E-10       2.36819E-02       1.43572E-07       1.41269E-07
       6.07500E-06       6.10000E-06       6.08750E-06       2.50001E-08       5.92039E-10       2.36815E-02       1.44161E-07       1.41861E-07
       6.10000E-06       6.12500E-06       6.11250E-06       2.50001E-08       5.92039E-10       2.36815E-02       1.44753E-07       1.42453E-07
       6.12500E-06       6.15000E-06       6.13750E-06       2.50001E-08       5.92039E-10       2.36815E-02       1.45345E-07       1.43045E-07
       6.15000E-06       6.17500E-06       6.16250E-06       2.50001E-08       5.92039E-10       2.36815E-02       1.45937E-07       1.43637E-07
       6.17500E-06       6.20000E-06       6.18750E-06       2.49996E-08       5.92039E-10       2.36819E-02       1.46532E-07       1.44229E-07
       6.20000E-06       6.22500E-06       6.21250E-06       2.50001E-08       5.92039E-10       2.36815E-02       1.47121E-07       1.44821E-07
       6.22500E-06       6.25000E-06       6.23750E-06       2.50001E-08       5.92039E-10       2.36815E-02       1.47713E-07       1.45413E-07
       6.25000E-06       6.27500E-06       6.26250E-06       2.50001E-08       5.92039E-10       2.36815E-02       1.48305E-07       1.46005E-07
       6.27500E-06       6.30000E-06       6.28750E-06       2.50001E-08       5.92039E-10       2.36815E-02       1.48897E-07       1.46597E-07
       6.30000E-06       6.32500E-06       6.31250E-06       2.49996E-08       5.92039E-10       2.36819E-02       1.49492E-07       1.47189E-07
       6.32500E-06       6.35000E-06       6.33750E-06       2.50001E-08       5.92039E-10       2.36815E-02       1.50081E-07       1.47781E-07
       6.35000E-06       6.37500E-06       6.36250E-06       2.50001E-08       5.92039E-10       2.36815E-02       1.50673E-07       1.48373E-07
       6.37500E-06       6.40000E-06       6.38750E-06       2.50001E-08       5.92039E-10       2.36815E-02       1.51265E-07       1.48965E-07
       6.40000E-06       6.42500E-06       6.41250E-06       2.50001E-08       5.92039E-10       2.36815E-02       1.51857E-07       1.49557E-07
       6.42500E-06       6.45000E-06       6.43750E-06       2.49996E-08       5.92039E-10       2.36819E-02       1.52452E-07       1.50149E-07
       6.45000E-06       6.47500E-06       6.46250E-06       2.50001E-08       5.92039E-10       2.36815E-02       1.53042E-07       1.50741E-07
       6.47500E-06       6.50000E-06       6.48750E-06       2.50001E-08       5.92039E-10       2.36815E-02       1.53634E-07       1.51333E-07
       6.50000E-06       6.52500E-06       6.51250E-06       2.50001E-08       5.92039E-10       2.36815E-02       1.54226E-07       1.51926E-07
       6.52500E-06       6.55000E-06       6.53750E-06       2.50001E-08       5.92039E-10       2.36815E-02       1.54818E-07       1.52518E-07
       6.55000E-06       6.57500E-06       6.56250E-06       2.49996E-08       5.92039E-10       2.36819E-02       1.55413E-07       1.53110E-07
       6.57500E-06       6.60000E-06       6.58750E-06       2.50001E-08       5.92039E-10       2.36815E-02       1.56002E-07       1.53702E-07
       6.60000E-06       6.62500E-06       6.61250E-06       2.50001E-08       5.92039E-10       2.36815E-02       1.56594E-07       1.54294E-07
       6.62500E-06       6.65000E-06       6.63750E-06       2.50001E-08       5.92039E-10       2.36815E-02       1.57186E-07       1.54886E-07
       6.65000E-06       6.67500E-06       6.66250E-06       2.50001E-08       5.92039E-10       2.36815E-02       1.57778E-07       1.55478E-07
       6.67500E-06       6.70000E-06       6.68750E-06       2.49996E-08       5.92039E-10       2.36819E-02       1.58373E-07       1.56070E-07
       6.70000E-06       6.72500E-06       6.71250E-06       2.50001E-08       5.92039E-10       2.36815E-02       1.58962E-07       1.56662E-07
       6.72500E-06       6.75000E-06       6.73750E-06       2.50001E-08       5.92039E-10       2.36815E-02       1.59554E-07       1.57254E-07
       6.75000E-06       6.77500E-06       6.76250E-06       2.50001E-08       5.92039E-10       2.36815E-02       1.60146E-07       1.57846E-07
       6.77500E-06       6.80000E-06       6.78750E-06       2.50001E-08       5.92039E-10       2.36815E-02       1.60738E-07       1.58438E-07
       6.80000E-06       6.82500E-06       6.81250E-06       2.49996E-08       5.92039E-10       2.36819E-02       1.61333E-07       1.59030E-07
       6.82500E-06       6.85000E-06       6.83750E-06       2.50001E-08       5.92039E-10       2.36815E-02       1.61922E-07       1.59622E-07
       6.85000E-06       6.87500E-06       6.86250E-06       2.50001E-08       5.92039E-10       2.36815E-02       1.62514E-07       1.60214E-07
       6.87500E-06       6.90000E-06       6.88750E-06       2.50001E-08       5.92039E-10       2.36815E-02       1.63106E-07       1.60806E-07
       6.90000E-06       6.92500E-06       6.91250E-06       2.50001E-08       5.92039E-10       2.36815E-02       1.63698E-07       1.61398E-07
       6.92500E-06       6.95000E-06       6.93750E-06       2.49996E-08       5.92039E-10       2.36819E-02       1.64293E-07       1.61990E-07
       6.95000E-06       6.97500E-06       6.96250E-06       2.50001E-08       5.92039E-10       2.36815E-02       1.64882E-07       1.62582E-07
       6.97500E-06       7.00000E-06       6.98750E-06       2.50001E-08       5.92039E-10       2.36815E-02       1.65474E-07       1.63174E-07
       7.00000E-06       7.02500E-06       7.01250E-06       2.50001E-08       5.92039E-10       2.36815E-02       1.66066E-07       1.63766E-07
       7.02500E-06       7.05000E-06       7.03750E-06       2.50001E-08       5.92039E-10       2.36815E-02       1.66658E-07       1.64358E-07
       7.05000E-06       7.07500E-06       7.06250E-06       2.49996E-08       5.92039E-10       2.36819E-02       1.67254E-07       1.64950E-07
       7.07500E-06       7.10000E-06       7.08750E-06       2.50001E-08       5.92039E-10       2.36815E-02       1.67842E-07       1.65542E-07
       7.10000E-06       7.12500E-06       7.11250E-06       2.50001E-08       5.92039E-10       2.36815E-02       1.68435E-07       1.66134E-07
       7.12500E-06       7.15000E-06       7.13750E-06       2.50001E-08       5.92039E-10       2.36815E-02       1.69027E-07       1.66726E-07
       7.15000E-06       7.17500E-06       7.16250E-06       2.50001E-08       5.92039E-10       2.36815E-02       1.69619E-07       1.67319E-07
       7.17500E-06       7.20000E-06       7.18750E-06       2.49996E-08       5.92039E-10       2.36819E-02       1.70214E-07       1.67911E-07
       7.20000E-06       7.22500E-06       7.21250E-06       2.50001E-08       5.92039E-10       2.36815E-02       1.70803E-07       1.68503E-07
       7.22500E-06       7.25000E-06       7.23750E-06       2.50001E-08       5.92039E-10       2.36815E-02       1.71395E-07       1.69095E-07
       7.25000E-06       7.27500E-06       7.26250E-06       2.50001E-08       5.92039E-10       2.36815E-02       1.71987E-07       1.69687E-07
       7.27500E-06       7.30000E-06       7.28750E-06       2.50001E-08       5.92039E-10       2.36815E-02       1.72579E-07       1.70279E-07
       7.30000E-06       7.32500E-06       7.31250E-06       2.49996E-08       5.92039E-10       2.36819E-02       1.73174E-07       1.70871E-07
       7.32500E-06       7.35000E-06       7.33750E-06       2.50001E-08       5.92039E-10       2.36815E-02       1.73763E-07       1.71463E-07
       7.35000E-06       7.37500E-06       7.36250E-06       2.50001E-08       5.92039E-10       2.36815E-02       1.74355E-07       1.72055E-07
       7.37500E-06       7.40000E-06       7.38750E-06       2.50001E-08       5.92039E-10       2.36815E-02       1.74947E-07       1.72647E-07
       7.40000E-06       7.42500E-06       7.41250E-06       2.50001E-08       5.92039E-10       2.36815E-02       1.75539E-07       1.73239E-07
       7.42500E-06       7.45000E-06       7.43750E-06       2.49996E-08       5.92039E-10       2.36819E-02       1.76134E-07       1.73831E-07
       7.45000E-06       7.47500E-06       7.46250E-06       2.50001E-08       5.92039E-10       2.36815E-02       1.76723E-07       1.74423E-07
       7.47500E-06       7.50000E-06       7.48750E-06       2.50001E-08       5.92039E-10       2.36815E-02       1.77315E-07       1.75015E-07
       7.50000E-06       7.52500E-06       7.51250E-06       2.50001E-08       5.92039E-10       2.36815E-02       1.77907E-07       1.75607E-07
       7.52500E-06       7.55000E-06       7.53750E-06       2.50001E-08       5.92039E-10       2.36815E-02       1.78499E-07       1.76199E-07
       7.55000E-06       7.57500E-06       7.56250E-06       2.49996E-08       5.92039E-10       2.36819E-02       1.79095E-07       1.76791E-07
       7.57500E-06       7.60000E-06       7.58750E-06       2.50001E-08       5.92039E-10       2.36815E-02       1.79683E-07       1.77383E-07
       7.60000E-06       7.62500E-06       7.61250E-06       2.50001E-08       5.92039E-10       2.36815E-02       1.80275E-07       1.77975E-07
       7.62500E-06       7.65000E-06       7.63750E-06       2.50001E-08       5.92039E-10       2.36815E-02       1.80867E-07       1.78567E-07
       7.65000E-06       7.67500E-06       7.66250E-06       2.50001E-08       5.92039E-10       2.36815E-02       1.81459E-07       1.79159E-07
       7.67500E-06       7.70000E-06       7.68750E-06       2.49996E-08       5.92039E-10       2.36819E-02       1.82055E-07       1.79751E-07
       7.70000E-06       7.72500E-06       7.71250E-06       2.50001E-08       5.92039E-10       2.36815E-02       1.82643E-07       1.80343E-07
       7.72500E-06       7.75000E-06       7.73750E-06       2.50001E-08       5.92039E-10       2.36815E-02       1.83235E-07       1.80935E-07
       7.75000E-06       7.77500E-06       7.76250E-06       2.50001E-08       5.92039E-10       2.36815E-02       1.83827E-07       1.81527E-07
       7.77500E-06       7.80000E-06       7.78750E-06       2.50001E-08       5.92039E-10       2.36815E-02       1.84420E-07       1.82119E-07
       7.80000E-06       7.82500E-06       7.81250E-06       2.49996E-08       5.92039E-10       2.36819E-02       1.85015E-07       1.82712E-07
       7.82500E-06       7.85000E-06       7.83750E-06       2.50001E-08       5.92039E-10       2.36815E-02       1.85604E-07       1.83304E-07
       7.85000E-06       7.87500E-06       7.86250E-06       2.50001E-08       5.92039E-10       2.36815E-02       1.86196E-07       1.83896E-07
       7.87500E-06       7.90000E-06       7.88750E-06       2.50001E-08       5.92039E-10       2.36815E-02       1.86788E-07       1.84488E-07
       7.90000E-06       7.92500E-06       7.91250E-06       2.50001E-08       5.92039E-10       2.36815E-02       1.87380E-07       1.85080E-07
       7.92500E-06       7.95000E-06       7.93750E-06       2.49996E-08       5.92039E-10       2.36819E-02       1.87975E-07       1.85672E-07
       7.95000E-06       7.97500E-06       7.96250E-06       2.50001E-08       5.92039E-10       2.36815E-02       1.88564E-07       1.86264E-07
       7.97500E-06       8.00000E-06       7.98750E-06       2.50001E-08       5.92039E-10       2.36815E-02       1.89156E-07       1.86856E-07
       8.00000E-06       8.02500E-06       8.01250E-06       2.49996E-08       5.92039E-10       2.36819E-02       1.89751E-07       1.87448E-07
       8.02500E-06       8.05000E-06       8.03750E-06       2.50006E-08       5.92039E-10       2.36810E-02       1.90336E-07       1.88040E-07
       8.05000E-06       8.07500E-06       8.06250E-06       2.49996E-08       5.92039E-10       2.36819E-02       1.90936E-07       1.88632E-07
       8.07500E-06       8.10000E-06       8.08750E-06       2.50006E-08       5.92039E-10       2.36810E-02       1.91520E-07       1.89224E-07
       8.10000E-06       8.12500E-06       8.11250E-06       2.49996E-08       5.92039E-10       2.36819E-02       1.92120E-07       1.89816E-07
       8.12500E-06       8.15000E-06       8.13750E-06       2.49996E-08       5.92039E-10       2.36819E-02       1.92712E-07       1.90408E-07
       8.15000E-06       8.17500E-06       8.16250E-06       2.50006E-08       5.92039E-10       2.36810E-02       1.93296E-07       1.91000E-07
       8.17500E-06       8.20000E-06       8.18750E-06       2.49996E-08       5.92039E-10       2.36819E-02       1.93896E-07       1.91592E-07
       8.20000E-06       8.22500E-06       8.21250E-06       2.50006E-08       5.92039E-10       2.36810E-02       1.94480E-07       1.92184E-07
       8.22500E-06       8.25000E-06       8.23750E-06       2.49996E-08       5.92039E-10       2.36819E-02       1.95080E-07       1.92776E-07
       8.25000E-06       8.27500E-06       8.26250E-06       2.49996E-08       5.92039E-10       2.36819E-02       1.95672E-07       1.93368E-07
       8.27500E-06       8.30000E-06       8.28750E-06       2.50006E-08       5.92039E-10       2.36810E-02       1.96257E-07       1.93960E-07
       8.30000E-06       8.32500E-06       8.31250E-06       2.49996E-08       5.92039E-10       2.36819E-02       1.96856E-07       1.94552E-07
       8.32500E-06       8.35000E-06       8.33750E-06       2.50006E-08       5.92039E-10       2.36810E-02       1.97441E-07       1.95144E-07
       8.35000E-06       8.37500E-06       8.36250E-06       2.49996E-08       5.92039E-10       2.36819E-02       1.98040E-07       1.95736E-07
       8.37500E-06       8.40000E-06       8.38750E-06       2.49996E-08       5.92039E-10       2.36819E-02       1.98632E-07       1.96328E-07
       8.40000E-06       8.42500E-06       8.41250E-06       2.50006E-08       5.92039E-10       2.36810E-02       1.99217E-07       1.96920E-07
       8.42500E-06       8.45000E-06       8.43750E-06       2.49996E-08       5.92039E-10       2.36819E-02       1.99816E-07       1.97512E-07
       8.45000E-06       8.47500E-06       8.46250E-06       2.50006E-08       5.92039E-10       2.36810E-02       2.00401E-07       1.98105E-07
       8.47500E-06       8.50000E-06       8.48750E-06       2.49996E-08       5.92039E-10       2.36819E-02       2.01000E-07       1.98697E-07
       8.50000E-06       8.52500E-06       8.51250E-06       2.49996E-08       5.92039E-10       2.36819E-02       2.01592E-07       1.99289E-07
       8.52500E-06       8.55000E-06       8.53750E-06       2.50006E-08       5.92039E-10       2.36810E-02       2.02177E-07       1.99881E-07
       8.55000E-06       8.57500E-06       8.56250E-06       2.49996E-08       5.92039E-10       2.36819E-02       2.02777E-07       2.00473E-07
       8.57500E-06       8.60000E-06       8.58750E-06       2.50006E-08       5.92039E-10       2.36810E-02       2.03361E-07       2.01065E-07
       8.60000E-06       8.62500E-06       8.61250E-06       2.49996E-08       5.92039E-10       2.36819E-02       2.03961E-07       2.01657E-07
       8.62500E-06       8.65000E-06       8.63750E-06       2.49996E-08       5.92039E-10       2.36819E-02       2.04553E-07       2.02249E-07
       8.65000E-06       8.67500E-06       8.66250E-06       2.50006E-08       5.92039E-10       2.36810E-02       2.05137E-07       2.02841E-07
       8.67500E-06       8.70000E-06       8.68750E-06       2.49996E-08       5.92039E-10       2.36819E-02       2.05737E-07       2.03433E-07
       8.70000E-06       8.72500E-06       8.71250E-06       2.50006E-08       5.92039E-10       2.36810E-02       2.06321E-07       2.04025E-07
       8.72500E-06       8.75000E-06       8.73750E-06       2.49996E-08       5.92039E-10       2.36819E-02       2.06921E-07       2.04617E-07
       8.75000E-06       8.77500E-06       8.76250E-06       2.49996E-08       5.92039E-10       2.36819E-02       2.07513E-07       2.05209E-07
       8.77500E-06       8.80000E-06       8.78750E-06       2.50006E-08       5.92039E-10       2.36810E-02       2.08097E-07       2.05801E-07
       8.80000E-06       8.82500E-06       8.81250E-06       2.49996E-08       5.92039E-10       2.36819E-02       2.08697E-07       2.06393E-07
       8.82500E-06       8.85000E-06       8.83750E-06       2.50006E-08       5.92039E-10       2.36810E-02       2.09281E-07       2.06985E-07
       8.85000E-06       8.87500E-06       8.86250E-06       2.49996E-08       5.92039E-10       2.36819E-02       2.09881E-07       2.07577E-07
       8.87500E-06       8.90000E-06       8.88750E-06       2.49996E-08       5.92039E-10       2.36819E-02       2.10473E-07       2.08169E-07
       8.90000E-06       8.92500E-06       8.91250E-06       2.50006E-08       5.92039E-10       2.36810E-02       2.11057E-07       2.08761E-07
       8.92500E-06       8.95000E-06       8.93750E-06       2.49996E-08       5.92039E-10       2.36819E-02       2.11657E-07       2.09353E-07
       8.95000E-06       8.97500E-06       8.96250E-06       2.50006E-08       5.92039E-10       2.36810E-02       2.12241E-07       2.09945E-07
       8.97500E-06       9.00000E-06       8.98750E-06       2.49996E-08       5.92039E-10       2.36819E-02       2.12841E-07       2.10537E-07
       9.00000E-06       9.02500E-06       9.01250E-06       2.49996E-08       5.92039E-10       2.36819E-02       2.13433E-07       2.11129E-07
       9.02500E-06       9.05000E-06       9.03750E-06       2.50006E-08       5.92039E-10       2.36810E-02       2.14017E-07       2.11721E-07
       9.05000E-06       9.07500E-06       9.06250E-06       2.49996E-08       5.92039E-10       2.36819E-02       2.14618E-07       2.12313E-07
       9.07500E-06       9.10000E-06       9.08750E-06       2.50006E-08       5.92039E-10       2.36810E-02       2.15201E-07       2.12905E-07
       9.10000E-06       9.12500E-06       9.11250E-06       2.49996E-08       5.92039E-10       2.36819E-02       2.15802E-07       2.13498E-07
       9.12500E-06       9.15000E-06       9.13750E-06       2.49996E-08       5.92039E-10       2.36819E-02       2.16394E-07       2.14090E-07
       9.15000E-06       9.17500E-06       9.16250E-06       2.50006E-08       5.92039E-10       2.36810E-02       2.16977E-07       2.14682E-07
       9.17500E-06       9.20000E-06       9.18750E-06       2.49996E-08       5.92039E-10       2.36819E-02       2.17578E-07       2.15274E-07
       9.20000E-06       9.22500E-06       9.21250E-06       2.50006E-08       5.92039E-10       2.36810E-02       2.18161E-07       2.15866E-07
       9.22500E-06       9.25000E-06       9.23750E-06       2.49996E-08       5.92039E-10       2.36819E-02       2.18762E-07       2.16458E-07
       9.25000E-06       9.27500E-06       9.26250E-06       2.49996E-08       5.92039E-10       2.36819E-02       2.19354E-07       2.17050E-07
       9.27500E-06       9.30000E-06       9.28750E-06       2.50006E-08       5.92039E-10       2.36810E-02       2.19938E-07       2.17642E-07
       9.30000E-06       9.32500E-06       9.31250E-06       2.49996E-08       5.92039E-10       2.36819E-02       2.20538E-07       2.18234E-07
       9.32500E-06       9.35000E-06       9.33750E-06       2.50006E-08       5.92039E-10       2.36810E-02       2.21122E-07       2.18826E-07
       9.35000E-06       9.37500E-06       9.36250E-06       2.49996E-08       5.92039E-10       2.36819E-02       2.21722E-07       2.19418E-07
       9.37500E-06       9.40000E-06       9.38750E-06       2.49996E-08       5.92039E-10       2.36819E-02       2.22314E-07       2.20010E-07
       9.40000E-06       9.42500E-06       9.41250E-06       2.50006E-08       5.92039E-10       2.36810E-02       2.22898E-07       2.20602E-07
       9.42500E-06       9.45000E-06       9.43750E-06       2.49996E-08       5.92039E-10       2.36819E-02       2.23498E-07       2.21194E-07
       9.45000E-06       9.47500E-06       9.46250E-06       2.50006E-08       5.92039E-10       2.36810E-02       2.24082E-07       2.21786E-07
       9.47500E-06       9.50000E-06       9.48750E-06       2.49996E-08       5.92039E-10       2.36819E-02       2.24682E-07       2.22378E-07
       9.50000E-06       9.52500E-06       9.51250E-06       2.49996E-08       5.92039E-10       2.36819E-02       2.25274E-07       2.22970E-07
       9.52500E-06       9.55000E-06       9.53750E-06       2.50006E-08       5.92039E-10       2.36810E-02       2.25858E-07       2.23562E-07
       9.55000E-06       9.57500E-06       9.56250E-06       2.49996E-08       5.92039E-10       2.36819E-02       2.26458E-07       2.24154E-07
       9.57500E-06       9.60000E-06       9.58750E-06       2.50006E-08       5.92039E-10       2.36810E-02       2.27042E-07       2.24746E-07
       9.60000E-06       9.62500E-06       9.61250E-06       2.49996E-08       5.92039E-10       2.36819E-02       2.27643E-07       2.25338E-07
       9.62500E-06       9.65000E-06       9.63750E-06       2.49996E-08       5.92039E-10       2.36819E-02       2.28235E-07       2.25930E-07
       9.65000E-06       9.67500E-06       9.66250E-06       2.50006E-08       5.92039E-10       2.36810E-02       2.28818E-07       2.26522E-07
       9.67500E-06       9.70000E-06       9.68750E-06       2.49996E-08       5.92039E-10       2.36819E-02       2.29419E-07       2.27114E-07
       9.70000E-06       9.72500E-06       9.71250E-06       2.50006E-08       5.92039E-10       2.36810E-02       2.30002E-07       2.27706E-07
       9.72500E-06       9.75000E-06       9.73750E-06       2.49996E-08       5.92039E-10       2.36819E-02       2.30603E-07       2.28298E-07
       9.75000E-06       9.77500E-06       9.76250E-06       2.49996E-08       5.92039E-10       2.36819E-02       2.31195E-07       2.28890E-07
       9.77500E-06       9.80000E-06       9.78750E-06       2.50006E-08       5.92039E-10       2.36810E-02       2.31778E-07       2.29483E-07
       9.80000E-06       9.82500E-06       9.81250E-06       2.49996E-08       5.92039E-10       2.36819E-02       2.32379E-07       2.30075E-07
       9.82500E-06       9.85000E-06       9.83750E-06       2.50006E-08       5.92039E-10       2.36810E-02       2.32962E-07       2.30667E-07
       9.85000E-06       9.87500E-06       9.86250E-06       2.49996E-08       5.92039E-10       2.36819E-02       2.33563E-07       2.31259E-07
       9.87500E-06       9.90000E-06       9.88750E-06       2.49996E-08       5.92039E-10       2.36819E-02       2.34155E-07       2.31851E-07
       9.90000E-06       9.92500E-06       9.91250E-06       2.50006E-08       5.92039E-10       2.36810E-02       2.34738E-07       2.32443E-07
       9.92500E-06       9.95000E-06       9.93750E-06       2.49996E-08       5.92039E-10       2.36819E-02       2.35339E-07       2.33035E-07
       9.95000E-06       9.97500E-06       9.96250E-06       2.50006E-08       5.92039E-10       2.36810E-02       2.35922E-07       2.33627E-07
       9.97500E-06       1.00000E-05       9.98750E-06       2.49996E-08       5.92039E-10       2.36819E-02       2.36523E-07       2.34219E-07
       1.00000E-05       1.04713E-05       1.02356E-05       4.71300E-07       1.11610E-08       2.36813E-02       2.42393E-07       2.45380E-07
       1.04713E-05       1.09648E-05       1.07180E-05       4.93500E-07       1.16866E-08       2.36811E-02       2.53816E-07       2.57066E-07
       1.09648E-05       1.14815E-05       1.12232E-05       5.16700E-07       1.22373E-08       2.36835E-02       2.65803E-07       2.69304E-07
       1.14815E-05       1.20226E-05       1.17521E-05       5.41101E-07       1.28144E-08       2.36821E-02       2.78314E-07       2.82118E-07
       1.20226E-05       1.25892E-05       1.23059E-05       5.66600E-07       1.34184E-08       2.36822E-02       2.91431E-07       2.95536E-07
       1.25892E-05       1.31826E-05       1.28859E-05       5.93400E-07       1.40503E-08       2.36776E-02       3.05108E-07       3.09587E-07
       1.31826E-05       1.38038E-05       1.34932E-05       6.21200E-07       1.47127E-08       2.36843E-02       3.19578E-07       3.24299E-07
       1.38038E-05       1.44544E-05       1.41291E-05       6.50600E-07       1.54068E-08       2.36808E-02       3.34589E-07       3.39706E-07
       1.44544E-05       1.51356E-05       1.47950E-05       6.81200E-07       1.61325E-08       2.36824E-02       3.50381E-07       3.55839E-07
       1.51356E-05       1.58489E-05       1.54922E-05       7.13300E-07       1.68923E-08       2.36819E-02       3.66885E-07       3.72731E-07
       1.58489E-05       1.65959E-05       1.62224E-05       7.47000E-07       1.76886E-08       2.36795E-02       3.84139E-07       3.90420E-07
       1.65959E-05       1.73780E-05       1.69869E-05       7.82101E-07       1.85227E-08       2.36833E-02       4.02306E-07       4.08942E-07
       1.73780E-05       1.81970E-05       1.77875E-05       8.19000E-07       1.93957E-08       2.36822E-02       4.21247E-07       4.28338E-07
       1.81970E-05       1.90546E-05       1.86258E-05       8.57599E-07       2.03090E-08       2.36812E-02       4.41081E-07       4.48647E-07
       1.90546E-05       1.99526E-05       1.95036E-05       8.98001E-07       2.12660E-08       2.36815E-02       4.61875E-07       4.69913E-07
       1.99526E-05       2.08930E-05       2.04228E-05       9.40399E-07       2.22694E-08       2.36808E-02       4.83627E-07       4.92182E-07
       2.08930E-05       2.18776E-05       2.13853E-05       9.84600E-07       2.33190E-08       2.36837E-02       5.06483E-07       5.15501E-07
       2.18776E-05       2.29087E-05       2.23932E-05       1.03110E-06       2.44173E-08       2.36808E-02       5.30287E-07       5.39919E-07
       2.29087E-05       2.39883E-05       2.34485E-05       1.07960E-06       2.55679E-08       2.36828E-02       5.55326E-07       5.65487E-07
       2.39883E-05       2.51189E-05       2.45536E-05       1.13060E-06       2.67734E-08       2.36807E-02       5.81446E-07       5.92260E-07
       2.51189E-05       2.63027E-05       2.57108E-05       1.18380E-06       2.80349E-08       2.36821E-02       6.08886E-07       6.20295E-07
       2.63027E-05       2.75423E-05       2.69225E-05       1.23960E-06       2.93560E-08       2.36819E-02       6.37575E-07       6.49651E-07
       2.75423E-05       2.88403E-05       2.81913E-05       1.29800E-06       3.07392E-08       2.36820E-02       6.67626E-07       6.80390E-07
       2.88403E-05       3.01995E-05       2.95199E-05       1.35920E-06       3.21882E-08       2.36818E-02       6.99083E-07       7.12578E-07
       3.01995E-05       3.16228E-05       3.09111E-05       1.42330E-06       3.37054E-08       2.36811E-02       7.32011E-07       7.46284E-07
       3.16228E-05       3.31131E-05       3.23679E-05       1.49030E-06       3.52932E-08       2.36820E-02       7.66537E-07       7.81577E-07
       3.31131E-05       3.46737E-05       3.38934E-05       1.56060E-06       3.69577E-08       2.36817E-02       8.02654E-07       8.18535E-07
       3.46737E-05       3.63078E-05       3.54907E-05       1.63410E-06       3.86989E-08       2.36821E-02       8.40495E-07       8.57234E-07
       3.63078E-05       3.80189E-05       3.71634E-05       1.71110E-06       4.05230E-08       2.36824E-02       8.80117E-07       8.97757E-07
       3.80189E-05       3.98107E-05       3.89148E-05       1.79180E-06       4.24322E-08       2.36814E-02       9.21555E-07       9.40189E-07
       3.98107E-05       4.16869E-05       4.07488E-05       1.87620E-06       4.44316E-08       2.36817E-02       9.64999E-07       9.84620E-07
       4.16869E-05       4.36516E-05       4.26692E-05       1.96470E-06       4.65259E-08       2.36809E-02       1.01045E-06       1.03115E-06
       4.36516E-05       4.57088E-05       4.46802E-05       2.05720E-06       4.87189E-08       2.36821E-02       1.05812E-06       1.07987E-06
       4.57088E-05       4.78630E-05       4.67859E-05       2.15420E-06       5.10153E-08       2.36818E-02       1.10798E-06       1.13088E-06
       4.78630E-05       5.01187E-05       4.89908E-05       2.25570E-06       5.34189E-08       2.36818E-02       1.16019E-06       1.18430E-06
       5.01187E-05       5.24808E-05       5.12998E-05       2.36210E-06       5.59370E-08       2.36810E-02       1.21483E-06       1.24024E-06
       5.24808E-05       5.49541E-05       5.37174E-05       2.47330E-06       5.85732E-08       2.36822E-02       1.27215E-06       1.29881E-06
       5.49541E-05       5.75440E-05       5.62490E-05       2.58990E-06       6.13336E-08       2.36819E-02       1.33208E-06       1.36014E-06
       5.75440E-05       6.02560E-05       5.89000E-05       2.71200E-06       6.42242E-08       2.36815E-02       1.39484E-06       1.42437E-06
       6.02560E-05       6.30957E-05       6.16758E-05       2.83970E-06       6.72501E-08       2.36821E-02       1.46061E-06       1.49162E-06
       6.30957E-05       6.60693E-05       6.45825E-05       2.97360E-06       7.04196E-08       2.36816E-02       1.52942E-06       1.56204E-06
       6.60693E-05       6.91831E-05       6.76262E-05       3.11380E-06       7.37389E-08       2.36813E-02       1.60148E-06       1.63578E-06
       6.91831E-05       7.24436E-05       7.08134E-05       3.26051E-06       7.72140E-08       2.36816E-02       1.67697E-06       1.71299E-06
       7.24436E-05       7.58578E-05       7.41507E-05       3.41420E-06       8.08535E-08       2.36815E-02       1.75600E-06       1.79384E-06
       7.58578E-05       7.94328E-05       7.76453E-05       3.57500E-06       8.46635E-08       2.36821E-02       1.83881E-06       1.87851E-06
       7.94328E-05       8.31764E-05       8.13046E-05       3.74360E-06       8.86537E-08       2.36814E-02       1.92541E-06       1.96716E-06
       8.31764E-05       8.70964E-05       8.51364E-05       3.92000E-06       9.28314E-08       2.36815E-02       2.01616E-06       2.05999E-06
       8.70964E-05       9.12011E-05       8.91488E-05       4.10471E-06       9.72064E-08       2.36817E-02       2.11119E-06       2.15720E-06
       9.12011E-05       9.54993E-05       9.33502E-05       4.29820E-06       1.01788E-07       2.36816E-02       2.21069E-06       2.25899E-06
       9.54993E-05       1.00000E-04       9.77497E-05       4.50070E-06       1.06585E-07       2.36818E-02       2.31489E-06       2.36557E-06
       1.00000E-04       1.04713E-04       1.02356E-04       4.71300E-06       1.11610E-07       2.36813E-02       2.42393E-06       2.47718E-06
       1.04713E-04       1.09648E-04       1.07181E-04       4.93501E-06       1.16866E-07       2.36811E-02       2.53815E-06       2.59405E-06
       1.09648E-04       1.14815E-04       1.12232E-04       5.16700E-06       1.22377E-07       2.36844E-02       2.65814E-06       2.71642E-06
       1.14815E-04       1.20226E-04       1.17520E-04       5.41100E-06       1.28142E-07       2.36817E-02       2.78309E-06       2.84457E-06
       1.20226E-04       1.25892E-04       1.23059E-04       5.66600E-06       1.34184E-07       2.36822E-02       2.91431E-06       2.97875E-06
       1.25892E-04       1.31826E-04       1.28859E-04       5.93401E-06       1.40508E-07       2.36784E-02       3.05118E-06       3.11926E-06
       1.31826E-04       1.38038E-04       1.34932E-04       6.21199E-06       1.47127E-07       2.36844E-02       3.19578E-06       3.26639E-06
       1.38038E-04       1.44544E-04       1.41291E-04       6.50601E-06       1.54064E-07       2.36802E-02       3.34580E-06       3.42045E-06
       1.44544E-04       1.51356E-04       1.47950E-04       6.81200E-06       1.61322E-07       2.36821E-02       3.50376E-06       3.58177E-06
       1.51356E-04       1.58489E-04       1.54922E-04       7.13300E-06       1.68926E-07       2.36824E-02       3.66894E-06       3.75070E-06
       1.58489E-04       1.65959E-04       1.62224E-04       7.47000E-06       1.76889E-07       2.36799E-02       3.84144E-06       3.92759E-06
       1.65959E-04       1.73780E-04       1.69870E-04       7.82100E-06       1.85224E-07       2.36830E-02       4.02301E-06       4.11281E-06
       1.73780E-04       1.81970E-04       1.77875E-04       8.19000E-06       1.93954E-07       2.36818E-02       4.21239E-06       4.30676E-06
       1.81970E-04       1.90546E-04       1.86258E-04       8.57600E-06       2.03095E-07       2.36817E-02       4.41091E-06       4.50986E-06
       1.90546E-04       1.99526E-04       1.95036E-04       8.98000E-06       2.12664E-07       2.36820E-02       4.61884E-06       4.72252E-06
       1.99526E-04       2.08930E-04       2.04228E-04       9.40399E-06       2.22689E-07       2.36802E-02       4.83617E-06       4.94521E-06
       2.08930E-04       2.18776E-04       2.13853E-04       9.84601E-06       2.33185E-07       2.36832E-02       5.06472E-06       5.17840E-06
       2.18776E-04       2.29087E-04       2.23932E-04       1.03110E-05       2.44173E-07       2.36808E-02       5.30287E-06       5.42257E-06
       2.29087E-04       2.39883E-04       2.34485E-04       1.07960E-05       2.55679E-07       2.36828E-02       5.55326E-06       5.67825E-06
       2.39883E-04       2.51189E-04       2.45536E-04       1.13060E-05       2.67729E-07       2.36803E-02       5.81436E-06       5.94598E-06
       2.51189E-04       2.63027E-04       2.57108E-04       1.18380E-05       2.80349E-07       2.36821E-02       6.08885E-06       6.22633E-06
       2.63027E-04       2.75423E-04       2.69225E-04       1.23960E-05       2.93561E-07       2.36819E-02       6.37577E-06       6.51989E-06
       2.75423E-04       2.88403E-04       2.81913E-04       1.29800E-05       3.07396E-07       2.36823E-02       6.67634E-06       6.82728E-06
       2.88403E-04       3.01995E-04       2.95199E-04       1.35920E-05       3.21882E-07       2.36818E-02       6.99084E-06       7.14917E-06
       3.01995E-04       3.16228E-04       3.09111E-04       1.42330E-05       3.37053E-07       2.36811E-02       7.32009E-06       7.48622E-06
       3.16228E-04       3.31131E-04       3.23680E-04       1.49030E-05       3.52936E-07       2.36822E-02       7.66543E-06       7.83915E-06
       3.31131E-04       3.46737E-04       3.38934E-04       1.56060E-05       3.69572E-07       2.36814E-02       8.02645E-06       8.20873E-06
       3.46737E-04       3.63078E-04       3.54908E-04       1.63410E-05       3.86988E-07       2.36820E-02       8.40493E-06       8.59572E-06
       3.63078E-04       3.80189E-04       3.71634E-04       1.71110E-05       4.05225E-07       2.36821E-02       8.80107E-06       9.00094E-06
       3.80189E-04       3.98107E-04       3.89148E-04       1.79180E-05       4.24324E-07       2.36815E-02       9.21559E-06       9.42526E-06
       3.98107E-04       4.16869E-04       4.07488E-04       1.87620E-05       4.44321E-07       2.36819E-02       9.65011E-06       9.86959E-06
       4.16869E-04       4.36516E-04       4.26692E-04       1.96470E-05       4.65260E-07       2.36810E-02       1.01045E-05       1.03348E-05
       4.36516E-04       4.57088E-04       4.46802E-04       2.05720E-05       4.87190E-07       2.36822E-02       1.05812E-05       1.08220E-05
       4.57088E-04       4.78630E-04       4.67859E-04       2.15420E-05       5.10148E-07       2.36816E-02       1.10796E-05       1.13322E-05
       4.78630E-04       5.01187E-04       4.89909E-04       2.25570E-05       5.34191E-07       2.36818E-02       1.16019E-05       1.18664E-05
       5.01187E-04       5.24808E-04       5.12998E-04       2.36210E-05       5.59369E-07       2.36810E-02       1.21483E-05       1.24257E-05
       5.24808E-04       5.49541E-04       5.37175E-04       2.47330E-05       5.85730E-07       2.36821E-02       1.27214E-05       1.30115E-05
       5.49541E-04       5.75440E-04       5.62491E-04       2.58990E-05       6.13332E-07       2.36817E-02       1.33207E-05       1.36248E-05
       5.75440E-04       6.02560E-04       5.89000E-04       2.71200E-05       6.42241E-07       2.36815E-02       1.39484E-05       1.42670E-05
       6.02560E-04       6.30957E-04       6.16758E-04       2.83970E-05       6.72506E-07       2.36823E-02       1.46063E-05       1.49396E-05
       6.30957E-04       6.60693E-04       6.45825E-04       2.97360E-05       7.04202E-07       2.36818E-02       1.52943E-05       1.56438E-05
       6.60693E-04       6.91831E-04       6.76262E-04       3.11380E-05       7.37391E-07       2.36814E-02       1.60148E-05       1.63811E-05
       6.91831E-04       7.24436E-04       7.08133E-04       3.26050E-05       7.72142E-07       2.36817E-02       1.67698E-05       1.71533E-05
       7.24436E-04       7.58578E-04       7.41507E-04       3.41420E-05       8.08531E-07       2.36814E-02       1.75599E-05       1.79618E-05
       7.58578E-04       7.94328E-04       7.76453E-04       3.57500E-05       8.46635E-07       2.36821E-02       1.83880E-05       1.88085E-05
       7.94328E-04       8.31764E-04       8.13046E-04       3.74360E-05       8.86539E-07       2.36815E-02       1.92541E-05       1.96950E-05
       8.31764E-04       8.70964E-04       8.51364E-04       3.92000E-05       9.28318E-07       2.36816E-02       2.01616E-05       2.06233E-05
       8.70964E-04       9.12011E-04       8.91487E-04       4.10470E-05       9.72067E-07       2.36818E-02       2.11120E-05       2.15954E-05
       9.12011E-04       9.54993E-04       9.33502E-04       4.29820E-05       1.01788E-06       2.36816E-02       2.21068E-05       2.26133E-05
       9.54993E-04       1.00000E-03       9.77497E-04       4.50070E-05       1.06585E-06       2.36819E-02       2.31490E-05       2.36791E-05
       1.00000E-03       1.04713E-03       1.02356E-03       4.71300E-05       1.11610E-06       2.36812E-02       2.42393E-05       2.47952E-05
       1.04713E-03       1.09648E-03       1.07180E-03       4.93500E-05       1.16867E-06       2.36812E-02       2.53817E-05       2.59639E-05
       1.09648E-03       1.14815E-03       1.12231E-03       5.16700E-05       1.22377E-06       2.36844E-02       2.65814E-05       2.71877E-05
       1.14815E-03       1.20226E-03       1.17520E-03       5.41100E-05       1.28142E-06       2.36817E-02       2.78309E-05       2.84691E-05
       1.20226E-03       1.25892E-03       1.23059E-03       5.66600E-05       1.34184E-06       2.36822E-02       2.91431E-05       2.98109E-05
       1.25892E-03       1.31826E-03       1.28859E-03       5.93400E-05       1.40508E-06       2.36785E-02       3.05118E-05       3.12160E-05
       1.31826E-03       1.38038E-03       1.34932E-03       6.21200E-05       1.47127E-06       2.36843E-02       3.19577E-05       3.26873E-05
       1.38038E-03       1.44544E-03       1.41291E-03       6.50599E-05       1.54064E-06       2.36803E-02       3.34581E-05       3.42279E-05
       1.44544E-03       1.51356E-03       1.47950E-03       6.81201E-05       1.61322E-06       2.36820E-02       3.50376E-05       3.58411E-05
       1.51356E-03       1.58489E-03       1.54923E-03       7.13300E-05       1.68926E-06       2.36824E-02       3.66894E-05       3.75304E-05
       1.58489E-03       1.65959E-03       1.62224E-03       7.47000E-05       1.76889E-06       2.36799E-02       3.84144E-05       3.92993E-05
       1.65959E-03       1.73780E-03       1.69870E-03       7.82101E-05       1.85224E-06       2.36829E-02       4.02301E-05       4.11515E-05
       1.73780E-03       1.81970E-03       1.77875E-03       8.18999E-05       1.93954E-06       2.36818E-02       4.21240E-05       4.30911E-05
       1.81970E-03       1.90546E-03       1.86258E-03       8.57600E-05       2.03095E-06       2.36817E-02       4.41091E-05       4.51220E-05
       1.90546E-03       1.99526E-03       1.95036E-03       8.98001E-05       2.12664E-06       2.36819E-02       4.61883E-05       4.72486E-05
       1.99526E-03       2.08930E-03       2.04228E-03       9.40400E-05       2.22689E-06       2.36802E-02       4.83616E-05       4.94755E-05
       2.08930E-03       2.18776E-03       2.13853E-03       9.84600E-05       2.33185E-06       2.36832E-02       5.06472E-05       5.18074E-05
       2.18776E-03       2.29087E-03       2.23932E-03       1.03110E-04       2.44173E-06       2.36808E-02       5.30287E-05       5.42491E-05
       2.29087E-03       2.39883E-03       2.34485E-03       1.07960E-04       2.55679E-06       2.36828E-02       5.55326E-05       5.68059E-05
       2.39883E-03       2.51189E-03       2.45536E-03       1.13060E-04       2.67729E-06       2.36803E-02       5.81437E-05       5.94832E-05
       2.51189E-03       2.63027E-03       2.57108E-03       1.18380E-04       2.80349E-06       2.36821E-02       6.08885E-05       6.22867E-05
       2.63027E-03       2.75423E-03       2.69225E-03       1.23960E-04       2.93561E-06       2.36819E-02       6.37577E-05       6.52223E-05
       2.75423E-03       2.88403E-03       2.81913E-03       1.29800E-04       3.07396E-06       2.36823E-02       6.67634E-05       6.82962E-05
       2.88403E-03       3.01995E-03       2.95199E-03       1.35920E-04       3.21882E-06       2.36818E-02       6.99083E-05       7.15151E-05
       3.01995E-03       3.16228E-03       3.09112E-03       1.42330E-04       3.37053E-06       2.36811E-02       7.32009E-05       7.48856E-05
       3.16228E-03       3.31131E-03       3.23679E-03       1.49030E-04       3.52936E-06       2.36822E-02       7.66544E-05       7.84150E-05
       3.31131E-03       3.46737E-03       3.38934E-03       1.56060E-04       3.69572E-06       2.36814E-02       8.02643E-05       8.21107E-05
       3.46737E-03       3.63078E-03       3.54907E-03       1.63410E-04       3.86988E-06       2.36820E-02       8.40494E-05       8.59806E-05
       3.63078E-03       3.80189E-03       3.71633E-03       1.71110E-04       4.05225E-06       2.36821E-02       8.80107E-05       9.00328E-05
       3.80189E-03       3.98107E-03       3.89148E-03       1.79180E-04       4.24324E-06       2.36814E-02       9.21559E-05       9.42760E-05
       3.98107E-03       4.16869E-03       4.07488E-03       1.87620E-04       4.44320E-06       2.36820E-02       9.65011E-05       9.87192E-05
       4.16869E-03       4.36516E-03       4.26693E-03       1.96470E-04       4.65260E-06       2.36810E-02       1.01045E-04       1.03372E-04
       4.36516E-03       4.57088E-03       4.46802E-03       2.05720E-04       4.87190E-06       2.36822E-02       1.05813E-04       1.08244E-04
       4.57088E-03       4.78630E-03       4.67859E-03       2.15420E-04       5.10148E-06       2.36816E-02       1.10796E-04       1.13345E-04
       4.78630E-03       5.01187E-03       4.89909E-03       2.25570E-04       5.34191E-06       2.36818E-02       1.16019E-04       1.18687E-04
       5.01187E-03       5.24807E-03       5.12997E-03       2.36200E-04       5.59369E-06       2.36820E-02       1.21488E-04       1.24281E-04
       5.24807E-03       5.49541E-03       5.37174E-03       2.47340E-04       5.85730E-06       2.36811E-02       1.27209E-04       1.30138E-04
       5.49541E-03       5.75440E-03       5.62491E-03       2.58990E-04       6.13332E-06       2.36817E-02       1.33207E-04       1.36271E-04
       5.75440E-03       6.02560E-03       5.89000E-03       2.71200E-04       6.42241E-06       2.36814E-02       1.39484E-04       1.42694E-04
       6.02560E-03       6.30957E-03       6.16759E-03       2.83970E-04       6.72506E-06       2.36823E-02       1.46063E-04       1.49419E-04
       6.30957E-03       6.60693E-03       6.45825E-03       2.97360E-04       7.04202E-06       2.36818E-02       1.52943E-04       1.56461E-04
       6.60693E-03       6.91831E-03       6.76262E-03       3.11380E-04       7.37391E-06       2.36814E-02       1.60148E-04       1.63835E-04
       6.91831E-03       7.24436E-03       7.08133E-03       3.26050E-04       7.72142E-06       2.36817E-02       1.67698E-04       1.71556E-04
       7.24436E-03       7.58578E-03       7.41507E-03       3.41420E-04       8.08532E-06       2.36814E-02       1.75600E-04       1.79642E-04
       7.58578E-03       7.94328E-03       7.76453E-03       3.57500E-04       8.46635E-06       2.36821E-02       1.83880E-04       1.88108E-04
       7.94328E-03       8.31764E-03       8.13046E-03       3.74360E-04       8.86539E-06       2.36815E-02       1.92541E-04       1.96973E-04
       8.31764E-03       8.70964E-03       8.51364E-03       3.92000E-04       9.28318E-06       2.36816E-02       2.01616E-04       2.06257E-04
       8.70964E-03       9.12011E-03       8.91487E-03       4.10471E-04       9.72067E-06       2.36818E-02       2.11120E-04       2.15977E-04
       9.12011E-03       9.54993E-03       9.33502E-03       4.29819E-04       1.01788E-05       2.36816E-02       2.21069E-04       2.26156E-04
       9.54993E-03       1.00000E-02       9.77496E-03       4.50070E-04       1.06585E-05       2.36819E-02       2.31490E-04       2.36815E-04
       1.00000E-02       1.04713E-02       1.02357E-02       4.71300E-04       1.11610E-05       2.36812E-02       2.42393E-04       2.47975E-04
       1.04713E-02       1.09648E-02       1.07180E-02       4.93500E-04       1.16867E-05       2.36812E-02       2.53817E-04       2.59662E-04
       1.09648E-02       1.14815E-02       1.12232E-02       5.16700E-04       1.22377E-05       2.36844E-02       2.65814E-04       2.71900E-04
       1.14815E-02       1.20226E-02       1.17521E-02       5.41100E-04       1.28142E-05       2.36817E-02       2.78309E-04       2.84714E-04
       1.20226E-02       1.25892E-02       1.23059E-02       5.66601E-04       1.34184E-05       2.36822E-02       2.91431E-04       2.98132E-04
       1.25892E-02       1.31826E-02       1.28859E-02       5.93399E-04       1.40508E-05       2.36785E-02       3.05119E-04       3.12183E-04
       1.31826E-02       1.38038E-02       1.34932E-02       6.21200E-04       1.47127E-05       2.36843E-02       3.19577E-04       3.26896E-04
       1.38038E-02       1.44544E-02       1.41291E-02       6.50601E-04       1.54064E-05       2.36803E-02       3.34581E-04       3.42302E-04
       1.44544E-02       1.51356E-02       1.47950E-02       6.81199E-04       1.61322E-05       2.36821E-02       3.50377E-04       3.58435E-04
       1.51356E-02       1.58489E-02       1.54923E-02       7.13301E-04       1.68926E-05       2.36824E-02       3.66893E-04       3.75327E-04
       1.58489E-02       1.65959E-02       1.62224E-02       7.47000E-04       1.76889E-05       2.36799E-02       3.84144E-04       3.93016E-04
       1.65959E-02       1.73780E-02       1.69870E-02       7.82100E-04       1.85224E-05       2.36830E-02       4.02302E-04       4.11538E-04
       1.73780E-02       1.81970E-02       1.77875E-02       8.19000E-04       1.93954E-05       2.36818E-02       4.21240E-04       4.30934E-04
       1.81970E-02       1.90546E-02       1.86258E-02       8.57600E-04       2.03095E-05       2.36817E-02       4.41091E-04       4.51243E-04
       1.90546E-02       1.99526E-02       1.95036E-02       8.98000E-04       2.12664E-05       2.36820E-02       4.61883E-04       4.72510E-04
       1.99526E-02       2.08930E-02       2.04228E-02       9.40400E-04       2.22689E-05       2.36802E-02       4.83616E-04       4.94779E-04
       2.08930E-02       2.18776E-02       2.13853E-02       9.84600E-04       2.33185E-05       2.36832E-02       5.06472E-04       5.18097E-04
       2.18776E-02       2.29087E-02       2.23931E-02       1.03110E-03       2.44173E-05       2.36808E-02       5.30288E-04       5.42514E-04
       2.29087E-02       2.39883E-02       2.34485E-02       1.07960E-03       2.55679E-05       2.36828E-02       5.55325E-04       5.68082E-04
       2.39883E-02       2.51189E-02       2.45536E-02       1.13060E-03       2.67729E-05       2.36803E-02       5.81436E-04       5.94855E-04
       2.51189E-02       2.63027E-02       2.57108E-02       1.18380E-03       2.80349E-05       2.36821E-02       6.08886E-04       6.22890E-04
       2.63027E-02       2.75423E-02       2.69225E-02       1.23960E-03       2.93561E-05       2.36819E-02       6.37576E-04       6.52246E-04
       2.75423E-02       2.88403E-02       2.81913E-02       1.29800E-03       3.07396E-05       2.36823E-02       6.67634E-04       6.82986E-04
       2.88403E-02       3.01995E-02       2.95199E-02       1.35920E-03       3.21882E-05       2.36818E-02       6.99083E-04       7.15174E-04
       3.01995E-02       3.16228E-02       3.09112E-02       1.42330E-03       3.37053E-05       2.36811E-02       7.32009E-04       7.48879E-04
       3.16228E-02       3.31131E-02       3.23680E-02       1.49030E-03       3.52936E-05       2.36822E-02       7.66544E-04       7.84173E-04
       3.31131E-02       3.46737E-02       3.38934E-02       1.56060E-03       3.69572E-05       2.36815E-02       8.02645E-04       8.21130E-04
       3.46737E-02       3.63078E-02       3.54908E-02       1.63410E-03       3.86988E-05       2.36820E-02       8.40492E-04       8.59829E-04
       3.63078E-02       3.80189E-02       3.71633E-02       1.71110E-03       4.05225E-05       2.36821E-02       8.80108E-04       9.00351E-04
       3.80189E-02       3.98107E-02       3.89148E-02       1.79180E-03       4.24324E-05       2.36815E-02       9.21559E-04       9.42784E-04
       3.98107E-02       4.16869E-02       4.07488E-02       1.87620E-03       4.44321E-05       2.36819E-02       9.65011E-04       9.87216E-04
       4.16869E-02       4.36516E-02       4.26693E-02       1.96470E-03       4.65260E-05       2.36809E-02       1.01045E-03       1.03374E-03
       4.36516E-02       4.57088E-02       4.46802E-02       2.05720E-03       4.87190E-05       2.36822E-02       1.05813E-03       1.08246E-03
       4.57088E-02       4.78630E-02       4.67859E-02       2.15420E-03       5.10148E-05       2.36816E-02       1.10796E-03       1.13348E-03
       4.78630E-02       5.01187E-02       4.89908E-02       2.25570E-03       5.34191E-05       2.36818E-02       1.16019E-03       1.18689E-03
       5.01187E-02       5.24808E-02       5.12998E-02       2.36210E-03       5.59369E-05       2.36810E-02       1.21483E-03       1.24283E-03
       5.24808E-02       5.49541E-02       5.37174E-02       2.47330E-03       5.85730E-05       2.36821E-02       1.27214E-03       1.30140E-03
       5.49541E-02       5.75440E-02       5.62491E-02       2.58990E-03       6.13332E-05       2.36817E-02       1.33207E-03       1.36274E-03
       5.75440E-02       6.02560E-02       5.89000E-02       2.71200E-03       6.42241E-05       2.36815E-02       1.39484E-03       1.42696E-03
       6.02560E-02       6.30957E-02       6.16758E-02       2.83970E-03       1.80315E-04       6.34979E-02       3.91629E-03       1.60728E-03
       6.30957E-02       6.60693E-02       6.45825E-02       2.97360E-03       7.26519E-04       2.44323E-01       1.57790E-02       2.33380E-03
       6.60693E-02       6.91831E-02       6.76262E-02       3.11380E-03       7.86534E-04       2.52596E-01       1.70821E-02       3.12033E-03
       6.91831E-02       7.24436E-02       7.08134E-02       3.26050E-03       8.23601E-04       2.52600E-01       1.78874E-02       3.94393E-03
       7.24436E-02       7.58578E-02       7.41507E-02       3.41420E-03       8.62414E-04       2.52597E-01       1.87302E-02       4.80634E-03
       7.58578E-02       7.94328E-02       7.76453E-02       3.57500E-03       9.03058E-04       2.52604E-01       1.96135E-02       5.70940E-03
       7.94328E-02       8.31764E-02       8.13046E-02       3.74360E-03       9.45622E-04       2.52597E-01       2.05373E-02       6.65502E-03
       8.31764E-02       8.70964E-02       8.51364E-02       3.92000E-03       9.90185E-04       2.52598E-01       2.15053E-02       7.64521E-03
       8.70964E-02       9.12011E-02       8.91488E-02       4.10470E-03       1.03685E-03       2.52600E-01       2.25190E-02       8.68206E-03
       9.12011E-02       9.54993E-02       9.33502E-02       4.29820E-03       1.08572E-03       2.52599E-01       2.35801E-02       9.76778E-03
       9.54993E-02       1.00000E-01       9.77497E-02       4.50070E-03       1.13688E-03       2.52602E-01       2.46917E-02       1.09047E-02
       1.00000E-01       1.04713E-01       1.02357E-01       4.71300E-03       1.19048E-03       2.52594E-01       2.58547E-02       1.20951E-02
       1.04713E-01       1.09648E-01       1.07180E-01       4.93500E-03       1.24656E-03       2.52595E-01       2.70732E-02       1.33417E-02
       1.09648E-01       1.14815E-01       1.12231E-01       5.16700E-03       1.30533E-03       2.52628E-01       2.83529E-02       1.46470E-02
       1.14815E-01       1.20226E-01       1.17520E-01       5.41100E-03       1.36682E-03       2.52601E-01       2.96857E-02       1.60138E-02
       1.20226E-01       1.25892E-01       1.23059E-01       5.66600E-03       1.57238E-03       2.77512E-01       3.41504E-02       1.75862E-02
       1.25892E-01       1.31826E-01       1.28859E-01       5.93400E-03       2.43340E-03       4.10077E-01       5.28421E-02       2.00196E-02
       1.31826E-01       1.38038E-01       1.34932E-01       6.21200E-03       2.62286E-03       4.22225E-01       5.69717E-02       2.26425E-02
       1.38038E-01       1.44544E-01       1.41291E-01       6.50600E-03       2.74651E-03       4.22151E-01       5.96461E-02       2.53890E-02
       1.44544E-01       1.51356E-01       1.47950E-01       6.81200E-03       2.87591E-03       4.22183E-01       6.24620E-02       2.82649E-02
       1.51356E-01       1.58489E-01       1.54923E-01       7.13300E-03       3.01147E-03       4.22189E-01       6.54065E-02       3.12764E-02
       1.58489E-01       1.65959E-01       1.62224E-01       7.47000E-03       3.15341E-03       4.22143E-01       6.84818E-02       3.44298E-02
       1.65959E-01       1.73780E-01       1.69869E-01       7.82100E-03       3.30201E-03       4.22198E-01       7.17186E-02       3.77318E-02
       1.73780E-01       1.81970E-01       1.77875E-01       8.19000E-03       3.45763E-03       4.22177E-01       7.50946E-02       4.11894E-02
       1.81970E-01       1.90546E-01       1.86258E-01       8.57600E-03       5.02410E-03       5.85833E-01       1.09116E-01       4.62135E-02
       1.90546E-01       1.99526E-01       1.95036E-01       8.98000E-03       9.27868E-03       1.03326E+00       2.01523E-01       5.54922E-02
       1.99526E-01       2.08930E-01       2.04228E-01       9.40400E-03       9.81688E-03       1.04390E+00       2.13195E-01       6.53091E-02
       2.08930E-01       2.18776E-01       2.13853E-01       9.84600E-03       1.02796E-02       1.04403E+00       2.23270E-01       7.55887E-02
       2.18776E-01       2.29087E-01       2.23931E-01       1.03110E-02       1.07640E-02       1.04393E+00       2.33769E-01       8.63526E-02
       2.29087E-01       2.39883E-01       2.34485E-01       1.07960E-02       1.12712E-02       1.04402E+00       2.44807E-01       9.76239E-02
       2.39883E-01       2.51189E-01       2.45536E-01       1.13060E-02       1.24363E-02       1.09998E+00       2.70084E-01       1.10060E-01
       2.51189E-01       2.63027E-01       2.57108E-01       1.18380E-02       1.75735E-02       1.48450E+00       3.81678E-01       1.27634E-01
       2.63027E-01       2.75423E-01       2.69225E-01       1.23960E-02       1.91050E-02       1.54122E+00       4.14935E-01       1.46739E-01
       2.75423E-01       2.88403E-01       2.81913E-01       1.29800E-02       2.00054E-02       1.54125E+00       4.34498E-01       1.66744E-01
       2.88403E-01       3.01995E-01       2.95199E-01       1.35920E-02       2.09481E-02       1.54121E+00       4.54963E-01       1.87692E-01
       3.01995E-01       3.16228E-01       3.09112E-01       1.42330E-02       2.21626E-02       1.55713E+00       4.81326E-01       2.09855E-01
       3.16228E-01       3.31131E-01       3.23680E-01       1.49030E-02       2.42043E-02       1.62412E+00       5.25695E-01       2.34059E-01
       3.31131E-01       3.46737E-01       3.38934E-01       1.56060E-02       2.53914E-02       1.62703E+00       5.51455E-01       2.59450E-01
       3.46737E-01       3.63078E-01       3.54908E-01       1.63410E-02       2.65878E-02       1.62706E+00       5.77457E-01       2.86038E-01
       3.63078E-01       3.80189E-01       3.71633E-01       1.71110E-02       2.81206E-02       1.64342E+00       6.10751E-01       3.14159E-01
       3.80189E-01       3.98107E-01       3.89148E-01       1.79180E-02       3.04528E-02       1.69957E+00       6.61383E-01       3.44612E-01
       3.98107E-01       4.16869E-01       4.07488E-01       1.87620E-02       3.19256E-02       1.70161E+00       6.93385E-01       3.76537E-01
       4.16869E-01       4.36516E-01       4.26692E-01       1.96470E-02       3.34402E-02       1.70205E+00       7.26252E-01       4.09977E-01
       4.36516E-01       4.57088E-01       4.46802E-01       2.05720E-02       3.51362E-02       1.70796E+00       7.63122E-01       4.45114E-01
       4.57088E-01       4.78630E-01       4.67859E-01       2.15420E-02       3.68319E-02       1.70977E+00       7.99933E-01       4.81946E-01
       4.78630E-01       5.01187E-01       4.89909E-01       2.25570E-02       3.83956E-02       1.70216E+00       8.33903E-01       5.20341E-01
       5.01187E-01       5.24808E-01       5.12998E-01       2.36210E-02       3.88178E-02       1.64336E+00       8.43039E-01       5.59159E-01
       5.24808E-01       5.49541E-01       5.37174E-01       2.47330E-02       4.03588E-02       1.63178E+00       8.76550E-01       5.99518E-01
       5.49541E-01       5.75440E-01       5.62490E-01       2.58990E-02       4.10502E-02       1.58501E+00       8.91553E-01       6.40568E-01
       5.75440E-01       6.02560E-01       5.89000E-01       2.71200E-02       4.10036E-02       1.51193E+00       8.90527E-01       6.81572E-01
       6.02560E-01       6.30957E-01       6.16758E-01       2.83970E-02       4.14026E-02       1.45799E+00       8.99228E-01       7.22974E-01
       6.30957E-01       6.60693E-01       6.45825E-01       2.97360E-02       3.43188E-02       1.15412E+00       7.45358E-01       7.57293E-01
       6.60693E-01       6.91831E-01       6.76262E-01       3.11380E-02       3.35038E-02       1.07598E+00       7.27642E-01       7.90797E-01
       6.91831E-01       7.24436E-01       7.08133E-01       3.26050E-02       2.21816E-02       6.80312E-01       4.81752E-01       8.12978E-01
       7.24436E-01       7.58578E-01       7.41507E-01       3.41420E-02       1.99904E-02       5.85508E-01       4.34159E-01       8.32969E-01
       7.58578E-01       7.94328E-01       7.76453E-01       3.57500E-02       1.31975E-02       3.69160E-01       2.86636E-01       8.46166E-01
       7.94328E-01       8.31764E-01       8.13046E-01       3.74360E-02       1.32306E-02       3.53419E-01       2.87346E-01       8.59397E-01
       8.31764E-01       8.70964E-01       8.51364E-01       3.92000E-02       1.35180E-02       3.44846E-01       2.93589E-01       8.72915E-01
       8.70964E-01       9.12011E-01       8.91487E-01       4.10470E-02       1.41916E-02       3.45739E-01       3.08222E-01       8.87106E-01
       9.12011E-01       9.54993E-01       9.33502E-01       4.29820E-02       1.48602E-02       3.45730E-01       3.22740E-01       9.01967E-01
       9.54993E-01       1.00000E+00       9.77497E-01       4.50070E-02       1.55277E-02       3.45006E-01       3.37242E-01       9.17494E-01
       1.00000E+00       1.04713E+00       1.02357E+00       4.71300E-02       1.62119E-02       3.43982E-01       3.52088E-01       9.33706E-01
       1.04713E+00       1.09648E+00       1.07181E+00       4.93500E-02       1.68307E-02       3.41047E-01       3.65536E-01       9.50537E-01
       1.09648E+00       1.14815E+00       1.12231E+00       5.16700E-02       1.72979E-02       3.34776E-01       3.75724E-01       9.67835E-01
       1.14815E+00       1.20226E+00       1.17520E+00       5.41100E-02       1.71986E-02       3.17846E-01       3.73534E-01       9.85033E-01
       1.20226E+00       1.25892E+00       1.23059E+00       5.66600E-02       1.38177E-02       2.43871E-01       3.00105E-01       9.98851E-01
       1.25892E+00       1.31826E+00       1.28859E+00       5.93400E-02       1.14894E-03       1.93620E-02       2.49497E-02       1.00000E+00

 Sum =                                                                         1.00000E+00
 Renormalization bin#   942 =                                                  8.21263E-03 barn        1.32000E+07        1.34000E+07        1.33000E+07
 Avg. Energy     bin#   942 =                                                  5.32473E-01 MeV         1.32000E+07        1.34000E+07
