"        MT=103 recoil spectrum "
" Initial neutron energy corresponds to the group:"
   5.80000E+00    6.00000E+00       0.00000E+00           782           849            68



          Low               High              Mid              Energy           Number             dn/de            E*dn/de          Cumulative
         Energy            Energy            Energy             Width          Fraction                               Sum   
         [MeV]             [MeV]             [MeV]              [MeV]

       2.08930E-02       2.18776E-02       2.13853E-02       9.84600E-04       0.00000E+00       0.00000E+00       0.00000E+00       0.00000E+00
       2.18776E-02       2.29087E-02       2.23931E-02       1.03110E-03       1.94618E-05       1.88748E-02       4.22666E-04       1.94618E-05
       2.29087E-02       2.39883E-02       2.34485E-02       1.07960E-03       3.20928E-04       2.97265E-01       6.97043E-03       3.40390E-04
       2.39883E-02       2.51189E-02       2.45536E-02       1.13060E-03       5.78541E-04       5.11711E-01       1.25644E-02       9.18931E-04
       2.51189E-02       2.63027E-02       2.57108E-02       1.18380E-03       6.05812E-04       5.11753E-01       1.31576E-02       1.52474E-03
       2.63027E-02       2.75423E-02       2.69225E-02       1.23960E-03       6.34363E-04       5.11747E-01       1.37775E-02       2.15911E-03
       2.75423E-02       2.88403E-02       2.81913E-02       1.29800E-03       6.64257E-04       5.11755E-01       1.44270E-02       2.82336E-03
       2.88403E-02       3.01995E-02       2.95199E-02       1.35920E-03       6.95561E-04       5.11744E-01       1.51066E-02       3.51892E-03
       3.01995E-02       3.16228E-02       3.09112E-02       1.42330E-03       7.28345E-04       5.11729E-01       1.58181E-02       4.24727E-03
       3.16228E-02       3.31131E-02       3.23680E-02       1.49030E-03       7.62666E-04       5.11753E-01       1.65644E-02       5.00994E-03
       3.31131E-02       3.46737E-02       3.38934E-02       1.56060E-03       7.98616E-04       5.11737E-01       1.73445E-02       5.80855E-03
       3.46737E-02       3.63078E-02       3.54908E-02       1.63410E-03       8.36250E-04       5.11749E-01       1.81624E-02       6.64480E-03
       3.63078E-02       3.80189E-02       3.71633E-02       1.71110E-03       8.75659E-04       5.11753E-01       1.90184E-02       7.52046E-03
       3.80189E-02       3.98107E-02       3.89148E-02       1.79180E-03       9.16931E-04       5.11737E-01       1.99141E-02       8.43739E-03
       3.98107E-02       4.16869E-02       4.07488E-02       1.87620E-03       9.60143E-04       5.11749E-01       2.08532E-02       9.39753E-03
       4.16869E-02       4.36516E-02       4.26693E-02       1.96470E-03       1.00539E-03       5.11727E-01       2.18350E-02       1.04029E-02
       4.36516E-02       4.57088E-02       4.46802E-02       2.05720E-03       1.16596E-03       5.66771E-01       2.53234E-02       1.15689E-02
       4.57088E-02       4.78630E-02       4.67859E-02       2.15420E-03       3.07028E-03       1.42525E+00       6.66818E-02       1.46392E-02
       4.78630E-02       5.01187E-02       4.89908E-02       2.25570E-03       4.69140E-03       2.07980E+00       1.01891E-01       1.93306E-02
       5.01187E-02       5.24808E-02       5.12998E-02       2.36210E-03       4.91252E-03       2.07972E+00       1.06689E-01       2.42431E-02
       5.24808E-02       5.49541E-02       5.37174E-02       2.47330E-03       5.14403E-03       2.07982E+00       1.11723E-01       2.93871E-02
       5.49541E-02       5.75440E-02       5.62491E-02       2.58990E-03       5.38645E-03       2.07979E+00       1.16986E-01       3.47736E-02
       5.75440E-02       6.02560E-02       5.89000E-02       2.71200E-03       5.64031E-03       2.07976E+00       1.22498E-01       4.04139E-02
       6.02560E-02       6.30957E-02       6.16758E-02       2.83970E-03       5.90612E-03       2.07984E+00       1.28276E-01       4.63200E-02
       6.30957E-02       6.60693E-02       6.45825E-02       2.97360E-03       6.18448E-03       2.07980E+00       1.34319E-01       5.25045E-02
       6.60693E-02       6.91831E-02       6.76262E-02       3.11380E-03       6.58390E-03       2.11442E+00       1.42990E-01       5.90884E-02
       6.91831E-02       7.24436E-02       7.08134E-02       3.26050E-03       7.45502E-03       2.28646E+00       1.61912E-01       6.65434E-02
       7.24436E-02       7.58578E-02       7.41507E-02       3.41420E-03       7.95663E-03       2.33045E+00       1.72805E-01       7.45000E-02
       7.58578E-02       7.94328E-02       7.76453E-02       3.57500E-03       8.33160E-03       2.33052E+00       1.80954E-01       8.28316E-02
       7.94328E-02       8.31764E-02       8.13046E-02       3.74360E-03       8.72428E-03       2.33045E+00       1.89476E-01       9.15559E-02
       8.31764E-02       8.70964E-02       8.51364E-02       3.92000E-03       9.13544E-03       2.33047E+00       1.98408E-01       1.00691E-01
       8.70964E-02       9.12011E-02       8.91488E-02       4.10470E-03       9.57034E-03       2.33155E+00       2.07855E-01       1.10262E-01
       9.12011E-02       9.54993E-02       9.33502E-02       4.29820E-03       1.01132E-02       2.35288E+00       2.19642E-01       1.20375E-01
       9.54993E-02       1.00000E-01       9.77497E-02       4.50070E-03       1.06695E-02       2.37062E+00       2.31727E-01       1.31044E-01
       1.00000E-01       1.04713E-01       1.02357E-01       4.71300E-03       1.11725E-02       2.37058E+00       2.42644E-01       1.42217E-01
       1.04713E-01       1.09648E-01       1.07180E-01       4.93500E-03       1.16988E-02       2.37058E+00       2.54080E-01       1.53916E-01
       1.09648E-01       1.14815E-01       1.12231E-01       5.16700E-03       1.22571E-02       2.37218E+00       2.66234E-01       1.66173E-01
       1.14815E-01       1.20226E-01       1.17520E-01       5.41100E-03       1.29001E-02       2.38404E+00       2.80174E-01       1.79073E-01
       1.20226E-01       1.25892E-01       1.23059E-01       5.66600E-03       1.35449E-02       2.39056E+00       2.94181E-01       1.92618E-01
       1.25892E-01       1.31826E-01       1.28859E-01       5.93400E-03       1.41835E-02       2.39020E+00       3.07999E-01       2.06801E-01
       1.31826E-01       1.38038E-01       1.34932E-01       6.21200E-03       1.48595E-02       2.39207E+00       3.22766E-01       2.21661E-01
       1.38038E-01       1.44544E-01       1.41291E-01       6.50600E-03       1.56314E-02       2.40261E+00       3.39467E-01       2.37292E-01
       1.44544E-01       1.51356E-01       1.47950E-01       6.81200E-03       1.64056E-02       2.40834E+00       3.56315E-01       2.53698E-01
       1.51356E-01       1.58489E-01       1.54923E-01       7.13300E-03       1.71794E-02       2.40844E+00       3.73122E-01       2.70877E-01
       1.58489E-01       1.65959E-01       1.62224E-01       7.47000E-03       1.80265E-02       2.41319E+00       3.91478E-01       2.88904E-01
       1.65959E-01       1.73780E-01       1.69869E-01       7.82100E-03       1.89241E-02       2.41966E+00       4.11026E-01       3.07828E-01
       1.73780E-01       1.81970E-01       1.77875E-01       8.19000E-03       1.98187E-02       2.41987E+00       4.30434E-01       3.27647E-01
       1.81970E-01       1.90546E-01       1.86258E-01       8.57600E-03       2.07910E-02       2.42432E+00       4.51549E-01       3.48438E-01
       1.90546E-01       1.99526E-01       1.95036E-01       8.98000E-03       2.18117E-02       2.42892E+00       4.73727E-01       3.70249E-01
       1.99526E-01       2.08930E-01       2.04228E-01       9.40400E-03       2.28494E-02       2.42975E+00       4.96223E-01       3.93099E-01
       2.08930E-01       2.18776E-01       2.13853E-01       9.84600E-03       2.39690E-02       2.43439E+00       5.20602E-01       4.17068E-01
       2.18776E-01       2.29087E-01       2.23931E-01       1.03110E-02       2.51128E-02       2.43553E+00       5.45393E-01       4.42180E-01
       2.29087E-01       2.39883E-01       2.34485E-01       1.07960E-02       2.63203E-02       2.43797E+00       5.71666E-01       4.68501E-01
       2.39883E-01       2.51189E-01       2.45536E-01       1.13060E-02       2.75772E-02       2.43917E+00       5.98903E-01       4.96078E-01
       2.51189E-01       2.63027E-01       2.57108E-01       1.18380E-02       2.88838E-02       2.43992E+00       6.27324E-01       5.24962E-01
       2.63027E-01       2.75423E-01       2.69225E-01       1.23960E-02       3.02491E-02       2.44023E+00       6.56971E-01       5.55211E-01
       2.75423E-01       2.88403E-01       2.81913E-01       1.29800E-02       3.16630E-02       2.43937E+00       6.87691E-01       5.86874E-01
       2.88403E-01       3.01995E-01       2.95199E-01       1.35920E-02       3.31387E-02       2.43810E+00       7.19726E-01       6.20013E-01
       3.01995E-01       3.16228E-01       3.09112E-01       1.42330E-02       3.46584E-02       2.43507E+00       7.52709E-01       6.54671E-01
       3.16228E-01       3.31131E-01       3.23680E-01       1.49030E-02       3.62363E-02       2.43148E+00       7.87020E-01       6.90907E-01
       3.31131E-01       3.46737E-01       3.38934E-01       1.56060E-02       3.78553E-02       2.42569E+00       8.22149E-01       7.28763E-01
       3.46737E-01       3.63078E-01       3.54908E-01       1.63410E-02       3.95002E-02       2.41725E+00       8.57899E-01       7.68263E-01
       3.63078E-01       3.80189E-01       3.71633E-01       1.71110E-02       4.10756E-02       2.40054E+00       8.92120E-01       8.09338E-01
       3.80189E-01       3.98107E-01       3.89148E-01       1.79180E-02       4.25838E-02       2.37659E+00       9.24846E-01       8.51922E-01
       3.98107E-01       4.16869E-01       4.07488E-01       1.87620E-02       4.41276E-02       2.35197E+00       9.58398E-01       8.96050E-01
       4.16869E-01       4.36516E-01       4.26692E-01       1.96470E-02       4.51365E-02       2.29737E+00       9.80271E-01       9.41186E-01
       4.36516E-01       4.57088E-01       4.46802E-01       2.05720E-02       4.12121E-02       2.00331E+00       8.95082E-01       9.82398E-01
       4.57088E-01       4.78630E-01       4.67859E-01       2.15420E-02       1.76018E-02       8.17092E-01       3.82284E-01       1.00000E+00

 Sum =                                                                         1.00000E+00
 Renormalization bin#   905 =                                                  4.97476E-02 barn        5.80000E+06        6.00000E+06        5.90000E+06
 Avg. Energy     bin#   905 =                                                  2.52770E-01 MeV         5.80000E+06        6.00000E+06
