"        MT= 55 recoil spectrum "
" Initial neutron energy corresponds to the group:"
   1.73780E+00    1.81970E+00       0.00000E+00           772           794            23
 Debug druck set-a:   772      0.00000E+00        6.21200E-04        0.00000E+00
 Debug druck set-a:   773      7.21994E-02        6.50601E-04        4.69730E-05
 Debug druck set-a:   774      3.41392E-01        6.81199E-04        2.32556E-04
 Debug druck set-a:   775      6.81944E-01        7.13301E-04        4.86431E-04
 Debug druck set-a:   776      9.17930E-01        7.47000E-04        6.85694E-04
 Debug druck set-a:   777      1.16862E+00        7.82100E-04        9.13974E-04
 Debug druck set-a:   778      1.28060E+00        8.19000E-04        1.04881E-03
 Debug druck set-a:   779      1.37744E+00        8.57600E-04        1.18129E-03
 Debug druck set-a:   780      1.41198E+00        8.98000E-04        1.26796E-03
 Debug druck set-a:   781      1.41626E+00        9.40400E-04        1.33185E-03
 Debug druck set-a:   782      1.42012E+00        9.84600E-04        1.39825E-03
 Debug druck set-a:   783      1.42281E+00        1.03110E-03        1.46706E-03
 Debug druck set-a:   784      1.42473E+00        1.07960E-03        1.53814E-03
 Debug druck set-a:   785      1.42518E+00        1.13060E-03        1.61131E-03
 Debug druck set-a:   786      1.42452E+00        1.18380E-03        1.68634E-03
 Debug druck set-a:   787      1.42215E+00        1.23960E-03        1.76290E-03
 Debug druck set-a:   788      1.38169E+00        1.29800E-03        1.79343E-03
 Debug druck set-a:   789      1.26837E+00        1.35920E-03        1.72397E-03
 Debug druck set-a:   790      1.17393E+00        1.42330E-03        1.67085E-03
 Debug druck set-a:   791      8.94377E-01        1.49030E-03        1.33289E-03
 Debug druck set-a:   792      6.45272E-01        1.56060E-03        1.00701E-03
 Debug druck set-a:   793      2.97584E-01        1.63410E-03        4.86282E-04
 Debug druck set-a:   794      4.39515E-02        1.71110E-03        7.52053E-05



          Low               High              Mid              Energy           Number             dn/de            E*dn/de          Cumulative
         Energy            Energy            Energy             Width          Fraction                               Sum   
         [MeV]             [MeV]             [MeV]              [MeV]

       1.31826E-02       1.38038E-02       1.34932E-02       6.21200E-04       0.00000E+00       0.00000E+00       0.00000E+00       0.00000E+00
       1.38038E-02       1.44544E-02       1.41291E-02       6.50601E-04       1.89796E-03       2.91725E+00       4.12181E-02       1.89796E-03
       1.44544E-02       1.51356E-02       1.47950E-02       6.81199E-04       9.39651E-03       1.37941E+01       2.04083E-01       1.12945E-02
       1.51356E-02       1.58489E-02       1.54923E-02       7.13301E-04       1.96544E-02       2.75542E+01       4.26877E-01       3.09489E-02
       1.58489E-02       1.65959E-02       1.62224E-02       7.47000E-04       2.77057E-02       3.70893E+01       6.01678E-01       5.86546E-02
       1.65959E-02       1.73780E-02       1.69870E-02       7.82100E-04       3.69295E-02       4.72184E+01       8.02096E-01       9.55841E-02
       1.73780E-02       1.81970E-02       1.77875E-02       8.19000E-04       4.23776E-02       5.17431E+01       9.20380E-01       1.37962E-01
       1.81970E-02       1.90546E-02       1.86258E-02       8.57600E-04       4.77305E-02       5.56559E+01       1.03664E+00       1.85692E-01
       1.90546E-02       1.99526E-02       1.95036E-02       8.98000E-04       5.12324E-02       5.70517E+01       1.11271E+00       2.36925E-01
       1.99526E-02       2.08930E-02       2.04228E-02       9.40400E-04       5.38139E-02       5.72245E+01       1.16868E+00       2.90738E-01
       2.08930E-02       2.18776E-02       2.13853E-02       9.84600E-04       5.64968E-02       5.73805E+01       1.22710E+00       3.47235E-01
       2.18776E-02       2.29087E-02       2.23931E-02       1.03110E-03       5.92771E-02       5.74892E+01       1.28736E+00       4.06512E-01
       2.29087E-02       2.39883E-02       2.34485E-02       1.07960E-03       6.21491E-02       5.75667E+01       1.34985E+00       4.68662E-01
       2.39883E-02       2.51189E-02       2.45536E-02       1.13060E-03       6.51056E-02       5.75850E+01       1.41392E+00       5.33767E-01
       2.51189E-02       2.63027E-02       2.57108E-02       1.18380E-03       6.81372E-02       5.75581E+01       1.47986E+00       6.01904E-01
       2.63027E-02       2.75423E-02       2.69225E-02       1.23960E-03       7.12307E-02       5.74625E+01       1.54704E+00       6.73135E-01
       2.75423E-02       2.88403E-02       2.81913E-02       1.29800E-03       7.24642E-02       5.58276E+01       1.57385E+00       7.45599E-01
       2.88403E-02       3.01995E-02       2.95199E-02       1.35920E-03       6.96577E-02       5.12491E+01       1.51287E+00       8.15257E-01
       3.01995E-02       3.16228E-02       3.09112E-02       1.42330E-03       6.75113E-02       4.74329E+01       1.46621E+00       8.82768E-01
       3.16228E-02       3.31131E-02       3.23680E-02       1.49030E-03       5.38559E-02       3.61376E+01       1.16970E+00       9.36624E-01
       3.31131E-02       3.46737E-02       3.38934E-02       1.56060E-03       4.06886E-02       2.60725E+01       8.83684E-01       9.77313E-01
       3.46737E-02       3.63078E-02       3.54908E-02       1.63410E-03       1.96484E-02       1.20240E+01       4.26740E-01       9.96961E-01
       3.63078E-02       3.80189E-02       3.71633E-02       1.71110E-03       3.03870E-03       1.77588E+00       6.59975E-02       1.00000E+00

 Sum =                                                                         1.00000E+00
 Renormalization bin#   878 =                                                  2.47492E-02 barn        1.73780E+06        1.81970E+06        1.77875E+06
 Avg. Energy     bin#   878 =                                                  2.46678E-02 MeV         1.73780E+06        1.81970E+06
