"        MT= 60 recoil spectrum "
" Initial neutron energy corresponds to the group:"
   2.29087E+00    2.39883E+00       0.00000E+00           776           801            26
 Debug druck set-a:   776      0.00000E+00        7.47000E-04        0.00000E+00
 Debug druck set-a:   777      4.76721E-02        7.82100E-04        3.72843E-05
 Debug druck set-a:   778      3.22575E-01        8.19000E-04        2.64189E-04
 Debug druck set-a:   779      6.40646E-01        8.57600E-04        5.49418E-04
 Debug druck set-a:   780      9.10827E-01        8.98000E-04        8.17923E-04
 Debug druck set-a:   781      1.09497E+00        9.40400E-04        1.02971E-03
 Debug druck set-a:   782      1.23854E+00        9.84600E-04        1.21947E-03
 Debug druck set-a:   783      1.24805E+00        1.03110E-03        1.28686E-03
 Debug druck set-a:   784      1.24643E+00        1.07960E-03        1.34565E-03
 Debug druck set-a:   785      1.24456E+00        1.13060E-03        1.40710E-03
 Debug druck set-a:   786      1.24296E+00        1.18380E-03        1.47141E-03
 Debug druck set-a:   787      1.24134E+00        1.23960E-03        1.53877E-03
 Debug druck set-a:   788      1.23995E+00        1.29800E-03        1.60945E-03
 Debug druck set-a:   789      1.23875E+00        1.35920E-03        1.68371E-03
 Debug druck set-a:   790      1.23787E+00        1.42330E-03        1.76186E-03
 Debug druck set-a:   791      1.23750E+00        1.49030E-03        1.84424E-03
 Debug druck set-a:   792      1.23750E+00        1.56060E-03        1.93124E-03
 Debug druck set-a:   793      1.23812E+00        1.63410E-03        2.02322E-03
 Debug druck set-a:   794      1.23932E+00        1.71110E-03        2.12060E-03
 Debug druck set-a:   795      1.24108E+00        1.79180E-03        2.22376E-03
 Debug druck set-a:   796      1.23626E+00        1.87620E-03        2.31947E-03
 Debug druck set-a:   797      1.10516E+00        1.96470E-03        2.17132E-03
 Debug druck set-a:   798      9.42092E-01        2.05720E-03        1.93807E-03
 Debug druck set-a:   799      6.68095E-01        2.15420E-03        1.43921E-03
 Debug druck set-a:   800      3.51280E-01        2.25570E-03        7.92381E-04
 Debug druck set-a:   801      6.20757E-02        2.36210E-03        1.46629E-04



          Low               High              Mid              Energy           Number             dn/de            E*dn/de          Cumulative
         Energy            Energy            Energy             Width          Fraction                               Sum   
         [MeV]             [MeV]             [MeV]              [MeV]

       1.58489E-02       1.65959E-02       1.62224E-02       7.47000E-04       0.00000E+00       0.00000E+00       0.00000E+00       0.00000E+00
       1.65959E-02       1.73780E-02       1.69870E-02       7.82100E-04       1.06609E-03       1.36311E+00       2.31551E-02       1.06609E-03
       1.73780E-02       1.81970E-02       1.77875E-02       8.19000E-04       7.55410E-03       9.22356E+00       1.64064E-01       8.62019E-03
       1.81970E-02       1.90546E-02       1.86258E-02       8.57600E-04       1.57098E-02       1.83183E+01       3.41194E-01       2.43300E-02
       1.90546E-02       1.99526E-02       1.95036E-02       8.98000E-04       2.33873E-02       2.60438E+01       5.07947E-01       4.77173E-02
       1.99526E-02       2.08930E-02       2.04228E-02       9.40400E-04       2.94430E-02       3.13091E+01       6.39419E-01       7.71603E-02
       2.08930E-02       2.18776E-02       2.13853E-02       9.84600E-04       3.48690E-02       3.54144E+01       7.57347E-01       1.12029E-01
       2.18776E-02       2.29087E-02       2.23931E-02       1.03110E-03       3.67959E-02       3.56861E+01       7.99123E-01       1.48825E-01
       2.29087E-02       2.39883E-02       2.34485E-02       1.07960E-03       3.84769E-02       3.56399E+01       8.35702E-01       1.87302E-01
       2.39883E-02       2.51189E-02       2.45536E-02       1.13060E-03       4.02340E-02       3.55864E+01       8.73774E-01       2.27536E-01
       2.51189E-02       2.63027E-02       2.57108E-02       1.18380E-03       4.20728E-02       3.55405E+01       9.13775E-01       2.69609E-01
       2.63027E-02       2.75423E-02       2.69225E-02       1.23960E-03       4.39989E-02       3.54944E+01       9.55597E-01       3.13608E-01
       2.75423E-02       2.88403E-02       2.81913E-02       1.29800E-03       4.60199E-02       3.54544E+01       9.99507E-01       3.59628E-01
       2.88403E-02       3.01995E-02       2.95199E-02       1.35920E-03       4.81432E-02       3.54203E+01       1.04560E+00       4.07771E-01
       3.01995E-02       3.16228E-02       3.09112E-02       1.42330E-03       5.03778E-02       3.53951E+01       1.09410E+00       4.58149E-01
       3.16228E-02       3.31131E-02       3.23680E-02       1.49030E-03       5.27333E-02       3.53844E+01       1.14532E+00       5.10882E-01
       3.31131E-02       3.46737E-02       3.38934E-02       1.56060E-03       5.52210E-02       3.53845E+01       1.19930E+00       5.66103E-01
       3.46737E-02       3.63078E-02       3.54908E-02       1.63410E-03       5.78510E-02       3.54023E+01       1.25646E+00       6.23954E-01
       3.63078E-02       3.80189E-02       3.71633E-02       1.71110E-03       6.06354E-02       3.54366E+01       1.31694E+00       6.84589E-01
       3.80189E-02       3.98107E-02       3.89148E-02       1.79180E-03       6.35852E-02       3.54867E+01       1.38096E+00       7.48174E-01
       3.98107E-02       4.16869E-02       4.07488E-02       1.87620E-03       6.63218E-02       3.53490E+01       1.44043E+00       8.14496E-01
       4.16869E-02       4.36516E-02       4.26693E-02       1.96470E-03       6.20857E-02       3.16006E+01       1.34837E+00       8.76582E-01
       4.36516E-02       4.57088E-02       4.46802E-02       2.05720E-03       5.54163E-02       2.69377E+01       1.20358E+00       9.31998E-01
       4.57088E-02       4.78630E-02       4.67859E-02       2.15420E-03       4.11521E-02       1.91032E+01       8.93760E-01       9.73150E-01
       4.78630E-02       5.01187E-02       4.89908E-02       2.25570E-03       2.26570E-02       1.00443E+01       4.92080E-01       9.95807E-01
       5.01187E-02       5.24808E-02       5.12998E-02       2.36210E-03       4.19264E-03       1.77496E+00       9.10551E-02       1.00000E+00

 Sum =                                                                         1.00000E+00
 Renormalization bin#   884 =                                                  3.49729E-02 barn        2.29087E+06        2.39883E+06        2.34485E+06
 Avg. Energy     bin#   884 =                                                  3.29420E-02 MeV         2.29087E+06        2.39883E+06
