"        MT= 67 recoil spectrum "
" Initial neutron energy corresponds to the group:"
   2.63027E+00    2.75423E+00       0.00000E+00           781           803            23
 Debug druck set-a:   781      0.00000E+00        9.40400E-04        0.00000E+00
 Debug druck set-a:   782      6.77637E-03        9.84600E-04        6.67201E-06
 Debug druck set-a:   783      5.51359E-02        1.03110E-03        5.68506E-05
 Debug druck set-a:   784      1.02186E-01        1.07960E-03        1.10320E-04
 Debug druck set-a:   785      1.62066E-01        1.13060E-03        1.83232E-04
 Debug druck set-a:   786      1.89132E-01        1.18380E-03        2.23894E-04
 Debug druck set-a:   787      2.19616E-01        1.23960E-03        2.72236E-04
 Debug druck set-a:   788      2.32797E-01        1.29800E-03        3.02171E-04
 Debug druck set-a:   789      2.44855E-01        1.35920E-03        3.32807E-04
 Debug druck set-a:   790      2.46351E-01        1.42330E-03        3.50631E-04
 Debug druck set-a:   791      2.47606E-01        1.49030E-03        3.69008E-04
 Debug druck set-a:   792      2.48543E-01        1.56060E-03        3.87875E-04
 Debug druck set-a:   793      2.49145E-01        1.63410E-03        4.07128E-04
 Debug druck set-a:   794      2.49341E-01        1.71110E-03        4.26646E-04
 Debug druck set-a:   795      2.49064E-01        1.79180E-03        4.46274E-04
 Debug druck set-a:   796      2.48271E-01        1.87620E-03        4.65805E-04
 Debug druck set-a:   797      2.34924E-01        1.96470E-03        4.61556E-04
 Debug druck set-a:   798      2.23279E-01        2.05720E-03        4.59329E-04
 Debug druck set-a:   799      1.89128E-01        2.15420E-03        4.07419E-04
 Debug druck set-a:   800      1.61561E-01        2.25570E-03        3.64434E-04
 Debug druck set-a:   801      9.95067E-02        2.36210E-03        2.35045E-04
 Debug druck set-a:   802      5.12048E-02        2.47330E-03        1.26645E-04
 Debug druck set-a:   803      4.89911E-03        2.58990E-03        1.26882E-05



          Low               High              Mid              Energy           Number             dn/de            E*dn/de          Cumulative
         Energy            Energy            Energy             Width          Fraction                               Sum   
         [MeV]             [MeV]             [MeV]              [MeV]

       1.99526E-02       2.08930E-02       2.04228E-02       9.40400E-04       0.00000E+00       0.00000E+00       0.00000E+00       0.00000E+00
       2.08930E-02       2.18776E-02       2.13853E-02       9.84600E-04       1.04109E-03       1.05738E+00       2.26123E-02       1.04109E-03
       2.18776E-02       2.29087E-02       2.23931E-02       1.03110E-03       8.87090E-03       8.60333E+00       1.92656E-01       9.91199E-03
       2.29087E-02       2.39883E-02       2.34485E-02       1.07960E-03       1.72142E-02       1.59449E+01       3.73885E-01       2.71262E-02
       2.39883E-02       2.51189E-02       2.45536E-02       1.13060E-03       2.85913E-02       2.52886E+01       6.20926E-01       5.57175E-02
       2.51189E-02       2.63027E-02       2.57108E-02       1.18380E-03       3.49361E-02       2.95119E+01       7.58774E-01       9.06536E-02
       2.63027E-02       2.75423E-02       2.69225E-02       1.23960E-03       4.24794E-02       3.42686E+01       9.22595E-01       1.33133E-01
       2.75423E-02       2.88403E-02       2.81913E-02       1.29800E-03       4.71504E-02       3.63254E+01       1.02406E+00       1.80283E-01
       2.88403E-02       3.01995E-02       2.95199E-02       1.35920E-03       5.19308E-02       3.82069E+01       1.12786E+00       2.32214E-01
       3.01995E-02       3.16228E-02       3.09112E-02       1.42330E-03       5.47120E-02       3.84402E+01       1.18823E+00       2.86926E-01
       3.16228E-02       3.31131E-02       3.23680E-02       1.49030E-03       5.75795E-02       3.86362E+01       1.25057E+00       3.44506E-01
       3.31131E-02       3.46737E-02       3.38934E-02       1.56060E-03       6.05235E-02       3.87823E+01       1.31446E+00       4.05029E-01
       3.46737E-02       3.63078E-02       3.54908E-02       1.63410E-03       6.35277E-02       3.88762E+01       1.37975E+00       4.68557E-01
       3.63078E-02       3.80189E-02       3.71633E-02       1.71110E-03       6.65733E-02       3.89068E+01       1.44591E+00       5.35130E-01
       3.80189E-02       3.98107E-02       3.89148E-02       1.79180E-03       6.96360E-02       3.88637E+01       1.51237E+00       6.04766E-01
       3.98107E-02       4.16869E-02       4.07488E-02       1.87620E-03       7.26836E-02       3.87398E+01       1.57860E+00       6.77450E-01
       4.16869E-02       4.36516E-02       4.26693E-02       1.96470E-03       7.20206E-02       3.66572E+01       1.56414E+00       7.49470E-01
       4.36516E-02       4.57088E-02       4.46802E-02       2.05720E-03       7.16731E-02       3.48401E+01       1.55666E+00       8.21144E-01
       4.57088E-02       4.78630E-02       4.67859E-02       2.15420E-03       6.35731E-02       2.95113E+01       1.38071E+00       8.84717E-01
       4.78630E-02       5.01187E-02       4.89908E-02       2.25570E-03       5.68658E-02       2.52098E+01       1.23505E+00       9.41583E-01
       5.01187E-02       5.24808E-02       5.12998E-02       2.36210E-03       3.66761E-02       1.55269E+01       7.96526E-01       9.78259E-01
       5.24808E-02       5.49541E-02       5.37174E-02       2.47330E-03       1.97615E-02       7.98994E+00       4.29199E-01       9.98020E-01
       5.49541E-02       5.75440E-02       5.62491E-02       2.58990E-03       1.97985E-03       7.64451E-01       4.29996E-02       1.00000E+00

 Sum =                                                                         1.00000E+00
 Renormalization bin#   887 =                                                  6.40867E-03 barn        2.63027E+06        2.75423E+06        2.69225E+06
 Avg. Energy     bin#   887 =                                                  3.73274E-02 MeV         2.63027E+06        2.75423E+06
