"        MT= 62 recoil spectrum "
" Initial neutron energy corresponds to the group:"
   2.39883E+00    2.51189E+00       0.00000E+00           777           802            26
 Debug druck set-a:   777      0.00000E+00        7.82100E-04        0.00000E+00
 Debug druck set-a:   778      2.39634E-02        8.19000E-04        1.96260E-05
 Debug druck set-a:   779      2.84522E-01        8.57600E-04        2.44006E-04
 Debug druck set-a:   780      5.09712E-01        8.98000E-04        4.57721E-04
 Debug druck set-a:   781      7.02954E-01        9.40400E-04        6.61058E-04
 Debug druck set-a:   782      9.08085E-01        9.84600E-04        8.94100E-04
 Debug druck set-a:   783      9.96325E-01        1.03110E-03        1.02731E-03
 Debug druck set-a:   784      9.97813E-01        1.07960E-03        1.07724E-03
 Debug druck set-a:   785      9.85274E-01        1.13060E-03        1.11395E-03
 Debug druck set-a:   786      9.73941E-01        1.18380E-03        1.15295E-03
 Debug druck set-a:   787      9.63689E-01        1.23960E-03        1.19459E-03
 Debug druck set-a:   788      9.54761E-01        1.29800E-03        1.23928E-03
 Debug druck set-a:   789      9.47278E-01        1.35920E-03        1.28754E-03
 Debug druck set-a:   790      9.41459E-01        1.42330E-03        1.33998E-03
 Debug druck set-a:   791      9.37609E-01        1.49030E-03        1.39732E-03
 Debug druck set-a:   792      9.35847E-01        1.56060E-03        1.46048E-03
 Debug druck set-a:   793      9.36606E-01        1.63410E-03        1.53051E-03
 Debug druck set-a:   794      9.40204E-01        1.71110E-03        1.60878E-03
 Debug druck set-a:   795      9.47086E-01        1.79180E-03        1.69699E-03
 Debug druck set-a:   796      9.57905E-01        1.87620E-03        1.79722E-03
 Debug druck set-a:   797      9.67653E-01        1.96470E-03        1.90115E-03
 Debug druck set-a:   798      8.76143E-01        2.05720E-03        1.80240E-03
 Debug druck set-a:   799      7.04735E-01        2.15420E-03        1.51814E-03
 Debug druck set-a:   800      5.12976E-01        2.25570E-03        1.15712E-03
 Debug druck set-a:   801      2.93522E-01        2.36210E-03        6.93329E-04
 Debug druck set-a:   802      3.84988E-02        2.47330E-03        9.52192E-05



          Low               High              Mid              Energy           Number             dn/de            E*dn/de          Cumulative
         Energy            Energy            Energy             Width          Fraction                               Sum   
         [MeV]             [MeV]             [MeV]              [MeV]

       1.65959E-02       1.73780E-02       1.69870E-02       7.82100E-04       0.00000E+00       0.00000E+00       0.00000E+00       0.00000E+00
       1.73780E-02       1.81970E-02       1.77875E-02       8.19000E-04       6.91836E-04       8.44732E-01       1.50257E-02       6.91836E-04
       1.81970E-02       1.90546E-02       1.86258E-02       8.57600E-04       8.60145E-03       1.00297E+01       1.86811E-01       9.29329E-03
       1.90546E-02       1.99526E-02       1.95036E-02       8.98000E-04       1.61351E-02       1.79678E+01       3.50437E-01       2.54284E-02
       1.99526E-02       2.08930E-02       2.04228E-02       9.40400E-04       2.33029E-02       2.47798E+01       5.06073E-01       4.87313E-02
       2.08930E-02       2.18776E-02       2.13853E-02       9.84600E-04       3.15179E-02       3.20109E+01       6.84562E-01       8.02492E-02
       2.18776E-02       2.29087E-02       2.23931E-02       1.03110E-03       3.62137E-02       3.51214E+01       7.86479E-01       1.16463E-01
       2.29087E-02       2.39883E-02       2.34485E-02       1.07960E-03       3.79738E-02       3.51739E+01       8.24774E-01       1.54437E-01
       2.39883E-02       2.51189E-02       2.45536E-02       1.13060E-03       3.92678E-02       3.47319E+01       8.52792E-01       1.93705E-01
       2.51189E-02       2.63027E-02       2.57108E-02       1.18380E-03       4.06426E-02       3.43324E+01       8.82713E-01       2.34347E-01
       2.63027E-02       2.75423E-02       2.69225E-02       1.23960E-03       4.21105E-02       3.39710E+01       9.14583E-01       2.76458E-01
       2.75423E-02       2.88403E-02       2.81913E-02       1.29800E-03       4.36858E-02       3.36563E+01       9.48814E-01       3.20143E-01
       2.88403E-02       3.01995E-02       2.95199E-02       1.35920E-03       4.53870E-02       3.33925E+01       9.85743E-01       3.65530E-01
       3.01995E-02       3.16228E-02       3.09112E-02       1.42330E-03       4.72356E-02       3.31874E+01       1.02586E+00       4.12766E-01
       3.16228E-02       3.31131E-02       3.23680E-02       1.49030E-03       4.92569E-02       3.30517E+01       1.06981E+00       4.62023E-01
       3.31131E-02       3.46737E-02       3.38934E-02       1.56060E-03       5.14833E-02       3.29895E+01       1.11813E+00       5.13506E-01
       3.46737E-02       3.63078E-02       3.54908E-02       1.63410E-03       5.39520E-02       3.30163E+01       1.17177E+00       5.67458E-01
       3.63078E-02       3.80189E-02       3.71633E-02       1.71110E-03       5.67111E-02       3.31431E+01       1.23171E+00       6.24169E-01
       3.80189E-02       3.98107E-02       3.89148E-02       1.79180E-03       5.98206E-02       3.33857E+01       1.29920E+00       6.83990E-01
       3.98107E-02       4.16869E-02       4.07488E-02       1.87620E-03       6.33538E-02       3.37671E+01       1.37597E+00       7.47344E-01
       4.16869E-02       4.36516E-02       4.26693E-02       1.96470E-03       6.70174E-02       3.41107E+01       1.45548E+00       8.14361E-01
       4.36516E-02       4.57088E-02       4.46802E-02       2.05720E-03       6.35364E-02       3.08849E+01       1.37994E+00       8.77897E-01
       4.57088E-02       4.78630E-02       4.67859E-02       2.15420E-03       5.35159E-02       2.48426E+01       1.16228E+00       9.31413E-01
       4.78630E-02       5.01187E-02       4.89908E-02       2.25570E-03       4.07896E-02       1.80829E+01       8.85897E-01       9.72203E-01
       5.01187E-02       5.24808E-02       5.12998E-02       2.36210E-03       2.44405E-02       1.03469E+01       5.30795E-01       9.96643E-01
       5.24808E-02       5.49541E-02       5.37174E-02       2.47330E-03       3.35657E-03       1.35712E+00       7.29011E-02       1.00000E+00

 Sum =                                                                         1.00000E+00
 Renormalization bin#   885 =                                                  2.83680E-02 barn        2.39883E+06        2.51189E+06        2.45536E+06
 Avg. Energy     bin#   885 =                                                  3.44186E-02 MeV         2.39883E+06        2.51189E+06
