"        MT=601 recoil spectrum "
" Initial neutron energy corresponds to the group:"
   1.14815E+00    1.20226E+00       0.00000E+00           778           800            23
 Debug druck set-a:   778      0.00000E+00        8.19000E-04        0.00000E+00
 Debug druck set-a:   779      1.20429E-09        8.57600E-04        1.03280E-12
 Debug druck set-a:   780      1.20379E-09        8.98000E-04        1.08100E-12
 Debug druck set-a:   781      1.20332E-09        9.40400E-04        1.13160E-12
 Debug druck set-a:   782      1.20313E-09        9.84600E-04        1.18460E-12
 Debug druck set-a:   783      1.20279E-09        1.03110E-03        1.24020E-12
 Debug druck set-a:   784      1.20267E-09        1.07960E-03        1.29840E-12
 Debug druck set-a:   785      1.20246E-09        1.13060E-03        1.35950E-12
 Debug druck set-a:   786      1.20257E-09        1.18380E-03        1.42360E-12
 Debug druck set-a:   787      1.20273E-09        1.23960E-03        1.49090E-12
 Debug druck set-a:   788      1.20308E-09        1.29800E-03        1.56160E-12
 Debug druck set-a:   789      1.20358E-09        1.35920E-03        1.63590E-12
 Debug druck set-a:   790      1.20424E-09        1.42330E-03        1.71400E-12
 Debug druck set-a:   791      1.20526E-09        1.49030E-03        1.79620E-12
 Debug druck set-a:   792      1.20659E-09        1.56060E-03        1.88300E-12
 Debug druck set-a:   793      1.20837E-09        1.63410E-03        1.97460E-12
 Debug druck set-a:   794      1.21063E-09        1.71110E-03        2.07150E-12
 Debug druck set-a:   795      1.21358E-09        1.79180E-03        2.17450E-12
 Debug druck set-a:   796      1.21751E-09        1.87620E-03        2.28430E-12
 Debug druck set-a:   797      1.22242E-09        1.96470E-03        2.40170E-12
 Debug druck set-a:   798      1.22895E-09        2.05720E-03        2.52820E-12
 Debug druck set-a:   799      1.21349E-09        2.15420E-03        2.61410E-12
 Debug druck set-a:   800      5.96666E-10        2.25570E-03        1.34590E-12



          Low               High              Mid              Energy           Number             dn/de            E*dn/de          Cumulative
         Energy            Energy            Energy             Width          Fraction                               Sum   
         [MeV]             [MeV]             [MeV]              [MeV]

       1.73780E-02       1.81970E-02       1.77875E-02       8.19000E-04       0.00000E+00       0.00000E+00       0.00000E+00       0.00000E+00
       1.81970E-02       1.90546E-02       1.86258E-02       8.57600E-04       2.77425E-02       3.23490E+01       6.02526E-01       2.77425E-02
       1.90546E-02       1.99526E-02       1.95036E-02       8.98000E-04       2.90372E-02       3.23354E+01       6.30657E-01       5.67797E-02
       1.99526E-02       2.08930E-02       2.04228E-02       9.40400E-04       3.03964E-02       3.23228E+01       6.60123E-01       8.71761E-02
       2.08930E-02       2.18776E-02       2.13853E-02       9.84600E-04       3.18201E-02       3.23178E+01       6.91125E-01       1.18996E-01
       2.18776E-02       2.29087E-02       2.23931E-02       1.03110E-03       3.33136E-02       3.23088E+01       7.23495E-01       1.52310E-01
       2.29087E-02       2.39883E-02       2.34485E-02       1.07960E-03       3.48769E-02       3.23053E+01       7.57512E-01       1.87187E-01
       2.39883E-02       2.51189E-02       2.45536E-02       1.13060E-03       3.65181E-02       3.22998E+01       7.93076E-01       2.23705E-01
       2.51189E-02       2.63027E-02       2.57108E-02       1.18380E-03       3.82399E-02       3.23027E+01       8.30529E-01       2.61945E-01
       2.63027E-02       2.75423E-02       2.69225E-02       1.23960E-03       4.00477E-02       3.23069E+01       8.69783E-01       3.01992E-01
       2.75423E-02       2.88403E-02       2.81913E-02       1.29800E-03       4.19468E-02       3.23165E+01       9.11044E-01       3.43939E-01
       2.88403E-02       3.01995E-02       2.95199E-02       1.35920E-03       4.39426E-02       3.23298E+01       9.54372E-01       3.87882E-01
       3.01995E-02       3.16228E-02       3.09112E-02       1.42330E-03       4.60405E-02       3.23477E+01       9.99904E-01       4.33922E-01
       3.16228E-02       3.31131E-02       3.23680E-02       1.49030E-03       4.82485E-02       3.23750E+01       1.04791E+00       4.82171E-01
       3.31131E-02       3.46737E-02       3.38934E-02       1.56060E-03       5.05801E-02       3.24107E+01       1.09851E+00       5.32751E-01
       3.46737E-02       3.63078E-02       3.54908E-02       1.63410E-03       5.30406E-02       3.24586E+01       1.15198E+00       5.85791E-01
       3.63078E-02       3.80189E-02       3.71633E-02       1.71110E-03       5.56435E-02       3.25192E+01       1.20852E+00       6.41435E-01
       3.80189E-02       3.98107E-02       3.89148E-02       1.79180E-03       5.84102E-02       3.25986E+01       1.26857E+00       6.99845E-01
       3.98107E-02       4.16869E-02       4.07488E-02       1.87620E-03       6.13596E-02       3.27042E+01       1.33266E+00       7.61205E-01
       4.16869E-02       4.36516E-02       4.26693E-02       1.96470E-03       6.45131E-02       3.28361E+01       1.40109E+00       8.25718E-01
       4.36516E-02       4.57088E-02       4.46802E-02       2.05720E-03       6.79111E-02       3.30114E+01       1.47496E+00       8.93629E-01
       4.57088E-02       4.78630E-02       4.67859E-02       2.15420E-03       7.02185E-02       3.25961E+01       1.52504E+00       9.63847E-01
       4.78630E-02       5.01187E-02       4.89908E-02       2.25570E-03       3.61528E-02       1.60273E+01       7.85192E-01       1.00000E+00

 Sum =                                                                         1.00000E+00
 Renormalization bin#   869 =                                                  3.72281E-11 barn        1.14815E+06        1.20226E+06        1.17520E+06
 Avg. Energy     bin#   869 =                                                  3.36521E-02 MeV         1.14815E+06        1.20226E+06
