"        MT=811 recoil spectrum "
" Initial neutron energy corresponds to the group:"
   1.00000E+00    1.04713E+00       0.00000E+00           810           837            28
 Debug druck set-a:   810      0.00000E+00        3.57500E-03        0.00000E+00
 Debug druck set-a:   811      1.27746E-09        3.74360E-03        4.78230E-12
 Debug druck set-a:   812      1.39181E-09        3.92000E-03        5.45590E-12
 Debug druck set-a:   813      1.39182E-09        4.10470E-03        5.71300E-12
 Debug druck set-a:   814      1.39182E-09        4.29820E-03        5.98230E-12
 Debug druck set-a:   815      1.39183E-09        4.50070E-03        6.26420E-12
 Debug druck set-a:   816      1.39179E-09        4.71300E-03        6.55950E-12
 Debug druck set-a:   817      1.39179E-09        4.93500E-03        6.86850E-12
 Debug druck set-a:   818      1.39199E-09        5.16700E-03        7.19240E-12
 Debug druck set-a:   819      1.39181E-09        5.41100E-03        7.53110E-12
 Debug druck set-a:   820      1.39185E-09        5.66600E-03        7.88620E-12
 Debug druck set-a:   821      1.39164E-09        5.93400E-03        8.25800E-12
 Debug druck set-a:   822      1.39198E-09        6.21200E-03        8.64700E-12
 Debug druck set-a:   823      1.39173E-09        6.50600E-03        9.05460E-12
 Debug druck set-a:   824      1.39184E-09        6.81200E-03        9.48120E-12
 Debug druck set-a:   825      1.39185E-09        7.13300E-03        9.92810E-12
 Debug druck set-a:   826      1.39170E-09        7.47000E-03        1.03960E-11
 Debug druck set-a:   827      1.39189E-09        7.82100E-03        1.08860E-11
 Debug druck set-a:   828      1.39182E-09        8.19000E-03        1.13990E-11
 Debug druck set-a:   829      1.39179E-09        8.57600E-03        1.19360E-11
 Debug druck set-a:   830      1.39187E-09        8.98000E-03        1.24990E-11
 Debug druck set-a:   831      1.39175E-09        9.40400E-03        1.30880E-11
 Debug druck set-a:   832      1.39194E-09        9.84600E-03        1.37050E-11
 Debug druck set-a:   833      1.39181E-09        1.03110E-02        1.43510E-11
 Debug druck set-a:   834      1.39190E-09        1.07960E-02        1.50270E-11
 Debug druck set-a:   835      1.39174E-09        1.13060E-02        1.57350E-11
 Debug druck set-a:   836      1.39187E-09        1.18380E-02        1.64770E-11
 Debug druck set-a:   837      5.27404E-10        1.23960E-02        6.53770E-12



          Low               High              Mid              Energy           Number             dn/de            E*dn/de          Cumulative
         Energy            Energy            Energy             Width          Fraction                               Sum   
         [MeV]             [MeV]             [MeV]              [MeV]

       7.58578E-02       7.94328E-02       7.76453E-02       3.57500E-03       0.00000E+00       0.00000E+00       0.00000E+00       0.00000E+00
       7.94328E-02       8.31764E-02       8.13046E-02       3.74360E-03       1.82781E-02       4.88249E+00       3.96969E-01       1.82781E-02
       8.31764E-02       8.70964E-02       8.51364E-02       3.92000E-03       2.08526E-02       5.31955E+00       4.52887E-01       3.91307E-02
       8.70964E-02       9.12011E-02       8.91488E-02       4.10470E-03       2.18353E-02       5.31957E+00       4.74233E-01       6.09660E-02
       9.12011E-02       9.54993E-02       9.33502E-02       4.29820E-03       2.28645E-02       5.31957E+00       4.96583E-01       8.38305E-02
       9.54993E-02       1.00000E-01       9.77497E-02       4.50070E-03       2.39420E-02       5.31961E+00       5.19990E-01       1.07772E-01
       1.00000E-01       1.04713E-01       1.02357E-01       4.71300E-03       2.50706E-02       5.31946E+00       5.44481E-01       1.32843E-01
       1.04713E-01       1.09648E-01       1.07180E-01       4.93500E-03       2.62516E-02       5.31948E+00       5.70144E-01       1.59095E-01
       1.09648E-01       1.14815E-01       1.12231E-01       5.16700E-03       2.74896E-02       5.32022E+00       5.97096E-01       1.86584E-01
       1.14815E-01       1.20226E-01       1.17520E-01       5.41100E-03       2.87841E-02       5.31955E+00       6.25156E-01       2.15368E-01
       1.20226E-01       1.25892E-01       1.23059E-01       5.66600E-03       3.01413E-02       5.31968E+00       6.54634E-01       2.45510E-01
       1.25892E-01       1.31826E-01       1.28859E-01       5.93400E-03       3.15623E-02       5.31890E+00       6.85388E-01       2.77072E-01
       1.31826E-01       1.38038E-01       1.34932E-01       6.21200E-03       3.30491E-02       5.32020E+00       7.17866E-01       3.10121E-01
       1.38038E-01       1.44544E-01       1.41291E-01       6.50600E-03       3.46070E-02       5.31924E+00       7.51560E-01       3.44728E-01
       1.44544E-01       1.51356E-01       1.47950E-01       6.81200E-03       3.62374E-02       5.31965E+00       7.87042E-01       3.80966E-01
       1.51356E-01       1.58489E-01       1.54923E-01       7.13300E-03       3.79455E-02       5.31971E+00       8.24143E-01       4.18911E-01
       1.58489E-01       1.65959E-01       1.62224E-01       7.47000E-03       3.97338E-02       5.31912E+00       8.62889E-01       4.58645E-01
       1.65959E-01       1.73780E-01       1.69869E-01       7.82100E-03       4.16066E-02       5.31986E+00       9.03682E-01       5.00251E-01
       1.73780E-01       1.81970E-01       1.77875E-01       8.19000E-03       4.35673E-02       5.31958E+00       9.46219E-01       5.43819E-01
       1.81970E-01       1.90546E-01       1.86258E-01       8.57600E-03       4.56198E-02       5.31947E+00       9.90794E-01       5.89439E-01
       1.90546E-01       1.99526E-01       1.95036E-01       8.98000E-03       4.77716E-02       5.31977E+00       1.03755E+00       6.37210E-01
       1.99526E-01       2.08930E-01       2.04228E-01       9.40400E-03       5.00227E-02       5.31930E+00       1.08635E+00       6.87233E-01
       2.08930E-01       2.18776E-01       2.13853E-01       9.84600E-03       5.23809E-02       5.32002E+00       1.13770E+00       7.39614E-01
       2.18776E-01       2.29087E-01       2.23931E-01       1.03110E-02       5.48500E-02       5.31956E+00       1.19122E+00       7.94464E-01
       2.29087E-01       2.39883E-01       2.34485E-01       1.07960E-02       5.74337E-02       5.31990E+00       1.24744E+00       8.51897E-01
       2.39883E-01       2.51189E-01       2.45536E-01       1.13060E-02       6.01397E-02       5.31927E+00       1.30607E+00       9.12037E-01
       2.51189E-01       2.63027E-01       2.57108E-01       1.18380E-02       6.29756E-02       5.31978E+00       1.36776E+00       9.75013E-01
       2.63027E-01       2.75423E-01       2.69225E-01       1.23960E-02       2.49873E-02       2.01575E+00       5.42691E-01       1.00000E+00

 Sum =                                                                         1.00000E+00
 Renormalization bin#   866 =                                                  2.61641E-10 barn        1.00000E+06        1.04713E+06        1.02356E+06
 Avg. Energy     bin#   866 =                                                  1.73826E-01 MeV         1.00000E+06        1.04713E+06
