"        MT=811 recoil spectrum "
" Initial neutron energy corresponds to the group:"
   1.25892E+00    1.31826E+00       0.00000E+00           810           840            31
 Debug druck set-a:   810      0.00000E+00        3.57500E-03        0.00000E+00
 Debug druck set-a:   811      6.29367E-09        3.74360E-03        2.35610E-11
 Debug druck set-a:   812      1.76372E-08        3.92000E-03        6.91380E-11
 Debug druck set-a:   813      1.76373E-08        4.10470E-03        7.23960E-11
 Debug druck set-a:   814      1.76372E-08        4.29820E-03        7.58080E-11
 Debug druck set-a:   815      1.76375E-08        4.50070E-03        7.93810E-11
 Debug druck set-a:   816      1.76370E-08        4.71300E-03        8.31230E-11
 Debug druck set-a:   817      1.76369E-08        4.93500E-03        8.70380E-11
 Debug druck set-a:   818      1.76392E-08        5.16700E-03        9.11420E-11
 Debug druck set-a:   819      1.76372E-08        5.41100E-03        9.54350E-11
 Debug druck set-a:   820      1.76377E-08        5.66600E-03        9.99350E-11
 Debug druck set-a:   821      1.76357E-08        5.93400E-03        1.04650E-10
 Debug druck set-a:   822      1.76401E-08        6.21200E-03        1.09580E-10
 Debug druck set-a:   823      1.76360E-08        6.50600E-03        1.14740E-10
 Debug druck set-a:   824      1.76380E-08        6.81200E-03        1.20150E-10
 Debug druck set-a:   825      1.76377E-08        7.13300E-03        1.25810E-10
 Debug druck set-a:   826      1.76359E-08        7.47000E-03        1.31740E-10
 Debug druck set-a:   827      1.76384E-08        7.82100E-03        1.37950E-10
 Debug druck set-a:   828      1.76374E-08        8.19000E-03        1.44450E-10
 Debug druck set-a:   829      1.76376E-08        8.57600E-03        1.51260E-10
 Debug druck set-a:   830      1.76370E-08        8.98000E-03        1.58380E-10
 Debug druck set-a:   831      1.76361E-08        9.40400E-03        1.65850E-10
 Debug druck set-a:   832      1.76386E-08        9.84600E-03        1.73670E-10
 Debug druck set-a:   833      1.76365E-08        1.03110E-02        1.81850E-10
 Debug druck set-a:   834      1.76380E-08        1.07960E-02        1.90420E-10
 Debug druck set-a:   835      1.76358E-08        1.13060E-02        1.99390E-10
 Debug druck set-a:   836      1.76373E-08        1.18380E-02        2.08790E-10
 Debug druck set-a:   837      1.76371E-08        1.23960E-02        2.18630E-10
 Debug druck set-a:   838      1.76379E-08        1.29800E-02        2.28940E-10
 Debug druck set-a:   839      1.61786E-08        1.35920E-02        2.19900E-10
 Debug druck set-a:   840      9.71124E-10        1.42330E-02        1.38220E-11



          Low               High              Mid              Energy           Number             dn/de            E*dn/de          Cumulative
         Energy            Energy            Energy             Width          Fraction                               Sum   
         [MeV]             [MeV]             [MeV]              [MeV]

       7.58578E-02       7.94328E-02       7.76453E-02       3.57500E-03       0.00000E+00       0.00000E+00       0.00000E+00       0.00000E+00
       7.94328E-02       8.31764E-02       8.13046E-02       3.74360E-03       6.07723E-03       1.62337E+00       1.31987E-01       6.07723E-03
       8.31764E-02       8.70964E-02       8.51364E-02       3.92000E-03       1.78332E-02       4.54928E+00       3.87310E-01       2.39104E-02
       8.70964E-02       9.12011E-02       8.91488E-02       4.10470E-03       1.86735E-02       4.54930E+00       4.05565E-01       4.25840E-02
       9.12011E-02       9.54993E-02       9.33502E-02       4.29820E-03       1.95536E-02       4.54926E+00       4.24675E-01       6.21376E-02
       9.54993E-02       1.00000E-01       9.77497E-02       4.50070E-03       2.04752E-02       4.54934E+00       4.44696E-01       8.26128E-02
       1.00000E-01       1.04713E-01       1.02357E-01       4.71300E-03       2.14404E-02       4.54921E+00       4.65641E-01       1.04053E-01
       1.04713E-01       1.09648E-01       1.07180E-01       4.93500E-03       2.24502E-02       4.54919E+00       4.87584E-01       1.26503E-01
       1.09648E-01       1.14815E-01       1.12231E-01       5.16700E-03       2.35088E-02       4.54980E+00       5.10631E-01       1.50012E-01
       1.14815E-01       1.20226E-01       1.17520E-01       5.41100E-03       2.46161E-02       4.54928E+00       5.34633E-01       1.74628E-01
       1.20226E-01       1.25892E-01       1.23059E-01       5.66600E-03       2.57768E-02       4.54939E+00       5.59843E-01       2.00405E-01
       1.25892E-01       1.31826E-01       1.28859E-01       5.93400E-03       2.69930E-02       4.54887E+00       5.86163E-01       2.27398E-01
       1.31826E-01       1.38038E-01       1.34932E-01       6.21200E-03       2.82646E-02       4.55001E+00       6.13942E-01       2.55663E-01
       1.38038E-01       1.44544E-01       1.41291E-01       6.50600E-03       2.95956E-02       4.54897E+00       6.42728E-01       2.85259E-01
       1.44544E-01       1.51356E-01       1.47950E-01       6.81200E-03       3.09910E-02       4.54948E+00       6.73095E-01       3.16250E-01
       1.51356E-01       1.58489E-01       1.54923E-01       7.13300E-03       3.24509E-02       4.54941E+00       7.04806E-01       3.48700E-01
       1.58489E-01       1.65959E-01       1.62224E-01       7.47000E-03       3.39805E-02       4.54893E+00       7.37946E-01       3.82681E-01
       1.65959E-01       1.73780E-01       1.69869E-01       7.82100E-03       3.55823E-02       4.54958E+00       7.72835E-01       4.18263E-01
       1.73780E-01       1.81970E-01       1.77875E-01       8.19000E-03       3.72589E-02       4.54931E+00       8.09209E-01       4.55522E-01
       1.81970E-01       1.90546E-01       1.86258E-01       8.57600E-03       3.90154E-02       4.54937E+00       8.47357E-01       4.94538E-01
       1.90546E-01       1.99526E-01       1.95036E-01       8.98000E-03       4.08519E-02       4.54921E+00       8.87260E-01       5.35390E-01
       1.99526E-01       2.08930E-01       2.04228E-01       9.40400E-03       4.27787E-02       4.54899E+00       9.29031E-01       5.78168E-01
       2.08930E-01       2.18776E-01       2.13853E-01       9.84600E-03       4.47958E-02       4.54964E+00       9.72955E-01       6.22964E-01
       2.18776E-01       2.29087E-01       2.23931E-01       1.03110E-02       4.69057E-02       4.54909E+00       1.01868E+00       6.69870E-01
       2.29087E-01       2.39883E-01       2.34485E-01       1.07960E-02       4.91162E-02       4.54948E+00       1.06679E+00       7.18986E-01
       2.39883E-01       2.51189E-01       2.45536E-01       1.13060E-02       5.14299E-02       4.54890E+00       1.11692E+00       7.70416E-01
       2.51189E-01       2.63027E-01       2.57108E-01       1.18380E-02       5.38545E-02       4.54929E+00       1.16966E+00       8.24270E-01
       2.63027E-01       2.75423E-01       2.69225E-01       1.23960E-02       5.63926E-02       4.54926E+00       1.22477E+00       8.80663E-01
       2.75423E-01       2.88403E-01       2.81913E-01       1.29800E-02       5.90519E-02       4.54945E+00       1.28255E+00       9.39715E-01
       2.88403E-01       3.01995E-01       2.95199E-01       1.35920E-02       5.67202E-02       4.17305E+00       1.23188E+00       9.96435E-01
       3.01995E-01       3.16228E-01       3.09112E-01       1.42330E-02       3.56519E-03       2.50488E-01       7.74287E-02       1.00000E+00

 Sum =                                                                         1.00000E+00
 Renormalization bin#   871 =                                                  3.87693E-09 barn        1.25892E+06        1.31826E+06        1.28859E+06
 Avg. Energy     bin#   871 =                                                  1.91800E-01 MeV         1.25892E+06        1.31826E+06
