"        MT=107 recoil spectrum "
" Initial neutron energy corresponds to the group:"
   5.24808E-01    5.49541E-01       0.00000E+00           814           838            25
 Debug druck set-a:   814      0.00000E+00        4.29820E-03        0.00000E+00
 Debug druck set-a:   815      3.01353E-10        4.50070E-03        1.35630E-12
 Debug druck set-a:   816      4.68623E-09        4.71300E-03        2.20862E-11
 Debug druck set-a:   817      6.91735E-09        4.93500E-03        3.41371E-11
 Debug druck set-a:   818      1.42029E-07        5.16700E-03        7.33866E-10
 Debug druck set-a:   819      1.91577E-07        5.41100E-03        1.03662E-09
 Debug druck set-a:   820      1.47534E-06        5.66600E-03        8.35926E-09
 Debug druck set-a:   821      4.29860E-06        5.93400E-03        2.55079E-08
 Debug druck set-a:   822      6.18097E-06        6.21200E-03        3.83962E-08
 Debug druck set-a:   823      6.17990E-06        6.50600E-03        4.02064E-08
 Debug druck set-a:   824      6.18037E-06        6.81200E-03        4.21006E-08
 Debug druck set-a:   825      6.18046E-06        7.13300E-03        4.40852E-08
 Debug druck set-a:   826      6.17979E-06        7.47000E-03        4.61630E-08
 Debug druck set-a:   827      6.18059E-06        7.82100E-03        4.83384E-08
 Debug druck set-a:   828      6.18028E-06        8.19000E-03        5.06165E-08
 Debug druck set-a:   829      6.18028E-06        8.57600E-03        5.30021E-08
 Debug druck set-a:   830      6.18035E-06        8.98000E-03        5.54995E-08
 Debug druck set-a:   831      6.17989E-06        9.40400E-03        5.81157E-08
 Debug druck set-a:   832      6.18066E-06        9.84600E-03        6.08548E-08
 Debug druck set-a:   833      6.17990E-06        1.03110E-02        6.37210E-08
 Debug druck set-a:   834      6.17955E-06        1.07960E-02        6.67144E-08
 Debug druck set-a:   835      6.17298E-06        1.13060E-02        6.97917E-08
 Debug druck set-a:   836      6.01832E-06        1.18380E-02        7.12448E-08
 Debug druck set-a:   837      5.08893E-06        1.23960E-02        6.30824E-08
 Debug druck set-a:   838      1.22186E-06        1.29800E-02        1.58598E-08



          Low               High              Mid              Energy           Number             dn/de            E*dn/de          Cumulative
         Energy            Energy            Energy             Width          Fraction                               Sum   
         [MeV]             [MeV]             [MeV]              [MeV]

       9.12011E-02       9.54993E-02       9.33502E-02       4.29820E-03       0.00000E+00       0.00000E+00       0.00000E+00       0.00000E+00
       9.54993E-02       1.00000E-01       9.77497E-02       4.50070E-03       1.46867E-06       3.26320E-04       3.18977E-05       1.46867E-06
       1.00000E-01       1.04713E-01       1.02357E-01       4.71300E-03       2.39161E-05       5.07449E-03       5.19407E-04       2.53847E-05
       1.04713E-01       1.09648E-01       1.07180E-01       4.93500E-03       3.69654E-05       7.49045E-03       8.02831E-04       6.23501E-05
       1.09648E-01       1.14815E-01       1.12231E-01       5.16700E-03       7.94668E-04       1.53797E-01       1.72608E-02       8.57018E-04
       1.14815E-01       1.20226E-01       1.17520E-01       5.41100E-03       1.12251E-03       2.07449E-01       2.43795E-02       1.97952E-03
       1.20226E-01       1.25892E-01       1.23059E-01       5.66600E-03       9.05184E-03       1.59757E+00       1.96596E-01       1.10314E-02
       1.25892E-01       1.31826E-01       1.28859E-01       5.93400E-03       2.76212E-02       4.65474E+00       5.99806E-01       3.86526E-02
       1.31826E-01       1.38038E-01       1.34932E-01       6.21200E-03       4.15774E-02       6.69307E+00       9.03110E-01       8.02300E-02
       1.38038E-01       1.44544E-01       1.41291E-01       6.50600E-03       4.35376E-02       6.69191E+00       9.45507E-01       1.23768E-01
       1.44544E-01       1.51356E-01       1.47950E-01       6.81200E-03       4.55887E-02       6.69241E+00       9.90143E-01       1.69356E-01
       1.51356E-01       1.58489E-01       1.54923E-01       7.13300E-03       4.77377E-02       6.69251E+00       1.03682E+00       2.17094E-01
       1.58489E-01       1.65959E-01       1.62224E-01       7.47000E-03       4.99877E-02       6.69179E+00       1.08557E+00       2.67082E-01
       1.65959E-01       1.73780E-01       1.69869E-01       7.82100E-03       5.23433E-02       6.69266E+00       1.13688E+00       3.19425E-01
       1.73780E-01       1.81970E-01       1.77875E-01       8.19000E-03       5.48102E-02       6.69233E+00       1.19040E+00       3.74235E-01
       1.81970E-01       1.90546E-01       1.86258E-01       8.57600E-03       5.73934E-02       6.69233E+00       1.24650E+00       4.31629E-01
       1.90546E-01       1.99526E-01       1.95036E-01       8.98000E-03       6.00977E-02       6.69240E+00       1.30526E+00       4.91726E-01
       1.99526E-01       2.08930E-01       2.04228E-01       9.40400E-03       6.29306E-02       6.69190E+00       1.36667E+00       5.54657E-01
       2.08930E-01       2.18776E-01       2.13853E-01       9.84600E-03       6.58967E-02       6.69273E+00       1.43126E+00       6.20553E-01
       2.18776E-01       2.29087E-01       2.23931E-01       1.03110E-02       6.90003E-02       6.69191E+00       1.49853E+00       6.89554E-01
       2.29087E-01       2.39883E-01       2.34485E-01       1.07960E-02       7.22418E-02       6.69153E+00       1.56906E+00       7.61796E-01
       2.39883E-01       2.51189E-01       2.45536E-01       1.13060E-02       7.55741E-02       6.68442E+00       1.64127E+00       8.37370E-01
       2.51189E-01       2.63027E-01       2.57108E-01       1.18380E-02       7.71476E-02       6.51694E+00       1.67556E+00       9.14517E-01
       2.63027E-01       2.75423E-01       2.69225E-01       1.23960E-02       6.83089E-02       5.51056E+00       1.48358E+00       9.82826E-01
       2.75423E-01       2.88403E-01       2.81913E-01       1.29800E-02       1.71738E-02       1.32310E+00       3.72998E-01       1.00000E+00

 Sum =                                                                         1.00000E+00
 Renormalization bin#   852 =                                                  9.23488E-07 barn        5.24808E+05        5.49541E+05        5.37174E+05
 Avg. Energy     bin#   852 =                                                  2.00923E-01 MeV         5.24808E+05        5.49541E+05
