"        MT=107 recoil spectrum "
" Initial neutron energy corresponds to the group:"
   2.63027E-01    2.75423E-01       0.00000E+00           818           834            17
 Debug druck set-a:   818      0.00000E+00        5.16700E-03        0.00000E+00
 Debug druck set-a:   819      1.94733E-08        5.41100E-03        1.05370E-10
 Debug druck set-a:   820      3.88007E-08        5.66600E-03        2.19845E-10
 Debug druck set-a:   821      3.69368E-07        5.93400E-03        2.19183E-09
 Debug druck set-a:   822      1.14289E-06        6.21200E-03        7.09965E-09
 Debug druck set-a:   823      1.54895E-06        6.50600E-03        1.00774E-08
 Debug druck set-a:   824      1.54906E-06        6.81200E-03        1.05522E-08
 Debug druck set-a:   825      1.54909E-06        7.13300E-03        1.10496E-08
 Debug druck set-a:   826      1.54892E-06        7.47000E-03        1.15704E-08
 Debug druck set-a:   827      1.54912E-06        7.82100E-03        1.21157E-08
 Debug druck set-a:   828      1.54904E-06        8.19000E-03        1.26866E-08
 Debug druck set-a:   829      1.54904E-06        8.57600E-03        1.32846E-08
 Debug druck set-a:   830      1.54906E-06        8.98000E-03        1.39106E-08
 Debug druck set-a:   831      1.54894E-06        9.40400E-03        1.45663E-08
 Debug druck set-a:   832      1.53309E-06        9.84600E-03        1.50948E-08
 Debug druck set-a:   833      1.43235E-06        1.03110E-02        1.47690E-08
 Debug druck set-a:   834      7.69002E-07        1.07960E-02        8.30215E-09



          Low               High              Mid              Energy           Number             dn/de            E*dn/de          Cumulative
         Energy            Energy            Energy             Width          Fraction                               Sum   
         [MeV]             [MeV]             [MeV]              [MeV]

       1.09648E-01       1.14815E-01       1.12231E-01       5.16700E-03       0.00000E+00       0.00000E+00       0.00000E+00       0.00000E+00
       1.14815E-01       1.20226E-01       1.17520E-01       5.41100E-03       6.68608E-04       1.23565E-01       1.45214E-02       6.68608E-04
       1.20226E-01       1.25892E-01       1.23059E-01       5.66600E-03       1.39499E-03       2.46204E-01       3.02976E-02       2.06360E-03
       1.25892E-01       1.31826E-01       1.28859E-01       5.93400E-03       1.39079E-02       2.34376E+00       3.02015E-01       1.59715E-02
       1.31826E-01       1.38038E-01       1.34932E-01       6.21200E-03       4.50496E-02       7.25204E+00       9.78532E-01       6.10211E-02
       1.38038E-01       1.44544E-01       1.41291E-01       6.50600E-03       6.39448E-02       9.82859E+00       1.38869E+00       1.24966E-01
       1.44544E-01       1.51356E-01       1.47950E-01       6.81200E-03       6.69574E-02       9.82933E+00       1.45425E+00       1.91923E-01
       1.51356E-01       1.58489E-01       1.54923E-01       7.13300E-03       7.01136E-02       9.82946E+00       1.52281E+00       2.62037E-01
       1.58489E-01       1.65959E-01       1.62224E-01       7.47000E-03       7.34182E-02       9.82840E+00       1.59440E+00       3.35455E-01
       1.65959E-01       1.73780E-01       1.69869E-01       7.82100E-03       7.68780E-02       9.82969E+00       1.66976E+00       4.12333E-01
       1.73780E-01       1.81970E-01       1.77875E-01       8.19000E-03       8.05010E-02       9.82918E+00       1.74837E+00       4.92834E-01
       1.81970E-01       1.90546E-01       1.86258E-01       8.57600E-03       8.42951E-02       9.82919E+00       1.83076E+00       5.77129E-01
       1.90546E-01       1.99526E-01       1.95036E-01       8.98000E-03       8.82671E-02       9.82930E+00       1.91707E+00       6.65396E-01
       1.99526E-01       2.08930E-01       2.04228E-01       9.40400E-03       9.24278E-02       9.82856E+00       2.00727E+00       7.57824E-01
       2.08930E-01       2.18776E-01       2.13853E-01       9.84600E-03       9.57818E-02       9.72799E+00       2.08036E+00       8.53606E-01
       2.18776E-01       2.29087E-01       2.23931E-01       1.03110E-02       9.37142E-02       9.08876E+00       2.03526E+00       9.47320E-01
       2.29087E-01       2.39883E-01       2.34485E-01       1.07960E-02       5.26799E-02       4.87958E+00       1.14419E+00       1.00000E+00

 Sum =                                                                         1.00000E+00
 Renormalization bin#   837 =                                                  1.57596E-07 barn        2.63027E+05        2.75423E+05        2.69225E+05
 Avg. Energy     bin#   837 =                                                  1.82827E-01 MeV         2.63027E+05        2.75423E+05
