"        MT=811 recoil spectrum "
" Initial neutron energy corresponds to the group:"
   9.12011E-01    9.54993E-01       0.00000E+00           815           835            21
 Debug druck set-a:   815      0.00000E+00        4.50070E-03        0.00000E+00
 Debug druck set-a:   816      2.16635E-10        4.71300E-03        1.02100E-12
 Debug druck set-a:   817      2.16636E-10        4.93500E-03        1.06910E-12
 Debug druck set-a:   818      2.16683E-10        5.16700E-03        1.11960E-12
 Debug druck set-a:   819      2.16651E-10        5.41100E-03        1.17230E-12
 Debug druck set-a:   820      2.16661E-10        5.66600E-03        1.22760E-12
 Debug druck set-a:   821      2.16616E-10        5.93400E-03        1.28540E-12
 Debug druck set-a:   822      2.16677E-10        6.21200E-03        1.34600E-12
 Debug druck set-a:   823      2.16631E-10        6.50600E-03        1.40940E-12
 Debug druck set-a:   824      2.16647E-10        6.81200E-03        1.47580E-12
 Debug druck set-a:   825      2.16655E-10        7.13300E-03        1.54540E-12
 Debug druck set-a:   826      2.16626E-10        7.47000E-03        1.61820E-12
 Debug druck set-a:   827      2.16660E-10        7.82100E-03        1.69450E-12
 Debug druck set-a:   828      2.16654E-10        8.19000E-03        1.77440E-12
 Debug druck set-a:   829      2.16651E-10        8.57600E-03        1.85800E-12
 Debug druck set-a:   830      2.16648E-10        8.98000E-03        1.94550E-12
 Debug druck set-a:   831      2.16631E-10        9.40400E-03        2.03720E-12
 Debug druck set-a:   832      2.16667E-10        9.84600E-03        2.13330E-12
 Debug druck set-a:   833      2.16642E-10        1.03110E-02        2.23380E-12
 Debug druck set-a:   834      2.16664E-10        1.07960E-02        2.33910E-12
 Debug druck set-a:   835      2.16637E-10        1.13060E-02        2.44930E-12



          Low               High              Mid              Energy           Number             dn/de            E*dn/de          Cumulative
         Energy            Energy            Energy             Width          Fraction                               Sum   
         [MeV]             [MeV]             [MeV]              [MeV]

       9.54993E-02       1.00000E-01       9.77497E-02       4.50070E-03       0.00000E+00       0.00000E+00       0.00000E+00       0.00000E+00
       1.00000E-01       1.04713E-01       1.02357E-01       4.71300E-03       3.11709E-02       6.61381E+00       6.76967E-01       3.11709E-02
       1.04713E-01       1.09648E-01       1.07180E-01       4.93500E-03       3.26394E-02       6.61386E+00       7.08877E-01       6.38103E-02
       1.09648E-01       1.14815E-01       1.12231E-01       5.16700E-03       3.41811E-02       6.61528E+00       7.42443E-01       9.79914E-02
       1.14815E-01       1.20226E-01       1.17520E-01       5.41100E-03       3.57901E-02       6.61432E+00       7.77318E-01       1.33781E-01
       1.20226E-01       1.25892E-01       1.23059E-01       5.66600E-03       3.74784E-02       6.61461E+00       8.13987E-01       1.71260E-01
       1.25892E-01       1.31826E-01       1.28859E-01       5.93400E-03       3.92430E-02       6.61324E+00       8.52176E-01       2.10503E-01
       1.31826E-01       1.38038E-01       1.34932E-01       6.21200E-03       4.10931E-02       6.61511E+00       8.92590E-01       2.51596E-01
       1.38038E-01       1.44544E-01       1.41291E-01       6.50600E-03       4.30287E-02       6.61369E+00       9.34455E-01       2.94625E-01
       1.44544E-01       1.51356E-01       1.47950E-01       6.81200E-03       4.50559E-02       6.61419E+00       9.78569E-01       3.39680E-01
       1.51356E-01       1.58489E-01       1.54923E-01       7.13300E-03       4.71807E-02       6.61443E+00       1.02472E+00       3.86861E-01
       1.58489E-01       1.65959E-01       1.62224E-01       7.47000E-03       4.94033E-02       6.61356E+00       1.07288E+00       4.36264E-01
       1.65959E-01       1.73780E-01       1.69869E-01       7.82100E-03       5.17327E-02       6.61459E+00       1.12362E+00       4.87997E-01
       1.73780E-01       1.81970E-01       1.77875E-01       8.19000E-03       5.41720E-02       6.61441E+00       1.17654E+00       5.42169E-01
       1.81970E-01       1.90546E-01       1.86258E-01       8.57600E-03       5.67243E-02       6.61431E+00       1.23197E+00       5.98894E-01
       1.90546E-01       1.99526E-01       1.95036E-01       8.98000E-03       5.93957E-02       6.61422E+00       1.29001E+00       6.58289E-01
       1.99526E-01       2.08930E-01       2.04228E-01       9.40400E-03       6.21953E-02       6.61370E+00       1.35070E+00       7.20484E-01
       2.08930E-01       2.18776E-01       2.13853E-01       9.84600E-03       6.51292E-02       6.61479E+00       1.41459E+00       7.85614E-01
       2.18776E-01       2.29087E-01       2.23931E-01       1.03110E-02       6.81974E-02       6.61405E+00       1.48109E+00       8.53811E-01
       2.29087E-01       2.39883E-01       2.34485E-01       1.07960E-02       7.14122E-02       6.61469E+00       1.55105E+00       9.25223E-01
       2.39883E-01       2.51189E-01       2.45536E-01       1.13060E-02       7.47766E-02       6.61389E+00       1.62395E+00       1.00000E+00

 Sum =                                                                         1.00000E+00
 Renormalization bin#   864 =                                                  3.27549E-11 barn        9.12011E+05        9.54993E+05        9.33502E+05
 Avg. Energy     bin#   864 =                                                  1.75594E-01 MeV         9.12011E+05        9.54993E+05
