"        MT=810 recoil spectrum "
" Initial neutron energy corresponds to the group:"
   1.31826E+00    1.38038E+00       0.00000E+00           811           841            31
 Debug druck set-a:   811      0.00000E+00        3.74360E-03        0.00000E+00
 Debug druck set-a:   812      3.39668E-08        3.92000E-03        1.33150E-10
 Debug druck set-a:   813      8.76775E-08        4.10470E-03        3.59890E-10
 Debug druck set-a:   814      8.76763E-08        4.29820E-03        3.76850E-10
 Debug druck set-a:   815      8.76774E-08        4.50070E-03        3.94610E-10
 Debug druck set-a:   816      8.76745E-08        4.71300E-03        4.13210E-10
 Debug druck set-a:   817      8.76758E-08        4.93500E-03        4.32680E-10
 Debug druck set-a:   818      8.76872E-08        5.16700E-03        4.53080E-10
 Debug druck set-a:   819      8.76770E-08        5.41100E-03        4.74420E-10
 Debug druck set-a:   820      8.76791E-08        5.66600E-03        4.96790E-10
 Debug druck set-a:   821      8.76660E-08        5.93400E-03        5.20210E-10
 Debug druck set-a:   822      8.76867E-08        6.21200E-03        5.44710E-10
 Debug druck set-a:   823      8.76714E-08        6.50600E-03        5.70390E-10
 Debug druck set-a:   824      8.76776E-08        6.81200E-03        5.97260E-10
 Debug druck set-a:   825      8.76798E-08        7.13300E-03        6.25420E-10
 Debug druck set-a:   826      8.76693E-08        7.47000E-03        6.54890E-10
 Debug druck set-a:   827      8.76819E-08        7.82100E-03        6.85760E-10
 Debug druck set-a:   828      8.76764E-08        8.19000E-03        7.18070E-10
 Debug druck set-a:   829      8.76772E-08        8.57600E-03        7.51920E-10
 Debug druck set-a:   830      8.76782E-08        8.98000E-03        7.87350E-10
 Debug druck set-a:   831      8.76712E-08        9.40400E-03        8.24460E-10
 Debug druck set-a:   832      8.76823E-08        9.84600E-03        8.63320E-10
 Debug druck set-a:   833      8.76734E-08        1.03110E-02        9.04000E-10
 Debug druck set-a:   834      8.76806E-08        1.07960E-02        9.46600E-10
 Debug druck set-a:   835      8.76711E-08        1.13060E-02        9.91210E-10
 Debug druck set-a:   836      8.76787E-08        1.18380E-02        1.03794E-09
 Debug druck set-a:   837      8.76775E-08        1.23960E-02        1.08685E-09
 Debug druck set-a:   838      8.76787E-08        1.29800E-02        1.13807E-09
 Debug druck set-a:   839      8.76773E-08        1.35920E-02        1.19171E-09
 Debug druck set-a:   840      7.94119E-08        1.42330E-02        1.13027E-09
 Debug druck set-a:   841      4.10615E-09        1.49030E-02        6.11940E-11



          Low               High              Mid              Energy           Number             dn/de            E*dn/de          Cumulative
         Energy            Energy            Energy             Width          Fraction                               Sum   
         [MeV]             [MeV]             [MeV]              [MeV]

       7.94328E-02       8.31764E-02       8.13046E-02       3.74360E-03       0.00000E+00       0.00000E+00       0.00000E+00       0.00000E+00
       8.31764E-02       8.70964E-02       8.51364E-02       3.92000E-03       6.60261E-03       1.68434E+00       1.43398E-01       6.60261E-03
       8.70964E-02       9.12011E-02       8.91488E-02       4.10470E-03       1.78461E-02       4.34773E+00       3.87594E-01       2.44487E-02
       9.12011E-02       9.54993E-02       9.33502E-02       4.29820E-03       1.86871E-02       4.34767E+00       4.05856E-01       4.31359E-02
       9.54993E-02       1.00000E-01       9.77497E-02       4.50070E-03       1.95678E-02       4.34772E+00       4.24988E-01       6.27037E-02
       1.00000E-01       1.04713E-01       1.02357E-01       4.71300E-03       2.04901E-02       4.34758E+00       4.45003E-01       8.31938E-02
       1.04713E-01       1.09648E-01       1.07180E-01       4.93500E-03       2.14556E-02       4.34764E+00       4.65982E-01       1.04649E-01
       1.09648E-01       1.14815E-01       1.12231E-01       5.16700E-03       2.24672E-02       4.34821E+00       4.88006E-01       1.27117E-01
       1.14815E-01       1.20226E-01       1.17520E-01       5.41100E-03       2.35254E-02       4.34770E+00       5.10944E-01       1.50642E-01
       1.20226E-01       1.25892E-01       1.23059E-01       5.66600E-03       2.46347E-02       4.34781E+00       5.35037E-01       1.75277E-01
       1.25892E-01       1.31826E-01       1.28859E-01       5.93400E-03       2.57960E-02       4.34716E+00       5.60170E-01       2.01073E-01
       1.31826E-01       1.38038E-01       1.34932E-01       6.21200E-03       2.70109E-02       4.34819E+00       5.86709E-01       2.28084E-01
       1.38038E-01       1.44544E-01       1.41291E-01       6.50600E-03       2.82843E-02       4.34742E+00       6.14252E-01       2.56368E-01
       1.44544E-01       1.51356E-01       1.47950E-01       6.81200E-03       2.96168E-02       4.34773E+00       6.43247E-01       2.85985E-01
       1.51356E-01       1.58489E-01       1.54923E-01       7.13300E-03       3.10132E-02       4.34784E+00       6.73578E-01       3.16998E-01
       1.58489E-01       1.65959E-01       1.62224E-01       7.47000E-03       3.24745E-02       4.34732E+00       7.05240E-01       3.49472E-01
       1.65959E-01       1.73780E-01       1.69869E-01       7.82100E-03       3.40053E-02       4.34794E+00       7.38583E-01       3.83478E-01
       1.73780E-01       1.81970E-01       1.77875E-01       8.19000E-03       3.56075E-02       4.34767E+00       7.73343E-01       4.19085E-01
       1.81970E-01       1.90546E-01       1.86258E-01       8.57600E-03       3.72860E-02       4.34771E+00       8.09797E-01       4.56371E-01
       1.90546E-01       1.99526E-01       1.95036E-01       8.98000E-03       3.90429E-02       4.34776E+00       8.47970E-01       4.95414E-01
       1.99526E-01       2.08930E-01       2.04228E-01       9.40400E-03       4.08831E-02       4.34742E+00       8.87864E-01       5.36297E-01
       2.08930E-01       2.18776E-01       2.13853E-01       9.84600E-03       4.28101E-02       4.34797E+00       9.29826E-01       5.79107E-01
       2.18776E-01       2.29087E-01       2.23931E-01       1.03110E-02       4.48273E-02       4.34752E+00       9.73547E-01       6.23935E-01
       2.29087E-01       2.39883E-01       2.34485E-01       1.07960E-02       4.69397E-02       4.34788E+00       1.01951E+00       6.70874E-01
       2.39883E-01       2.51189E-01       2.45536E-01       1.13060E-02       4.91518E-02       4.34741E+00       1.06745E+00       7.20026E-01
       2.51189E-01       2.63027E-01       2.57108E-01       1.18380E-02       5.14691E-02       4.34778E+00       1.11785E+00       7.71495E-01
       2.63027E-01       2.75423E-01       2.69225E-01       1.23960E-02       5.38944E-02       4.34773E+00       1.17052E+00       8.25390E-01
       2.75423E-01       2.88403E-01       2.81913E-01       1.29800E-02       5.64343E-02       4.34779E+00       1.22570E+00       8.81824E-01
       2.88403E-01       3.01995E-01       2.95199E-01       1.35920E-02       5.90942E-02       4.34772E+00       1.28344E+00       9.40918E-01
       3.01995E-01       3.16228E-01       3.09112E-01       1.42330E-02       5.60475E-02       3.93786E+00       1.21724E+00       9.96966E-01
       3.16228E-01       3.31131E-01       3.23680E-01       1.49030E-02       3.03447E-03       2.03615E-01       6.59059E-02       1.00000E+00

 Sum =                                                                         1.00000E+00
 Renormalization bin#   872 =                                                  2.01663E-08 barn        1.31826E+06        1.38038E+06        1.34932E+06
 Avg. Energy     bin#   872 =                                                  2.00636E-01 MeV         1.31826E+06        1.38038E+06
