"        MT=805 recoil spectrum "
" Initial neutron energy corresponds to the group:"
   7.58578E-01    7.94328E-01       0.00000E+00           813           836            24
 Debug druck set-a:   813      0.00000E+00        4.10470E-03        0.00000E+00
 Debug druck set-a:   814      1.02075E-08        4.29820E-03        4.38740E-11
 Debug druck set-a:   815      1.26209E-08        4.50070E-03        5.68030E-11
 Debug druck set-a:   816      1.26206E-08        4.71300E-03        5.94810E-11
 Debug druck set-a:   817      1.26207E-08        4.93500E-03        6.22830E-11
 Debug druck set-a:   818      1.26224E-08        5.16700E-03        6.52200E-11
 Debug druck set-a:   819      1.26210E-08        5.41100E-03        6.82920E-11
 Debug druck set-a:   820      1.26211E-08        5.66600E-03        7.15110E-11
 Debug druck set-a:   821      1.26191E-08        5.93400E-03        7.48820E-11
 Debug druck set-a:   822      1.26223E-08        6.21200E-03        7.84100E-11
 Debug druck set-a:   823      1.26202E-08        6.50600E-03        8.21070E-11
 Debug druck set-a:   824      1.26211E-08        6.81200E-03        8.59750E-11
 Debug druck set-a:   825      1.26213E-08        7.13300E-03        9.00280E-11
 Debug druck set-a:   826      1.26199E-08        7.47000E-03        9.42710E-11
 Debug druck set-a:   827      1.26215E-08        7.82100E-03        9.87130E-11
 Debug druck set-a:   828      1.26215E-08        8.19000E-03        1.03370E-10
 Debug druck set-a:   829      1.26213E-08        8.57600E-03        1.08240E-10
 Debug druck set-a:   830      1.26214E-08        8.98000E-03        1.13340E-10
 Debug druck set-a:   831      1.26202E-08        9.40400E-03        1.18680E-10
 Debug druck set-a:   832      1.26214E-08        9.84600E-03        1.24270E-10
 Debug druck set-a:   833      1.26205E-08        1.03110E-02        1.30130E-10
 Debug druck set-a:   834      1.26213E-08        1.07960E-02        1.36260E-10
 Debug druck set-a:   835      1.26198E-08        1.13060E-02        1.42680E-10
 Debug druck set-a:   836      6.91612E-09        1.18380E-02        8.18730E-11



          Low               High              Mid              Energy           Number             dn/de            E*dn/de          Cumulative
         Energy            Energy            Energy             Width          Fraction                               Sum   
         [MeV]             [MeV]             [MeV]              [MeV]

       8.70964E-02       9.12011E-02       8.91488E-02       4.10470E-03       0.00000E+00       0.00000E+00       0.00000E+00       0.00000E+00
       9.12011E-02       9.54993E-02       9.33502E-02       4.29820E-03       2.09854E-02       4.88237E+00       4.55770E-01       2.09854E-02
       9.54993E-02       1.00000E-01       9.77497E-02       4.50070E-03       2.71695E-02       6.03671E+00       5.90087E-01       4.81548E-02
       1.00000E-01       1.04713E-01       1.02357E-01       4.71300E-03       2.84504E-02       6.03657E+00       6.17883E-01       7.66052E-02
       1.04713E-01       1.09648E-01       1.07180E-01       4.93500E-03       2.97906E-02       6.03659E+00       6.47005E-01       1.06396E-01
       1.09648E-01       1.14815E-01       1.12231E-01       5.16700E-03       3.11954E-02       6.03743E+00       6.77590E-01       1.37591E-01
       1.14815E-01       1.20226E-01       1.17520E-01       5.41100E-03       3.26648E-02       6.03673E+00       7.09440E-01       1.70256E-01
       1.20226E-01       1.25892E-01       1.23059E-01       5.66600E-03       3.42044E-02       6.03679E+00       7.42881E-01       2.04460E-01
       1.25892E-01       1.31826E-01       1.28859E-01       5.93400E-03       3.58168E-02       6.03587E+00       7.77776E-01       2.40277E-01
       1.31826E-01       1.38038E-01       1.34932E-01       6.21200E-03       3.75043E-02       6.03740E+00       8.14638E-01       2.77782E-01
       1.38038E-01       1.44544E-01       1.41291E-01       6.50600E-03       3.92726E-02       6.03637E+00       8.52885E-01       3.17054E-01
       1.44544E-01       1.51356E-01       1.47950E-01       6.81200E-03       4.11227E-02       6.03681E+00       8.93145E-01       3.58177E-01
       1.51356E-01       1.58489E-01       1.54923E-01       7.13300E-03       4.30613E-02       6.03692E+00       9.35254E-01       4.01238E-01
       1.58489E-01       1.65959E-01       1.62224E-01       7.47000E-03       4.50908E-02       6.03625E+00       9.79225E-01       4.46329E-01
       1.65959E-01       1.73780E-01       1.69869E-01       7.82100E-03       4.72154E-02       6.03701E+00       1.02550E+00       4.93544E-01
       1.73780E-01       1.81970E-01       1.77875E-01       8.19000E-03       4.94429E-02       6.03699E+00       1.07383E+00       5.42987E-01
       1.81970E-01       1.90546E-01       1.86258E-01       8.57600E-03       5.17723E-02       6.03688E+00       1.12442E+00       5.94760E-01
       1.90546E-01       1.99526E-01       1.95036E-01       8.98000E-03       5.42117E-02       6.03694E+00       1.17742E+00       6.48971E-01
       1.99526E-01       2.08930E-01       2.04228E-01       9.40400E-03       5.67659E-02       6.03635E+00       1.23279E+00       7.05737E-01
       2.08930E-01       2.18776E-01       2.13853E-01       9.84600E-03       5.94396E-02       6.03693E+00       1.29102E+00       7.65177E-01
       2.18776E-01       2.29087E-01       2.23931E-01       1.03110E-02       6.22425E-02       6.03652E+00       1.35177E+00       8.27419E-01
       2.29087E-01       2.39883E-01       2.34485E-01       1.07960E-02       6.51746E-02       6.03692E+00       1.41557E+00       8.92594E-01
       2.39883E-01       2.51189E-01       2.45536E-01       1.13060E-02       6.82453E-02       6.03620E+00       1.48211E+00       9.60839E-01
       2.51189E-01       2.63027E-01       2.57108E-01       1.18380E-02       3.91607E-02       3.30805E+00       8.50526E-01       1.00000E+00

 Sum =                                                                         1.00000E+00
 Renormalization bin#   860 =                                                  2.09069E-09 barn        7.58578E+05        7.94328E+05        7.76453E+05
 Avg. Energy     bin#   860 =                                                  1.74945E-01 MeV         7.58578E+05        7.94328E+05
