"        MT=802 recoil spectrum "
" Initial neutron energy corresponds to the group:"
   1.99526E+00    2.08930E+00       0.00000E+00           819           849            31
 Debug druck set-a:   819      0.00000E+00        5.41100E-03        0.00000E+00
 Debug druck set-a:   820      1.19150E-05        5.66600E-03        6.75104E-08
 Debug druck set-a:   821      2.25042E-04        5.93400E-03        1.33540E-06
 Debug druck set-a:   822      2.25477E-04        6.21200E-03        1.40066E-06
 Debug druck set-a:   823      2.25436E-04        6.50600E-03        1.46669E-06
 Debug druck set-a:   824      2.25454E-04        6.81200E-03        1.53579E-06
 Debug druck set-a:   825      2.25456E-04        7.13300E-03        1.60818E-06
 Debug druck set-a:   826      2.25432E-04        7.47000E-03        1.68398E-06
 Debug druck set-a:   827      2.25462E-04        7.82100E-03        1.76334E-06
 Debug druck set-a:   828      2.25451E-04        8.19000E-03        1.84644E-06
 Debug druck set-a:   829      2.25450E-04        8.57600E-03        1.93346E-06
 Debug druck set-a:   830      2.25453E-04        8.98000E-03        2.02457E-06
 Debug druck set-a:   831      2.25436E-04        9.40400E-03        2.12000E-06
 Debug druck set-a:   832      2.25464E-04        9.84600E-03        2.21992E-06
 Debug druck set-a:   833      2.25442E-04        1.03110E-02        2.32453E-06
 Debug druck set-a:   834      2.25461E-04        1.07960E-02        2.43408E-06
 Debug druck set-a:   835      2.25436E-04        1.13060E-02        2.54878E-06
 Debug druck set-a:   836      2.25454E-04        1.18380E-02        2.66893E-06
 Debug druck set-a:   837      2.25453E-04        1.23960E-02        2.79471E-06
 Debug druck set-a:   838      2.25456E-04        1.29800E-02        2.92642E-06
 Debug druck set-a:   839      2.25450E-04        1.35920E-02        3.06432E-06
 Debug druck set-a:   840      2.25444E-04        1.42330E-02        3.20875E-06
 Debug druck set-a:   841      2.25455E-04        1.49030E-02        3.35996E-06
 Debug druck set-a:   842      2.25448E-04        1.56060E-02        3.51834E-06
 Debug druck set-a:   843      2.25453E-04        1.63410E-02        3.68413E-06
 Debug druck set-a:   844      2.25454E-04        1.71110E-02        3.85775E-06
 Debug druck set-a:   845      2.25448E-04        1.79180E-02        4.03958E-06
 Debug druck set-a:   846      2.25453E-04        1.87620E-02        4.22995E-06
 Debug druck set-a:   847      2.25444E-04        1.96470E-02        4.42929E-06
 Debug druck set-a:   848      2.25455E-04        2.05720E-02        4.63806E-06
 Debug druck set-a:   849      1.36543E-04        2.15420E-02        2.94140E-06



          Low               High              Mid              Energy           Number             dn/de            E*dn/de          Cumulative
         Energy            Energy            Energy             Width          Fraction                               Sum   
         [MeV]             [MeV]             [MeV]              [MeV]

       1.14815E-01       1.20226E-01       1.17520E-01       5.41100E-03       0.00000E+00       0.00000E+00       0.00000E+00       0.00000E+00
       1.20226E-01       1.25892E-01       1.23059E-01       5.66600E-03       8.69140E-04       1.53396E-01       1.88767E-02       8.69140E-04
       1.25892E-01       1.31826E-01       1.28859E-01       5.93400E-03       1.71922E-02       2.89723E+00       3.73334E-01       1.80613E-02
       1.31826E-01       1.38038E-01       1.34932E-01       6.21200E-03       1.80323E-02       2.90282E+00       3.91684E-01       3.60936E-02
       1.38038E-01       1.44544E-01       1.41291E-01       6.50600E-03       1.88824E-02       2.90231E+00       4.10070E-01       5.49760E-02
       1.44544E-01       1.51356E-01       1.47950E-01       6.81200E-03       1.97720E-02       2.90253E+00       4.29429E-01       7.47481E-02
       1.51356E-01       1.58489E-01       1.54923E-01       7.13300E-03       2.07040E-02       2.90256E+00       4.49672E-01       9.54520E-02
       1.58489E-01       1.65959E-01       1.62224E-01       7.47000E-03       2.16798E-02       2.90225E+00       4.70815E-01       1.17132E-01
       1.65959E-01       1.73780E-01       1.69869E-01       7.82100E-03       2.27015E-02       2.90264E+00       4.93070E-01       1.39833E-01
       1.73780E-01       1.81970E-01       1.77875E-01       8.19000E-03       2.37714E-02       2.90249E+00       5.16280E-01       1.63605E-01
       1.81970E-01       1.90546E-01       1.86258E-01       8.57600E-03       2.48917E-02       2.90248E+00       5.40611E-01       1.88496E-01
       1.90546E-01       1.99526E-01       1.95036E-01       8.98000E-03       2.60647E-02       2.90252E+00       5.66096E-01       2.14561E-01
       1.99526E-01       2.08930E-01       2.04228E-01       9.40400E-03       2.72932E-02       2.90230E+00       5.92731E-01       2.41854E-01
       2.08930E-01       2.18776E-01       2.13853E-01       9.84600E-03       2.85796E-02       2.90266E+00       6.20743E-01       2.70434E-01
       2.18776E-01       2.29087E-01       2.23931E-01       1.03110E-02       2.99264E-02       2.90237E+00       6.49933E-01       3.00360E-01
       2.29087E-01       2.39883E-01       2.34485E-01       1.07960E-02       3.13368E-02       2.90263E+00       6.80622E-01       3.31697E-01
       2.39883E-01       2.51189E-01       2.45536E-01       1.13060E-02       3.28134E-02       2.90230E+00       7.12619E-01       3.64511E-01
       2.51189E-01       2.63027E-01       2.57108E-01       1.18380E-02       3.43603E-02       2.90254E+00       7.46266E-01       3.98871E-01
       2.63027E-01       2.75423E-01       2.69225E-01       1.23960E-02       3.59796E-02       2.90251E+00       7.81429E-01       4.34850E-01
       2.75423E-01       2.88403E-01       2.81913E-01       1.29800E-02       3.76752E-02       2.90256E+00       8.18269E-01       4.72526E-01
       2.88403E-01       3.01995E-01       2.95199E-01       1.35920E-02       3.94506E-02       2.90248E+00       8.56811E-01       5.11976E-01
       3.01995E-01       3.16228E-01       3.09112E-01       1.42330E-02       4.13100E-02       2.90241E+00       8.97168E-01       5.53286E-01
       3.16228E-01       3.31131E-01       3.23680E-01       1.49030E-02       4.32567E-02       2.90255E+00       9.39496E-01       5.96543E-01
       3.31131E-01       3.46737E-01       3.38934E-01       1.56060E-02       4.52957E-02       2.90245E+00       9.83740E-01       6.41839E-01
       3.46737E-01       3.63078E-01       3.54908E-01       1.63410E-02       4.74301E-02       2.90252E+00       1.03013E+00       6.89269E-01
       3.63078E-01       3.80189E-01       3.71633E-01       1.71110E-02       4.96653E-02       2.90254E+00       1.07868E+00       7.38934E-01
       3.80189E-01       3.98107E-01       3.89148E-01       1.79180E-02       5.20062E-02       2.90246E+00       1.12949E+00       7.90940E-01
       3.98107E-01       4.16869E-01       4.07488E-01       1.87620E-02       5.44571E-02       2.90252E+00       1.18274E+00       8.45397E-01
       4.16869E-01       4.36516E-01       4.26692E-01       1.96470E-02       5.70234E-02       2.90240E+00       1.23843E+00       9.02421E-01
       4.36516E-01       4.57088E-01       4.46802E-01       2.05720E-02       5.97112E-02       2.90255E+00       1.29686E+00       9.62132E-01
       4.57088E-01       4.78630E-01       4.67859E-01       2.15420E-02       3.78681E-02       1.75787E+00       8.22436E-01       1.00000E+00

 Sum =                                                                         1.00000E+00
 Renormalization bin#   881 =                                                  7.76749E-05 barn        1.99526E+06        2.08930E+06        2.04228E+06
 Avg. Energy     bin#   881 =                                                  2.98027E-01 MeV         1.99526E+06        2.08930E+06
