"        MT=805 recoil spectrum "
" Initial neutron energy corresponds to the group:"
   1.51356E+00    1.58489E+00       0.00000E+00           814           844            31
 Debug druck set-a:   814      0.00000E+00        4.29820E-03        0.00000E+00
 Debug druck set-a:   815      1.05698E-06        4.50070E-03        4.75715E-09
 Debug druck set-a:   816      1.50537E-06        4.71300E-03        7.09481E-09
 Debug druck set-a:   817      1.50537E-06        4.93500E-03        7.42900E-09
 Debug druck set-a:   818      1.50558E-06        5.16700E-03        7.77931E-09
 Debug druck set-a:   819      1.50540E-06        5.41100E-03        8.14573E-09
 Debug druck set-a:   820      1.50543E-06        5.66600E-03        8.52975E-09
 Debug druck set-a:   821      1.50520E-06        5.93400E-03        8.93185E-09
 Debug druck set-a:   822      1.50557E-06        6.21200E-03        9.35261E-09
 Debug druck set-a:   823      1.50531E-06        6.50600E-03        9.79354E-09
 Debug druck set-a:   824      1.50543E-06        6.81200E-03        1.02550E-08
 Debug druck set-a:   825      1.50544E-06        7.13300E-03        1.07383E-08
 Debug druck set-a:   826      1.50527E-06        7.47000E-03        1.12444E-08
 Debug druck set-a:   827      1.50549E-06        7.82100E-03        1.17744E-08
 Debug druck set-a:   828      1.50540E-06        8.19000E-03        1.23292E-08
 Debug druck set-a:   829      1.50540E-06        8.57600E-03        1.29103E-08
 Debug druck set-a:   830      1.50542E-06        8.98000E-03        1.35187E-08
 Debug druck set-a:   831      1.50531E-06        9.40400E-03        1.41559E-08
 Debug druck set-a:   832      1.50549E-06        9.84600E-03        1.48231E-08
 Debug druck set-a:   833      1.50534E-06        1.03110E-02        1.55216E-08
 Debug druck set-a:   834      1.50547E-06        1.07960E-02        1.62531E-08
 Debug druck set-a:   835      1.50531E-06        1.13060E-02        1.70190E-08
 Debug druck set-a:   836      1.50542E-06        1.18380E-02        1.78212E-08
 Debug druck set-a:   837      1.50541E-06        1.23960E-02        1.86611E-08
 Debug druck set-a:   838      1.50544E-06        1.29800E-02        1.95406E-08
 Debug druck set-a:   839      1.50540E-06        1.35920E-02        2.04614E-08
 Debug druck set-a:   840      1.50536E-06        1.42330E-02        2.14258E-08
 Debug druck set-a:   841      1.50544E-06        1.49030E-02        2.24355E-08
 Debug druck set-a:   842      1.50538E-06        1.56060E-02        2.34930E-08
 Debug druck set-a:   843      1.18261E-06        1.63410E-02        1.93250E-08
 Debug druck set-a:   844      4.91456E-09        1.71110E-02        8.40930E-11



          Low               High              Mid              Energy           Number             dn/de            E*dn/de          Cumulative
         Energy            Energy            Energy             Width          Fraction                               Sum   
         [MeV]             [MeV]             [MeV]              [MeV]

       9.12011E-02       9.54993E-02       9.33502E-02       4.29820E-03       0.00000E+00       0.00000E+00       0.00000E+00       0.00000E+00
       9.54993E-02       1.00000E-01       9.77497E-02       4.50070E-03       1.20250E-02       2.67181E+00       2.61168E-01       1.20250E-02
       1.00000E-01       1.04713E-01       1.02357E-01       4.71300E-03       1.79341E-02       3.80524E+00       3.89491E-01       2.99591E-02
       1.04713E-01       1.09648E-01       1.07180E-01       4.93500E-03       1.87789E-02       3.80524E+00       4.07847E-01       4.87380E-02
       1.09648E-01       1.14815E-01       1.12231E-01       5.16700E-03       1.96644E-02       3.80576E+00       4.27126E-01       6.84023E-02
       1.14815E-01       1.20226E-01       1.17520E-01       5.41100E-03       2.05906E-02       3.80532E+00       4.47203E-01       8.89929E-02
       1.20226E-01       1.25892E-01       1.23059E-01       5.66600E-03       2.15613E-02       3.80538E+00       4.68287E-01       1.10554E-01
       1.25892E-01       1.31826E-01       1.28859E-01       5.93400E-03       2.25777E-02       3.80481E+00       4.90284E-01       1.33132E-01
       1.31826E-01       1.38038E-01       1.34932E-01       6.21200E-03       2.36413E-02       3.80575E+00       5.13517E-01       1.56773E-01
       1.38038E-01       1.44544E-01       1.41291E-01       6.50600E-03       2.47559E-02       3.80509E+00       5.37624E-01       1.81529E-01
       1.44544E-01       1.51356E-01       1.47950E-01       6.81200E-03       2.59224E-02       3.80540E+00       5.63008E-01       2.07452E-01
       1.51356E-01       1.58489E-01       1.54923E-01       7.13300E-03       2.71440E-02       3.80542E+00       5.89545E-01       2.34596E-01
       1.58489E-01       1.65959E-01       1.62224E-01       7.47000E-03       2.84233E-02       3.80500E+00       6.17262E-01       2.63019E-01
       1.65959E-01       1.73780E-01       1.69869E-01       7.82100E-03       2.97631E-02       3.80553E+00       6.46444E-01       2.92782E-01
       1.73780E-01       1.81970E-01       1.77875E-01       8.19000E-03       3.11655E-02       3.80531E+00       6.76869E-01       3.23947E-01
       1.81970E-01       1.90546E-01       1.86258E-01       8.57600E-03       3.26344E-02       3.80531E+00       7.08770E-01       3.56582E-01
       1.90546E-01       1.99526E-01       1.95036E-01       8.98000E-03       3.41723E-02       3.80537E+00       7.42185E-01       3.90754E-01
       1.99526E-01       2.08930E-01       2.04228E-01       9.40400E-03       3.57830E-02       3.80508E+00       7.77104E-01       4.26537E-01
       2.08930E-01       2.18776E-01       2.13853E-01       9.84600E-03       3.74695E-02       3.80556E+00       8.13830E-01       4.64007E-01
       2.18776E-01       2.29087E-01       2.23931E-01       1.03110E-02       3.92352E-02       3.80517E+00       8.52098E-01       5.03242E-01
       2.29087E-01       2.39883E-01       2.34485E-01       1.07960E-02       4.10842E-02       3.80550E+00       8.92334E-01       5.44326E-01
       2.39883E-01       2.51189E-01       2.45536E-01       1.13060E-02       4.30202E-02       3.80508E+00       9.34284E-01       5.87346E-01
       2.51189E-01       2.63027E-01       2.57108E-01       1.18380E-02       4.50480E-02       3.80538E+00       9.78392E-01       6.32394E-01
       2.63027E-01       2.75423E-01       2.69225E-01       1.23960E-02       4.71711E-02       3.80535E+00       1.02450E+00       6.79565E-01
       2.75423E-01       2.88403E-01       2.81913E-01       1.29800E-02       4.93943E-02       3.80542E+00       1.07280E+00       7.28960E-01
       2.88403E-01       3.01995E-01       2.95199E-01       1.35920E-02       5.17219E-02       3.80532E+00       1.12333E+00       7.80682E-01
       3.01995E-01       3.16228E-01       3.09112E-01       1.42330E-02       5.41597E-02       3.80522E+00       1.17624E+00       8.34841E-01
       3.16228E-01       3.31131E-01       3.23680E-01       1.49030E-02       5.67120E-02       3.80541E+00       1.23173E+00       8.91553E-01
       3.31131E-01       3.46737E-01       3.38934E-01       1.56060E-02       5.93851E-02       3.80527E+00       1.28974E+00       9.50938E-01
       3.46737E-01       3.63078E-01       3.54908E-01       1.63410E-02       4.88493E-02       2.98937E+00       1.06095E+00       9.99788E-01
       3.63078E-01       3.80189E-01       3.71633E-01       1.71110E-02       2.12568E-04       1.24229E-02       4.61677E-03       1.00000E+00

 Sum =                                                                         1.00000E+00
 Renormalization bin#   875 =                                                  3.95604E-07 barn        1.51356E+06        1.58489E+06        1.54922E+06
 Avg. Energy     bin#   875 =                                                  2.28315E-01 MeV         1.51356E+06        1.58489E+06
