"        MT=804 recoil spectrum "
" Initial neutron energy corresponds to the group:"
   1.04713E+00    1.09648E+00       0.00000E+00           815           840            26
 Debug druck set-a:   815      0.00000E+00        4.50070E-03        0.00000E+00
 Debug druck set-a:   816      3.04865E-07        4.71300E-03        1.43683E-09
 Debug druck set-a:   817      4.87532E-07        4.93500E-03        2.40597E-09
 Debug druck set-a:   818      4.87598E-07        5.16700E-03        2.51942E-09
 Debug druck set-a:   819      4.87542E-07        5.41100E-03        2.63809E-09
 Debug druck set-a:   820      4.87550E-07        5.66600E-03        2.76246E-09
 Debug druck set-a:   821      4.87476E-07        5.93400E-03        2.89268E-09
 Debug druck set-a:   822      4.87597E-07        6.21200E-03        3.02895E-09
 Debug druck set-a:   823      4.87511E-07        6.50600E-03        3.17175E-09
 Debug druck set-a:   824      4.87548E-07        6.81200E-03        3.32118E-09
 Debug druck set-a:   825      4.87555E-07        7.13300E-03        3.47773E-09
 Debug druck set-a:   826      4.87502E-07        7.47000E-03        3.64164E-09
 Debug druck set-a:   827      4.87567E-07        7.82100E-03        3.81326E-09
 Debug druck set-a:   828      4.87541E-07        8.19000E-03        3.99296E-09
 Debug druck set-a:   829      4.87542E-07        8.57600E-03        4.18116E-09
 Debug druck set-a:   830      4.87547E-07        8.98000E-03        4.37817E-09
 Debug druck set-a:   831      4.87511E-07        9.40400E-03        4.58455E-09
 Debug druck set-a:   832      4.87571E-07        9.84600E-03        4.80062E-09
 Debug druck set-a:   833      4.87522E-07        1.03110E-02        5.02684E-09
 Debug druck set-a:   834      4.87564E-07        1.07960E-02        5.26374E-09
 Debug druck set-a:   835      4.87511E-07        1.13060E-02        5.51180E-09
 Debug druck set-a:   836      4.87549E-07        1.18380E-02        5.77161E-09
 Debug druck set-a:   837      4.87545E-07        1.23960E-02        6.04361E-09
 Debug druck set-a:   838      4.87552E-07        1.29800E-02        6.32843E-09
 Debug druck set-a:   839      4.87541E-07        1.35920E-02        6.62666E-09
 Debug druck set-a:   840      3.56782E-07        1.42330E-02        5.07808E-09



          Low               High              Mid              Energy           Number             dn/de            E*dn/de          Cumulative
         Energy            Energy            Energy             Width          Fraction                               Sum   
         [MeV]             [MeV]             [MeV]              [MeV]

       9.54993E-02       1.00000E-01       9.77497E-02       4.50070E-03       0.00000E+00       0.00000E+00       0.00000E+00       0.00000E+00
       1.00000E-01       1.04713E-01       1.02357E-01       4.71300E-03       1.39908E-02       2.96856E+00       3.03851E-01       1.39908E-02
       1.04713E-01       1.09648E-01       1.07180E-01       4.93500E-03       2.34276E-02       4.74723E+00       5.08811E-01       3.74184E-02
       1.09648E-01       1.14815E-01       1.12231E-01       5.16700E-03       2.45323E-02       4.74788E+00       5.32861E-01       6.19507E-02
       1.14815E-01       1.20226E-01       1.17520E-01       5.41100E-03       2.56878E-02       4.74733E+00       5.57908E-01       8.76385E-02
       1.20226E-01       1.25892E-01       1.23059E-01       5.66600E-03       2.68988E-02       4.74741E+00       5.84211E-01       1.14537E-01
       1.25892E-01       1.31826E-01       1.28859E-01       5.93400E-03       2.81668E-02       4.74668E+00       6.11653E-01       1.42704E-01
       1.31826E-01       1.38038E-01       1.34932E-01       6.21200E-03       2.94937E-02       4.74786E+00       6.40638E-01       1.72198E-01
       1.38038E-01       1.44544E-01       1.41291E-01       6.50600E-03       3.08842E-02       4.74703E+00       6.70713E-01       2.03082E-01
       1.44544E-01       1.51356E-01       1.47950E-01       6.81200E-03       3.23392E-02       4.74739E+00       7.02376E-01       2.35421E-01
       1.51356E-01       1.58489E-01       1.54923E-01       7.13300E-03       3.38636E-02       4.74746E+00       7.35488E-01       2.69285E-01
       1.58489E-01       1.65959E-01       1.62224E-01       7.47000E-03       3.54596E-02       4.74694E+00       7.70067E-01       3.04744E-01
       1.65959E-01       1.73780E-01       1.69869E-01       7.82100E-03       3.71307E-02       4.74757E+00       8.06467E-01       3.41875E-01
       1.73780E-01       1.81970E-01       1.77875E-01       8.19000E-03       3.88805E-02       4.74732E+00       8.44429E-01       3.80756E-01
       1.81970E-01       1.90546E-01       1.86258E-01       8.57600E-03       4.07131E-02       4.74733E+00       8.84228E-01       4.21469E-01
       1.90546E-01       1.99526E-01       1.95036E-01       8.98000E-03       4.26314E-02       4.74737E+00       9.25909E-01       4.64100E-01
       1.99526E-01       2.08930E-01       2.04228E-01       9.40400E-03       4.46410E-02       4.74702E+00       9.69475E-01       5.08741E-01
       2.08930E-01       2.18776E-01       2.13853E-01       9.84600E-03       4.67449E-02       4.74761E+00       1.01529E+00       5.55486E-01
       2.18776E-01       2.29087E-01       2.23931E-01       1.03110E-02       4.89477E-02       4.74713E+00       1.06303E+00       6.04434E-01
       2.29087E-01       2.39883E-01       2.34485E-01       1.07960E-02       5.12545E-02       4.74754E+00       1.11323E+00       6.55688E-01
       2.39883E-01       2.51189E-01       2.45536E-01       1.13060E-02       5.36699E-02       4.74703E+00       1.16557E+00       7.09358E-01
       2.51189E-01       2.63027E-01       2.57108E-01       1.18380E-02       5.61997E-02       4.74740E+00       1.22059E+00       7.65558E-01
       2.63027E-01       2.75423E-01       2.69225E-01       1.23960E-02       5.88483E-02       4.74736E+00       1.27811E+00       8.24406E-01
       2.75423E-01       2.88403E-01       2.81913E-01       1.29800E-02       6.16216E-02       4.74743E+00       1.33836E+00       8.86028E-01
       2.88403E-01       3.01995E-01       2.95199E-01       1.35920E-02       6.45256E-02       4.74732E+00       1.40140E+00       9.50553E-01
       3.01995E-01       3.16228E-01       3.09112E-01       1.42330E-02       4.94466E-02       3.47408E+00       1.07388E+00       1.00000E+00

 Sum =                                                                         1.00000E+00
 Renormalization bin#   867 =                                                  1.02698E-07 barn        1.04713E+06        1.09648E+06        1.07180E+06
 Avg. Energy     bin#   867 =                                                  2.07170E-01 MeV         1.04713E+06        1.09648E+06
