"        MT=805 recoil spectrum "
" Initial neutron energy corresponds to the group:"
   1.04713E+00    1.09648E+00       0.00000E+00           813           839            27
 Debug druck set-a:   813      0.00000E+00        4.10470E-03        0.00000E+00
 Debug druck set-a:   814      7.80863E-08        4.29820E-03        3.35630E-10
 Debug druck set-a:   815      1.45751E-07        4.50070E-03        6.55980E-10
 Debug druck set-a:   816      1.45748E-07        4.71300E-03        6.86910E-10
 Debug druck set-a:   817      1.45747E-07        4.93500E-03        7.19260E-10
 Debug druck set-a:   818      1.45767E-07        5.16700E-03        7.53180E-10
 Debug druck set-a:   819      1.45749E-07        5.41100E-03        7.88650E-10
 Debug druck set-a:   820      1.45752E-07        5.66600E-03        8.25830E-10
 Debug druck set-a:   821      1.45730E-07        5.93400E-03        8.64760E-10
 Debug druck set-a:   822      1.45766E-07        6.21200E-03        9.05500E-10
 Debug druck set-a:   823      1.45741E-07        6.50600E-03        9.48190E-10
 Debug druck set-a:   824      1.45752E-07        6.81200E-03        9.92860E-10
 Debug druck set-a:   825      1.45755E-07        7.13300E-03        1.03967E-09
 Debug druck set-a:   826      1.45739E-07        7.47000E-03        1.08867E-09
 Debug druck set-a:   827      1.45758E-07        7.82100E-03        1.13997E-09
 Debug druck set-a:   828      1.45750E-07        8.19000E-03        1.19369E-09
 Debug druck set-a:   829      1.45750E-07        8.57600E-03        1.24995E-09
 Debug druck set-a:   830      1.45752E-07        8.98000E-03        1.30885E-09
 Debug druck set-a:   831      1.45741E-07        9.40400E-03        1.37055E-09
 Debug druck set-a:   832      1.45759E-07        9.84600E-03        1.43514E-09
 Debug druck set-a:   833      1.45744E-07        1.03110E-02        1.50277E-09
 Debug druck set-a:   834      1.45757E-07        1.07960E-02        1.57359E-09
 Debug druck set-a:   835      1.45741E-07        1.13060E-02        1.64775E-09
 Debug druck set-a:   836      1.45753E-07        1.18380E-02        1.72542E-09
 Debug druck set-a:   837      1.45751E-07        1.23960E-02        1.80673E-09
 Debug druck set-a:   838      1.45753E-07        1.29800E-02        1.89188E-09
 Debug druck set-a:   839      9.50714E-08        1.35920E-02        1.29221E-09



          Low               High              Mid              Energy           Number             dn/de            E*dn/de          Cumulative
         Energy            Energy            Energy             Width          Fraction                               Sum   
         [MeV]             [MeV]             [MeV]              [MeV]

       8.70964E-02       9.12011E-02       8.91488E-02       4.10470E-03       0.00000E+00       0.00000E+00       0.00000E+00       0.00000E+00
       9.12011E-02       9.54993E-02       9.33502E-02       4.29820E-03       1.12841E-02       2.62531E+00       2.45074E-01       1.12841E-02
       9.54993E-02       1.00000E-01       9.77497E-02       4.50070E-03       2.20545E-02       4.90024E+00       4.78996E-01       3.33386E-02
       1.00000E-01       1.04713E-01       1.02357E-01       4.71300E-03       2.30944E-02       4.90015E+00       5.01562E-01       5.64330E-02
       1.04713E-01       1.09648E-01       1.07180E-01       4.93500E-03       2.41820E-02       4.90010E+00       5.25196E-01       8.06150E-02
       1.09648E-01       1.14815E-01       1.12231E-01       5.16700E-03       2.53224E-02       4.90080E+00       5.50024E-01       1.05937E-01
       1.14815E-01       1.20226E-01       1.17520E-01       5.41100E-03       2.65150E-02       4.90020E+00       5.75873E-01       1.32452E-01
       1.20226E-01       1.25892E-01       1.23059E-01       5.66600E-03       2.77650E-02       4.90028E+00       6.03023E-01       1.60217E-01
       1.25892E-01       1.31826E-01       1.28859E-01       5.93400E-03       2.90738E-02       4.89953E+00       6.31349E-01       1.89291E-01
       1.31826E-01       1.38038E-01       1.34932E-01       6.21200E-03       3.04435E-02       4.90076E+00       6.61270E-01       2.19735E-01
       1.38038E-01       1.44544E-01       1.41291E-01       6.50600E-03       3.18788E-02       4.89991E+00       6.92313E-01       2.51614E-01
       1.44544E-01       1.51356E-01       1.47950E-01       6.81200E-03       3.33806E-02       4.90027E+00       7.24995E-01       2.84994E-01
       1.51356E-01       1.58489E-01       1.54923E-01       7.13300E-03       3.49544E-02       4.90038E+00       7.59179E-01       3.19949E-01
       1.58489E-01       1.65959E-01       1.62224E-01       7.47000E-03       3.66018E-02       4.89984E+00       7.94872E-01       3.56550E-01
       1.65959E-01       1.73780E-01       1.69869E-01       7.82100E-03       3.83266E-02       4.90047E+00       8.32440E-01       3.94877E-01
       1.73780E-01       1.81970E-01       1.77875E-01       8.19000E-03       4.01327E-02       4.90020E+00       8.71624E-01       4.35010E-01
       1.81970E-01       1.90546E-01       1.86258E-01       8.57600E-03       4.20242E-02       4.90021E+00       9.12703E-01       4.77034E-01
       1.90546E-01       1.99526E-01       1.95036E-01       8.98000E-03       4.40044E-02       4.90027E+00       9.55729E-01       5.21038E-01
       1.99526E-01       2.08930E-01       2.04228E-01       9.40400E-03       4.60788E-02       4.89992E+00       1.00070E+00       5.67117E-01
       2.08930E-01       2.18776E-01       2.13853E-01       9.84600E-03       4.82504E-02       4.90051E+00       1.04799E+00       6.15368E-01
       2.18776E-01       2.29087E-01       2.23931E-01       1.03110E-02       5.05242E-02       4.90003E+00       1.09727E+00       6.65892E-01
       2.29087E-01       2.39883E-01       2.34485E-01       1.07960E-02       5.29052E-02       4.90044E+00       1.14908E+00       7.18797E-01
       2.39883E-01       2.51189E-01       2.45536E-01       1.13060E-02       5.53985E-02       4.89992E+00       1.20311E+00       7.74195E-01
       2.51189E-01       2.63027E-01       2.57108E-01       1.18380E-02       5.80098E-02       4.90030E+00       1.25991E+00       8.32205E-01
       2.63027E-01       2.75423E-01       2.69225E-01       1.23960E-02       6.07435E-02       4.90025E+00       1.31927E+00       8.92949E-01
       2.75423E-01       2.88403E-01       2.81913E-01       1.29800E-02       6.36063E-02       4.90033E+00       1.38147E+00       9.56555E-01
       2.88403E-01       3.01995E-01       2.95199E-01       1.35920E-02       4.34450E-02       3.19636E+00       9.43564E-01       1.00000E+00

 Sum =                                                                         1.00000E+00
 Renormalization bin#   867 =                                                  2.97436E-08 barn        1.04713E+06        1.09648E+06        1.07180E+06
 Avg. Energy     bin#   867 =                                                  1.95324E-01 MeV         1.04713E+06        1.09648E+06
