"        MT= 66 recoil spectrum "
" Initial neutron energy corresponds to the group:"
   3.31131E+00    3.46737E+00       0.00000E+00           786           810            25
 Debug druck set-a:   786      0.00000E+00        1.18380E-03        0.00000E+00
 Debug druck set-a:   787      9.77968E-02        1.23960E-03        1.21229E-04
 Debug druck set-a:   788      2.37868E-01        1.29800E-03        3.08753E-04
 Debug druck set-a:   789      3.84351E-01        1.35920E-03        5.22409E-04
 Debug druck set-a:   790      5.04004E-01        1.42330E-03        7.17350E-04
 Debug druck set-a:   791      5.59309E-01        1.49030E-03        8.33539E-04
 Debug druck set-a:   792      5.93104E-01        1.56060E-03        9.25596E-04
 Debug druck set-a:   793      5.93117E-01        1.63410E-03        9.69213E-04
 Debug druck set-a:   794      5.93122E-01        1.71110E-03        1.01489E-03
 Debug druck set-a:   795      5.93102E-01        1.79180E-03        1.06272E-03
 Debug druck set-a:   796      5.93119E-01        1.87620E-03        1.11281E-03
 Debug druck set-a:   797      5.93092E-01        1.96470E-03        1.16525E-03
 Debug druck set-a:   798      5.93122E-01        2.05720E-03        1.22017E-03
 Debug druck set-a:   799      5.93107E-01        2.15420E-03        1.27767E-03
 Debug druck set-a:   800      5.93115E-01        2.25570E-03        1.33789E-03
 Debug druck set-a:   801      5.93095E-01        2.36210E-03        1.40095E-03
 Debug druck set-a:   802      5.93118E-01        2.47330E-03        1.46696E-03
 Debug druck set-a:   803      5.93112E-01        2.58990E-03        1.53610E-03
 Debug druck set-a:   804      5.93105E-01        2.71200E-03        1.60850E-03
 Debug druck set-a:   805      5.83382E-01        2.83970E-03        1.65663E-03
 Debug druck set-a:   806      5.47690E-01        2.97360E-03        1.62861E-03
 Debug druck set-a:   807      4.37667E-01        3.11380E-03        1.36281E-03
 Debug druck set-a:   808      3.23230E-01        3.26050E-03        1.05389E-03
 Debug druck set-a:   809      1.71356E-01        3.41420E-03        5.85042E-04
 Debug druck set-a:   810      3.44448E-02        3.57500E-03        1.23140E-04



          Low               High              Mid              Energy           Number             dn/de            E*dn/de          Cumulative
         Energy            Energy            Energy             Width          Fraction                               Sum   
         [MeV]             [MeV]             [MeV]              [MeV]

       2.51189E-02       2.63027E-02       2.57108E-02       1.18380E-03       0.00000E+00       0.00000E+00       0.00000E+00       0.00000E+00
       2.63027E-02       2.75423E-02       2.69225E-02       1.23960E-03       4.84681E-03       3.90997E+00       1.05266E-01       4.84681E-03
       2.75423E-02       2.88403E-02       2.81913E-02       1.29800E-03       1.23441E-02       9.51012E+00       2.68103E-01       1.71909E-02
       2.88403E-02       3.01995E-02       2.95199E-02       1.35920E-03       2.08862E-02       1.53666E+01       4.53620E-01       3.80772E-02
       3.01995E-02       3.16228E-02       3.09112E-02       1.42330E-03       2.86801E-02       2.01504E+01       6.22872E-01       6.67573E-02
       3.16228E-02       3.31131E-02       3.23680E-02       1.49030E-03       3.33254E-02       2.23615E+01       7.23797E-01       1.00083E-01
       3.31131E-02       3.46737E-02       3.38934E-02       1.56060E-03       3.70059E-02       2.37126E+01       8.03702E-01       1.37089E-01
       3.46737E-02       3.63078E-02       3.54908E-02       1.63410E-03       3.87497E-02       2.37132E+01       8.41598E-01       1.75838E-01
       3.63078E-02       3.80189E-02       3.71633E-02       1.71110E-03       4.05759E-02       2.37134E+01       8.81269E-01       2.16414E-01
       3.80189E-02       3.98107E-02       3.89148E-02       1.79180E-03       4.24882E-02       2.37126E+01       9.22770E-01       2.58902E-01
       3.98107E-02       4.16869E-02       4.07488E-02       1.87620E-03       4.44908E-02       2.37133E+01       9.66287E-01       3.03393E-01
       4.16869E-02       4.36516E-02       4.26693E-02       1.96470E-03       4.65874E-02       2.37122E+01       1.01178E+00       3.49981E-01
       4.36516E-02       4.57088E-02       4.46802E-02       2.05720E-03       4.87831E-02       2.37134E+01       1.05952E+00       3.98764E-01
       4.57088E-02       4.78630E-02       4.67859E-02       2.15420E-03       5.10820E-02       2.37128E+01       1.10942E+00       4.49846E-01
       4.78630E-02       5.01187E-02       4.89908E-02       2.25570E-03       5.34897E-02       2.37131E+01       1.16173E+00       5.03336E-01
       5.01187E-02       5.24808E-02       5.12998E-02       2.36210E-03       5.60108E-02       2.37123E+01       1.21643E+00       5.59346E-01
       5.24808E-02       5.49541E-02       5.37174E-02       2.47330E-03       5.86500E-02       2.37132E+01       1.27381E+00       6.17996E-01
       5.49541E-02       5.75440E-02       5.62491E-02       2.58990E-03       6.14142E-02       2.37130E+01       1.33383E+00       6.79411E-01
       5.75440E-02       6.02560E-02       5.89000E-02       2.71200E-03       6.43088E-02       2.37127E+01       1.39668E+00       7.43719E-01
       6.02560E-02       6.30957E-02       6.16758E-02       2.83970E-03       6.62331E-02       2.33240E+01       1.43853E+00       8.09952E-01
       6.30957E-02       6.60693E-02       6.45825E-02       2.97360E-03       6.51128E-02       2.18970E+01       1.41416E+00       8.75065E-01
       6.60693E-02       6.91831E-02       6.76262E-02       3.11380E-03       5.44860E-02       1.74982E+01       1.18334E+00       9.29551E-01
       6.91831E-02       7.24436E-02       7.08134E-02       3.26050E-03       4.21352E-02       1.29229E+01       9.15115E-01       9.71686E-01
       7.24436E-02       7.58578E-02       7.41507E-02       3.41420E-03       2.33903E-02       6.85091E+00       5.08000E-01       9.95077E-01
       7.58578E-02       7.94328E-02       7.76453E-02       3.57500E-03       4.92321E-03       1.37712E+00       1.06927E-01       1.00000E+00

 Sum =                                                                         1.00000E+00
 Renormalization bin#   892 =                                                  2.50121E-02 barn        3.31131E+06        3.46737E+06        3.38934E+06
 Avg. Energy     bin#   892 =                                                  5.01834E-02 MeV         3.31131E+06        3.46737E+06
