"        MT=802 recoil spectrum "
" Initial neutron energy corresponds to the group:"
   4.36516E-01    4.57088E-01       0.00000E+00           819           836            18
 Debug druck set-a:   819      0.00000E+00        5.41100E-03        0.00000E+00
 Debug druck set-a:   820      4.93629E-07        5.66600E-03        2.79690E-09
 Debug druck set-a:   821      6.49727E-07        5.93400E-03        3.85548E-09
 Debug druck set-a:   822      6.49887E-07        6.21200E-03        4.03710E-09
 Debug druck set-a:   823      6.49774E-07        6.50600E-03        4.22743E-09
 Debug druck set-a:   824      6.49824E-07        6.81200E-03        4.42660E-09
 Debug druck set-a:   825      6.49833E-07        7.13300E-03        4.63526E-09
 Debug druck set-a:   826      6.49762E-07        7.47000E-03        4.85372E-09
 Debug druck set-a:   827      6.49848E-07        7.82100E-03        5.08246E-09
 Debug druck set-a:   828      6.49814E-07        8.19000E-03        5.32198E-09
 Debug druck set-a:   829      6.49815E-07        8.57600E-03        5.57281E-09
 Debug druck set-a:   830      6.49822E-07        8.98000E-03        5.83540E-09
 Debug druck set-a:   831      6.49773E-07        9.40400E-03        6.11047E-09
 Debug druck set-a:   832      6.49854E-07        9.84600E-03        6.39846E-09
 Debug druck set-a:   833      6.49790E-07        1.03110E-02        6.69998E-09
 Debug druck set-a:   834      6.49844E-07        1.07960E-02        7.01572E-09
 Debug druck set-a:   835      6.49774E-07        1.13060E-02        7.34635E-09
 Debug druck set-a:   836      1.32166E-07        1.18380E-02        1.56458E-09



          Low               High              Mid              Energy           Number             dn/de            E*dn/de          Cumulative
         Energy            Energy            Energy             Width          Fraction                               Sum   
         [MeV]             [MeV]             [MeV]              [MeV]

       1.14815E-01       1.20226E-01       1.17520E-01       5.41100E-03       0.00000E+00       0.00000E+00       0.00000E+00       0.00000E+00
       1.20226E-01       1.25892E-01       1.23059E-01       5.66600E-03       3.26052E-02       5.75454E+00       7.08148E-01       3.26052E-02
       1.25892E-01       1.31826E-01       1.28859E-01       5.93400E-03       4.49458E-02       7.57428E+00       9.76014E-01       7.75510E-02
       1.31826E-01       1.38038E-01       1.34932E-01       6.21200E-03       4.70630E-02       7.57615E+00       1.02226E+00       1.24614E-01
       1.38038E-01       1.44544E-01       1.41291E-01       6.50600E-03       4.92818E-02       7.57483E+00       1.07026E+00       1.73896E-01
       1.44544E-01       1.51356E-01       1.47950E-01       6.81200E-03       5.16037E-02       7.57541E+00       1.12078E+00       2.25500E-01
       1.51356E-01       1.58489E-01       1.54923E-01       7.13300E-03       5.40362E-02       7.57552E+00       1.17362E+00       2.79536E-01
       1.58489E-01       1.65959E-01       1.62224E-01       7.47000E-03       5.65829E-02       7.57468E+00       1.22880E+00       3.36119E-01
       1.65959E-01       1.73780E-01       1.69869E-01       7.82100E-03       5.92495E-02       7.57569E+00       1.28688E+00       3.95368E-01
       1.73780E-01       1.81970E-01       1.77875E-01       8.19000E-03       6.20417E-02       7.57530E+00       1.34746E+00       4.57410E-01
       1.81970E-01       1.90546E-01       1.86258E-01       8.57600E-03       6.49658E-02       7.57530E+00       1.41096E+00       5.22376E-01
       1.90546E-01       1.99526E-01       1.95036E-01       8.98000E-03       6.80270E-02       7.57538E+00       1.47747E+00       5.90403E-01
       1.99526E-01       2.08930E-01       2.04228E-01       9.40400E-03       7.12336E-02       7.57482E+00       1.54699E+00       6.61636E-01
       2.08930E-01       2.18776E-01       2.13853E-01       9.84600E-03       7.45909E-02       7.57576E+00       1.62010E+00       7.36227E-01
       2.18776E-01       2.29087E-01       2.23931E-01       1.03110E-02       7.81059E-02       7.57501E+00       1.69628E+00       8.14333E-01
       2.29087E-01       2.39883E-01       2.34485E-01       1.07960E-02       8.17867E-02       7.57565E+00       1.77638E+00       8.96120E-01
       2.39883E-01       2.51189E-01       2.45536E-01       1.13060E-02       8.56411E-02       7.57483E+00       1.85989E+00       9.81761E-01
       2.51189E-01       2.63027E-01       2.57108E-01       1.18380E-02       1.82393E-02       1.54074E+00       3.96137E-01       1.00000E+00

 Sum =                                                                         1.00000E+00
 Renormalization bin#   848 =                                                  8.57807E-08 barn        4.36516E+05        4.57088E+05        4.46802E+05
 Avg. Energy     bin#   848 =                                                  1.87656E-01 MeV         4.36516E+05        4.57088E+05
