"        MT=803 recoil spectrum "
" Initial neutron energy corresponds to the group:"
   5.49541E-01    5.75440E-01       0.00000E+00           817           836            20
 Debug druck set-a:   817      0.00000E+00        4.93500E-03        0.00000E+00
 Debug druck set-a:   818      1.67902E-07        5.16700E-03        8.67550E-10
 Debug druck set-a:   819      2.18089E-07        5.41100E-03        1.18008E-09
 Debug druck set-a:   820      2.18094E-07        5.66600E-03        1.23572E-09
 Debug druck set-a:   821      2.18060E-07        5.93400E-03        1.29397E-09
 Debug druck set-a:   822      2.18113E-07        6.21200E-03        1.35492E-09
 Debug druck set-a:   823      2.18076E-07        6.50600E-03        1.41880E-09
 Debug druck set-a:   824      2.18093E-07        6.81200E-03        1.48565E-09
 Debug druck set-a:   825      2.18096E-07        7.13300E-03        1.55568E-09
 Debug druck set-a:   826      2.18072E-07        7.47000E-03        1.62900E-09
 Debug druck set-a:   827      2.18100E-07        7.82100E-03        1.70576E-09
 Debug druck set-a:   828      2.18089E-07        8.19000E-03        1.78615E-09
 Debug druck set-a:   829      2.18089E-07        8.57600E-03        1.87033E-09
 Debug druck set-a:   830      2.18091E-07        8.98000E-03        1.95846E-09
 Debug druck set-a:   831      2.18075E-07        9.40400E-03        2.05078E-09
 Debug druck set-a:   832      2.18103E-07        9.84600E-03        2.14744E-09
 Debug druck set-a:   833      2.18081E-07        1.03110E-02        2.24863E-09
 Debug druck set-a:   834      2.18099E-07        1.07960E-02        2.35460E-09
 Debug druck set-a:   835      2.18076E-07        1.13060E-02        2.46557E-09
 Debug druck set-a:   836      1.02776E-07        1.18380E-02        1.21666E-09



          Low               High              Mid              Energy           Number             dn/de            E*dn/de          Cumulative
         Energy            Energy            Energy             Width          Fraction                               Sum   
         [MeV]             [MeV]             [MeV]              [MeV]

       1.04713E-01       1.09648E-01       1.07180E-01       4.93500E-03       0.00000E+00       0.00000E+00       0.00000E+00       0.00000E+00
       1.09648E-01       1.14815E-01       1.12231E-01       5.16700E-03       2.72594E-02       5.27567E+00       5.92096E-01       2.72594E-02
       1.14815E-01       1.20226E-01       1.17520E-01       5.41100E-03       3.70794E-02       6.85260E+00       8.05321E-01       6.43388E-02
       1.20226E-01       1.25892E-01       1.23059E-01       5.66600E-03       3.88277E-02       6.85275E+00       8.43293E-01       1.03166E-01
       1.25892E-01       1.31826E-01       1.28859E-01       5.93400E-03       4.06580E-02       6.85169E+00       8.82903E-01       1.43824E-01
       1.31826E-01       1.38038E-01       1.34932E-01       6.21200E-03       4.25731E-02       6.85336E+00       9.24738E-01       1.86397E-01
       1.38038E-01       1.44544E-01       1.41291E-01       6.50600E-03       4.45803E-02       6.85218E+00       9.68151E-01       2.30978E-01
       1.44544E-01       1.51356E-01       1.47950E-01       6.81200E-03       4.66808E-02       6.85272E+00       1.01386E+00       2.77658E-01
       1.51356E-01       1.58489E-01       1.54923E-01       7.13300E-03       4.88812E-02       6.85282E+00       1.06166E+00       3.26540E-01
       1.58489E-01       1.65959E-01       1.62224E-01       7.47000E-03       5.11850E-02       6.85207E+00       1.11157E+00       3.77725E-01
       1.65959E-01       1.73780E-01       1.69869E-01       7.82100E-03       5.35969E-02       6.85294E+00       1.16411E+00       4.31322E-01
       1.73780E-01       1.81970E-01       1.77875E-01       8.19000E-03       5.61228E-02       6.85260E+00       1.21891E+00       4.87444E-01
       1.81970E-01       1.90546E-01       1.86258E-01       8.57600E-03       5.87678E-02       6.85259E+00       1.27635E+00       5.46212E-01
       1.90546E-01       1.99526E-01       1.95036E-01       8.98000E-03       6.15370E-02       6.85267E+00       1.33652E+00       6.07749E-01
       1.99526E-01       2.08930E-01       2.04228E-01       9.40400E-03       6.44378E-02       6.85217E+00       1.39940E+00       6.72187E-01
       2.08930E-01       2.18776E-01       2.13853E-01       9.84600E-03       6.74749E-02       6.85303E+00       1.46554E+00       7.39662E-01
       2.18776E-01       2.29087E-01       2.23931E-01       1.03110E-02       7.06544E-02       6.85233E+00       1.53445E+00       8.10316E-01
       2.29087E-01       2.39883E-01       2.34485E-01       1.07960E-02       7.39841E-02       6.85292E+00       1.60691E+00       8.84300E-01
       2.39883E-01       2.51189E-01       2.45536E-01       1.13060E-02       7.74709E-02       6.85219E+00       1.68246E+00       9.61771E-01
       2.51189E-01       2.63027E-01       2.57108E-01       1.18380E-02       3.82288E-02       3.22933E+00       8.30286E-01       1.00000E+00

 Sum =                                                                         1.00000E+00
 Renormalization bin#   853 =                                                  3.18257E-08 barn        5.49541E+05        5.75440E+05        5.62490E+05
 Avg. Energy     bin#   853 =                                                  1.83906E-01 MeV         5.49541E+05        5.75440E+05
