"        MT=808 recoil spectrum "
" Initial neutron energy corresponds to the group:"
   7.94328E-01    8.31764E-01       0.00000E+00           811           836            26
 Debug druck set-a:   811      0.00000E+00        3.74360E-03        0.00000E+00
 Debug druck set-a:   812      1.04936E-09        3.92000E-03        4.11350E-12
 Debug druck set-a:   813      2.19273E-09        4.10470E-03        9.00050E-12
 Debug druck set-a:   814      2.19273E-09        4.29820E-03        9.42480E-12
 Debug druck set-a:   815      2.19275E-09        4.50070E-03        9.86890E-12
 Debug druck set-a:   816      2.19266E-09        4.71300E-03        1.03340E-11
 Debug druck set-a:   817      2.19271E-09        4.93500E-03        1.08210E-11
 Debug druck set-a:   818      2.19296E-09        5.16700E-03        1.13310E-11
 Debug druck set-a:   819      2.19276E-09        5.41100E-03        1.18650E-11
 Debug druck set-a:   820      2.19273E-09        5.66600E-03        1.24240E-11
 Debug druck set-a:   821      2.19245E-09        5.93400E-03        1.30100E-11
 Debug druck set-a:   822      2.19301E-09        6.21200E-03        1.36230E-11
 Debug druck set-a:   823      2.19259E-09        6.50600E-03        1.42650E-11
 Debug druck set-a:   824      2.19275E-09        6.81200E-03        1.49370E-11
 Debug druck set-a:   825      2.19277E-09        7.13300E-03        1.56410E-11
 Debug druck set-a:   826      2.19250E-09        7.47000E-03        1.63780E-11
 Debug druck set-a:   827      2.19281E-09        7.82100E-03        1.71500E-11
 Debug druck set-a:   828      2.19267E-09        8.19000E-03        1.79580E-11
 Debug druck set-a:   829      2.19275E-09        8.57600E-03        1.88050E-11
 Debug druck set-a:   830      2.19276E-09        8.98000E-03        1.96910E-11
 Debug druck set-a:   831      2.19258E-09        9.40400E-03        2.06190E-11
 Debug druck set-a:   832      2.19287E-09        9.84600E-03        2.15910E-11
 Debug druck set-a:   833      2.19261E-09        1.03110E-02        2.26080E-11
 Debug druck set-a:   834      2.19285E-09        1.07960E-02        2.36740E-11
 Debug druck set-a:   835      2.09376E-09        1.13060E-02        2.36720E-11
 Debug druck set-a:   836      1.22783E-10        1.18380E-02        1.45350E-12



          Low               High              Mid              Energy           Number             dn/de            E*dn/de          Cumulative
         Energy            Energy            Energy             Width          Fraction                               Sum   
         [MeV]             [MeV]             [MeV]              [MeV]

       7.94328E-02       8.31764E-02       8.13046E-02       3.74360E-03       0.00000E+00       0.00000E+00       0.00000E+00       0.00000E+00
       8.31764E-02       8.70964E-02       8.51364E-02       3.92000E-03       1.12928E-02       2.88082E+00       2.45263E-01       1.12928E-02
       8.70964E-02       9.12011E-02       8.91488E-02       4.10470E-03       2.47091E-02       6.01971E+00       5.36650E-01       3.60019E-02
       9.12011E-02       9.54993E-02       9.33502E-02       4.29820E-03       2.58739E-02       6.01972E+00       5.61942E-01       6.18759E-02
       9.54993E-02       1.00000E-01       9.77497E-02       4.50070E-03       2.70931E-02       6.01976E+00       5.88429E-01       8.89690E-02
       1.00000E-01       1.04713E-01       1.02357E-01       4.71300E-03       2.83700E-02       6.01952E+00       6.16137E-01       1.17339E-01
       1.04713E-01       1.09648E-01       1.07180E-01       4.93500E-03       2.97069E-02       6.01964E+00       6.45189E-01       1.47046E-01
       1.09648E-01       1.14815E-01       1.12231E-01       5.16700E-03       3.11071E-02       6.02033E+00       6.75671E-01       1.78153E-01
       1.14815E-01       1.20226E-01       1.17520E-01       5.41100E-03       3.25730E-02       6.01978E+00       7.07448E-01       2.10726E-01
       1.20226E-01       1.25892E-01       1.23059E-01       5.66600E-03       3.41077E-02       6.01971E+00       7.40779E-01       2.44834E-01
       1.25892E-01       1.31826E-01       1.28859E-01       5.93400E-03       3.57164E-02       6.01895E+00       7.75595E-01       2.80550E-01
       1.31826E-01       1.38038E-01       1.34932E-01       6.21200E-03       3.73993E-02       6.02049E+00       8.12357E-01       3.17949E-01
       1.38038E-01       1.44544E-01       1.41291E-01       6.50600E-03       3.91618E-02       6.01933E+00       8.50477E-01       3.57111E-01
       1.44544E-01       1.51356E-01       1.47950E-01       6.81200E-03       4.10066E-02       6.01976E+00       8.90624E-01       3.98118E-01
       1.51356E-01       1.58489E-01       1.54923E-01       7.13300E-03       4.29393E-02       6.01981E+00       9.32604E-01       4.41057E-01
       1.58489E-01       1.65959E-01       1.62224E-01       7.47000E-03       4.49626E-02       6.01909E+00       9.76441E-01       4.86020E-01
       1.65959E-01       1.73780E-01       1.69869E-01       7.82100E-03       4.70820E-02       6.01994E+00       1.02260E+00       5.33102E-01
       1.73780E-01       1.81970E-01       1.77875E-01       8.19000E-03       4.93002E-02       6.01956E+00       1.07073E+00       5.82402E-01
       1.81970E-01       1.90546E-01       1.86258E-01       8.57600E-03       5.16255E-02       6.01976E+00       1.12123E+00       6.34027E-01
       1.90546E-01       1.99526E-01       1.95036E-01       8.98000E-03       5.40578E-02       6.01980E+00       1.17408E+00       6.88085E-01
       1.99526E-01       2.08930E-01       2.04228E-01       9.40400E-03       5.66054E-02       6.01929E+00       1.22931E+00       7.44691E-01
       2.08930E-01       2.18776E-01       2.13853E-01       9.84600E-03       5.92739E-02       6.02010E+00       1.28742E+00       8.03964E-01
       2.18776E-01       2.29087E-01       2.23931E-01       1.03110E-02       6.20659E-02       6.01938E+00       1.34793E+00       8.66030E-01
       2.29087E-01       2.39883E-01       2.34485E-01       1.07960E-02       6.49923E-02       6.02004E+00       1.41161E+00       9.31023E-01
       2.39883E-01       2.51189E-01       2.45536E-01       1.13060E-02       6.49869E-02       5.74800E+00       1.41134E+00       9.96010E-01
       2.51189E-01       2.63027E-01       2.57108E-01       1.18380E-02       3.99030E-03       3.37076E-01       8.66648E-02       1.00000E+00

 Sum =                                                                         1.00000E+00
 Renormalization bin#   861 =                                                  3.64258E-10 barn        7.94328E+05        8.31764E+05        8.13046E+05
 Avg. Energy     bin#   861 =                                                  1.68310E-01 MeV         7.94328E+05        8.31764E+05
