"        MT=808 recoil spectrum "
" Initial neutron energy corresponds to the group:"
   7.58578E-01    7.94328E-01       0.00000E+00           811           835            25
 Debug druck set-a:   811      0.00000E+00        3.74360E-03        0.00000E+00
 Debug druck set-a:   812      4.69337E-10        3.92000E-03        1.83980E-12
 Debug druck set-a:   813      9.18532E-10        4.10470E-03        3.77030E-12
 Debug druck set-a:   814      9.18525E-10        4.29820E-03        3.94800E-12
 Debug druck set-a:   815      9.18523E-10        4.50070E-03        4.13400E-12
 Debug druck set-a:   816      9.18502E-10        4.71300E-03        4.32890E-12
 Debug druck set-a:   817      9.18501E-10        4.93500E-03        4.53280E-12
 Debug druck set-a:   818      9.18638E-10        5.16700E-03        4.74660E-12
 Debug druck set-a:   819      9.18518E-10        5.41100E-03        4.97010E-12
 Debug druck set-a:   820      9.18532E-10        5.66600E-03        5.20440E-12
 Debug druck set-a:   821      9.18402E-10        5.93400E-03        5.44980E-12
 Debug druck set-a:   822      9.18625E-10        6.21200E-03        5.70650E-12
 Debug druck set-a:   823      9.18475E-10        6.50600E-03        5.97560E-12
 Debug druck set-a:   824      9.18541E-10        6.81200E-03        6.25710E-12
 Debug druck set-a:   825      9.18548E-10        7.13300E-03        6.55200E-12
 Debug druck set-a:   826      9.18447E-10        7.47000E-03        6.86080E-12
 Debug druck set-a:   827      9.18565E-10        7.82100E-03        7.18410E-12
 Debug druck set-a:   828      9.18522E-10        8.19000E-03        7.52270E-12
 Debug druck set-a:   829      9.18528E-10        8.57600E-03        7.87730E-12
 Debug druck set-a:   830      9.18530E-10        8.98000E-03        8.24840E-12
 Debug druck set-a:   831      9.18460E-10        9.40400E-03        8.63720E-12
 Debug druck set-a:   832      9.18576E-10        9.84600E-03        9.04430E-12
 Debug druck set-a:   833      9.18485E-10        1.03110E-02        9.47050E-12
 Debug druck set-a:   834      9.18562E-10        1.07960E-02        9.91680E-12
 Debug druck set-a:   835      4.95356E-10        1.13060E-02        5.60050E-12



          Low               High              Mid              Energy           Number             dn/de            E*dn/de          Cumulative
         Energy            Energy            Energy             Width          Fraction                               Sum   
         [MeV]             [MeV]             [MeV]              [MeV]

       7.94328E-02       8.31764E-02       8.13046E-02       3.74360E-03       0.00000E+00       0.00000E+00       0.00000E+00       0.00000E+00
       8.31764E-02       8.70964E-02       8.51364E-02       3.92000E-03       1.24497E-02       3.17595E+00       2.70389E-01       1.24497E-02
       8.70964E-02       9.12011E-02       8.91488E-02       4.10470E-03       2.55132E-02       6.21560E+00       5.54113E-01       3.79629E-02
       9.12011E-02       9.54993E-02       9.33502E-02       4.29820E-03       2.67157E-02       6.21555E+00       5.80223E-01       6.46786E-02
       9.54993E-02       1.00000E-01       9.77497E-02       4.50070E-03       2.79743E-02       6.21554E+00       6.07567E-01       9.26529E-02
       1.00000E-01       1.04713E-01       1.02357E-01       4.71300E-03       2.92932E-02       6.21540E+00       6.36186E-01       1.21946E-01
       1.04713E-01       1.09648E-01       1.07180E-01       4.93500E-03       3.06729E-02       6.21539E+00       6.66168E-01       1.52619E-01
       1.09648E-01       1.14815E-01       1.12231E-01       5.16700E-03       3.21197E-02       6.21631E+00       6.97666E-01       1.84739E-01
       1.14815E-01       1.20226E-01       1.17520E-01       5.41100E-03       3.36321E-02       6.21550E+00       7.30449E-01       2.18371E-01
       1.20226E-01       1.25892E-01       1.23059E-01       5.66600E-03       3.52176E-02       6.21560E+00       7.64885E-01       2.53588E-01
       1.25892E-01       1.31826E-01       1.28859E-01       5.93400E-03       3.68782E-02       6.21472E+00       8.00823E-01       2.90466E-01
       1.31826E-01       1.38038E-01       1.34932E-01       6.21200E-03       3.86152E-02       6.21623E+00       8.38768E-01       3.29082E-01
       1.38038E-01       1.44544E-01       1.41291E-01       6.50600E-03       4.04362E-02       6.21522E+00       8.78154E-01       3.69518E-01
       1.44544E-01       1.51356E-01       1.47950E-01       6.81200E-03       4.23411E-02       6.21566E+00       9.19607E-01       4.11859E-01
       1.51356E-01       1.58489E-01       1.54923E-01       7.13300E-03       4.43366E-02       6.21570E+00       9.62953E-01       4.56196E-01
       1.58489E-01       1.65959E-01       1.62224E-01       7.47000E-03       4.64262E-02       6.21502E+00       1.00823E+00       5.02622E-01
       1.65959E-01       1.73780E-01       1.69869E-01       7.82100E-03       4.86140E-02       6.21583E+00       1.05588E+00       5.51236E-01
       1.73780E-01       1.81970E-01       1.77875E-01       8.19000E-03       5.09052E-02       6.21554E+00       1.10559E+00       6.02141E-01
       1.81970E-01       1.90546E-01       1.86258E-01       8.57600E-03       5.33048E-02       6.21558E+00       1.15770E+00       6.55446E-01
       1.90546E-01       1.99526E-01       1.95036E-01       8.98000E-03       5.58160E-02       6.21559E+00       1.21226E+00       7.11262E-01
       1.99526E-01       2.08930E-01       2.04228E-01       9.40400E-03       5.84469E-02       6.21511E+00       1.26930E+00       7.69709E-01
       2.08930E-01       2.18776E-01       2.13853E-01       9.84600E-03       6.12017E-02       6.21590E+00       1.32929E+00       8.30911E-01
       2.18776E-01       2.29087E-01       2.23931E-01       1.03110E-02       6.40858E-02       6.21528E+00       1.39180E+00       8.94996E-01
       2.29087E-01       2.39883E-01       2.34485E-01       1.07960E-02       6.71058E-02       6.21580E+00       1.45751E+00       9.62102E-01
       2.39883E-01       2.51189E-01       2.45536E-01       1.13060E-02       3.78979E-02       3.35202E+00       8.23042E-01       1.00000E+00

 Sum =                                                                         1.00000E+00
 Renormalization bin#   860 =                                                  1.47778E-10 barn        7.58578E+05        7.94328E+05        7.76453E+05
 Avg. Energy     bin#   860 =                                                  1.65624E-01 MeV         7.58578E+05        7.94328E+05
