"        MT=805 recoil spectrum "
" Initial neutron energy corresponds to the group:"
   1.14815E+00    1.20226E+00       0.00000E+00           813           840            28
 Debug druck set-a:   813      0.00000E+00        4.10470E-03        0.00000E+00
 Debug druck set-a:   814      8.07339E-08        4.29820E-03        3.47010E-10
 Debug druck set-a:   815      2.09465E-07        4.50070E-03        9.42740E-10
 Debug druck set-a:   816      2.09459E-07        4.71300E-03        9.87180E-10
 Debug druck set-a:   817      2.09461E-07        4.93500E-03        1.03369E-09
 Debug druck set-a:   818      2.09489E-07        5.16700E-03        1.08243E-09
 Debug druck set-a:   819      2.09464E-07        5.41100E-03        1.13341E-09
 Debug druck set-a:   820      2.09469E-07        5.66600E-03        1.18685E-09
 Debug druck set-a:   821      2.09435E-07        5.93400E-03        1.24279E-09
 Debug druck set-a:   822      2.09488E-07        6.21200E-03        1.30134E-09
 Debug druck set-a:   823      2.09451E-07        6.50600E-03        1.36269E-09
 Debug druck set-a:   824      2.09467E-07        6.81200E-03        1.42689E-09
 Debug druck set-a:   825      2.09470E-07        7.13300E-03        1.49415E-09
 Debug druck set-a:   826      2.09447E-07        7.47000E-03        1.56457E-09
 Debug druck set-a:   827      2.09474E-07        7.82100E-03        1.63830E-09
 Debug druck set-a:   828      2.09464E-07        8.19000E-03        1.71551E-09
 Debug druck set-a:   829      2.09465E-07        8.57600E-03        1.79637E-09
 Debug druck set-a:   830      2.09467E-07        8.98000E-03        1.88101E-09
 Debug druck set-a:   831      2.09451E-07        9.40400E-03        1.96968E-09
 Debug druck set-a:   832      2.09477E-07        9.84600E-03        2.06251E-09
 Debug druck set-a:   833      2.09456E-07        1.03110E-02        2.15970E-09
 Debug druck set-a:   834      2.09474E-07        1.07960E-02        2.26148E-09
 Debug druck set-a:   835      2.09452E-07        1.13060E-02        2.36806E-09
 Debug druck set-a:   836      2.09468E-07        1.18380E-02        2.47968E-09
 Debug druck set-a:   837      2.09466E-07        1.23960E-02        2.59654E-09
 Debug druck set-a:   838      2.09469E-07        1.29800E-02        2.71891E-09
 Debug druck set-a:   839      2.09464E-07        1.35920E-02        2.84704E-09
 Debug druck set-a:   840      1.30573E-07        1.42330E-02        1.85845E-09



          Low               High              Mid              Energy           Number             dn/de            E*dn/de          Cumulative
         Energy            Energy            Energy             Width          Fraction                               Sum   
         [MeV]             [MeV]             [MeV]              [MeV]

       8.70964E-02       9.12011E-02       8.91488E-02       4.10470E-03       0.00000E+00       0.00000E+00       0.00000E+00       0.00000E+00
       9.12011E-02       9.54993E-02       9.33502E-02       4.29820E-03       7.63348E-03       1.77597E+00       1.65787E-01       7.63348E-03
       9.54993E-02       1.00000E-01       9.77497E-02       4.50070E-03       2.07383E-02       4.60778E+00       4.50409E-01       2.83717E-02
       1.00000E-01       1.04713E-01       1.02357E-01       4.71300E-03       2.17158E-02       4.60765E+00       4.71623E-01       5.00876E-02
       1.04713E-01       1.09648E-01       1.07180E-01       4.93500E-03       2.27390E-02       4.60769E+00       4.93855E-01       7.28265E-02
       1.09648E-01       1.14815E-01       1.12231E-01       5.16700E-03       2.38111E-02       4.60831E+00       5.17197E-01       9.66377E-02
       1.14815E-01       1.20226E-01       1.17520E-01       5.41100E-03       2.49326E-02       4.60776E+00       5.41506E-01       1.21570E-01
       1.20226E-01       1.25892E-01       1.23059E-01       5.66600E-03       2.61082E-02       4.60786E+00       5.67039E-01       1.47678E-01
       1.25892E-01       1.31826E-01       1.28859E-01       5.93400E-03       2.73387E-02       4.60713E+00       5.93670E-01       1.75017E-01
       1.31826E-01       1.38038E-01       1.34932E-01       6.21200E-03       2.86267E-02       4.60829E+00       6.21806E-01       2.03644E-01
       1.38038E-01       1.44544E-01       1.41291E-01       6.50600E-03       2.99763E-02       4.60748E+00       6.50995E-01       2.33620E-01
       1.44544E-01       1.51356E-01       1.47950E-01       6.81200E-03       3.13885E-02       4.60783E+00       6.81728E-01       2.65009E-01
       1.51356E-01       1.58489E-01       1.54923E-01       7.13300E-03       3.28681E-02       4.60789E+00       7.13866E-01       2.97877E-01
       1.58489E-01       1.65959E-01       1.62224E-01       7.47000E-03       3.44172E-02       4.60739E+00       7.47429E-01       3.32294E-01
       1.65959E-01       1.73780E-01       1.69869E-01       7.82100E-03       3.60391E-02       4.60799E+00       7.82757E-01       3.68333E-01
       1.73780E-01       1.81970E-01       1.77875E-01       8.19000E-03       3.77375E-02       4.60776E+00       8.19605E-01       4.06070E-01
       1.81970E-01       1.90546E-01       1.86258E-01       8.57600E-03       3.95163E-02       4.60778E+00       8.58235E-01       4.45587E-01
       1.90546E-01       1.99526E-01       1.95036E-01       8.98000E-03       4.13782E-02       4.60782E+00       8.98690E-01       4.86965E-01
       1.99526E-01       2.08930E-01       2.04228E-01       9.40400E-03       4.33287E-02       4.60748E+00       9.40976E-01       5.30294E-01
       2.08930E-01       2.18776E-01       2.13853E-01       9.84600E-03       4.53708E-02       4.60804E+00       9.85444E-01       5.75665E-01
       2.18776E-01       2.29087E-01       2.23931E-01       1.03110E-02       4.75088E-02       4.60758E+00       1.03178E+00       6.23173E-01
       2.29087E-01       2.39883E-01       2.34485E-01       1.07960E-02       4.97477E-02       4.60798E+00       1.08050E+00       6.72921E-01
       2.39883E-01       2.51189E-01       2.45536E-01       1.13060E-02       5.20922E-02       4.60749E+00       1.13130E+00       7.25013E-01
       2.51189E-01       2.63027E-01       2.57108E-01       1.18380E-02       5.45476E-02       4.60784E+00       1.18471E+00       7.79561E-01
       2.63027E-01       2.75423E-01       2.69225E-01       1.23960E-02       5.71183E-02       4.60780E+00       1.24054E+00       8.36679E-01
       2.75423E-01       2.88403E-01       2.81913E-01       1.29800E-02       5.98102E-02       4.60787E+00       1.29902E+00       8.96489E-01
       2.88403E-01       3.01995E-01       2.95199E-01       1.35920E-02       6.26288E-02       4.60777E+00       1.36021E+00       9.59118E-01
       3.01995E-01       3.16228E-01       3.09112E-01       1.42330E-02       4.08819E-02       2.87233E+00       8.87871E-01       1.00000E+00

 Sum =                                                                         1.00000E+00
 Renormalization bin#   869 =                                                  4.54590E-08 barn        1.14815E+06        1.20226E+06        1.17520E+06
 Avg. Energy     bin#   869 =                                                  2.02455E-01 MeV         1.14815E+06        1.20226E+06
