"        MT=809 recoil spectrum "
" Initial neutron energy corresponds to the group:"
   9.12011E-01    9.54993E-01       0.00000E+00           811           837            27
 Debug druck set-a:   811      0.00000E+00        3.74360E-03        0.00000E+00
 Debug druck set-a:   812      2.80000E-09        3.92000E-03        1.09760E-11
 Debug druck set-a:   813      6.18266E-09        4.10470E-03        2.53780E-11
 Debug druck set-a:   814      6.18259E-09        4.29820E-03        2.65740E-11
 Debug druck set-a:   815      6.18259E-09        4.50070E-03        2.78260E-11
 Debug druck set-a:   816      6.18247E-09        4.71300E-03        2.91380E-11
 Debug druck set-a:   817      6.18257E-09        4.93500E-03        3.05110E-11
 Debug druck set-a:   818      6.18328E-09        5.16700E-03        3.19490E-11
 Debug druck set-a:   819      6.18259E-09        5.41100E-03        3.34540E-11
 Debug druck set-a:   820      6.18267E-09        5.66600E-03        3.50310E-11
 Debug druck set-a:   821      6.18183E-09        5.93400E-03        3.66830E-11
 Debug druck set-a:   822      6.18336E-09        6.21200E-03        3.84110E-11
 Debug druck set-a:   823      6.18229E-09        6.50600E-03        4.02220E-11
 Debug druck set-a:   824      6.18277E-09        6.81200E-03        4.21170E-11
 Debug druck set-a:   825      6.18281E-09        7.13300E-03        4.41020E-11
 Debug druck set-a:   826      6.18220E-09        7.47000E-03        4.61810E-11
 Debug druck set-a:   827      6.18297E-09        7.82100E-03        4.83570E-11
 Debug druck set-a:   828      6.18266E-09        8.19000E-03        5.06360E-11
 Debug druck set-a:   829      6.18260E-09        8.57600E-03        5.30220E-11
 Debug druck set-a:   830      6.18274E-09        8.98000E-03        5.55210E-11
 Debug druck set-a:   831      6.18226E-09        9.40400E-03        5.81380E-11
 Debug druck set-a:   832      6.18302E-09        9.84600E-03        6.08780E-11
 Debug druck set-a:   833      6.18243E-09        1.03110E-02        6.37470E-11
 Debug druck set-a:   834      6.18294E-09        1.07960E-02        6.67510E-11
 Debug druck set-a:   835      6.18229E-09        1.13060E-02        6.98970E-11
 Debug druck set-a:   836      6.18272E-09        1.18380E-02        7.31910E-11
 Debug druck set-a:   837      1.68401E-09        1.23960E-02        2.08750E-11



          Low               High              Mid              Energy           Number             dn/de            E*dn/de          Cumulative
         Energy            Energy            Energy             Width          Fraction                               Sum   
         [MeV]             [MeV]             [MeV]              [MeV]

       7.94328E-02       8.31764E-02       8.13046E-02       3.74360E-03       0.00000E+00       0.00000E+00       0.00000E+00       0.00000E+00
       8.31764E-02       8.70964E-02       8.51364E-02       3.92000E-03       9.80380E-03       2.50097E+00       2.12924E-01       9.80380E-03
       8.70964E-02       9.12011E-02       8.91488E-02       4.10470E-03       2.26677E-02       5.52238E+00       4.92313E-01       3.24715E-02
       9.12011E-02       9.54993E-02       9.33502E-02       4.29820E-03       2.37360E-02       5.52231E+00       5.15509E-01       5.62075E-02
       9.54993E-02       1.00000E-01       9.77497E-02       4.50070E-03       2.48543E-02       5.52231E+00       5.39804E-01       8.10618E-02
       1.00000E-01       1.04713E-01       1.02357E-01       4.71300E-03       2.60262E-02       5.52221E+00       5.65234E-01       1.07088E-01
       1.04713E-01       1.09648E-01       1.07180E-01       4.93500E-03       2.72525E-02       5.52229E+00       5.91882E-01       1.34340E-01
       1.09648E-01       1.14815E-01       1.12231E-01       5.16700E-03       2.85370E-02       5.52292E+00       6.19846E-01       1.62877E-01
       1.14815E-01       1.20226E-01       1.17520E-01       5.41100E-03       2.98812E-02       5.52231E+00       6.48985E-01       1.92759E-01
       1.20226E-01       1.25892E-01       1.23059E-01       5.66600E-03       3.12898E-02       5.52238E+00       6.79579E-01       2.24048E-01
       1.25892E-01       1.31826E-01       1.28859E-01       5.93400E-03       3.27654E-02       5.52163E+00       7.11512E-01       2.56814E-01
       1.31826E-01       1.38038E-01       1.34932E-01       6.21200E-03       3.43088E-02       5.52299E+00       7.45228E-01       2.91123E-01
       1.38038E-01       1.44544E-01       1.41291E-01       6.50600E-03       3.59264E-02       5.52204E+00       7.80215E-01       3.27049E-01
       1.44544E-01       1.51356E-01       1.47950E-01       6.81200E-03       3.76190E-02       5.52247E+00       8.17049E-01       3.64668E-01
       1.51356E-01       1.58489E-01       1.54923E-01       7.13300E-03       3.93921E-02       5.52251E+00       8.55561E-01       4.04060E-01
       1.58489E-01       1.65959E-01       1.62224E-01       7.47000E-03       4.12490E-02       5.52196E+00       8.95794E-01       4.45309E-01
       1.65959E-01       1.73780E-01       1.69869E-01       7.82100E-03       4.31926E-02       5.52265E+00       9.38129E-01       4.88502E-01
       1.73780E-01       1.81970E-01       1.77875E-01       8.19000E-03       4.52282E-02       5.52237E+00       9.82292E-01       5.33730E-01
       1.81970E-01       1.90546E-01       1.86258E-01       8.57600E-03       4.73594E-02       5.52232E+00       1.02858E+00       5.81089E-01
       1.90546E-01       1.99526E-01       1.95036E-01       8.98000E-03       4.95915E-02       5.52244E+00       1.07708E+00       6.30681E-01
       1.99526E-01       2.08930E-01       2.04228E-01       9.40400E-03       5.19291E-02       5.52202E+00       1.12775E+00       6.82610E-01
       2.08930E-01       2.18776E-01       2.13853E-01       9.84600E-03       5.43764E-02       5.52269E+00       1.18104E+00       7.36987E-01
       2.18776E-01       2.29087E-01       2.23931E-01       1.03110E-02       5.69390E-02       5.52216E+00       1.23659E+00       7.93926E-01
       2.29087E-01       2.39883E-01       2.34485E-01       1.07960E-02       5.96222E-02       5.52262E+00       1.29497E+00       8.53548E-01
       2.39883E-01       2.51189E-01       2.45536E-01       1.13060E-02       6.24322E-02       5.52204E+00       1.35586E+00       9.15980E-01
       2.51189E-01       2.63027E-01       2.57108E-01       1.18380E-02       6.53744E-02       5.52242E+00       1.41986E+00       9.81354E-01
       2.63027E-01       2.75423E-01       2.69225E-01       1.23960E-02       1.86456E-02       1.50416E+00       4.04959E-01       1.00000E+00

 Sum =                                                                         1.00000E+00
 Renormalization bin#   864 =                                                  1.11957E-09 barn        9.12011E+05        9.54993E+05        9.33502E+05
 Avg. Energy     bin#   864 =                                                  1.75936E-01 MeV         9.12011E+05        9.54993E+05
