"        MT=803 recoil spectrum "
" Initial neutron energy corresponds to the group:"
   1.25892E+00    1.31826E+00       0.00000E+00           817           843            27
 Debug druck set-a:   817      0.00000E+00        4.93500E-03        0.00000E+00
 Debug druck set-a:   818      4.65864E-06        5.16700E-03        2.40712E-08
 Debug druck set-a:   819      7.28710E-06        5.41100E-03        3.94305E-08
 Debug druck set-a:   820      7.28722E-06        5.66600E-03        4.12894E-08
 Debug druck set-a:   821      7.28613E-06        5.93400E-03        4.32359E-08
 Debug druck set-a:   822      7.28793E-06        6.21200E-03        4.52726E-08
 Debug druck set-a:   823      7.28666E-06        6.50600E-03        4.74070E-08
 Debug druck set-a:   824      7.28721E-06        6.81200E-03        4.96405E-08
 Debug druck set-a:   825      7.28731E-06        7.13300E-03        5.19804E-08
 Debug druck set-a:   826      7.28652E-06        7.47000E-03        5.44303E-08
 Debug druck set-a:   827      7.28747E-06        7.82100E-03        5.69953E-08
 Debug druck set-a:   828      7.28711E-06        8.19000E-03        5.96814E-08
 Debug druck set-a:   829      7.28710E-06        8.57600E-03        6.24942E-08
 Debug druck set-a:   830      7.28718E-06        8.98000E-03        6.54389E-08
 Debug druck set-a:   831      7.28663E-06        9.40400E-03        6.85235E-08
 Debug druck set-a:   832      7.28755E-06        9.84600E-03        7.17532E-08
 Debug druck set-a:   833      7.28682E-06        1.03110E-02        7.51344E-08
 Debug druck set-a:   834      7.28744E-06        1.07960E-02        7.86752E-08
 Debug druck set-a:   835      7.28665E-06        1.13060E-02        8.23829E-08
 Debug druck set-a:   836      7.28723E-06        1.18380E-02        8.62662E-08
 Debug druck set-a:   837      7.28716E-06        1.23960E-02        9.03316E-08
 Debug druck set-a:   838      7.28727E-06        1.29800E-02        9.45888E-08
 Debug druck set-a:   839      7.28710E-06        1.35920E-02        9.90463E-08
 Debug druck set-a:   840      7.28687E-06        1.42330E-02        1.03714E-07
 Debug druck set-a:   841      7.28726E-06        1.49030E-02        1.08602E-07
 Debug druck set-a:   842      7.28700E-06        1.56060E-02        1.13721E-07
 Debug druck set-a:   843      4.32603E-06        1.63410E-02        7.06917E-08



          Low               High              Mid              Energy           Number             dn/de            E*dn/de          Cumulative
         Energy            Energy            Energy             Width          Fraction                               Sum   
         [MeV]             [MeV]             [MeV]              [MeV]

       1.04713E-01       1.09648E-01       1.07180E-01       4.93500E-03       0.00000E+00       0.00000E+00       0.00000E+00       0.00000E+00
       1.09648E-01       1.14815E-01       1.12231E-01       5.16700E-03       1.34868E-02       2.61018E+00       2.92944E-01       1.34868E-02
       1.14815E-01       1.20226E-01       1.17520E-01       5.41100E-03       2.20924E-02       4.08287E+00       4.79821E-01       3.55792E-02
       1.20226E-01       1.25892E-01       1.23059E-01       5.66600E-03       2.31339E-02       4.08294E+00       5.02442E-01       5.87131E-02
       1.25892E-01       1.31826E-01       1.28859E-01       5.93400E-03       2.42245E-02       4.08233E+00       5.26045E-01       8.29377E-02
       1.31826E-01       1.38038E-01       1.34932E-01       6.21200E-03       2.53657E-02       4.08333E+00       5.50972E-01       1.08303E-01
       1.38038E-01       1.44544E-01       1.41291E-01       6.50600E-03       2.65615E-02       4.08262E+00       5.76838E-01       1.34865E-01
       1.44544E-01       1.51356E-01       1.47950E-01       6.81200E-03       2.78129E-02       4.08293E+00       6.04070E-01       1.62678E-01
       1.51356E-01       1.58489E-01       1.54923E-01       7.13300E-03       2.91240E-02       4.08299E+00       6.32547E-01       1.91802E-01
       1.58489E-01       1.65959E-01       1.62224E-01       7.47000E-03       3.04966E-02       4.08254E+00       6.62287E-01       2.22298E-01
       1.65959E-01       1.73780E-01       1.69869E-01       7.82100E-03       3.19337E-02       4.08308E+00       6.93590E-01       2.54232E-01
       1.73780E-01       1.81970E-01       1.77875E-01       8.19000E-03       3.34387E-02       4.08287E+00       7.26241E-01       2.87671E-01
       1.81970E-01       1.90546E-01       1.86258E-01       8.57600E-03       3.50147E-02       4.08287E+00       7.60468E-01       3.22686E-01
       1.90546E-01       1.99526E-01       1.95036E-01       8.98000E-03       3.66646E-02       4.08292E+00       7.96316E-01       3.59350E-01
       1.99526E-01       2.08930E-01       2.04228E-01       9.40400E-03       3.83929E-02       4.08261E+00       8.33783E-01       3.97743E-01
       2.08930E-01       2.18776E-01       2.13853E-01       9.84600E-03       4.02024E-02       4.08312E+00       8.73188E-01       4.37945E-01
       2.18776E-01       2.29087E-01       2.23931E-01       1.03110E-02       4.20969E-02       4.08271E+00       9.14248E-01       4.80042E-01
       2.29087E-01       2.39883E-01       2.34485E-01       1.07960E-02       4.40807E-02       4.08306E+00       9.57416E-01       5.24123E-01
       2.39883E-01       2.51189E-01       2.45536E-01       1.13060E-02       4.61581E-02       4.08262E+00       1.00243E+00       5.70281E-01
       2.51189E-01       2.63027E-01       2.57108E-01       1.18380E-02       4.83339E-02       4.08294E+00       1.04976E+00       6.18615E-01
       2.63027E-01       2.75423E-01       2.69225E-01       1.23960E-02       5.06117E-02       4.08290E+00       1.09922E+00       6.69227E-01
       2.75423E-01       2.88403E-01       2.81913E-01       1.29800E-02       5.29969E-02       4.08297E+00       1.15104E+00       7.22224E-01
       2.88403E-01       3.01995E-01       2.95199E-01       1.35920E-02       5.54944E-02       4.08287E+00       1.20526E+00       7.77718E-01
       3.01995E-01       3.16228E-01       3.09112E-01       1.42330E-02       5.81096E-02       4.08274E+00       1.26202E+00       8.35828E-01
       3.16228E-01       3.31131E-01       3.23680E-01       1.49030E-02       6.08483E-02       4.08296E+00       1.32157E+00       8.96676E-01
       3.31131E-01       3.46737E-01       3.38934E-01       1.56060E-02       6.37164E-02       4.08282E+00       1.38381E+00       9.60392E-01
       3.46737E-01       3.63078E-01       3.54908E-01       1.63410E-02       3.96077E-02       2.42382E+00       8.60232E-01       1.00000E+00

 Sum =                                                                         1.00000E+00
 Renormalization bin#   871 =                                                  1.78480E-06 barn        1.25892E+06        1.31826E+06        1.28859E+06
 Avg. Energy     bin#   871 =                                                  2.34094E-01 MeV         1.25892E+06        1.31826E+06
