"        MT=809 recoil spectrum "
" Initial neutron energy corresponds to the group:"
   1.09648E+00    1.14815E+00       0.00000E+00           811           839            29
 Debug druck set-a:   811      0.00000E+00        3.74360E-03        0.00000E+00
 Debug druck set-a:   812      3.87117E-09        3.92000E-03        1.51750E-11
 Debug druck set-a:   813      2.49446E-08        4.10470E-03        1.02390E-10
 Debug druck set-a:   814      2.49454E-08        4.29820E-03        1.07220E-10
 Debug druck set-a:   815      2.49450E-08        4.50070E-03        1.12270E-10
 Debug druck set-a:   816      2.49438E-08        4.71300E-03        1.17560E-10
 Debug druck set-a:   817      2.49443E-08        4.93500E-03        1.23100E-10
 Debug druck set-a:   818      2.49487E-08        5.16700E-03        1.28910E-10
 Debug druck set-a:   819      2.49455E-08        5.41100E-03        1.34980E-10
 Debug druck set-a:   820      2.49453E-08        5.66600E-03        1.41340E-10
 Debug druck set-a:   821      2.49410E-08        5.93400E-03        1.48000E-10
 Debug druck set-a:   822      2.49485E-08        6.21200E-03        1.54980E-10
 Debug druck set-a:   823      2.49431E-08        6.50600E-03        1.62280E-10
 Debug druck set-a:   824      2.49457E-08        6.81200E-03        1.69930E-10
 Debug druck set-a:   825      2.49460E-08        7.13300E-03        1.77940E-10
 Debug druck set-a:   826      2.49424E-08        7.47000E-03        1.86320E-10
 Debug druck set-a:   827      2.49457E-08        7.82100E-03        1.95100E-10
 Debug druck set-a:   828      2.49451E-08        8.19000E-03        2.04300E-10
 Debug druck set-a:   829      2.49452E-08        8.57600E-03        2.13930E-10
 Debug druck set-a:   830      2.49454E-08        8.98000E-03        2.24010E-10
 Debug druck set-a:   831      2.49436E-08        9.40400E-03        2.34570E-10
 Debug druck set-a:   832      2.49462E-08        9.84600E-03        2.45620E-10
 Debug druck set-a:   833      2.49442E-08        1.03110E-02        2.57200E-10
 Debug druck set-a:   834      2.49463E-08        1.07960E-02        2.69320E-10
 Debug druck set-a:   835      2.49434E-08        1.13060E-02        2.82010E-10
 Debug druck set-a:   836      2.49451E-08        1.18380E-02        2.95300E-10
 Debug druck set-a:   837      2.49451E-08        1.23960E-02        3.09220E-10
 Debug druck set-a:   838      2.48767E-08        1.29800E-02        3.22900E-10
 Debug druck set-a:   839      5.18246E-09        1.35920E-02        7.04400E-11



          Low               High              Mid              Energy           Number             dn/de            E*dn/de          Cumulative
         Energy            Energy            Energy             Width          Fraction                               Sum   
         [MeV]             [MeV]             [MeV]              [MeV]

       7.94328E-02       8.31764E-02       8.13046E-02       3.74360E-03       0.00000E+00       0.00000E+00       0.00000E+00       0.00000E+00
       8.31764E-02       8.70964E-02       8.51364E-02       3.92000E-03       2.97181E-03       7.58115E-01       6.45432E-02       2.97181E-03
       8.70964E-02       9.12011E-02       8.91488E-02       4.10470E-03       2.00516E-02       4.88504E+00       4.35495E-01       2.30235E-02
       9.12011E-02       9.54993E-02       9.33502E-02       4.29820E-03       2.09975E-02       4.88520E+00       4.56034E-01       4.40210E-02
       9.54993E-02       1.00000E-01       9.77497E-02       4.50070E-03       2.19865E-02       4.88513E+00       4.77519E-01       6.60075E-02
       1.00000E-01       1.04713E-01       1.02357E-01       4.71300E-03       2.30225E-02       4.88489E+00       5.00000E-01       8.90300E-02
       1.04713E-01       1.09648E-01       1.07180E-01       4.93500E-03       2.41074E-02       4.88499E+00       5.23575E-01       1.13137E-01
       1.09648E-01       1.14815E-01       1.12231E-01       5.16700E-03       2.52452E-02       4.88585E+00       5.48347E-01       1.38383E-01
       1.14815E-01       1.20226E-01       1.17520E-01       5.41100E-03       2.64339E-02       4.88522E+00       5.74114E-01       1.64817E-01
       1.20226E-01       1.25892E-01       1.23059E-01       5.66600E-03       2.76795E-02       4.88518E+00       6.01166E-01       1.92496E-01
       1.25892E-01       1.31826E-01       1.28859E-01       5.93400E-03       2.89837E-02       4.88435E+00       6.29392E-01       2.21480E-01
       1.31826E-01       1.38038E-01       1.34932E-01       6.21200E-03       3.03507E-02       4.88581E+00       6.59252E-01       2.51830E-01
       1.38038E-01       1.44544E-01       1.41291E-01       6.50600E-03       3.17803E-02       4.88476E+00       6.90173E-01       2.83611E-01
       1.44544E-01       1.51356E-01       1.47950E-01       6.81200E-03       3.32784E-02       4.88526E+00       7.22774E-01       3.16889E-01
       1.51356E-01       1.58489E-01       1.54923E-01       7.13300E-03       3.48470E-02       4.88533E+00       7.56847E-01       3.51736E-01
       1.58489E-01       1.65959E-01       1.62224E-01       7.47000E-03       3.64882E-02       4.88463E+00       7.92403E-01       3.88224E-01
       1.65959E-01       1.73780E-01       1.69869E-01       7.82100E-03       3.82076E-02       4.88526E+00       8.29856E-01       4.26432E-01
       1.73780E-01       1.81970E-01       1.77875E-01       8.19000E-03       4.00093E-02       4.88514E+00       8.68944E-01       4.66441E-01
       1.81970E-01       1.90546E-01       1.86258E-01       8.57600E-03       4.18952E-02       4.88517E+00       9.09901E-01       5.08336E-01
       1.90546E-01       1.99526E-01       1.95036E-01       8.98000E-03       4.38692E-02       4.88521E+00       9.52792E-01       5.52205E-01
       1.99526E-01       2.08930E-01       2.04228E-01       9.40400E-03       4.59372E-02       4.88486E+00       9.97625E-01       5.98143E-01
       2.08930E-01       2.18776E-01       2.13853E-01       9.84600E-03       4.81012E-02       4.88536E+00       1.04475E+00       6.46244E-01
       2.18776E-01       2.29087E-01       2.23931E-01       1.03110E-02       5.03690E-02       4.88498E+00       1.09390E+00       6.96613E-01
       2.29087E-01       2.39883E-01       2.34485E-01       1.07960E-02       5.27425E-02       4.88538E+00       1.14555E+00       7.49355E-01
       2.39883E-01       2.51189E-01       2.45536E-01       1.13060E-02       5.52277E-02       4.88481E+00       1.19940E+00       8.04583E-01
       2.51189E-01       2.63027E-01       2.57108E-01       1.18380E-02       5.78304E-02       4.88515E+00       1.25601E+00       8.62414E-01
       2.63027E-01       2.75423E-01       2.69225E-01       1.23960E-02       6.05564E-02       4.88516E+00       1.31521E+00       9.22970E-01
       2.75423E-01       2.88403E-01       2.81913E-01       1.29800E-02       6.32354E-02       4.87176E+00       1.37341E+00       9.86205E-01
       2.88403E-01       3.01995E-01       2.95199E-01       1.35920E-02       1.37947E-02       1.01491E+00       2.99601E-01       1.00000E+00

 Sum =                                                                         1.00000E+00
 Renormalization bin#   868 =                                                  5.10631E-09 barn        1.09648E+06        1.14815E+06        1.12232E+06
 Avg. Energy     bin#   868 =                                                  1.88911E-01 MeV         1.09648E+06        1.14815E+06
