"        MT= 60 recoil spectrum "
" Initial neutron energy corresponds to the group:"
   3.01995E+00    3.16228E+00       0.00000E+00           780           810            31
 Debug druck set-a:   780      0.00000E+00        8.98000E-04        0.00000E+00
 Debug druck set-a:   781      3.15764E-03        9.40400E-04        2.96945E-06
 Debug druck set-a:   782      1.29035E-01        9.84600E-04        1.27048E-04
 Debug druck set-a:   783      2.90447E-01        1.03110E-03        2.99480E-04
 Debug druck set-a:   784      4.42092E-01        1.07960E-03        4.77283E-04
 Debug druck set-a:   785      5.39272E-01        1.13060E-03        6.09701E-04
 Debug druck set-a:   786      5.64371E-01        1.18380E-03        6.68102E-04
 Debug druck set-a:   787      5.64365E-01        1.23960E-03        6.99588E-04
 Debug druck set-a:   788      5.64374E-01        1.29800E-03        7.32558E-04
 Debug druck set-a:   789      5.64361E-01        1.35920E-03        7.67079E-04
 Debug druck set-a:   790      5.64344E-01        1.42330E-03        8.03232E-04
 Debug druck set-a:   791      5.64373E-01        1.49030E-03        8.41085E-04
 Debug druck set-a:   792      5.64355E-01        1.56060E-03        8.80731E-04
 Debug druck set-a:   793      5.64368E-01        1.63410E-03        9.22234E-04
 Debug druck set-a:   794      5.64372E-01        1.71110E-03        9.65695E-04
 Debug druck set-a:   795      5.64354E-01        1.79180E-03        1.01121E-03
 Debug druck set-a:   796      5.64370E-01        1.87620E-03        1.05887E-03
 Debug druck set-a:   797      5.64345E-01        1.96470E-03        1.10877E-03
 Debug druck set-a:   798      5.64374E-01        2.05720E-03        1.16103E-03
 Debug druck set-a:   799      5.64358E-01        2.15420E-03        1.21574E-03
 Debug druck set-a:   800      5.64366E-01        2.25570E-03        1.27304E-03
 Debug druck set-a:   801      5.64345E-01        2.36210E-03        1.33304E-03
 Debug druck set-a:   802      5.64371E-01        2.47330E-03        1.39586E-03
 Debug druck set-a:   803      5.64362E-01        2.58990E-03        1.46164E-03
 Debug druck set-a:   804      5.64355E-01        2.71200E-03        1.53053E-03
 Debug druck set-a:   805      5.64377E-01        2.83970E-03        1.60266E-03
 Debug druck set-a:   806      5.44717E-01        2.97360E-03        1.61977E-03
 Debug druck set-a:   807      4.53336E-01        3.11380E-03        1.41160E-03
 Debug druck set-a:   808      3.11799E-01        3.26050E-03        1.01662E-03
 Debug druck set-a:   809      1.44308E-01        3.41420E-03        4.92696E-04
 Debug druck set-a:   810      6.53874E-03        3.57500E-03        2.33760E-05



          Low               High              Mid              Energy           Number             dn/de            E*dn/de          Cumulative
         Energy            Energy            Energy             Width          Fraction                               Sum   
         [MeV]             [MeV]             [MeV]              [MeV]

       1.90546E-02       1.99526E-02       1.95036E-02       8.98000E-04       0.00000E+00       0.00000E+00       0.00000E+00       0.00000E+00
       1.99526E-02       2.08930E-02       2.04228E-02       9.40400E-04       1.07928E-04       1.14768E-01       2.34389E-03       1.07928E-04
       2.08930E-02       2.18776E-02       2.13853E-02       9.84600E-04       4.61770E-03       4.68993E+00       1.00296E-01       4.72563E-03
       2.18776E-02       2.29087E-02       2.23931E-02       1.03110E-03       1.08849E-02       1.05566E+01       2.36396E-01       1.56106E-02
       2.29087E-02       2.39883E-02       2.34485E-02       1.07960E-03       1.73474E-02       1.60683E+01       3.76778E-01       3.29580E-02
       2.39883E-02       2.51189E-02       2.45536E-02       1.13060E-03       2.21603E-02       1.96005E+01       4.81262E-01       5.51182E-02
       2.51189E-02       2.63027E-02       2.57108E-02       1.18380E-03       2.42829E-02       2.05127E+01       5.27398E-01       7.94012E-02
       2.63027E-02       2.75423E-02       2.69225E-02       1.23960E-03       2.54273E-02       2.05125E+01       5.52248E-01       1.04828E-01
       2.75423E-02       2.88403E-02       2.81913E-02       1.29800E-03       2.66257E-02       2.05128E+01       5.78283E-01       1.31454E-01
       2.88403E-02       3.01995E-02       2.95199E-02       1.35920E-03       2.78804E-02       2.05123E+01       6.05522E-01       1.59334E-01
       3.01995E-02       3.16228E-02       3.09112E-02       1.42330E-03       2.91944E-02       2.05117E+01       6.34042E-01       1.88529E-01
       3.16228E-02       3.31131E-02       3.23680E-02       1.49030E-03       3.05702E-02       2.05128E+01       6.63956E-01       2.19099E-01
       3.31131E-02       3.46737E-02       3.38934E-02       1.56060E-03       3.20112E-02       2.05121E+01       6.95226E-01       2.51110E-01
       3.46737E-02       3.63078E-02       3.54908E-02       1.63410E-03       3.35196E-02       2.05126E+01       7.28007E-01       2.84630E-01
       3.63078E-02       3.80189E-02       3.71633E-02       1.71110E-03       3.50993E-02       2.05127E+01       7.62322E-01       3.19729E-01
       3.80189E-02       3.98107E-02       3.89148E-02       1.79180E-03       3.67536E-02       2.05121E+01       7.98224E-01       3.56483E-01
       3.98107E-02       4.16869E-02       4.07488E-02       1.87620E-03       3.84858E-02       2.05127E+01       8.35866E-01       3.94969E-01
       4.16869E-02       4.36516E-02       4.26693E-02       1.96470E-03       4.02995E-02       2.05118E+01       8.75221E-01       4.35268E-01
       4.36516E-02       4.57088E-02       4.46802E-02       2.05720E-03       4.21990E-02       2.05128E+01       9.16517E-01       4.77467E-01
       4.57088E-02       4.78630E-02       4.67859E-02       2.15420E-03       4.41875E-02       2.05122E+01       9.59684E-01       5.21655E-01
       4.78630E-02       5.01187E-02       4.89908E-02       2.25570E-03       4.62701E-02       2.05125E+01       1.00493E+00       5.67925E-01
       5.01187E-02       5.24808E-02       5.12998E-02       2.36210E-03       4.84509E-02       2.05118E+01       1.05225E+00       6.16376E-01
       5.24808E-02       5.49541E-02       5.37174E-02       2.47330E-03       5.07341E-02       2.05127E+01       1.10189E+00       6.67110E-01
       5.49541E-02       5.75440E-02       5.62491E-02       2.58990E-03       5.31250E-02       2.05124E+01       1.15380E+00       7.20235E-01
       5.75440E-02       6.02560E-02       5.89000E-02       2.71200E-03       5.56289E-02       2.05121E+01       1.20816E+00       7.75863E-01
       6.02560E-02       6.30957E-02       6.16758E-02       2.83970E-03       5.82505E-02       2.05129E+01       1.26515E+00       8.34114E-01
       6.30957E-02       6.60693E-02       6.45825E-02       2.97360E-03       5.88724E-02       1.97984E+01       1.27863E+00       8.92986E-01
       6.60693E-02       6.91831E-02       6.76262E-02       3.11380E-03       5.13062E-02       1.64770E+01       1.11428E+00       9.44292E-01
       6.91831E-02       7.24436E-02       7.08134E-02       3.26050E-03       3.69502E-02       1.13327E+01       8.02505E-01       9.81243E-01
       7.24436E-02       7.58578E-02       7.41507E-02       3.41420E-03       1.79076E-02       5.24504E+00       3.88924E-01       9.99150E-01
       7.58578E-02       7.94328E-02       7.76453E-02       3.57500E-03       8.49627E-04       2.37658E-01       1.84530E-02       1.00000E+00

 Sum =                                                                         1.00000E+00
 Renormalization bin#   890 =                                                  2.75132E-02 barn        3.01995E+06        3.16228E+06        3.09112E+06
 Avg. Energy     bin#   890 =                                                  4.69372E-02 MeV         3.01995E+06        3.16228E+06
