"        MT=802 recoil spectrum "
" Initial neutron energy corresponds to the group:"
   1.65959E+00    1.73780E+00       0.00000E+00           819           847            29
 Debug druck set-a:   819      0.00000E+00        5.41100E-03        0.00000E+00
 Debug druck set-a:   820      5.08609E-05        5.66600E-03        2.88178E-07
 Debug druck set-a:   821      8.94550E-05        5.93400E-03        5.30826E-07
 Debug druck set-a:   822      8.94770E-05        6.21200E-03        5.55831E-07
 Debug druck set-a:   823      8.94616E-05        6.50600E-03        5.82037E-07
 Debug druck set-a:   824      8.94683E-05        6.81200E-03        6.09458E-07
 Debug druck set-a:   825      8.94695E-05        7.13300E-03        6.38186E-07
 Debug druck set-a:   826      8.94598E-05        7.47000E-03        6.68265E-07
 Debug druck set-a:   827      8.94716E-05        7.82100E-03        6.99757E-07
 Debug druck set-a:   828      8.94670E-05        8.19000E-03        7.32735E-07
 Debug druck set-a:   829      8.94670E-05        8.57600E-03        7.67269E-07
 Debug druck set-a:   830      8.94679E-05        8.98000E-03        8.03422E-07
 Debug druck set-a:   831      8.94613E-05        9.40400E-03        8.41294E-07
 Debug druck set-a:   832      8.94724E-05        9.84600E-03        8.80945E-07
 Debug druck set-a:   833      8.94635E-05        1.03110E-02        9.22458E-07
 Debug druck set-a:   834      8.94711E-05        1.07960E-02        9.65930E-07
 Debug druck set-a:   835      8.94614E-05        1.13060E-02        1.01145E-06
 Debug druck set-a:   836      8.94687E-05        1.18380E-02        1.05913E-06
 Debug druck set-a:   837      8.94676E-05        1.23960E-02        1.10904E-06
 Debug druck set-a:   838      8.94692E-05        1.29800E-02        1.16131E-06
 Debug druck set-a:   839      8.94673E-05        1.35920E-02        1.21604E-06
 Debug druck set-a:   840      8.94646E-05        1.42330E-02        1.27335E-06
 Debug druck set-a:   841      8.94686E-05        1.49030E-02        1.33335E-06
 Debug druck set-a:   842      8.94656E-05        1.56060E-02        1.39620E-06
 Debug druck set-a:   843      8.94682E-05        1.63410E-02        1.46200E-06
 Debug druck set-a:   844      8.94688E-05        1.71110E-02        1.53090E-06
 Debug druck set-a:   845      8.94659E-05        1.79180E-02        1.60305E-06
 Debug druck set-a:   846      8.94681E-05        1.87620E-02        1.67860E-06
 Debug druck set-a:   847      3.93524E-05        1.96470E-02        7.73157E-07



          Low               High              Mid              Energy           Number             dn/de            E*dn/de          Cumulative
         Energy            Energy            Energy             Width          Fraction                               Sum   
         [MeV]             [MeV]             [MeV]              [MeV]

       1.14815E-01       1.20226E-01       1.17520E-01       5.41100E-03       0.00000E+00       0.00000E+00       0.00000E+00       0.00000E+00
       1.20226E-01       1.25892E-01       1.23059E-01       5.66600E-03       1.06362E-02       1.87719E+00       2.31005E-01       1.06362E-02
       1.25892E-01       1.31826E-01       1.28859E-01       5.93400E-03       1.95919E-02       3.30163E+00       4.25445E-01       3.02281E-02
       1.31826E-01       1.38038E-01       1.34932E-01       6.21200E-03       2.05148E-02       3.30244E+00       4.45605E-01       5.07428E-02
       1.38038E-01       1.44544E-01       1.41291E-01       6.50600E-03       2.14820E-02       3.30188E+00       4.66525E-01       7.22248E-02
       1.44544E-01       1.51356E-01       1.47950E-01       6.81200E-03       2.24941E-02       3.30212E+00       4.88549E-01       9.47189E-02
       1.51356E-01       1.58489E-01       1.54923E-01       7.13300E-03       2.35544E-02       3.30217E+00       5.11580E-01       1.18273E-01
       1.58489E-01       1.65959E-01       1.62224E-01       7.47000E-03       2.46645E-02       3.30181E+00       5.35633E-01       1.42938E-01
       1.65959E-01       1.73780E-01       1.69869E-01       7.82100E-03       2.58268E-02       3.30224E+00       5.60950E-01       1.68765E-01
       1.73780E-01       1.81970E-01       1.77875E-01       8.19000E-03       2.70440E-02       3.30208E+00       5.87357E-01       1.95809E-01
       1.81970E-01       1.90546E-01       1.86258E-01       8.57600E-03       2.83186E-02       3.30208E+00       6.15038E-01       2.24127E-01
       1.90546E-01       1.99526E-01       1.95036E-01       8.98000E-03       2.96529E-02       3.30211E+00       6.44030E-01       2.53780E-01
       1.99526E-01       2.08930E-01       2.04228E-01       9.40400E-03       3.10507E-02       3.30187E+00       6.74333E-01       2.84831E-01
       2.08930E-01       2.18776E-01       2.13853E-01       9.84600E-03       3.25142E-02       3.30227E+00       7.06201E-01       3.17345E-01
       2.18776E-01       2.29087E-01       2.23931E-01       1.03110E-02       3.40464E-02       3.30195E+00       7.39410E-01       3.51392E-01
       2.29087E-01       2.39883E-01       2.34485E-01       1.07960E-02       3.56508E-02       3.30223E+00       7.74323E-01       3.87042E-01
       2.39883E-01       2.51189E-01       2.45536E-01       1.13060E-02       3.73309E-02       3.30187E+00       8.10727E-01       4.24373E-01
       2.51189E-01       2.63027E-01       2.57108E-01       1.18380E-02       3.90907E-02       3.30214E+00       8.49006E-01       4.63464E-01
       2.63027E-01       2.75423E-01       2.69225E-01       1.23960E-02       4.09328E-02       3.30210E+00       8.89007E-01       5.04397E-01
       2.75423E-01       2.88403E-01       2.81913E-01       1.29800E-02       4.28620E-02       3.30216E+00       9.30921E-01       5.47259E-01
       2.88403E-01       3.01995E-01       2.95199E-01       1.35920E-02       4.48820E-02       3.30209E+00       9.74773E-01       5.92141E-01
       3.01995E-01       3.16228E-01       3.09112E-01       1.42330E-02       4.69972E-02       3.30199E+00       1.02068E+00       6.39138E-01
       3.16228E-01       3.31131E-01       3.23680E-01       1.49030E-02       4.92117E-02       3.30213E+00       1.06883E+00       6.88350E-01
       3.31131E-01       3.46737E-01       3.38934E-01       1.56060E-02       5.15314E-02       3.30202E+00       1.11917E+00       7.39881E-01
       3.46737E-01       3.63078E-01       3.54908E-01       1.63410E-02       5.39600E-02       3.30212E+00       1.17195E+00       7.93841E-01
       3.63078E-01       3.80189E-01       3.71633E-01       1.71110E-02       5.65029E-02       3.30214E+00       1.22719E+00       8.50344E-01
       3.80189E-01       3.98107E-01       3.89148E-01       1.79180E-02       5.91659E-02       3.30204E+00       1.28498E+00       9.09510E-01
       3.98107E-01       4.16869E-01       4.07488E-01       1.87620E-02       6.19543E-02       3.30212E+00       1.34557E+00       9.71464E-01
       4.16869E-01       4.36516E-01       4.26692E-01       1.96470E-02       2.85359E-02       1.45243E+00       6.19742E-01       1.00000E+00

 Sum =                                                                         1.00000E+00
 Renormalization bin#   877 =                                                  2.70942E-05 barn        1.65959E+06        1.73780E+06        1.69870E+06
 Avg. Energy     bin#   877 =                                                  2.74235E-01 MeV         1.65959E+06        1.73780E+06
