"        MT=800 recoil spectrum "
" Initial neutron energy corresponds to the group:"
   4.57088E-01    4.78630E-01       0.00000E+00           820           837            18
 Debug druck set-a:   820      0.00000E+00        5.66600E-03        0.00000E+00
 Debug druck set-a:   821      8.83406E-07        5.93400E-03        5.24213E-09
 Debug druck set-a:   822      2.58595E-06        6.21200E-03        1.60639E-08
 Debug druck set-a:   823      2.58549E-06        6.50600E-03        1.68212E-08
 Debug druck set-a:   824      2.58569E-06        6.81200E-03        1.76137E-08
 Debug druck set-a:   825      2.58573E-06        7.13300E-03        1.84440E-08
 Debug druck set-a:   826      2.58545E-06        7.47000E-03        1.93133E-08
 Debug druck set-a:   827      2.58578E-06        7.82100E-03        2.02234E-08
 Debug druck set-a:   828      2.58565E-06        8.19000E-03        2.11765E-08
 Debug druck set-a:   829      2.58566E-06        8.57600E-03        2.21746E-08
 Debug druck set-a:   830      2.58568E-06        8.98000E-03        2.32194E-08
 Debug druck set-a:   831      2.58548E-06        9.40400E-03        2.43139E-08
 Debug druck set-a:   832      2.58581E-06        9.84600E-03        2.54599E-08
 Debug druck set-a:   833      2.58555E-06        1.03110E-02        2.66596E-08
 Debug druck set-a:   834      2.58577E-06        1.07960E-02        2.79160E-08
 Debug druck set-a:   835      2.58549E-06        1.13060E-02        2.92316E-08
 Debug druck set-a:   836      2.58570E-06        1.18380E-02        3.06095E-08
 Debug druck set-a:   837      1.27028E-06        1.23960E-02        1.57464E-08



          Low               High              Mid              Energy           Number             dn/de            E*dn/de          Cumulative
         Energy            Energy            Energy             Width          Fraction                               Sum   
         [MeV]             [MeV]             [MeV]              [MeV]

       1.20226E-01       1.25892E-01       1.23059E-01       5.66600E-03       0.00000E+00       0.00000E+00       0.00000E+00       0.00000E+00
       1.25892E-01       1.31826E-01       1.28859E-01       5.93400E-03       1.45522E-02       2.45234E+00       3.16007E-01       1.45522E-02
       1.31826E-01       1.38038E-01       1.34932E-01       6.21200E-03       4.45936E-02       7.17862E+00       9.68625E-01       5.91458E-02
       1.38038E-01       1.44544E-01       1.41291E-01       6.50600E-03       4.66958E-02       7.17735E+00       1.01410E+00       1.05842E-01
       1.44544E-01       1.51356E-01       1.47950E-01       6.81200E-03       4.88958E-02       7.17790E+00       1.06197E+00       1.54737E-01
       1.51356E-01       1.58489E-01       1.54923E-01       7.13300E-03       5.12008E-02       7.17801E+00       1.11204E+00       2.05938E-01
       1.58489E-01       1.65959E-01       1.62224E-01       7.47000E-03       5.36139E-02       7.17723E+00       1.16432E+00       2.59552E-01
       1.65959E-01       1.73780E-01       1.69869E-01       7.82100E-03       5.61404E-02       7.17816E+00       1.21935E+00       3.15693E-01
       1.73780E-01       1.81970E-01       1.77875E-01       8.19000E-03       5.87862E-02       7.17780E+00       1.27675E+00       3.74479E-01
       1.81970E-01       1.90546E-01       1.86258E-01       8.57600E-03       6.15569E-02       7.17781E+00       1.33693E+00       4.36036E-01
       1.90546E-01       1.99526E-01       1.95036E-01       8.98000E-03       6.44573E-02       7.17788E+00       1.39994E+00       5.00493E-01
       1.99526E-01       2.08930E-01       2.04228E-01       9.40400E-03       6.74957E-02       7.17734E+00       1.46581E+00       5.67989E-01
       2.08930E-01       2.18776E-01       2.13853E-01       9.84600E-03       7.06770E-02       7.17824E+00       1.53509E+00       6.38666E-01
       2.18776E-01       2.29087E-01       2.23931E-01       1.03110E-02       7.40074E-02       7.17752E+00       1.60727E+00       7.12673E-01
       2.29087E-01       2.39883E-01       2.34485E-01       1.07960E-02       7.74951E-02       7.17813E+00       1.68316E+00       7.90168E-01
       2.39883E-01       2.51189E-01       2.45536E-01       1.13060E-02       8.11473E-02       7.17736E+00       1.76230E+00       8.71315E-01
       2.51189E-01       2.63027E-01       2.57108E-01       1.18380E-02       8.49723E-02       7.17793E+00       1.84550E+00       9.56288E-01
       2.63027E-01       2.75423E-01       2.69225E-01       1.23960E-02       4.37122E-02       3.52631E+00       9.49372E-01       1.00000E+00

 Sum =                                                                         1.00000E+00
 Renormalization bin#   849 =                                                  3.60229E-07 barn        4.57088E+05        4.78630E+05        4.67859E+05
 Avg. Energy     bin#   849 =                                                  1.99567E-01 MeV         4.57088E+05        4.78630E+05
