"        MT=805 recoil spectrum "
" Initial neutron energy corresponds to the group:"
   6.02560E-01    6.30957E-01       0.00000E+00           813           834            22
 Debug druck set-a:   813      0.00000E+00        4.10470E-03        0.00000E+00
 Debug druck set-a:   814      8.73250E-10        4.29820E-03        3.75340E-12
 Debug druck set-a:   815      1.07725E-09        4.50070E-03        4.84840E-12
 Debug druck set-a:   816      1.07723E-09        4.71300E-03        5.07700E-12
 Debug druck set-a:   817      1.07722E-09        4.93500E-03        5.31610E-12
 Debug druck set-a:   818      1.07738E-09        5.16700E-03        5.56680E-12
 Debug druck set-a:   819      1.07725E-09        5.41100E-03        5.82900E-12
 Debug druck set-a:   820      1.07727E-09        5.66600E-03        6.10380E-12
 Debug druck set-a:   821      1.07711E-09        5.93400E-03        6.39160E-12
 Debug druck set-a:   822      1.07738E-09        6.21200E-03        6.69270E-12
 Debug druck set-a:   823      1.07719E-09        6.50600E-03        7.00820E-12
 Debug druck set-a:   824      1.07728E-09        6.81200E-03        7.33840E-12
 Debug druck set-a:   825      1.07729E-09        7.13300E-03        7.68430E-12
 Debug druck set-a:   826      1.07716E-09        7.47000E-03        8.04640E-12
 Debug druck set-a:   827      1.07730E-09        7.82100E-03        8.42560E-12
 Debug druck set-a:   828      1.07725E-09        8.19000E-03        8.82270E-12
 Debug druck set-a:   829      1.07725E-09        8.57600E-03        9.23850E-12
 Debug druck set-a:   830      1.07727E-09        8.98000E-03        9.67390E-12
 Debug druck set-a:   831      1.07720E-09        9.40400E-03        1.01300E-11
 Debug druck set-a:   832      1.07729E-09        9.84600E-03        1.06070E-11
 Debug druck set-a:   833      1.07720E-09        1.03110E-02        1.11070E-11
 Debug druck set-a:   834      6.64718E-10        1.07960E-02        7.17630E-12



          Low               High              Mid              Energy           Number             dn/de            E*dn/de          Cumulative
         Energy            Energy            Energy             Width          Fraction                               Sum   
         [MeV]             [MeV]             [MeV]              [MeV]

       8.70964E-02       9.12011E-02       8.91488E-02       4.10470E-03       0.00000E+00       0.00000E+00       0.00000E+00       0.00000E+00
       9.12011E-02       9.54993E-02       9.33502E-02       4.29820E-03       2.42410E-02       5.63980E+00       5.26476E-01       2.42410E-02
       9.54993E-02       1.00000E-01       9.77497E-02       4.50070E-03       3.13129E-02       6.95734E+00       6.80077E-01       5.55539E-02
       1.00000E-01       1.04713E-01       1.02357E-01       4.71300E-03       3.27893E-02       6.95720E+00       7.12115E-01       8.83432E-02
       1.04713E-01       1.09648E-01       1.07180E-01       4.93500E-03       3.43335E-02       6.95714E+00       7.45670E-01       1.22677E-01
       1.09648E-01       1.14815E-01       1.12231E-01       5.16700E-03       3.59526E-02       6.95812E+00       7.80921E-01       1.58629E-01
       1.14815E-01       1.20226E-01       1.17520E-01       5.41100E-03       3.76460E-02       6.95731E+00       8.17627E-01       1.96275E-01
       1.20226E-01       1.25892E-01       1.23059E-01       5.66600E-03       3.94208E-02       6.95743E+00       8.56174E-01       2.35696E-01
       1.25892E-01       1.31826E-01       1.28859E-01       5.93400E-03       4.12795E-02       6.95644E+00       8.96400E-01       2.76976E-01
       1.31826E-01       1.38038E-01       1.34932E-01       6.21200E-03       4.32241E-02       6.95817E+00       9.38879E-01       3.20200E-01
       1.38038E-01       1.44544E-01       1.41291E-01       6.50600E-03       4.52618E-02       6.95693E+00       9.82951E-01       3.65462E-01
       1.44544E-01       1.51356E-01       1.47950E-01       6.81200E-03       4.73943E-02       6.95748E+00       1.02936E+00       4.12856E-01
       1.51356E-01       1.58489E-01       1.54923E-01       7.13300E-03       4.96283E-02       6.95756E+00       1.07788E+00       4.62484E-01
       1.58489E-01       1.65959E-01       1.62224E-01       7.47000E-03       5.19669E-02       6.95674E+00       1.12855E+00       5.14451E-01
       1.65959E-01       1.73780E-01       1.69869E-01       7.82100E-03       5.44159E-02       6.95766E+00       1.18190E+00       5.68867E-01
       1.73780E-01       1.81970E-01       1.77875E-01       8.19000E-03       5.69805E-02       6.95733E+00       1.23753E+00       6.25847E-01
       1.81970E-01       1.90546E-01       1.86258E-01       8.57600E-03       5.96659E-02       6.95731E+00       1.29586E+00       6.85513E-01
       1.90546E-01       1.99526E-01       1.95036E-01       8.98000E-03       6.24779E-02       6.95745E+00       1.35695E+00       7.47991E-01
       1.99526E-01       2.08930E-01       2.04228E-01       9.40400E-03       6.54236E-02       6.95700E+00       1.42081E+00       8.13415E-01
       2.08930E-01       2.18776E-01       2.13853E-01       9.84600E-03       6.85043E-02       6.95757E+00       1.48790E+00       8.81919E-01
       2.18776E-01       2.29087E-01       2.23931E-01       1.03110E-02       7.17335E-02       6.95698E+00       1.55789E+00       9.53653E-01
       2.29087E-01       2.39883E-01       2.34485E-01       1.07960E-02       4.63474E-02       4.29302E+00       1.00665E+00       1.00000E+00

 Sum =                                                                         1.00000E+00
 Renormalization bin#   855 =                                                  1.54837E-10 barn        6.02560E+05        6.30957E+05        6.16758E+05
 Avg. Energy     bin#   855 =                                                  1.63968E-01 MeV         6.02560E+05        6.30957E+05
