"        MT=800 recoil spectrum "
" Initial neutron energy corresponds to the group:"
   1.99526E+00    2.08930E+00       0.00000E+00           821           850            30
 Debug druck set-a:   821      0.00000E+00        5.93400E-03        0.00000E+00
 Debug druck set-a:   822      3.82007E-04        6.21200E-03        2.37303E-06
 Debug druck set-a:   823      4.46964E-04        6.50600E-03        2.90795E-06
 Debug druck set-a:   824      4.46999E-04        6.81200E-03        3.04496E-06
 Debug druck set-a:   825      4.47005E-04        7.13300E-03        3.18849E-06
 Debug druck set-a:   826      4.46956E-04        7.47000E-03        3.33876E-06
 Debug druck set-a:   827      4.47016E-04        7.82100E-03        3.49611E-06
 Debug druck set-a:   828      4.46993E-04        8.19000E-03        3.66087E-06
 Debug druck set-a:   829      4.46993E-04        8.57600E-03        3.83341E-06
 Debug druck set-a:   830      4.46998E-04        8.98000E-03        4.01404E-06
 Debug druck set-a:   831      4.46964E-04        9.40400E-03        4.20325E-06
 Debug druck set-a:   832      4.47019E-04        9.84600E-03        4.40135E-06
 Debug druck set-a:   833      4.46975E-04        1.03110E-02        4.60876E-06
 Debug druck set-a:   834      4.47013E-04        1.07960E-02        4.82595E-06
 Debug druck set-a:   835      4.46964E-04        1.13060E-02        5.05338E-06
 Debug druck set-a:   836      4.47000E-04        1.18380E-02        5.29159E-06
 Debug druck set-a:   837      4.46996E-04        1.23960E-02        5.54096E-06
 Debug druck set-a:   838      4.47003E-04        1.29800E-02        5.80210E-06
 Debug druck set-a:   839      4.46992E-04        1.35920E-02        6.07552E-06
 Debug druck set-a:   840      4.46980E-04        1.42330E-02        6.36187E-06
 Debug druck set-a:   841      4.47001E-04        1.49030E-02        6.66166E-06
 Debug druck set-a:   842      4.46986E-04        1.56060E-02        6.97567E-06
 Debug druck set-a:   843      4.46998E-04        1.63410E-02        7.30439E-06
 Debug druck set-a:   844      4.47000E-04        1.71110E-02        7.64862E-06
 Debug druck set-a:   845      4.46987E-04        1.79180E-02        8.00912E-06
 Debug druck set-a:   846      4.46997E-04        1.87620E-02        8.38656E-06
 Debug druck set-a:   847      4.46979E-04        1.96470E-02        8.78179E-06
 Debug druck set-a:   848      4.47001E-04        2.05720E-02        9.19571E-06
 Debug druck set-a:   849      4.45957E-04        2.15420E-02        9.60681E-06
 Debug druck set-a:   850      1.03560E-04        2.25570E-02        2.33600E-06



          Low               High              Mid              Energy           Number             dn/de            E*dn/de          Cumulative
         Energy            Energy            Energy             Width          Fraction                               Sum   
         [MeV]             [MeV]             [MeV]              [MeV]

       1.25892E-01       1.31826E-01       1.28859E-01       5.93400E-03       0.00000E+00       0.00000E+00       0.00000E+00       0.00000E+00
       1.31826E-01       1.38038E-01       1.34932E-01       6.21200E-03       1.51217E-02       2.43427E+00       3.28461E-01       1.51217E-02
       1.38038E-01       1.44544E-01       1.41291E-01       6.50600E-03       1.85304E-02       2.84820E+00       4.02425E-01       3.36521E-02
       1.44544E-01       1.51356E-01       1.47950E-01       6.81200E-03       1.94035E-02       2.84842E+00       4.21424E-01       5.30556E-02
       1.51356E-01       1.58489E-01       1.54923E-01       7.13300E-03       2.03181E-02       2.84846E+00       4.41291E-01       7.33736E-02
       1.58489E-01       1.65959E-01       1.62224E-01       7.47000E-03       2.12757E-02       2.84815E+00       4.62038E-01       9.46493E-02
       1.65959E-01       1.73780E-01       1.69869E-01       7.82100E-03       2.22783E-02       2.84853E+00       4.83878E-01       1.16928E-01
       1.73780E-01       1.81970E-01       1.77875E-01       8.19000E-03       2.33282E-02       2.84838E+00       5.06656E-01       1.40256E-01
       1.81970E-01       1.90546E-01       1.86258E-01       8.57600E-03       2.44277E-02       2.84838E+00       5.30534E-01       1.64684E-01
       1.90546E-01       1.99526E-01       1.95036E-01       8.98000E-03       2.55788E-02       2.84841E+00       5.55543E-01       1.90262E-01
       1.99526E-01       2.08930E-01       2.04228E-01       9.40400E-03       2.67845E-02       2.84820E+00       5.81682E-01       2.17047E-01
       2.08930E-01       2.18776E-01       2.13853E-01       9.84600E-03       2.80468E-02       2.84855E+00       6.09171E-01       2.45094E-01
       2.18776E-01       2.29087E-01       2.23931E-01       1.03110E-02       2.93685E-02       2.84827E+00       6.37817E-01       2.74462E-01
       2.29087E-01       2.39883E-01       2.34485E-01       1.07960E-02       3.07525E-02       2.84851E+00       6.67933E-01       3.05215E-01
       2.39883E-01       2.51189E-01       2.45536E-01       1.13060E-02       3.22018E-02       2.84820E+00       6.99336E-01       3.37416E-01
       2.51189E-01       2.63027E-01       2.57108E-01       1.18380E-02       3.37197E-02       2.84843E+00       7.32354E-01       3.71136E-01
       2.63027E-01       2.75423E-01       2.69225E-01       1.23960E-02       3.53088E-02       2.84840E+00       7.66861E-01       4.06445E-01
       2.75423E-01       2.88403E-01       2.81913E-01       1.29800E-02       3.69728E-02       2.84845E+00       8.03014E-01       4.43418E-01
       2.88403E-01       3.01995E-01       2.95199E-01       1.35920E-02       3.87152E-02       2.84838E+00       8.40839E-01       4.82133E-01
       3.01995E-01       3.16228E-01       3.09112E-01       1.42330E-02       4.05399E-02       2.84830E+00       8.80443E-01       5.22673E-01
       3.16228E-01       3.31131E-01       3.23680E-01       1.49030E-02       4.24502E-02       2.84844E+00       9.21980E-01       5.65123E-01
       3.31131E-01       3.46737E-01       3.38934E-01       1.56060E-02       4.44512E-02       2.84834E+00       9.65400E-01       6.09574E-01
       3.46737E-01       3.63078E-01       3.54908E-01       1.63410E-02       4.65459E-02       2.84841E+00       1.01092E+00       6.56120E-01
       3.63078E-01       3.80189E-01       3.71633E-01       1.71110E-02       4.87395E-02       2.84843E+00       1.05857E+00       7.04860E-01
       3.80189E-01       3.98107E-01       3.89148E-01       1.79180E-02       5.10367E-02       2.84835E+00       1.10843E+00       7.55896E-01
       3.98107E-01       4.16869E-01       4.07488E-01       1.87620E-02       5.34419E-02       2.84841E+00       1.16069E+00       8.09338E-01
       4.16869E-01       4.36516E-01       4.26692E-01       1.96470E-02       5.59604E-02       2.84829E+00       1.21534E+00       8.65299E-01
       4.36516E-01       4.57088E-01       4.46802E-01       2.05720E-02       5.85980E-02       2.84844E+00       1.27269E+00       9.23897E-01
       4.57088E-01       4.78630E-01       4.67859E-01       2.15420E-02       6.12177E-02       2.84178E+00       1.32955E+00       9.85114E-01
       4.78630E-01       5.01187E-01       4.89909E-01       2.25570E-02       1.48857E-02       6.59917E-01       3.23299E-01       1.00000E+00

 Sum =                                                                         1.00000E+00
 Renormalization bin#   881 =                                                  1.56929E-04 barn        1.99526E+06        2.08930E+06        2.04228E+06
 Avg. Energy     bin#   881 =                                                  3.08392E-01 MeV         1.99526E+06        2.08930E+06
