"        MT=800 recoil spectrum "
" Initial neutron energy corresponds to the group:"
   9.12011E-01    9.54993E-01       0.00000E+00           820           842            23
 Debug druck set-a:   820      0.00000E+00        5.66600E-03        0.00000E+00
 Debug druck set-a:   821      2.30313E-05        5.93400E-03        1.36668E-07
 Debug druck set-a:   822      2.73339E-05        6.21200E-03        1.69798E-07
 Debug druck set-a:   823      2.73291E-05        6.50600E-03        1.77803E-07
 Debug druck set-a:   824      2.73312E-05        6.81200E-03        1.86180E-07
 Debug druck set-a:   825      2.73314E-05        7.13300E-03        1.94955E-07
 Debug druck set-a:   826      2.73285E-05        7.47000E-03        2.04144E-07
 Debug druck set-a:   827      2.73321E-05        7.82100E-03        2.13764E-07
 Debug druck set-a:   828      2.73308E-05        8.19000E-03        2.23839E-07
 Debug druck set-a:   829      2.73307E-05        8.57600E-03        2.34388E-07
 Debug druck set-a:   830      2.73311E-05        8.98000E-03        2.45433E-07
 Debug druck set-a:   831      2.73290E-05        9.40400E-03        2.57002E-07
 Debug druck set-a:   832      2.73324E-05        9.84600E-03        2.69115E-07
 Debug druck set-a:   833      2.73297E-05        1.03110E-02        2.81796E-07
 Debug druck set-a:   834      2.73320E-05        1.07960E-02        2.95076E-07
 Debug druck set-a:   835      2.73290E-05        1.13060E-02        3.08982E-07
 Debug druck set-a:   836      2.73311E-05        1.18380E-02        3.23546E-07
 Debug druck set-a:   837      2.73309E-05        1.23960E-02        3.38794E-07
 Debug druck set-a:   838      2.73314E-05        1.29800E-02        3.54761E-07
 Debug druck set-a:   839      2.73307E-05        1.35920E-02        3.71479E-07
 Debug druck set-a:   840      2.73299E-05        1.42330E-02        3.88987E-07
 Debug druck set-a:   841      2.73313E-05        1.49030E-02        4.07318E-07
 Debug druck set-a:   842      9.32641E-06        1.56060E-02        1.45548E-07



          Low               High              Mid              Energy           Number             dn/de            E*dn/de          Cumulative
         Energy            Energy            Energy             Width          Fraction                               Sum   
         [MeV]             [MeV]             [MeV]              [MeV]

       1.20226E-01       1.25892E-01       1.23059E-01       5.66600E-03       0.00000E+00       0.00000E+00       0.00000E+00       0.00000E+00
       1.25892E-01       1.31826E-01       1.28859E-01       5.93400E-03       2.38539E-02       4.01987E+00       5.17996E-01       2.38539E-02
       1.31826E-01       1.38038E-01       1.34932E-01       6.21200E-03       2.96364E-02       4.77083E+00       6.43737E-01       5.34903E-02
       1.38038E-01       1.44544E-01       1.41291E-01       6.50600E-03       3.10336E-02       4.76999E+00       6.73957E-01       8.45239E-02
       1.44544E-01       1.51356E-01       1.47950E-01       6.81200E-03       3.24957E-02       4.77036E+00       7.05775E-01       1.17020E-01
       1.51356E-01       1.58489E-01       1.54923E-01       7.13300E-03       3.40273E-02       4.77040E+00       7.39042E-01       1.51047E-01
       1.58489E-01       1.65959E-01       1.62224E-01       7.47000E-03       3.56311E-02       4.76989E+00       7.73791E-01       1.86678E-01
       1.65959E-01       1.73780E-01       1.69869E-01       7.82100E-03       3.73102E-02       4.77051E+00       8.10364E-01       2.23988E-01
       1.73780E-01       1.81970E-01       1.77875E-01       8.19000E-03       3.90687E-02       4.77029E+00       8.48515E-01       2.63057E-01
       1.81970E-01       1.90546E-01       1.86258E-01       8.57600E-03       4.09099E-02       4.77027E+00       8.88502E-01       3.03967E-01
       1.90546E-01       1.99526E-01       1.95036E-01       8.98000E-03       4.28376E-02       4.77034E+00       9.30388E-01       3.46804E-01
       1.99526E-01       2.08930E-01       2.04228E-01       9.40400E-03       4.48569E-02       4.76998E+00       9.74163E-01       3.91661E-01
       2.08930E-01       2.18776E-01       2.13853E-01       9.84600E-03       4.69711E-02       4.77058E+00       1.02020E+00       4.38632E-01
       2.18776E-01       2.29087E-01       2.23931E-01       1.03110E-02       4.91844E-02       4.77009E+00       1.06817E+00       4.87817E-01
       2.29087E-01       2.39883E-01       2.34485E-01       1.07960E-02       5.15023E-02       4.77050E+00       1.11861E+00       5.39319E-01
       2.39883E-01       2.51189E-01       2.45536E-01       1.13060E-02       5.39294E-02       4.76998E+00       1.17120E+00       5.93248E-01
       2.51189E-01       2.63027E-01       2.57108E-01       1.18380E-02       5.64714E-02       4.77035E+00       1.22650E+00       6.49720E-01
       2.63027E-01       2.75423E-01       2.69225E-01       1.23960E-02       5.91328E-02       4.77031E+00       1.28429E+00       7.08853E-01
       2.75423E-01       2.88403E-01       2.81913E-01       1.29800E-02       6.19197E-02       4.77039E+00       1.34483E+00       7.70772E-01
       2.88403E-01       3.01995E-01       2.95199E-01       1.35920E-02       6.48376E-02       4.77028E+00       1.40818E+00       8.35610E-01
       3.01995E-01       3.16228E-01       3.09112E-01       1.42330E-02       6.78934E-02       4.77014E+00       1.47451E+00       9.03503E-01
       3.16228E-01       3.31131E-01       3.23680E-01       1.49030E-02       7.10929E-02       4.77038E+00       1.54407E+00       9.74596E-01
       3.31131E-01       3.46737E-01       3.38934E-01       1.56060E-02       2.54038E-02       1.62782E+00       5.51725E-01       1.00000E+00

 Sum =                                                                         1.00000E+00
 Renormalization bin#   864 =                                                  5.72938E-06 barn        9.12011E+05        9.54993E+05        9.33502E+05
 Avg. Energy     bin#   864 =                                                  2.31760E-01 MeV         9.12011E+05        9.54993E+05
