"        MT=801 recoil spectrum "
" Initial neutron energy corresponds to the group:"
   9.54993E-01    1.00000E+00       0.00000E+00           819           842            24
 Debug druck set-a:   819      0.00000E+00        5.41100E-03        0.00000E+00
 Debug druck set-a:   820      4.58752E-07        5.66600E-03        2.59929E-09
 Debug druck set-a:   821      1.46387E-06        5.93400E-03        8.68659E-09
 Debug druck set-a:   822      1.46423E-06        6.21200E-03        9.09579E-09
 Debug druck set-a:   823      1.46397E-06        6.50600E-03        9.52462E-09
 Debug druck set-a:   824      1.46409E-06        6.81200E-03        9.97335E-09
 Debug druck set-a:   825      1.46411E-06        7.13300E-03        1.04435E-08
 Debug druck set-a:   826      1.46395E-06        7.47000E-03        1.09357E-08
 Debug druck set-a:   827      1.46414E-06        7.82100E-03        1.14510E-08
 Debug druck set-a:   828      1.46407E-06        8.19000E-03        1.19907E-08
 Debug druck set-a:   829      1.46406E-06        8.57600E-03        1.25558E-08
 Debug druck set-a:   830      1.46408E-06        8.98000E-03        1.31474E-08
 Debug druck set-a:   831      1.46397E-06        9.40400E-03        1.37672E-08
 Debug druck set-a:   832      1.46416E-06        9.84600E-03        1.44161E-08
 Debug druck set-a:   833      1.46401E-06        1.03110E-02        1.50954E-08
 Debug druck set-a:   834      1.46413E-06        1.07960E-02        1.58068E-08
 Debug druck set-a:   835      1.46397E-06        1.13060E-02        1.65517E-08
 Debug druck set-a:   836      1.46409E-06        1.18380E-02        1.73319E-08
 Debug druck set-a:   837      1.46408E-06        1.23960E-02        1.81487E-08
 Debug druck set-a:   838      1.46410E-06        1.29800E-02        1.90040E-08
 Debug druck set-a:   839      1.46407E-06        1.35920E-02        1.98996E-08
 Debug druck set-a:   840      1.46403E-06        1.42330E-02        2.08375E-08
 Debug druck set-a:   841      1.45139E-06        1.49030E-02        2.16300E-08
 Debug druck set-a:   842      1.77769E-07        1.56060E-02        2.77427E-09



          Low               High              Mid              Energy           Number             dn/de            E*dn/de          Cumulative
         Energy            Energy            Energy             Width          Fraction                               Sum   
         [MeV]             [MeV]             [MeV]              [MeV]

       1.14815E-01       1.20226E-01       1.17520E-01       5.41100E-03       0.00000E+00       0.00000E+00       0.00000E+00       0.00000E+00
       1.20226E-01       1.25892E-01       1.23059E-01       5.66600E-03       8.50367E-03       1.50082E+00       1.84690E-01       8.50367E-03
       1.25892E-01       1.31826E-01       1.28859E-01       5.93400E-03       2.84185E-02       4.78909E+00       6.17118E-01       3.69222E-02
       1.31826E-01       1.38038E-01       1.34932E-01       6.21200E-03       2.97572E-02       4.79028E+00       6.46362E-01       6.66794E-02
       1.38038E-01       1.44544E-01       1.41291E-01       6.50600E-03       3.11601E-02       4.78944E+00       6.76705E-01       9.78395E-02
       1.44544E-01       1.51356E-01       1.47950E-01       6.81200E-03       3.26282E-02       4.78981E+00       7.08652E-01       1.30468E-01
       1.51356E-01       1.58489E-01       1.54923E-01       7.13300E-03       3.41663E-02       4.78989E+00       7.42062E-01       1.64634E-01
       1.58489E-01       1.65959E-01       1.62224E-01       7.47000E-03       3.57765E-02       4.78936E+00       7.76949E-01       2.00410E-01
       1.65959E-01       1.73780E-01       1.69869E-01       7.82100E-03       3.74623E-02       4.78997E+00       8.13670E-01       2.37873E-01
       1.73780E-01       1.81970E-01       1.77875E-01       8.19000E-03       3.92280E-02       4.78974E+00       8.51976E-01       2.77101E-01
       1.81970E-01       1.90546E-01       1.86258E-01       8.57600E-03       4.10767E-02       4.78973E+00       8.92126E-01       3.18178E-01
       1.90546E-01       1.99526E-01       1.95036E-01       8.98000E-03       4.30122E-02       4.78977E+00       9.34179E-01       3.61190E-01
       1.99526E-01       2.08930E-01       2.04228E-01       9.40400E-03       4.50399E-02       4.78944E+00       9.78137E-01       4.06230E-01
       2.08930E-01       2.18776E-01       2.13853E-01       9.84600E-03       4.71628E-02       4.79004E+00       1.02437E+00       4.53392E-01
       2.18776E-01       2.29087E-01       2.23931E-01       1.03110E-02       4.93851E-02       4.78956E+00       1.07253E+00       5.02778E-01
       2.29087E-01       2.39883E-01       2.34485E-01       1.07960E-02       5.17125E-02       4.78997E+00       1.12318E+00       5.54490E-01
       2.39883E-01       2.51189E-01       2.45536E-01       1.13060E-02       5.41495E-02       4.78944E+00       1.17598E+00       6.08639E-01
       2.51189E-01       2.63027E-01       2.57108E-01       1.18380E-02       5.67019E-02       4.78982E+00       1.23150E+00       6.65341E-01
       2.63027E-01       2.75423E-01       2.69225E-01       1.23960E-02       5.93741E-02       4.78978E+00       1.28953E+00       7.24715E-01
       2.75423E-01       2.88403E-01       2.81913E-01       1.29800E-02       6.21723E-02       4.78985E+00       1.35032E+00       7.86888E-01
       2.88403E-01       3.01995E-01       2.95199E-01       1.35920E-02       6.51022E-02       4.78975E+00       1.41393E+00       8.51990E-01
       3.01995E-01       3.16228E-01       3.09112E-01       1.42330E-02       6.81706E-02       4.78962E+00       1.48053E+00       9.20161E-01
       3.16228E-01       3.31131E-01       3.23680E-01       1.49030E-02       7.07633E-02       4.74826E+00       1.53691E+00       9.90924E-01
       3.31131E-01       3.46737E-01       3.38934E-01       1.56060E-02       9.07612E-03       5.81579E-01       1.97117E-01       1.00000E+00

 Sum =                                                                         1.00000E+00
 Renormalization bin#   865 =                                                  3.05667E-07 barn        9.54993E+05        1.00000E+06        9.77496E+05
 Avg. Energy     bin#   865 =                                                  2.28558E-01 MeV         9.54993E+05        1.00000E+06
