"        MT=107 recoil spectrum "
" Initial neutron energy corresponds to the group:"
   1.81970E-01    1.90546E-01       7.84498E-08           820           837            18
 Debug druck set-a:   820      0.00000E+00        5.66600E-03        0.00000E+00
 Debug druck set-a:   821      2.78884E-09        5.93400E-03        1.65490E-11
 Debug druck set-a:   822      7.15740E-08        6.21200E-03        4.44618E-10
 Debug druck set-a:   823      1.51601E-07        6.50600E-03        9.86316E-10
 Debug druck set-a:   824      1.51613E-07        6.81200E-03        1.03278E-09
 Debug druck set-a:   825      1.51615E-07        7.13300E-03        1.08147E-09
 Debug druck set-a:   826      1.51598E-07        7.47000E-03        1.13244E-09
 Debug druck set-a:   827      1.51617E-07        7.82100E-03        1.18580E-09
 Debug druck set-a:   828      4.76303E-06        8.19000E-03        3.90092E-08
 Debug druck set-a:   829      9.14760E-06        8.57600E-03        7.84498E-08
 Debug druck set-a:   830      9.14770E-06        8.98000E-03        8.21464E-08
 Debug druck set-a:   831      9.14599E-06        9.40400E-03        8.60089E-08
 Debug druck set-a:   832      9.11653E-06        9.84600E-03        8.97613E-08
 Debug druck set-a:   833      8.99564E-06        1.03110E-02        9.27540E-08
 Debug druck set-a:   834      8.99641E-06        1.07960E-02        9.71252E-08
 Debug druck set-a:   835      8.99540E-06        1.13060E-02        1.01702E-07
 Debug druck set-a:   836      8.99611E-06        1.18380E-02        1.06496E-07
 Debug druck set-a:   837      5.10438E-06        1.23960E-02        6.32739E-08



          Low               High              Mid              Energy           Number             dn/de            E*dn/de          Cumulative
         Energy            Energy            Energy             Width          Fraction                               Sum   
         [MeV]             [MeV]             [MeV]              [MeV]

       1.20226E-01       1.25892E-01       1.23059E-01       5.66600E-03       0.00000E+00       0.00000E+00       0.00000E+00       0.00000E+00
       1.25892E-01       1.31826E-01       1.28859E-01       5.93400E-03       1.96402E-05       3.30978E-03       4.26495E-04       1.96402E-05
       1.31826E-01       1.38038E-01       1.34932E-01       6.21200E-03       5.27670E-04       8.49436E-02       1.14616E-02       5.47310E-04
       1.38038E-01       1.44544E-01       1.41291E-01       6.50600E-03       1.17055E-03       1.79919E-01       2.54209E-02       1.71786E-03
       1.44544E-01       1.51356E-01       1.47950E-01       6.81200E-03       1.22570E-03       1.79933E-01       2.66211E-02       2.94357E-03
       1.51356E-01       1.58489E-01       1.54923E-01       7.13300E-03       1.28348E-03       1.79936E-01       2.78761E-02       4.22705E-03
       1.58489E-01       1.65959E-01       1.62224E-01       7.47000E-03       1.34397E-03       1.79916E-01       2.91867E-02       5.57102E-03
       1.65959E-01       1.73780E-01       1.69869E-01       7.82100E-03       1.40730E-03       1.79938E-01       3.05660E-02       6.97831E-03
       1.73780E-01       1.81970E-01       1.77875E-01       8.19000E-03       4.62958E-02       5.65273E+00       1.00548E+00       5.32742E-02
       1.81970E-01       1.90546E-01       1.86258E-01       8.57600E-03       9.31037E-02       1.08563E+01       2.02207E+00       1.46378E-01
       1.90546E-01       1.99526E-01       1.95036E-01       8.98000E-03       9.74908E-02       1.08564E+01       2.11739E+00       2.43869E-01
       1.99526E-01       2.08930E-01       2.04228E-01       9.40400E-03       1.02075E-01       1.08544E+01       2.21677E+00       3.45943E-01
       2.08930E-01       2.18776E-01       2.13853E-01       9.84600E-03       1.06528E-01       1.08194E+01       2.31377E+00       4.52472E-01
       2.18776E-01       2.29087E-01       2.23931E-01       1.03110E-02       1.10080E-01       1.06760E+01       2.39068E+00       5.62551E-01
       2.29087E-01       2.39883E-01       2.34485E-01       1.07960E-02       1.15268E-01       1.06769E+01       2.50357E+00       6.77819E-01
       2.39883E-01       2.51189E-01       2.45536E-01       1.13060E-02       1.20699E-01       1.06757E+01       2.62126E+00       7.98518E-01
       2.51189E-01       2.63027E-01       2.57108E-01       1.18380E-02       1.26389E-01       1.06765E+01       2.74502E+00       9.24907E-01
       2.63027E-01       2.75423E-01       2.69225E-01       1.23960E-02       7.50930E-02       6.05784E+00       1.63092E+00       1.00000E+00

 Sum =                                                                         1.00000E+00
 Renormalization bin#   829 =                                                  8.42607E-07 barn        1.81970E+05        1.90546E+05        1.86258E+05
 Avg. Energy     bin#   829 =                                                  2.23322E-01 MeV         1.81970E+05        1.90546E+05
