"        MT=107 recoil spectrum "
" Initial neutron energy corresponds to the group:"
   4.36516E-01    4.57088E-01       0.00000E+00           814           841            28
 Debug druck set-a:   814      0.00000E+00        4.29820E-03        0.00000E+00
 Debug druck set-a:   815      5.88219E-10        4.50070E-03        2.64740E-12
 Debug druck set-a:   816      1.32387E-09        4.71300E-03        6.23940E-12
 Debug druck set-a:   817      1.32387E-09        4.93500E-03        6.53330E-12
 Debug druck set-a:   818      1.32406E-09        5.16700E-03        6.84140E-12
 Debug druck set-a:   819      2.81164E-09        5.41100E-03        1.52138E-11
 Debug druck set-a:   820      1.06900E-08        5.66600E-03        6.05693E-11
 Debug druck set-a:   821      2.41846E-07        5.93400E-03        1.43512E-09
 Debug druck set-a:   822      3.30311E-07        6.21200E-03        2.05189E-09
 Debug druck set-a:   823      3.30253E-07        6.50600E-03        2.14862E-09
 Debug druck set-a:   824      3.30277E-07        6.81200E-03        2.24985E-09
 Debug druck set-a:   825      3.30282E-07        7.13300E-03        2.35590E-09
 Debug druck set-a:   826      3.30247E-07        7.47000E-03        2.46695E-09
 Debug druck set-a:   827      7.19258E-06        7.82100E-03        5.62532E-08
 Debug druck set-a:   828      8.88163E-06        8.19000E-03        7.27405E-08
 Debug druck set-a:   829      8.88163E-06        8.57600E-03        7.61688E-08
 Debug druck set-a:   830      8.88172E-06        8.98000E-03        7.97579E-08
 Debug druck set-a:   831      8.88106E-06        9.40400E-03        8.35175E-08
 Debug druck set-a:   832      8.88183E-06        9.84600E-03        8.74505E-08
 Debug druck set-a:   833      8.87996E-06        1.03110E-02        9.15613E-08
 Debug druck set-a:   834      8.88071E-06        1.07960E-02        9.58762E-08
 Debug druck set-a:   835      8.87660E-06        1.13060E-02        1.00359E-07
 Debug druck set-a:   836      8.76467E-06        1.18380E-02        1.03756E-07
 Debug druck set-a:   837      8.55147E-06        1.23960E-02        1.06004E-07
 Debug druck set-a:   838      8.55154E-06        1.29800E-02        1.10999E-07
 Debug druck set-a:   839      8.55135E-06        1.35920E-02        1.16230E-07
 Debug druck set-a:   840      7.73463E-06        1.42330E-02        1.10087E-07
 Debug druck set-a:   841      6.00268E-09        1.49030E-02        8.94580E-11



          Low               High              Mid              Energy           Number             dn/de            E*dn/de          Cumulative
         Energy            Energy            Energy             Width          Fraction                               Sum   
         [MeV]             [MeV]             [MeV]              [MeV]

       9.12011E-02       9.54993E-02       9.33502E-02       4.29820E-03       0.00000E+00       0.00000E+00       0.00000E+00       0.00000E+00
       9.54993E-02       1.00000E-01       9.77497E-02       4.50070E-03       2.03075E-06       4.51207E-04       4.41053E-05       2.03075E-06
       1.00000E-01       1.04713E-01       1.02357E-01       4.71300E-03       4.78608E-06       1.01551E-03       1.03944E-04       6.81682E-06
       1.04713E-01       1.09648E-01       1.07180E-01       4.93500E-03       5.01152E-06       1.01551E-03       1.08842E-04       1.18283E-05
       1.09648E-01       1.14815E-01       1.12231E-01       5.16700E-03       5.24785E-06       1.01565E-03       1.13988E-04       1.70762E-05
       1.14815E-01       1.20226E-01       1.17520E-01       5.41100E-03       1.16701E-05       2.15674E-03       2.53461E-04       2.87463E-05
       1.20226E-01       1.25892E-01       1.23059E-01       5.66600E-03       4.64611E-05       8.19998E-03       1.00908E-03       7.52074E-05
       1.25892E-01       1.31826E-01       1.28859E-01       5.93400E-03       1.10084E-03       1.85514E-01       2.39051E-02       1.17605E-03
       1.31826E-01       1.38038E-01       1.34932E-01       6.21200E-03       1.57395E-03       2.53373E-01       3.41881E-02       2.75000E-03
       1.38038E-01       1.44544E-01       1.41291E-01       6.50600E-03       1.64815E-03       2.53328E-01       3.57930E-02       4.39815E-03
       1.44544E-01       1.51356E-01       1.47950E-01       6.81200E-03       1.72580E-03       2.53347E-01       3.74827E-02       6.12395E-03
       1.51356E-01       1.58489E-01       1.54923E-01       7.13300E-03       1.80715E-03       2.53350E-01       3.92497E-02       7.93110E-03
       1.58489E-01       1.65959E-01       1.62224E-01       7.47000E-03       1.89233E-03       2.53324E-01       4.10952E-02       9.82342E-03
       1.65959E-01       1.73780E-01       1.69869E-01       7.82100E-03       4.31503E-02       5.51724E+00       9.37210E-01       5.29737E-02
       1.73780E-01       1.81970E-01       1.77875E-01       8.19000E-03       5.57973E-02       6.81286E+00       1.21184E+00       1.08771E-01
       1.81970E-01       1.90546E-01       1.86258E-01       8.57600E-03       5.84271E-02       6.81286E+00       1.26895E+00       1.67198E-01
       1.90546E-01       1.99526E-01       1.95036E-01       8.98000E-03       6.11801E-02       6.81293E+00       1.32877E+00       2.28378E-01
       1.99526E-01       2.08930E-01       2.04228E-01       9.40400E-03       6.40640E-02       6.81242E+00       1.39129E+00       2.92442E-01
       2.08930E-01       2.18776E-01       2.13853E-01       9.84600E-03       6.70809E-02       6.81301E+00       1.45698E+00       3.59523E-01
       2.18776E-01       2.29087E-01       2.23931E-01       1.03110E-02       7.02342E-02       6.81158E+00       1.52533E+00       4.29757E-01
       2.29087E-01       2.39883E-01       2.34485E-01       1.07960E-02       7.35440E-02       6.81216E+00       1.59735E+00       5.03301E-01
       2.39883E-01       2.51189E-01       2.45536E-01       1.13060E-02       7.69826E-02       6.80900E+00       1.67186E+00       5.80284E-01
       2.51189E-01       2.63027E-01       2.57108E-01       1.18380E-02       7.95885E-02       6.72314E+00       1.72857E+00       6.59872E-01
       2.63027E-01       2.75423E-01       2.69225E-01       1.23960E-02       8.13128E-02       6.55960E+00       1.76601E+00       7.41185E-01
       2.75423E-01       2.88403E-01       2.81913E-01       1.29800E-02       8.51443E-02       6.55966E+00       1.84925E+00       8.26330E-01
       2.88403E-01       3.01995E-01       2.95199E-01       1.35920E-02       8.91569E-02       6.55951E+00       1.93636E+00       9.15487E-01
       3.01995E-01       3.16228E-01       3.09112E-01       1.42330E-02       8.44448E-02       5.93303E+00       1.83397E+00       9.99931E-01
       3.16228E-01       3.31131E-01       3.23680E-01       1.49030E-02       6.86208E-05       4.60450E-03       1.49038E-03       1.00000E+00

 Sum =                                                                         1.00000E+00
 Renormalization bin#   848 =                                                  1.30366E-06 barn        4.36516E+05        4.57088E+05        4.46802E+05
 Avg. Energy     bin#   848 =                                                  2.39613E-01 MeV         4.36516E+05        4.57088E+05
