"        MT=613 recoil spectrum "
" Initial neutron energy corresponds to the group:"
   3.46737E+00    3.63078E+00       0.00000E+00           790           818            29
 Debug druck set-a:   790      0.00000E+00        1.42330E-03        0.00000E+00
 Debug druck set-a:   791      7.00127E-10        1.49030E-03        1.04340E-12
 Debug druck set-a:   792      7.00116E-10        1.56060E-03        1.09260E-12
 Debug druck set-a:   793      7.00140E-10        1.63410E-03        1.14410E-12
 Debug druck set-a:   794      7.00135E-10        1.71110E-03        1.19800E-12
 Debug druck set-a:   795      7.00078E-10        1.79180E-03        1.25440E-12
 Debug druck set-a:   796      7.00139E-10        1.87620E-03        1.31360E-12
 Debug druck set-a:   797      7.00106E-10        1.96470E-03        1.37550E-12
 Debug druck set-a:   798      7.00127E-10        2.05720E-03        1.44030E-12
 Debug druck set-a:   799      7.00121E-10        2.15420E-03        1.50820E-12
 Debug druck set-a:   800      7.00093E-10        2.25570E-03        1.57920E-12
 Debug druck set-a:   801      7.00097E-10        2.36210E-03        1.65370E-12
 Debug druck set-a:   802      7.00117E-10        2.47330E-03        1.73160E-12
 Debug druck set-a:   803      7.00105E-10        2.58990E-03        1.81320E-12
 Debug druck set-a:   804      7.00111E-10        2.71200E-03        1.89870E-12
 Debug druck set-a:   805      7.00109E-10        2.83970E-03        1.98810E-12
 Debug druck set-a:   806      7.00095E-10        2.97360E-03        2.08180E-12
 Debug druck set-a:   807      7.00108E-10        3.11380E-03        2.18000E-12
 Debug druck set-a:   808      7.00107E-10        3.26050E-03        2.28270E-12
 Debug druck set-a:   809      7.00106E-10        3.41420E-03        2.39030E-12
 Debug druck set-a:   810      7.00112E-10        3.57500E-03        2.50290E-12
 Debug druck set-a:   811      7.00101E-10        3.74360E-03        2.62090E-12
 Debug druck set-a:   812      7.00102E-10        3.92000E-03        2.74440E-12
 Debug druck set-a:   813      7.00099E-10        4.10470E-03        2.87370E-12
 Debug druck set-a:   814      7.00108E-10        4.29820E-03        3.00920E-12
 Debug druck set-a:   815      7.00113E-10        4.50070E-03        3.15100E-12
 Debug druck set-a:   816      7.00085E-10        4.71300E-03        3.29950E-12
 Debug druck set-a:   817      6.80912E-10        4.93500E-03        3.36030E-12
 Debug druck set-a:   818      4.76292E-10        5.16700E-03        2.46100E-12



          Low               High              Mid              Energy           Number             dn/de            E*dn/de          Cumulative
         Energy            Energy            Energy             Width          Fraction                               Sum   
         [MeV]             [MeV]             [MeV]              [MeV]

       3.01995E-02       3.16228E-02       3.09112E-02       1.42330E-03       0.00000E+00       0.00000E+00       0.00000E+00       0.00000E+00
       3.16228E-02       3.31131E-02       3.23680E-02       1.49030E-03       1.83077E-02       1.22846E+01       3.97627E-01       1.83077E-02
       3.31131E-02       3.46737E-02       3.38934E-02       1.56060E-03       1.91710E-02       1.22844E+01       4.16360E-01       3.74787E-02
       3.46737E-02       3.63078E-02       3.54908E-02       1.63410E-03       2.00746E-02       1.22848E+01       4.35997E-01       5.75534E-02
       3.63078E-02       3.80189E-02       3.71633E-02       1.71110E-03       2.10204E-02       1.22847E+01       4.56542E-01       7.85738E-02
       3.80189E-02       3.98107E-02       3.89148E-02       1.79180E-03       2.20100E-02       1.22837E+01       4.78019E-01       1.00584E-01
       3.98107E-02       4.16869E-02       4.07488E-02       1.87620E-03       2.30487E-02       1.22848E+01       5.00591E-01       1.23632E-01
       4.16869E-02       4.36516E-02       4.26693E-02       1.96470E-03       2.41348E-02       1.22842E+01       5.24158E-01       1.47767E-01
       4.36516E-02       4.57088E-02       4.46802E-02       2.05720E-03       2.52718E-02       1.22846E+01       5.48878E-01       1.73039E-01
       4.57088E-02       4.78630E-02       4.67859E-02       2.15420E-03       2.64632E-02       1.22845E+01       5.74741E-01       1.99502E-01
       4.78630E-02       5.01187E-02       4.89908E-02       2.25570E-03       2.77090E-02       1.22840E+01       6.01803E-01       2.27211E-01
       5.01187E-02       5.24808E-02       5.12998E-02       2.36210E-03       2.90162E-02       1.22841E+01       6.30169E-01       2.56228E-01
       5.24808E-02       5.49541E-02       5.37174E-02       2.47330E-03       3.03830E-02       1.22844E+01       6.59887E-01       2.86611E-01
       5.49541E-02       5.75440E-02       5.62491E-02       2.58990E-03       3.18148E-02       1.22842E+01       6.90974E-01       3.18425E-01
       5.75440E-02       6.02560E-02       5.89000E-02       2.71200E-03       3.33150E-02       1.22843E+01       7.23545E-01       3.51740E-01
       6.02560E-02       6.30957E-02       6.16758E-02       2.83970E-03       3.48837E-02       1.22843E+01       7.57643E-01       3.86624E-01
       6.30957E-02       6.60693E-02       6.45825E-02       2.97360E-03       3.65277E-02       1.22840E+01       7.93333E-01       4.23152E-01
       6.60693E-02       6.91831E-02       6.76262E-02       3.11380E-03       3.82508E-02       1.22843E+01       8.30738E-01       4.61403E-01
       6.91831E-02       7.24436E-02       7.08134E-02       3.26050E-03       4.00528E-02       1.22842E+01       8.69889E-01       5.01455E-01
       7.24436E-02       7.58578E-02       7.41507E-02       3.41420E-03       4.19407E-02       1.22842E+01       9.10884E-01       5.43396E-01
       7.58578E-02       7.94328E-02       7.76453E-02       3.57500E-03       4.39164E-02       1.22843E+01       9.53820E-01       5.87313E-01
       7.94328E-02       8.31764E-02       8.13046E-02       3.74360E-03       4.59869E-02       1.22841E+01       9.98757E-01       6.33300E-01
       8.31764E-02       8.70964E-02       8.51364E-02       3.92000E-03       4.81539E-02       1.22841E+01       1.04583E+00       6.81453E-01
       8.70964E-02       9.12011E-02       8.91488E-02       4.10470E-03       5.04226E-02       1.22841E+01       1.09511E+00       7.31876E-01
       9.12011E-02       9.54993E-02       9.33502E-02       4.29820E-03       5.28001E-02       1.22843E+01       1.14674E+00       7.84676E-01
       9.54993E-02       1.00000E-01       9.77497E-02       4.50070E-03       5.52882E-02       1.22843E+01       1.20079E+00       8.39964E-01
       1.00000E-01       1.04713E-01       1.02357E-01       4.71300E-03       5.78938E-02       1.22838E+01       1.25733E+00       8.97858E-01
       1.04713E-01       1.09648E-01       1.07180E-01       4.93500E-03       5.89606E-02       1.19474E+01       1.28053E+00       9.56819E-01
       1.09648E-01       1.14815E-01       1.12231E-01       5.16700E-03       4.31813E-02       8.35713E+00       9.37933E-01       1.00000E+00

 Sum =                                                                         1.00000E+00
 Renormalization bin#   893 =                                                  5.69923E-11 barn        3.46737E+06        3.63078E+06        3.54908E+06
 Avg. Energy     bin#   893 =                                                  7.23706E-02 MeV         3.46737E+06        3.63078E+06
