"        MT=803 recoil spectrum "
" Initial neutron energy corresponds to the group:"
   5.24808E-01    5.49541E-01       0.00000E+00           814           834            21
 Debug druck set-a:   814      0.00000E+00        4.29820E-03        0.00000E+00
 Debug druck set-a:   815      2.73846E-09        4.50070E-03        1.23250E-11
 Debug druck set-a:   816      4.51475E-09        4.71300E-03        2.12780E-11
 Debug druck set-a:   817      4.51469E-09        4.93500E-03        2.22800E-11
 Debug druck set-a:   818      4.51539E-09        5.16700E-03        2.33310E-11
 Debug druck set-a:   819      4.51488E-09        5.41100E-03        2.44300E-11
 Debug druck set-a:   820      4.51483E-09        5.66600E-03        2.55810E-11
 Debug druck set-a:   821      4.51416E-09        5.93400E-03        2.67870E-11
 Debug druck set-a:   822      4.51529E-09        6.21200E-03        2.80490E-11
 Debug druck set-a:   823      4.51460E-09        6.50600E-03        2.93720E-11
 Debug druck set-a:   824      4.51483E-09        6.81200E-03        3.07550E-11
 Debug druck set-a:   825      4.51493E-09        7.13300E-03        3.22050E-11
 Debug druck set-a:   826      4.51446E-09        7.47000E-03        3.37230E-11
 Debug druck set-a:   827      4.51502E-09        7.82100E-03        3.53120E-11
 Debug druck set-a:   828      4.51477E-09        8.19000E-03        3.69760E-11
 Debug druck set-a:   829      4.51481E-09        8.57600E-03        3.87190E-11
 Debug druck set-a:   830      4.51481E-09        8.98000E-03        4.05430E-11
 Debug druck set-a:   831      4.51457E-09        9.40400E-03        4.24550E-11
 Debug druck set-a:   832      4.51513E-09        9.84600E-03        4.44560E-11
 Debug druck set-a:   833      4.29696E-09        1.03110E-02        4.43060E-11
 Debug druck set-a:   834      1.50537E-10        1.07960E-02        1.62520E-12



          Low               High              Mid              Energy           Number             dn/de            E*dn/de          Cumulative
         Energy            Energy            Energy             Width          Fraction                               Sum   
         [MeV]             [MeV]             [MeV]              [MeV]

       9.12011E-02       9.54993E-02       9.33502E-02       4.29820E-03       0.00000E+00       0.00000E+00       0.00000E+00       0.00000E+00
       9.54993E-02       1.00000E-01       9.77497E-02       4.50070E-03       2.07314E-02       4.60626E+00       4.50261E-01       2.07314E-02
       1.00000E-01       1.04713E-01       1.02357E-01       4.71300E-03       3.57909E-02       7.59409E+00       7.77304E-01       5.65224E-02
       1.04713E-01       1.09648E-01       1.07180E-01       4.93500E-03       3.74764E-02       7.59399E+00       8.13928E-01       9.39987E-02
       1.09648E-01       1.14815E-01       1.12231E-01       5.16700E-03       3.92442E-02       7.59516E+00       8.52416E-01       1.33243E-01
       1.14815E-01       1.20226E-01       1.17520E-01       5.41100E-03       4.10928E-02       7.59431E+00       8.92487E-01       1.74336E-01
       1.20226E-01       1.25892E-01       1.23059E-01       5.66600E-03       4.30288E-02       7.59422E+00       9.34537E-01       2.17365E-01
       1.25892E-01       1.31826E-01       1.28859E-01       5.93400E-03       4.50574E-02       7.59309E+00       9.78438E-01       2.62422E-01
       1.31826E-01       1.38038E-01       1.34932E-01       6.21200E-03       4.71802E-02       7.59501E+00       1.02481E+00       3.09602E-01
       1.38038E-01       1.44544E-01       1.41291E-01       6.50600E-03       4.94055E-02       7.59384E+00       1.07294E+00       3.59008E-01
       1.44544E-01       1.51356E-01       1.47950E-01       6.81200E-03       5.17318E-02       7.59422E+00       1.12356E+00       4.10740E-01
       1.51356E-01       1.58489E-01       1.54923E-01       7.13300E-03       5.41708E-02       7.59440E+00       1.17654E+00       4.64910E-01
       1.58489E-01       1.65959E-01       1.62224E-01       7.47000E-03       5.67242E-02       7.59360E+00       1.23186E+00       5.21635E-01
       1.65959E-01       1.73780E-01       1.69869E-01       7.82100E-03       5.93970E-02       7.59455E+00       1.29008E+00       5.81032E-01
       1.73780E-01       1.81970E-01       1.77875E-01       8.19000E-03       6.21959E-02       7.59413E+00       1.35081E+00       6.43227E-01
       1.81970E-01       1.90546E-01       1.86258E-01       8.57600E-03       6.51278E-02       7.59419E+00       1.41448E+00       7.08355E-01
       1.90546E-01       1.99526E-01       1.95036E-01       8.98000E-03       6.81959E-02       7.59419E+00       1.48114E+00       7.76551E-01
       1.99526E-01       2.08930E-01       2.04228E-01       9.40400E-03       7.14120E-02       7.59379E+00       1.55086E+00       8.47963E-01
       2.08930E-01       2.18776E-01       2.13853E-01       9.84600E-03       7.47778E-02       7.59474E+00       1.62416E+00       9.22741E-01
       2.18776E-01       2.29087E-01       2.23931E-01       1.03110E-02       7.45255E-02       7.22776E+00       1.61852E+00       9.97266E-01
       2.29087E-01       2.39883E-01       2.34485E-01       1.07960E-02       2.73369E-03       2.53213E-01       5.93747E-02       1.00000E+00

 Sum =                                                                         1.00000E+00
 Renormalization bin#   852 =                                                  5.94508E-10 barn        5.24808E+05        5.49541E+05        5.37174E+05
 Avg. Energy     bin#   852 =                                                  1.63126E-01 MeV         5.24808E+05        5.49541E+05
