"        MT=801 recoil spectrum "
" Initial neutron energy corresponds to the group:"
   7.94328E-01    8.31764E-01       0.00000E+00           819           840            22
 Debug druck set-a:   819      0.00000E+00        5.41100E-03        0.00000E+00
 Debug druck set-a:   820      2.64802E-07        5.66600E-03        1.50037E-09
 Debug druck set-a:   821      9.74609E-07        5.93400E-03        5.78333E-09
 Debug druck set-a:   822      9.74849E-07        6.21200E-03        6.05576E-09
 Debug druck set-a:   823      9.74680E-07        6.50600E-03        6.34127E-09
 Debug druck set-a:   824      9.74753E-07        6.81200E-03        6.64002E-09
 Debug druck set-a:   825      9.74768E-07        7.13300E-03        6.95302E-09
 Debug druck set-a:   826      9.74661E-07        7.47000E-03        7.28072E-09
 Debug druck set-a:   827      9.74790E-07        7.82100E-03        7.62383E-09
 Debug druck set-a:   828      9.74740E-07        8.19000E-03        7.98312E-09
 Debug druck set-a:   829      9.74740E-07        8.57600E-03        8.35937E-09
 Debug druck set-a:   830      9.74750E-07        8.98000E-03        8.75326E-09
 Debug druck set-a:   831      9.74678E-07        9.40400E-03        9.16587E-09
 Debug druck set-a:   832      9.74799E-07        9.84600E-03        9.59787E-09
 Debug druck set-a:   833      9.74707E-07        1.03110E-02        1.00502E-08
 Debug druck set-a:   834      9.74787E-07        1.07960E-02        1.05238E-08
 Debug druck set-a:   835      9.74677E-07        1.13060E-02        1.10197E-08
 Debug druck set-a:   836      9.74759E-07        1.18380E-02        1.15392E-08
 Debug druck set-a:   837      9.74750E-07        1.23960E-02        1.20830E-08
 Debug druck set-a:   838      9.74761E-07        1.29800E-02        1.26524E-08
 Debug druck set-a:   839      9.74743E-07        1.35920E-02        1.32487E-08
 Debug druck set-a:   840      6.06094E-07        1.42330E-02        8.62654E-09



          Low               High              Mid              Energy           Number             dn/de            E*dn/de          Cumulative
         Energy            Energy            Energy             Width          Fraction                               Sum   
         [MeV]             [MeV]             [MeV]              [MeV]

       1.14815E-01       1.20226E-01       1.17520E-01       5.41100E-03       0.00000E+00       0.00000E+00       0.00000E+00       0.00000E+00
       1.20226E-01       1.25892E-01       1.23059E-01       5.66600E-03       8.25371E-03       1.45671E+00       1.79261E-01       8.25371E-03
       1.25892E-01       1.31826E-01       1.28859E-01       5.93400E-03       3.18148E-02       5.36144E+00       6.90869E-01       4.00685E-02
       1.31826E-01       1.38038E-01       1.34932E-01       6.21200E-03       3.33134E-02       5.36275E+00       7.23607E-01       7.33819E-02
       1.38038E-01       1.44544E-01       1.41291E-01       6.50600E-03       3.48841E-02       5.36183E+00       7.57578E-01       1.08266E-01
       1.44544E-01       1.51356E-01       1.47950E-01       6.81200E-03       3.65275E-02       5.36223E+00       7.93342E-01       1.44793E-01
       1.51356E-01       1.58489E-01       1.54923E-01       7.13300E-03       3.82494E-02       5.36231E+00       8.30743E-01       1.83043E-01
       1.58489E-01       1.65959E-01       1.62224E-01       7.47000E-03       4.00521E-02       5.36172E+00       8.69800E-01       2.23095E-01
       1.65959E-01       1.73780E-01       1.69869E-01       7.82100E-03       4.19396E-02       5.36243E+00       9.10913E-01       2.65034E-01
       1.73780E-01       1.81970E-01       1.77875E-01       8.19000E-03       4.39161E-02       5.36216E+00       9.53794E-01       3.08951E-01
       1.81970E-01       1.90546E-01       1.86258E-01       8.57600E-03       4.59859E-02       5.36216E+00       9.98745E-01       3.54936E-01
       1.90546E-01       1.99526E-01       1.95036E-01       8.98000E-03       4.81527E-02       5.36221E+00       1.04582E+00       4.03089E-01
       1.99526E-01       2.08930E-01       2.04228E-01       9.40400E-03       5.04225E-02       5.36181E+00       1.09503E+00       4.53512E-01
       2.08930E-01       2.18776E-01       2.13853E-01       9.84600E-03       5.27990E-02       5.36248E+00       1.14678E+00       5.06311E-01
       2.18776E-01       2.29087E-01       2.23931E-01       1.03110E-02       5.52873E-02       5.36197E+00       1.20071E+00       5.61598E-01
       2.29087E-01       2.39883E-01       2.34485E-01       1.07960E-02       5.78926E-02       5.36241E+00       1.25741E+00       6.19491E-01
       2.39883E-01       2.51189E-01       2.45536E-01       1.13060E-02       6.06206E-02       5.36181E+00       1.31652E+00       6.80111E-01
       2.51189E-01       2.63027E-01       2.57108E-01       1.18380E-02       6.34785E-02       5.36226E+00       1.37868E+00       7.43590E-01
       2.63027E-01       2.75423E-01       2.69225E-01       1.23960E-02       6.64700E-02       5.36221E+00       1.44364E+00       8.10060E-01
       2.75423E-01       2.88403E-01       2.81913E-01       1.29800E-02       6.96023E-02       5.36227E+00       1.51169E+00       8.79662E-01
       2.88403E-01       3.01995E-01       2.95199E-01       1.35920E-02       7.28826E-02       5.36217E+00       1.58291E+00       9.52545E-01
       3.01995E-01       3.16228E-01       3.09112E-01       1.42330E-02       4.74556E-02       3.33419E+00       1.03064E+00       1.00000E+00

 Sum =                                                                         1.00000E+00
 Renormalization bin#   861 =                                                  1.81781E-07 barn        7.94328E+05        8.31764E+05        8.13046E+05
 Avg. Energy     bin#   861 =                                                  2.17710E-01 MeV         7.94328E+05        8.31764E+05
