"        MT=803 recoil spectrum "
" Initial neutron energy corresponds to the group:"
   1.09648E+00    1.14815E+00       0.00000E+00           814           840            27
 Debug druck set-a:   814      0.00000E+00        4.29820E-03        0.00000E+00
 Debug druck set-a:   815      6.54098E-08        4.50070E-03        2.94390E-10
 Debug druck set-a:   816      1.26758E-07        4.71300E-03        5.97410E-10
 Debug druck set-a:   817      1.26758E-07        4.93500E-03        6.25550E-10
 Debug druck set-a:   818      1.26776E-07        5.16700E-03        6.55050E-10
 Debug druck set-a:   819      1.26760E-07        5.41100E-03        6.85900E-10
 Debug druck set-a:   820      1.26763E-07        5.66600E-03        7.18240E-10
 Debug druck set-a:   821      1.26744E-07        5.93400E-03        7.52100E-10
 Debug druck set-a:   822      1.26776E-07        6.21200E-03        7.87530E-10
 Debug druck set-a:   823      1.26754E-07        6.50600E-03        8.24660E-10
 Debug druck set-a:   824      1.26763E-07        6.81200E-03        8.63510E-10
 Debug druck set-a:   825      1.26764E-07        7.13300E-03        9.04210E-10
 Debug druck set-a:   826      1.26751E-07        7.47000E-03        9.46830E-10
 Debug druck set-a:   827      1.26768E-07        7.82100E-03        9.91450E-10
 Debug druck set-a:   828      1.26761E-07        8.19000E-03        1.03817E-09
 Debug druck set-a:   829      1.26761E-07        8.57600E-03        1.08710E-09
 Debug druck set-a:   830      1.26763E-07        8.98000E-03        1.13833E-09
 Debug druck set-a:   831      1.26754E-07        9.40400E-03        1.19199E-09
 Debug druck set-a:   832      1.26769E-07        9.84600E-03        1.24817E-09
 Debug druck set-a:   833      1.26756E-07        1.03110E-02        1.30698E-09
 Debug druck set-a:   834      1.26767E-07        1.07960E-02        1.36858E-09
 Debug druck set-a:   835      1.26753E-07        1.13060E-02        1.43307E-09
 Debug druck set-a:   836      1.26763E-07        1.18380E-02        1.50062E-09
 Debug druck set-a:   837      1.26762E-07        1.23960E-02        1.57134E-09
 Debug druck set-a:   838      1.26764E-07        1.29800E-02        1.64540E-09
 Debug druck set-a:   839      1.26761E-07        1.35920E-02        1.72294E-09
 Debug druck set-a:   840      3.70716E-08        1.42330E-02        5.27640E-10



          Low               High              Mid              Energy           Number             dn/de            E*dn/de          Cumulative
         Energy            Energy            Energy             Width          Fraction                               Sum   
         [MeV]             [MeV]             [MeV]              [MeV]

       9.12011E-02       9.54993E-02       9.33502E-02       4.29820E-03       0.00000E+00       0.00000E+00       0.00000E+00       0.00000E+00
       9.54993E-02       1.00000E-01       9.77497E-02       4.50070E-03       1.11397E-02       2.47510E+00       2.41940E-01       1.11397E-02
       1.00000E-01       1.04713E-01       1.02357E-01       4.71300E-03       2.26059E-02       4.79650E+00       4.90953E-01       3.37456E-02
       1.04713E-01       1.09648E-01       1.07180E-01       4.93500E-03       2.36707E-02       4.79650E+00       5.14091E-01       5.74163E-02
       1.09648E-01       1.14815E-01       1.12231E-01       5.16700E-03       2.47870E-02       4.79717E+00       5.38394E-01       8.22033E-02
       1.14815E-01       1.20226E-01       1.17520E-01       5.41100E-03       2.59544E-02       4.79659E+00       5.63698E-01       1.08158E-01
       1.20226E-01       1.25892E-01       1.23059E-01       5.66600E-03       2.71781E-02       4.79670E+00       5.90277E-01       1.35336E-01
       1.25892E-01       1.31826E-01       1.28859E-01       5.93400E-03       2.84594E-02       4.79598E+00       6.18005E-01       1.63795E-01
       1.31826E-01       1.38038E-01       1.34932E-01       6.21200E-03       2.98000E-02       4.79717E+00       6.47292E-01       1.93595E-01
       1.38038E-01       1.44544E-01       1.41291E-01       6.50600E-03       3.12050E-02       4.79634E+00       6.77680E-01       2.24800E-01
       1.44544E-01       1.51356E-01       1.47950E-01       6.81200E-03       3.26751E-02       4.79670E+00       7.09671E-01       2.57475E-01
       1.51356E-01       1.58489E-01       1.54923E-01       7.13300E-03       3.42152E-02       4.79674E+00       7.43124E-01       2.91690E-01
       1.58489E-01       1.65959E-01       1.62224E-01       7.47000E-03       3.58279E-02       4.79624E+00       7.78065E-01       3.27518E-01
       1.65959E-01       1.73780E-01       1.69869E-01       7.82100E-03       3.75163E-02       4.79687E+00       8.14842E-01       3.65035E-01
       1.73780E-01       1.81970E-01       1.77875E-01       8.19000E-03       3.92842E-02       4.79661E+00       8.53196E-01       4.04319E-01
       1.81970E-01       1.90546E-01       1.86258E-01       8.57600E-03       4.11357E-02       4.79661E+00       8.93407E-01       4.45455E-01
       1.90546E-01       1.99526E-01       1.95036E-01       8.98000E-03       4.30742E-02       4.79669E+00       9.35526E-01       4.88529E-01
       1.99526E-01       2.08930E-01       2.04228E-01       9.40400E-03       4.51047E-02       4.79633E+00       9.79546E-01       5.33634E-01
       2.08930E-01       2.18776E-01       2.13853E-01       9.84600E-03       4.72306E-02       4.79693E+00       1.02584E+00       5.80864E-01
       2.18776E-01       2.29087E-01       2.23931E-01       1.03110E-02       4.94559E-02       4.79642E+00       1.07407E+00       6.30320E-01
       2.29087E-01       2.39883E-01       2.34485E-01       1.07960E-02       5.17869E-02       4.79686E+00       1.12479E+00       6.82107E-01
       2.39883E-01       2.51189E-01       2.45536E-01       1.13060E-02       5.42272E-02       4.79632E+00       1.17767E+00       7.36334E-01
       2.51189E-01       2.63027E-01       2.57108E-01       1.18380E-02       5.67832E-02       4.79669E+00       1.23327E+00       7.93117E-01
       2.63027E-01       2.75423E-01       2.69225E-01       1.23960E-02       5.94593E-02       4.79665E+00       1.29138E+00       8.52577E-01
       2.75423E-01       2.88403E-01       2.81913E-01       1.29800E-02       6.22617E-02       4.79674E+00       1.35226E+00       9.14838E-01
       2.88403E-01       3.01995E-01       2.95199E-01       1.35920E-02       6.51958E-02       4.79663E+00       1.41596E+00       9.80034E-01
       3.01995E-01       3.16228E-01       3.09112E-01       1.42330E-02       1.99658E-02       1.40278E+00       4.33617E-01       1.00000E+00

 Sum =                                                                         1.00000E+00
 Renormalization bin#   868 =                                                  2.64272E-08 barn        1.09648E+06        1.14815E+06        1.12232E+06
 Avg. Energy     bin#   868 =                                                  2.02006E-01 MeV         1.09648E+06        1.14815E+06
