"        MT=802 recoil spectrum "
" Initial neutron energy corresponds to the group:"
   1.90546E+00    1.99526E+00       0.00000E+00           819           848            30
 Debug druck set-a:   819      0.00000E+00        5.41100E-03        0.00000E+00
 Debug druck set-a:   820      6.86535E-07        5.66600E-03        3.88991E-09
 Debug druck set-a:   821      9.80539E-07        5.93400E-03        5.81852E-09
 Debug druck set-a:   822      9.80782E-07        6.21200E-03        6.09262E-09
 Debug druck set-a:   823      9.80610E-07        6.50600E-03        6.37985E-09
 Debug druck set-a:   824      9.80686E-07        6.81200E-03        6.68043E-09
 Debug druck set-a:   825      9.80698E-07        7.13300E-03        6.99532E-09
 Debug druck set-a:   826      9.80592E-07        7.47000E-03        7.32502E-09
 Debug druck set-a:   827      9.80721E-07        7.82100E-03        7.67022E-09
 Debug druck set-a:   828      9.80671E-07        8.19000E-03        8.03170E-09
 Debug druck set-a:   829      9.80672E-07        8.57600E-03        8.41024E-09
 Debug druck set-a:   830      9.80681E-07        8.98000E-03        8.80652E-09
 Debug druck set-a:   831      9.80608E-07        9.40400E-03        9.22164E-09
 Debug druck set-a:   832      9.80731E-07        9.84600E-03        9.65628E-09
 Debug druck set-a:   833      9.80632E-07        1.03110E-02        1.01113E-08
 Debug druck set-a:   834      9.80715E-07        1.07960E-02        1.05878E-08
 Debug druck set-a:   835      9.80612E-07        1.13060E-02        1.10868E-08
 Debug druck set-a:   836      9.80689E-07        1.18380E-02        1.16094E-08
 Debug druck set-a:   837      9.80679E-07        1.23960E-02        1.21565E-08
 Debug druck set-a:   838      9.80693E-07        1.29800E-02        1.27294E-08
 Debug druck set-a:   839      9.80672E-07        1.35920E-02        1.33293E-08
 Debug druck set-a:   840      9.80644E-07        1.42330E-02        1.39575E-08
 Debug druck set-a:   841      9.80688E-07        1.49030E-02        1.46152E-08
 Debug druck set-a:   842      9.80661E-07        1.56060E-02        1.53042E-08
 Debug druck set-a:   843      9.80681E-07        1.63410E-02        1.60253E-08
 Debug druck set-a:   844      9.80691E-07        1.71110E-02        1.67806E-08
 Debug druck set-a:   845      9.80662E-07        1.79180E-02        1.75715E-08
 Debug druck set-a:   846      9.80684E-07        1.87620E-02        1.83996E-08
 Debug druck set-a:   847      9.80643E-07        1.96470E-02        1.92667E-08
 Debug druck set-a:   848      3.71319E-07        2.05720E-02        7.63878E-09



          Low               High              Mid              Energy           Number             dn/de            E*dn/de          Cumulative
         Energy            Energy            Energy             Width          Fraction                               Sum   
         [MeV]             [MeV]             [MeV]              [MeV]

       1.14815E-01       1.20226E-01       1.17520E-01       5.41100E-03       0.00000E+00       0.00000E+00       0.00000E+00       0.00000E+00
       1.20226E-01       1.25892E-01       1.23059E-01       5.66600E-03       1.23041E-02       2.17156E+00       2.67230E-01       1.23041E-02
       1.25892E-01       1.31826E-01       1.28859E-01       5.93400E-03       1.84044E-02       3.10152E+00       3.99659E-01       3.07085E-02
       1.31826E-01       1.38038E-01       1.34932E-01       6.21200E-03       1.92714E-02       3.10229E+00       4.18598E-01       4.99799E-02
       1.38038E-01       1.44544E-01       1.41291E-01       6.50600E-03       2.01799E-02       3.10174E+00       4.38248E-01       7.01598E-02
       1.44544E-01       1.51356E-01       1.47950E-01       6.81200E-03       2.11307E-02       3.10198E+00       4.58938E-01       9.12905E-02
       1.51356E-01       1.58489E-01       1.54923E-01       7.13300E-03       2.21267E-02       3.10202E+00       4.80573E-01       1.13417E-01
       1.58489E-01       1.65959E-01       1.62224E-01       7.47000E-03       2.31696E-02       3.10168E+00       5.03168E-01       1.36587E-01
       1.65959E-01       1.73780E-01       1.69869E-01       7.82100E-03       2.42615E-02       3.10209E+00       5.26951E-01       1.60848E-01
       1.73780E-01       1.81970E-01       1.77875E-01       8.19000E-03       2.54049E-02       3.10194E+00       5.51757E-01       1.86253E-01
       1.81970E-01       1.90546E-01       1.86258E-01       8.57600E-03       2.66022E-02       3.10194E+00       5.77761E-01       2.12855E-01
       1.90546E-01       1.99526E-01       1.95036E-01       8.98000E-03       2.78557E-02       3.10197E+00       6.04995E-01       2.40711E-01
       1.99526E-01       2.08930E-01       2.04228E-01       9.40400E-03       2.91687E-02       3.10174E+00       6.33461E-01       2.69880E-01
       2.08930E-01       2.18776E-01       2.13853E-01       9.84600E-03       3.05435E-02       3.10213E+00       6.63399E-01       3.00423E-01
       2.18776E-01       2.29087E-01       2.23931E-01       1.03110E-02       3.19828E-02       3.10181E+00       6.94593E-01       3.32406E-01
       2.29087E-01       2.39883E-01       2.34485E-01       1.07960E-02       3.34900E-02       3.10207E+00       7.27390E-01       3.65896E-01
       2.39883E-01       2.51189E-01       2.45536E-01       1.13060E-02       3.50684E-02       3.10175E+00       7.61591E-01       4.00964E-01
       2.51189E-01       2.63027E-01       2.57108E-01       1.18380E-02       3.67214E-02       3.10199E+00       7.97547E-01       4.37686E-01
       2.63027E-01       2.75423E-01       2.69225E-01       1.23960E-02       3.84519E-02       3.10196E+00       8.35126E-01       4.76138E-01
       2.75423E-01       2.88403E-01       2.81913E-01       1.29800E-02       4.02640E-02       3.10201E+00       8.74496E-01       5.16402E-01
       2.88403E-01       3.01995E-01       2.95199E-01       1.35920E-02       4.21616E-02       3.10194E+00       9.15689E-01       5.58563E-01
       3.01995E-01       3.16228E-01       3.09112E-01       1.42330E-02       4.41486E-02       3.10185E+00       9.58817E-01       6.02712E-01
       3.16228E-01       3.31131E-01       3.23680E-01       1.49030E-02       4.62290E-02       3.10199E+00       1.00405E+00       6.48941E-01
       3.31131E-01       3.46737E-01       3.38934E-01       1.56060E-02       4.84083E-02       3.10190E+00       1.05134E+00       6.97349E-01
       3.46737E-01       3.63078E-01       3.54908E-01       1.63410E-02       5.06892E-02       3.10196E+00       1.10091E+00       7.48038E-01
       3.63078E-01       3.80189E-01       3.71633E-01       1.71110E-02       5.30783E-02       3.10200E+00       1.15281E+00       8.01117E-01
       3.80189E-01       3.98107E-01       3.89148E-01       1.79180E-02       5.55800E-02       3.10191E+00       1.20710E+00       8.56697E-01
       3.98107E-01       4.16869E-01       4.07488E-01       1.87620E-02       5.81993E-02       3.10198E+00       1.26402E+00       9.14896E-01
       4.16869E-01       4.36516E-01       4.26692E-01       1.96470E-02       6.09420E-02       3.10185E+00       1.32353E+00       9.75838E-01
       4.36516E-01       4.57088E-01       4.46802E-01       2.05720E-02       2.41620E-02       1.17451E+00       5.24774E-01       1.00000E+00

 Sum =                                                                         1.00000E+00
 Renormalization bin#   880 =                                                  3.16148E-07 barn        1.90546E+06        1.99526E+06        1.95036E+06
 Avg. Energy     bin#   880 =                                                  2.83260E-01 MeV         1.90546E+06        1.99526E+06
