"        MT=801 recoil spectrum "
" Initial neutron energy corresponds to the group:"
   1.04713E+00    1.09648E+00       0.00000E+00           819           843            25
 Debug druck set-a:   819      0.00000E+00        5.41100E-03        0.00000E+00
 Debug druck set-a:   820      5.95244E-07        5.66600E-03        3.37265E-09
 Debug druck set-a:   821      1.97373E-06        5.93400E-03        1.17121E-08
 Debug druck set-a:   822      1.97421E-06        6.21200E-03        1.22638E-08
 Debug druck set-a:   823      1.97387E-06        6.50600E-03        1.28420E-08
 Debug druck set-a:   824      1.97402E-06        6.81200E-03        1.34470E-08
 Debug druck set-a:   825      1.97405E-06        7.13300E-03        1.40809E-08
 Debug druck set-a:   826      1.97384E-06        7.47000E-03        1.47446E-08
 Debug druck set-a:   827      1.97410E-06        7.82100E-03        1.54394E-08
 Debug druck set-a:   828      1.97399E-06        8.19000E-03        1.61670E-08
 Debug druck set-a:   829      1.97400E-06        8.57600E-03        1.69290E-08
 Debug druck set-a:   830      1.97402E-06        8.98000E-03        1.77267E-08
 Debug druck set-a:   831      1.97387E-06        9.40400E-03        1.85623E-08
 Debug druck set-a:   832      1.97411E-06        9.84600E-03        1.94371E-08
 Debug druck set-a:   833      1.97392E-06        1.03110E-02        2.03531E-08
 Debug druck set-a:   834      1.97408E-06        1.07960E-02        2.13122E-08
 Debug druck set-a:   835      1.97387E-06        1.13060E-02        2.23166E-08
 Debug druck set-a:   836      1.97402E-06        1.18380E-02        2.33685E-08
 Debug druck set-a:   837      1.97401E-06        1.23960E-02        2.44698E-08
 Debug druck set-a:   838      1.97404E-06        1.29800E-02        2.56230E-08
 Debug druck set-a:   839      1.97399E-06        1.35920E-02        2.68305E-08
 Debug druck set-a:   840      1.97394E-06        1.42330E-02        2.80951E-08
 Debug druck set-a:   841      1.97403E-06        1.49030E-02        2.94190E-08
 Debug druck set-a:   842      1.76692E-06        1.56060E-02        2.75745E-08
 Debug druck set-a:   843      3.13414E-08        1.63410E-02        5.12150E-10



          Low               High              Mid              Energy           Number             dn/de            E*dn/de          Cumulative
         Energy            Energy            Energy             Width          Fraction                               Sum   
         [MeV]             [MeV]             [MeV]              [MeV]

       1.14815E-01       1.20226E-01       1.17520E-01       5.41100E-03       0.00000E+00       0.00000E+00       0.00000E+00       0.00000E+00
       1.20226E-01       1.25892E-01       1.23059E-01       5.66600E-03       7.72482E-03       1.36336E+00       1.67774E-01       7.72482E-03
       1.25892E-01       1.31826E-01       1.28859E-01       5.93400E-03       2.68258E-02       4.52069E+00       5.82531E-01       3.45506E-02
       1.31826E-01       1.38038E-01       1.34932E-01       6.21200E-03       2.80894E-02       4.52179E+00       6.10135E-01       6.26400E-02
       1.38038E-01       1.44544E-01       1.41291E-01       6.50600E-03       2.94137E-02       4.52101E+00       6.38779E-01       9.20537E-02
       1.44544E-01       1.51356E-01       1.47950E-01       6.81200E-03       3.07994E-02       4.52135E+00       6.68933E-01       1.22853E-01
       1.51356E-01       1.58489E-01       1.54923E-01       7.13300E-03       3.22513E-02       4.52143E+00       7.00471E-01       1.55104E-01
       1.58489E-01       1.65959E-01       1.62224E-01       7.47000E-03       3.37715E-02       4.52095E+00       7.33406E-01       1.88876E-01
       1.65959E-01       1.73780E-01       1.69869E-01       7.82100E-03       3.53629E-02       4.52153E+00       7.68070E-01       2.24239E-01
       1.73780E-01       1.81970E-01       1.77875E-01       8.19000E-03       3.70294E-02       4.52129E+00       8.04225E-01       2.61268E-01
       1.81970E-01       1.90546E-01       1.86258E-01       8.57600E-03       3.87747E-02       4.52130E+00       8.42129E-01       3.00043E-01
       1.90546E-01       1.99526E-01       1.95036E-01       8.98000E-03       4.06018E-02       4.52136E+00       8.81827E-01       3.40645E-01
       1.99526E-01       2.08930E-01       2.04228E-01       9.40400E-03       4.25157E-02       4.52102E+00       9.23319E-01       3.83160E-01
       2.08930E-01       2.18776E-01       2.13853E-01       9.84600E-03       4.45193E-02       4.52157E+00       9.66950E-01       4.27680E-01
       2.18776E-01       2.29087E-01       2.23931E-01       1.03110E-02       4.66174E-02       4.52113E+00       1.01242E+00       4.74297E-01
       2.29087E-01       2.39883E-01       2.34485E-01       1.07960E-02       4.88141E-02       4.52150E+00       1.06022E+00       5.23111E-01
       2.39883E-01       2.51189E-01       2.45536E-01       1.13060E-02       5.11146E-02       4.52102E+00       1.11007E+00       5.74226E-01
       2.51189E-01       2.63027E-01       2.57108E-01       1.18380E-02       5.35239E-02       4.52137E+00       1.16248E+00       6.27750E-01
       2.63027E-01       2.75423E-01       2.69225E-01       1.23960E-02       5.60464E-02       4.52133E+00       1.21725E+00       6.83796E-01
       2.75423E-01       2.88403E-01       2.81913E-01       1.29800E-02       5.86877E-02       4.52140E+00       1.27464E+00       7.42484E-01
       2.88403E-01       3.01995E-01       2.95199E-01       1.35920E-02       6.14534E-02       4.52129E+00       1.33468E+00       8.03937E-01
       3.01995E-01       3.16228E-01       3.09112E-01       1.42330E-02       6.43499E-02       4.52118E+00       1.39755E+00       8.68287E-01
       3.16228E-01       3.31131E-01       3.23680E-01       1.49030E-02       6.73822E-02       4.52138E+00       1.46348E+00       9.35669E-01
       3.31131E-01       3.46737E-01       3.38934E-01       1.56060E-02       6.31575E-02       4.04700E+00       1.37167E+00       9.98827E-01
       3.46737E-01       3.63078E-01       3.54908E-01       1.63410E-02       1.17304E-03       7.17853E-02       2.54772E-02       1.00000E+00

 Sum =                                                                         1.00000E+00
 Renormalization bin#   867 =                                                  4.36599E-07 barn        1.04713E+06        1.09648E+06        1.07180E+06
 Avg. Energy     bin#   867 =                                                  2.34819E-01 MeV         1.04713E+06        1.09648E+06
