"        MT=107 recoil spectrum "
" Initial neutron energy corresponds to the group:"
   1.51356E-01    1.58489E-01       1.16220E-09           820           837            18
 Debug druck set-a:   820      0.00000E+00        5.66600E-03        0.00000E+00
 Debug druck set-a:   821      1.62186E-09        5.93400E-03        9.62410E-12
 Debug druck set-a:   822      3.26732E-08        6.21200E-03        2.02966E-10
 Debug druck set-a:   823      1.62917E-07        6.50600E-03        1.05994E-09
 Debug druck set-a:   824      1.62929E-07        6.81200E-03        1.10987E-09
 Debug druck set-a:   825      1.62932E-07        7.13300E-03        1.16220E-09
 Debug druck set-a:   826      1.62914E-07        7.47000E-03        1.21697E-09
 Debug druck set-a:   827      1.62935E-07        7.82100E-03        1.27432E-09
 Debug druck set-a:   828      2.80666E-06        8.19000E-03        2.29866E-08
 Debug druck set-a:   829      1.06944E-05        8.57600E-03        9.17155E-08
 Debug druck set-a:   830      1.06946E-05        8.98000E-03        9.60371E-08
 Debug druck set-a:   831      1.06913E-05        9.40400E-03        1.00541E-07
 Debug druck set-a:   832      1.05664E-05        9.84600E-03        1.04037E-07
 Debug druck set-a:   833      1.05311E-05        1.03110E-02        1.08586E-07
 Debug druck set-a:   834      1.05320E-05        1.07960E-02        1.13703E-07
 Debug druck set-a:   835      1.05309E-05        1.13060E-02        1.19062E-07
 Debug druck set-a:   836      1.05317E-05        1.18380E-02        1.24674E-07
 Debug druck set-a:   837      6.26788E-07        1.23960E-02        7.76967E-09



          Low               High              Mid              Energy           Number             dn/de            E*dn/de          Cumulative
         Energy            Energy            Energy             Width          Fraction                               Sum   
         [MeV]             [MeV]             [MeV]              [MeV]

       1.20226E-01       1.25892E-01       1.23059E-01       5.66600E-03       0.00000E+00       0.00000E+00       0.00000E+00       0.00000E+00
       1.25892E-01       1.31826E-01       1.28859E-01       5.93400E-03       1.07514E-05       1.81183E-03       2.33471E-04       1.07514E-05
       1.31826E-01       1.38038E-01       1.34932E-01       6.21200E-03       2.26740E-04       3.65003E-02       4.92506E-03       2.37492E-04
       1.38038E-01       1.44544E-01       1.41291E-01       6.50600E-03       1.18409E-03       1.82000E-01       2.57150E-02       1.42158E-03
       1.44544E-01       1.51356E-01       1.47950E-01       6.81200E-03       1.23988E-03       1.82014E-01       2.69289E-02       2.66146E-03
       1.51356E-01       1.58489E-01       1.54923E-01       7.13300E-03       1.29833E-03       1.82017E-01       2.81985E-02       3.95979E-03
       1.58489E-01       1.65959E-01       1.62224E-01       7.47000E-03       1.35951E-03       1.81997E-01       2.95242E-02       5.31930E-03
       1.65959E-01       1.73780E-01       1.69869E-01       7.82100E-03       1.42358E-03       1.82021E-01       3.09198E-02       6.74289E-03
       1.73780E-01       1.81970E-01       1.77875E-01       8.19000E-03       2.56791E-02       3.13542E+00       5.57712E-01       3.24220E-02
       1.81970E-01       1.90546E-01       1.86258E-01       8.57600E-03       1.02458E-01       1.19471E+01       2.22524E+00       1.34880E-01
       1.90546E-01       1.99526E-01       1.95036E-01       8.98000E-03       1.07286E-01       1.19472E+01       2.33014E+00       2.42167E-01
       1.99526E-01       2.08930E-01       2.04228E-01       9.40400E-03       1.12318E-01       1.19437E+01       2.43923E+00       3.54485E-01
       2.08930E-01       2.18776E-01       2.13853E-01       9.84600E-03       1.16223E-01       1.18041E+01       2.52435E+00       4.70708E-01
       2.18776E-01       2.29087E-01       2.23931E-01       1.03110E-02       1.21305E-01       1.17646E+01       2.63447E+00       5.92013E-01
       2.29087E-01       2.39883E-01       2.34485E-01       1.07960E-02       1.27021E-01       1.17656E+01       2.75886E+00       7.19035E-01
       2.39883E-01       2.51189E-01       2.45536E-01       1.13060E-02       1.33008E-01       1.17644E+01       2.88858E+00       8.52043E-01
       2.51189E-01       2.63027E-01       2.57108E-01       1.18380E-02       1.39278E-01       1.17653E+01       3.02495E+00       9.91320E-01
       2.63027E-01       2.75423E-01       2.69225E-01       1.23960E-02       8.67976E-03       7.00206E-01       1.88513E-01       1.00000E+00

 Sum =                                                                         1.00000E+00
 Renormalization bin#   825 =                                                  8.95148E-07 barn        1.51356E+05        1.58489E+05        1.54922E+05
 Avg. Energy     bin#   825 =                                                  2.21169E-01 MeV         1.51356E+05        1.58489E+05
