"        MT=800 recoil spectrum "
" Initial neutron energy corresponds to the group:"
   9.12011E-01    9.54993E-01       0.00000E+00           825           845            21
 Debug druck set-a:   825      0.00000E+00        7.13300E-03        0.00000E+00
 Debug druck set-a:   826      8.00634E-06        7.47000E-03        5.98074E-08
 Debug druck set-a:   827      1.26253E-05        7.82100E-03        9.87426E-08
 Debug druck set-a:   828      1.26247E-05        8.19000E-03        1.03396E-07
 Debug druck set-a:   829      1.26246E-05        8.57600E-03        1.08269E-07
 Debug druck set-a:   830      1.26248E-05        8.98000E-03        1.13371E-07
 Debug druck set-a:   831      1.26239E-05        9.40400E-03        1.18715E-07
 Debug druck set-a:   832      1.26254E-05        9.84600E-03        1.24310E-07
 Debug druck set-a:   833      1.26242E-05        1.03110E-02        1.30168E-07
 Debug druck set-a:   834      1.26252E-05        1.07960E-02        1.36302E-07
 Debug druck set-a:   835      1.26239E-05        1.13060E-02        1.42726E-07
 Debug druck set-a:   836      1.26249E-05        1.18380E-02        1.49453E-07
 Debug druck set-a:   837      1.26248E-05        1.23960E-02        1.56497E-07
 Debug druck set-a:   838      1.26250E-05        1.29800E-02        1.63872E-07
 Debug druck set-a:   839      1.26247E-05        1.35920E-02        1.71595E-07
 Debug druck set-a:   840      1.26243E-05        1.42330E-02        1.79682E-07
 Debug druck set-a:   841      1.26249E-05        1.49030E-02        1.88149E-07
 Debug druck set-a:   842      1.26245E-05        1.56060E-02        1.97018E-07
 Debug druck set-a:   843      1.26248E-05        1.63410E-02        2.06302E-07
 Debug druck set-a:   844      1.26249E-05        1.71110E-02        2.16025E-07
 Debug druck set-a:   845      3.88222E-06        1.79180E-02        6.95616E-08



          Low               High              Mid              Energy           Number             dn/de            E*dn/de          Cumulative
         Energy            Energy            Energy             Width          Fraction                               Sum   
         [MeV]             [MeV]             [MeV]              [MeV]

       1.51356E-01       1.58489E-01       1.54923E-01       7.13300E-03       0.00000E+00       0.00000E+00       0.00000E+00       0.00000E+00
       1.58489E-01       1.65959E-01       1.62224E-01       7.47000E-03       2.11038E-02       2.82514E+00       4.58306E-01       2.11038E-02
       1.65959E-01       1.73780E-01       1.69869E-01       7.82100E-03       3.48426E-02       4.45501E+00       7.56770E-01       5.59464E-02
       1.73780E-01       1.81970E-01       1.77875E-01       8.19000E-03       3.64846E-02       4.45478E+00       7.92393E-01       9.24310E-02
       1.81970E-01       1.90546E-01       1.86258E-01       8.57600E-03       3.82041E-02       4.45477E+00       8.29737E-01       1.30635E-01
       1.90546E-01       1.99526E-01       1.95036E-01       8.98000E-03       4.00044E-02       4.45484E+00       8.68853E-01       1.70640E-01
       1.99526E-01       2.08930E-01       2.04228E-01       9.40400E-03       4.18901E-02       4.45450E+00       9.09734E-01       2.12530E-01
       2.08930E-01       2.18776E-01       2.13853E-01       9.84600E-03       4.38644E-02       4.45505E+00       9.52725E-01       2.56394E-01
       2.18776E-01       2.29087E-01       2.23931E-01       1.03110E-02       4.59315E-02       4.45461E+00       9.97527E-01       3.02326E-01
       2.29087E-01       2.39883E-01       2.34485E-01       1.07960E-02       4.80959E-02       4.45498E+00       1.04463E+00       3.50421E-01
       2.39883E-01       2.51189E-01       2.45536E-01       1.13060E-02       5.03627E-02       4.45451E+00       1.09374E+00       4.00784E-01
       2.51189E-01       2.63027E-01       2.57108E-01       1.18380E-02       5.27364E-02       4.45484E+00       1.14538E+00       4.53521E-01
       2.63027E-01       2.75423E-01       2.69225E-01       1.23960E-02       5.52220E-02       4.45482E+00       1.19935E+00       5.08743E-01
       2.75423E-01       2.88403E-01       2.81913E-01       1.29800E-02       5.78244E-02       4.45488E+00       1.25589E+00       5.66567E-01
       2.88403E-01       3.01995E-01       2.95199E-01       1.35920E-02       6.05495E-02       4.45479E+00       1.31505E+00       6.27117E-01
       3.01995E-01       3.16228E-01       3.09112E-01       1.42330E-02       6.34031E-02       4.45466E+00       1.37699E+00       6.90520E-01
       3.16228E-01       3.31131E-01       3.23680E-01       1.49030E-02       6.63908E-02       4.45486E+00       1.44195E+00       7.56910E-01
       3.31131E-01       3.46737E-01       3.38934E-01       1.56060E-02       6.95204E-02       4.45472E+00       1.50986E+00       8.26431E-01
       3.46737E-01       3.63078E-01       3.54908E-01       1.63410E-02       7.27963E-02       4.45483E+00       1.58105E+00       8.99227E-01
       3.63078E-01       3.80189E-01       3.71633E-01       1.71110E-02       7.62272E-02       4.45487E+00       1.65558E+00       9.75454E-01
       3.80189E-01       3.98107E-01       3.89148E-01       1.79180E-02       2.45457E-02       1.36989E+00       5.33090E-01       1.00000E+00

 Sum =                                                                         1.00000E+00
 Renormalization bin#   864 =                                                  2.83396E-06 barn        9.12011E+05        9.54993E+05        9.33502E+05
 Avg. Energy     bin#   864 =                                                  2.73584E-01 MeV         9.12011E+05        9.54993E+05
