"        MT=802 recoil spectrum "
" Initial neutron energy corresponds to the group:"
   1.99526E+00    2.08930E+00       0.00000E+00           819           849            31
 Debug druck set-a:   819      0.00000E+00        5.41100E-03        0.00000E+00
 Debug druck set-a:   820      6.72960E-07        5.66600E-03        3.81299E-09
 Debug druck set-a:   821      1.19881E-06        5.93400E-03        7.11375E-09
 Debug druck set-a:   822      1.19911E-06        6.21200E-03        7.44886E-09
 Debug druck set-a:   823      1.19890E-06        6.50600E-03        7.80004E-09
 Debug druck set-a:   824      1.19899E-06        6.81200E-03        8.16753E-09
 Debug druck set-a:   825      1.19901E-06        7.13300E-03        8.55251E-09
 Debug druck set-a:   826      1.19888E-06        7.47000E-03        8.95561E-09
 Debug druck set-a:   827      1.19903E-06        7.82100E-03        9.37765E-09
 Debug druck set-a:   828      1.19897E-06        8.19000E-03        9.81959E-09
 Debug druck set-a:   829      1.19897E-06        8.57600E-03        1.02824E-08
 Debug druck set-a:   830      1.19899E-06        8.98000E-03        1.07669E-08
 Debug druck set-a:   831      1.19889E-06        9.40400E-03        1.12744E-08
 Debug druck set-a:   832      1.19905E-06        9.84600E-03        1.18058E-08
 Debug druck set-a:   833      1.19892E-06        1.03110E-02        1.23621E-08
 Debug druck set-a:   834      1.19903E-06        1.07960E-02        1.29447E-08
 Debug druck set-a:   835      1.19890E-06        1.13060E-02        1.35548E-08
 Debug druck set-a:   836      1.19899E-06        1.18380E-02        1.41937E-08
 Debug druck set-a:   837      1.19898E-06        1.23960E-02        1.48626E-08
 Debug druck set-a:   838      1.19900E-06        1.29800E-02        1.55630E-08
 Debug druck set-a:   839      1.19897E-06        1.35920E-02        1.62964E-08
 Debug druck set-a:   840      1.19894E-06        1.42330E-02        1.70645E-08
 Debug druck set-a:   841      1.19900E-06        1.49030E-02        1.78687E-08
 Debug druck set-a:   842      1.19896E-06        1.56060E-02        1.87109E-08
 Debug druck set-a:   843      1.19899E-06        1.63410E-02        1.95927E-08
 Debug druck set-a:   844      1.19899E-06        1.71110E-02        2.05160E-08
 Debug druck set-a:   845      1.19896E-06        1.79180E-02        2.14830E-08
 Debug druck set-a:   846      1.19899E-06        1.87620E-02        2.24954E-08
 Debug druck set-a:   847      1.19894E-06        1.96470E-02        2.35555E-08
 Debug druck set-a:   848      1.07401E-06        2.05720E-02        2.20946E-08
 Debug druck set-a:   849      4.85261E-08        2.15420E-02        1.04535E-09



          Low               High              Mid              Energy           Number             dn/de            E*dn/de          Cumulative
         Energy            Energy            Energy             Width          Fraction                               Sum   
         [MeV]             [MeV]             [MeV]              [MeV]

       1.14815E-01       1.20226E-01       1.17520E-01       5.41100E-03       0.00000E+00       0.00000E+00       0.00000E+00       0.00000E+00
       1.20226E-01       1.25892E-01       1.23059E-01       5.66600E-03       9.54723E-03       1.68500E+00       2.07355E-01       9.54723E-03
       1.25892E-01       1.31826E-01       1.28859E-01       5.93400E-03       1.78119E-02       3.00167E+00       3.86792E-01       2.73591E-02
       1.31826E-01       1.38038E-01       1.34932E-01       6.21200E-03       1.86510E-02       3.00241E+00       4.05121E-01       4.60101E-02
       1.38038E-01       1.44544E-01       1.41291E-01       6.50600E-03       1.95303E-02       3.00189E+00       4.24139E-01       6.55404E-02
       1.44544E-01       1.51356E-01       1.47950E-01       6.81200E-03       2.04504E-02       3.00212E+00       4.44163E-01       8.59908E-02
       1.51356E-01       1.58489E-01       1.54923E-01       7.13300E-03       2.14144E-02       3.00215E+00       4.65101E-01       1.07405E-01
       1.58489E-01       1.65959E-01       1.62224E-01       7.47000E-03       2.24237E-02       3.00183E+00       4.86969E-01       1.29829E-01
       1.65959E-01       1.73780E-01       1.69869E-01       7.82100E-03       2.34804E-02       3.00222E+00       5.09986E-01       1.53309E-01
       1.73780E-01       1.81970E-01       1.77875E-01       8.19000E-03       2.45870E-02       3.00207E+00       5.33993E-01       1.77896E-01
       1.81970E-01       1.90546E-01       1.86258E-01       8.57600E-03       2.57458E-02       3.00207E+00       5.59160E-01       2.03642E-01
       1.90546E-01       1.99526E-01       1.95036E-01       8.98000E-03       2.69589E-02       3.00210E+00       5.85518E-01       2.30601E-01
       1.99526E-01       2.08930E-01       2.04228E-01       9.40400E-03       2.82296E-02       3.00187E+00       6.13067E-01       2.58830E-01
       2.08930E-01       2.18776E-01       2.13853E-01       9.84600E-03       2.95602E-02       3.00225E+00       6.42041E-01       2.88391E-01
       2.18776E-01       2.29087E-01       2.23931E-01       1.03110E-02       3.09531E-02       3.00195E+00       6.72230E-01       3.19344E-01
       2.29087E-01       2.39883E-01       2.34485E-01       1.07960E-02       3.24118E-02       3.00221E+00       7.03972E-01       3.51756E-01
       2.39883E-01       2.51189E-01       2.45536E-01       1.13060E-02       3.39394E-02       3.00190E+00       7.37073E-01       3.85695E-01
       2.51189E-01       2.63027E-01       2.57108E-01       1.18380E-02       3.55392E-02       3.00213E+00       7.71870E-01       4.21234E-01
       2.63027E-01       2.75423E-01       2.69225E-01       1.23960E-02       3.72140E-02       3.00210E+00       8.08240E-01       4.58448E-01
       2.75423E-01       2.88403E-01       2.81913E-01       1.29800E-02       3.89677E-02       3.00213E+00       8.46341E-01       4.97416E-01
       2.88403E-01       3.01995E-01       2.95199E-01       1.35920E-02       4.08040E-02       3.00206E+00       8.86206E-01       5.38220E-01
       3.01995E-01       3.16228E-01       3.09112E-01       1.42330E-02       4.27273E-02       3.00199E+00       9.27948E-01       5.80947E-01
       3.16228E-01       3.31131E-01       3.23680E-01       1.49030E-02       4.47409E-02       3.00214E+00       9.71731E-01       6.25688E-01
       3.31131E-01       3.46737E-01       3.38934E-01       1.56060E-02       4.68496E-02       3.00203E+00       1.01749E+00       6.72538E-01
       3.46737E-01       3.63078E-01       3.54908E-01       1.63410E-02       4.90575E-02       3.00211E+00       1.06547E+00       7.21595E-01
       3.63078E-01       3.80189E-01       3.71633E-01       1.71110E-02       5.13694E-02       3.00213E+00       1.11569E+00       7.72965E-01
       3.80189E-01       3.98107E-01       3.89148E-01       1.79180E-02       5.37906E-02       3.00204E+00       1.16824E+00       8.26755E-01
       3.98107E-01       4.16869E-01       4.07488E-01       1.87620E-02       5.63255E-02       3.00211E+00       1.22332E+00       8.83081E-01
       4.16869E-01       4.36516E-01       4.26692E-01       1.96470E-02       5.89799E-02       3.00198E+00       1.28092E+00       9.42061E-01
       4.36516E-01       4.57088E-01       4.46802E-01       2.05720E-02       5.53220E-02       2.68919E+00       1.20153E+00       9.97383E-01
       4.57088E-01       4.78630E-01       4.67859E-01       2.15420E-02       2.61742E-03       1.21503E-01       5.68463E-02       1.00000E+00

 Sum =                                                                         1.00000E+00
 Renormalization bin#   881 =                                                  3.99382E-07 barn        1.99526E+06        2.08930E+06        2.04228E+06
 Avg. Energy     bin#   881 =                                                  2.89344E-01 MeV         1.99526E+06        2.08930E+06
