"        MT=812 recoil spectrum "
" Initial neutron energy corresponds to the group:"
   1.90546E+00    1.99526E+00       0.00000E+00           810           840            31
 Debug druck set-a:   810      0.00000E+00        3.57500E-03        0.00000E+00
 Debug druck set-a:   811      2.70381E-10        3.74360E-03        1.01220E-12
 Debug druck set-a:   812      2.70383E-10        3.92000E-03        1.05990E-12
 Debug druck set-a:   813      2.70373E-10        4.10470E-03        1.10980E-12
 Debug druck set-a:   814      2.70393E-10        4.29820E-03        1.16220E-12
 Debug druck set-a:   815      2.70380E-10        4.50070E-03        1.21690E-12
 Debug druck set-a:   816      2.70380E-10        4.71300E-03        1.27430E-12
 Debug druck set-a:   817      2.70375E-10        4.93500E-03        1.33430E-12
 Debug druck set-a:   818      2.70408E-10        5.16700E-03        1.39720E-12
 Debug druck set-a:   819      2.70375E-10        5.41100E-03        1.46300E-12
 Debug druck set-a:   820      2.70385E-10        5.66600E-03        1.53200E-12
 Debug druck set-a:   821      2.70340E-10        5.93400E-03        1.60420E-12
 Debug druck set-a:   822      2.70412E-10        6.21200E-03        1.67980E-12
 Debug druck set-a:   823      2.70366E-10        6.50600E-03        1.75900E-12
 Debug druck set-a:   824      2.70390E-10        6.81200E-03        1.84190E-12
 Debug druck set-a:   825      2.70391E-10        7.13300E-03        1.92870E-12
 Debug druck set-a:   826      2.70361E-10        7.47000E-03        2.01960E-12
 Debug druck set-a:   827      2.70400E-10        7.82100E-03        2.11480E-12
 Debug druck set-a:   828      2.70378E-10        8.19000E-03        2.21440E-12
 Debug druck set-a:   829      2.70382E-10        8.57600E-03        2.31880E-12
 Debug druck set-a:   830      2.70390E-10        8.98000E-03        2.42810E-12
 Debug druck set-a:   831      2.70364E-10        9.40400E-03        2.54250E-12
 Debug druck set-a:   832      2.70404E-10        9.84600E-03        2.66240E-12
 Debug druck set-a:   833      2.70371E-10        1.03110E-02        2.78780E-12
 Debug druck set-a:   834      2.70396E-10        1.07960E-02        2.91920E-12
 Debug druck set-a:   835      2.70370E-10        1.13060E-02        3.05680E-12
 Debug druck set-a:   836      2.70392E-10        1.18380E-02        3.20090E-12
 Debug druck set-a:   837      2.70386E-10        1.23960E-02        3.35170E-12
 Debug druck set-a:   838      2.70393E-10        1.29800E-02        3.50970E-12
 Debug druck set-a:   839      2.70387E-10        1.35920E-02        3.67510E-12
 Debug druck set-a:   840      2.57880E-10        1.42330E-02        3.67040E-12



          Low               High              Mid              Energy           Number             dn/de            E*dn/de          Cumulative
         Energy            Energy            Energy             Width          Fraction                               Sum   
         [MeV]             [MeV]             [MeV]              [MeV]

       7.58578E-02       7.94328E-02       7.76453E-02       3.57500E-03       0.00000E+00       0.00000E+00       0.00000E+00       0.00000E+00
       7.94328E-02       8.31764E-02       8.13046E-02       3.74360E-03       1.58534E-02       4.23479E+00       3.44308E-01       1.58534E-02
       8.31764E-02       8.70964E-02       8.51364E-02       3.92000E-03       1.66005E-02       4.23481E+00       3.60537E-01       3.24538E-02
       8.70964E-02       9.12011E-02       8.91488E-02       4.10470E-03       1.73820E-02       4.23466E+00       3.77515E-01       4.98359E-02
       9.12011E-02       9.54993E-02       9.33502E-02       4.29820E-03       1.82027E-02       4.23497E+00       3.95335E-01       6.80386E-02
       9.54993E-02       1.00000E-01       9.77497E-02       4.50070E-03       1.90594E-02       4.23477E+00       4.13947E-01       8.70980E-02
       1.00000E-01       1.04713E-01       1.02357E-01       4.71300E-03       1.99585E-02       4.23477E+00       4.33456E-01       1.07056E-01
       1.04713E-01       1.09648E-01       1.07180E-01       4.93500E-03       2.08982E-02       4.23469E+00       4.53876E-01       1.27955E-01
       1.09648E-01       1.14815E-01       1.12231E-01       5.16700E-03       2.18834E-02       4.23522E+00       4.75325E-01       1.49838E-01
       1.14815E-01       1.20226E-01       1.17520E-01       5.41100E-03       2.29139E-02       4.23470E+00       4.97664E-01       1.72752E-01
       1.20226E-01       1.25892E-01       1.23059E-01       5.66600E-03       2.39946E-02       4.23485E+00       5.21136E-01       1.96747E-01
       1.25892E-01       1.31826E-01       1.28859E-01       5.93400E-03       2.51255E-02       4.23415E+00       5.45609E-01       2.21872E-01
       1.31826E-01       1.38038E-01       1.34932E-01       6.21200E-03       2.63095E-02       4.23527E+00       5.71474E-01       2.48182E-01
       1.38038E-01       1.44544E-01       1.41291E-01       6.50600E-03       2.75500E-02       4.23455E+00       5.98304E-01       2.75732E-01
       1.44544E-01       1.51356E-01       1.47950E-01       6.81200E-03       2.88484E-02       4.23494E+00       6.26559E-01       3.04580E-01
       1.51356E-01       1.58489E-01       1.54923E-01       7.13300E-03       3.02079E-02       4.23495E+00       6.56088E-01       3.34788E-01
       1.58489E-01       1.65959E-01       1.62224E-01       7.47000E-03       3.16316E-02       4.23448E+00       6.86934E-01       3.66419E-01
       1.65959E-01       1.73780E-01       1.69869E-01       7.82100E-03       3.31226E-02       4.23509E+00       7.19412E-01       3.99542E-01
       1.73780E-01       1.81970E-01       1.77875E-01       8.19000E-03       3.46826E-02       4.23475E+00       7.53256E-01       4.34225E-01
       1.81970E-01       1.90546E-01       1.86258E-01       8.57600E-03       3.63177E-02       4.23481E+00       7.88767E-01       4.70542E-01
       1.90546E-01       1.99526E-01       1.95036E-01       8.98000E-03       3.80296E-02       4.23492E+00       8.25963E-01       5.08572E-01
       1.99526E-01       2.08930E-01       2.04228E-01       9.40400E-03       3.98214E-02       4.23452E+00       8.64807E-01       5.48393E-01
       2.08930E-01       2.18776E-01       2.13853E-01       9.84600E-03       4.16993E-02       4.23515E+00       9.05700E-01       5.90093E-01
       2.18776E-01       2.29087E-01       2.23931E-01       1.03110E-02       4.36633E-02       4.23464E+00       9.48269E-01       6.33756E-01
       2.29087E-01       2.39883E-01       2.34485E-01       1.07960E-02       4.57214E-02       4.23503E+00       9.93051E-01       6.79477E-01
       2.39883E-01       2.51189E-01       2.45536E-01       1.13060E-02       4.78765E-02       4.23461E+00       1.03975E+00       7.27354E-01
       2.51189E-01       2.63027E-01       2.57108E-01       1.18380E-02       5.01334E-02       4.23496E+00       1.08884E+00       7.77487E-01
       2.63027E-01       2.75423E-01       2.69225E-01       1.23960E-02       5.24953E-02       4.23486E+00       1.14013E+00       8.29983E-01
       2.75423E-01       2.88403E-01       2.81913E-01       1.29800E-02       5.49700E-02       4.23497E+00       1.19389E+00       8.84953E-01
       2.88403E-01       3.01995E-01       2.95199E-01       1.35920E-02       5.75605E-02       4.23488E+00       1.25013E+00       9.42513E-01
       3.01995E-01       3.16228E-01       3.09112E-01       1.42330E-02       5.74869E-02       4.03899E+00       1.24850E+00       1.00000E+00

 Sum =                                                                         1.00000E+00
 Renormalization bin#   880 =                                                  6.38476E-11 barn        1.90546E+06        1.99526E+06        1.95036E+06
 Avg. Energy     bin#   880 =                                                  1.97521E-01 MeV         1.90546E+06        1.99526E+06
