"        MT=813 recoil spectrum "
" Initial neutron energy corresponds to the group:"
   1.90546E+00    1.99526E+00       0.00000E+00           820           840            21
 Debug druck set-a:   820      0.00000E+00        5.66600E-03        0.00000E+00
 Debug druck set-a:   821      1.69565E-10        5.93400E-03        1.00620E-12
 Debug druck set-a:   822      1.69607E-10        6.21200E-03        1.05360E-12
 Debug druck set-a:   823      1.69582E-10        6.50600E-03        1.10330E-12
 Debug druck set-a:   824      1.69598E-10        6.81200E-03        1.15530E-12
 Debug druck set-a:   825      1.69592E-10        7.13300E-03        1.20970E-12
 Debug druck set-a:   826      1.69572E-10        7.47000E-03        1.26670E-12
 Debug druck set-a:   827      1.69595E-10        7.82100E-03        1.32640E-12
 Debug druck set-a:   828      1.69597E-10        8.19000E-03        1.38900E-12
 Debug druck set-a:   829      1.69590E-10        8.57600E-03        1.45440E-12
 Debug druck set-a:   830      1.69588E-10        8.98000E-03        1.52290E-12
 Debug druck set-a:   831      1.69577E-10        9.40400E-03        1.59470E-12
 Debug druck set-a:   832      1.69602E-10        9.84600E-03        1.66990E-12
 Debug druck set-a:   833      1.69586E-10        1.03110E-02        1.74860E-12
 Debug druck set-a:   834      1.69600E-10        1.07960E-02        1.83100E-12
 Debug druck set-a:   835      1.69583E-10        1.13060E-02        1.91730E-12
 Debug druck set-a:   836      1.69598E-10        1.18380E-02        2.00770E-12
 Debug druck set-a:   837      1.69595E-10        1.23960E-02        2.10230E-12
 Debug druck set-a:   838      1.69599E-10        1.29800E-02        2.20140E-12
 Debug druck set-a:   839      1.69592E-10        1.35920E-02        2.30510E-12
 Debug druck set-a:   840      1.36654E-10        1.42330E-02        1.94500E-12



          Low               High              Mid              Energy           Number             dn/de            E*dn/de          Cumulative
         Energy            Energy            Energy             Width          Fraction                               Sum   
         [MeV]             [MeV]             [MeV]              [MeV]

       1.20226E-01       1.25892E-01       1.23059E-01       5.66600E-03       0.00000E+00       0.00000E+00       0.00000E+00       0.00000E+00
       1.25892E-01       1.31826E-01       1.28859E-01       5.93400E-03       3.16311E-02       5.33048E+00       6.86880E-01       3.16311E-02
       1.31826E-01       1.38038E-01       1.34932E-01       6.21200E-03       3.31211E-02       5.33180E+00       7.19430E-01       6.47522E-02
       1.38038E-01       1.44544E-01       1.41291E-01       6.50600E-03       3.46835E-02       5.33100E+00       7.53223E-01       9.94357E-02
       1.44544E-01       1.51356E-01       1.47950E-01       6.81200E-03       3.63182E-02       5.33150E+00       7.88796E-01       1.35754E-01
       1.51356E-01       1.58489E-01       1.54923E-01       7.13300E-03       3.80283E-02       5.33132E+00       8.25942E-01       1.73782E-01
       1.58489E-01       1.65959E-01       1.62224E-01       7.47000E-03       3.98202E-02       5.33068E+00       8.64764E-01       2.13602E-01
       1.65959E-01       1.73780E-01       1.69869E-01       7.82100E-03       4.16969E-02       5.33141E+00       9.05643E-01       2.55299E-01
       1.73780E-01       1.81970E-01       1.77875E-01       8.19000E-03       4.36648E-02       5.33148E+00       9.48337E-01       2.98964E-01
       1.81970E-01       1.90546E-01       1.86258E-01       8.57600E-03       4.57208E-02       5.33124E+00       9.92987E-01       3.44685E-01
       1.90546E-01       1.99526E-01       1.95036E-01       8.98000E-03       4.78741E-02       5.33119E+00       1.03977E+00       3.92559E-01
       1.99526E-01       2.08930E-01       2.04228E-01       9.40400E-03       5.01312E-02       5.33084E+00       1.08871E+00       4.42690E-01
       2.08930E-01       2.18776E-01       2.13853E-01       9.84600E-03       5.24952E-02       5.33163E+00       1.14019E+00       4.95186E-01
       2.18776E-01       2.29087E-01       2.23931E-01       1.03110E-02       5.49693E-02       5.33113E+00       1.19381E+00       5.50155E-01
       2.29087E-01       2.39883E-01       2.34485E-01       1.07960E-02       5.75596E-02       5.33157E+00       1.25017E+00       6.07714E-01
       2.39883E-01       2.51189E-01       2.45536E-01       1.13060E-02       6.02726E-02       5.33102E+00       1.30896E+00       6.67987E-01
       2.51189E-01       2.63027E-01       2.57108E-01       1.18380E-02       6.31144E-02       5.33151E+00       1.37077E+00       7.31101E-01
       2.63027E-01       2.75423E-01       2.69225E-01       1.23960E-02       6.60882E-02       5.33142E+00       1.43535E+00       7.97190E-01
       2.75423E-01       2.88403E-01       2.81913E-01       1.29800E-02       6.92036E-02       5.33155E+00       1.50303E+00       8.66393E-01
       2.88403E-01       3.01995E-01       2.95199E-01       1.35920E-02       7.24635E-02       5.33133E+00       1.57380E+00       9.38857E-01
       3.01995E-01       3.16228E-01       3.09112E-01       1.42330E-02       6.11433E-02       4.29589E+00       1.32791E+00       1.00000E+00

 Sum =                                                                         1.00000E+00
 Renormalization bin#   880 =                                                  3.18105E-11 barn        1.90546E+06        1.99526E+06        1.95036E+06
 Avg. Energy     bin#   880 =                                                  2.19763E-01 MeV         1.90546E+06        1.99526E+06
