"        MT=800 recoil spectrum "
" Initial neutron energy corresponds to the group:"
   1.20226E+00    1.25892E+00       0.00000E+00           825           847            23
 Debug druck set-a:   825      0.00000E+00        7.13300E-03        0.00000E+00
 Debug druck set-a:   826      1.36518E-05        7.47000E-03        1.01979E-07
 Debug druck set-a:   827      1.84694E-05        7.82100E-03        1.44449E-07
 Debug druck set-a:   828      1.84684E-05        8.19000E-03        1.51256E-07
 Debug druck set-a:   829      1.84684E-05        8.57600E-03        1.58385E-07
 Debug druck set-a:   830      1.84686E-05        8.98000E-03        1.65848E-07
 Debug druck set-a:   831      1.84672E-05        9.40400E-03        1.73666E-07
 Debug druck set-a:   832      1.84695E-05        9.84600E-03        1.81851E-07
 Debug druck set-a:   833      1.84677E-05        1.03110E-02        1.90420E-07
 Debug druck set-a:   834      1.84692E-05        1.07960E-02        1.99394E-07
 Debug druck set-a:   835      1.84673E-05        1.13060E-02        2.08791E-07
 Debug druck set-a:   836      1.84687E-05        1.18380E-02        2.18633E-07
 Debug druck set-a:   837      1.84685E-05        1.23960E-02        2.28936E-07
 Debug druck set-a:   838      1.84688E-05        1.29800E-02        2.39725E-07
 Debug druck set-a:   839      1.84684E-05        1.35920E-02        2.51022E-07
 Debug druck set-a:   840      1.84679E-05        1.42330E-02        2.62853E-07
 Debug druck set-a:   841      1.84688E-05        1.49030E-02        2.75240E-07
 Debug druck set-a:   842      1.84682E-05        1.56060E-02        2.88214E-07
 Debug druck set-a:   843      1.84686E-05        1.63410E-02        3.01796E-07
 Debug druck set-a:   844      1.84687E-05        1.71110E-02        3.16018E-07
 Debug druck set-a:   845      1.84682E-05        1.79180E-02        3.30913E-07
 Debug druck set-a:   846      1.84686E-05        1.87620E-02        3.46508E-07
 Debug druck set-a:   847      8.50629E-06        1.96470E-02        1.67123E-07



          Low               High              Mid              Energy           Number             dn/de            E*dn/de          Cumulative
         Energy            Energy            Energy             Width          Fraction                               Sum   
         [MeV]             [MeV]             [MeV]              [MeV]

       1.51356E-01       1.58489E-01       1.54923E-01       7.13300E-03       0.00000E+00       0.00000E+00       0.00000E+00       0.00000E+00
       1.58489E-01       1.65959E-01       1.62224E-01       7.47000E-03       2.07992E-02       2.78437E+00       4.51691E-01       2.07992E-02
       1.65959E-01       1.73780E-01       1.69869E-01       7.82100E-03       2.94612E-02       3.76694E+00       6.39888E-01       5.02605E-02
       1.73780E-01       1.81970E-01       1.77875E-01       8.19000E-03       3.08496E-02       3.76674E+00       6.70008E-01       8.11100E-02
       1.81970E-01       1.90546E-01       1.86258E-01       8.57600E-03       3.23036E-02       3.76674E+00       7.01585E-01       1.13414E-01
       1.90546E-01       1.99526E-01       1.95036E-01       8.98000E-03       3.38257E-02       3.76678E+00       7.34658E-01       1.47239E-01
       1.99526E-01       2.08930E-01       2.04228E-01       9.40400E-03       3.54202E-02       3.76651E+00       7.69226E-01       1.82659E-01
       2.08930E-01       2.18776E-01       2.13853E-01       9.84600E-03       3.70896E-02       3.76697E+00       8.05578E-01       2.19749E-01
       2.18776E-01       2.29087E-01       2.23931E-01       1.03110E-02       3.88373E-02       3.76659E+00       8.43458E-01       2.58586E-01
       2.29087E-01       2.39883E-01       2.34485E-01       1.07960E-02       4.06676E-02       3.76691E+00       8.83285E-01       2.99254E-01
       2.39883E-01       2.51189E-01       2.45536E-01       1.13060E-02       4.25842E-02       3.76651E+00       9.24814E-01       3.41838E-01
       2.51189E-01       2.63027E-01       2.57108E-01       1.18380E-02       4.45915E-02       3.76681E+00       9.68477E-01       3.86430E-01
       2.63027E-01       2.75423E-01       2.69225E-01       1.23960E-02       4.66929E-02       3.76677E+00       1.01411E+00       4.33122E-01
       2.75423E-01       2.88403E-01       2.81913E-01       1.29800E-02       4.88933E-02       3.76682E+00       1.06192E+00       4.82016E-01
       2.88403E-01       3.01995E-01       2.95199E-01       1.35920E-02       5.11974E-02       3.76673E+00       1.11194E+00       5.33213E-01
       3.01995E-01       3.16228E-01       3.09112E-01       1.42330E-02       5.36104E-02       3.76663E+00       1.16431E+00       5.86824E-01
       3.16228E-01       3.31131E-01       3.23680E-01       1.49030E-02       5.61368E-02       3.76681E+00       1.21924E+00       6.42960E-01
       3.31131E-01       3.46737E-01       3.38934E-01       1.56060E-02       5.87830E-02       3.76669E+00       1.27666E+00       7.01743E-01
       3.46737E-01       3.63078E-01       3.54908E-01       1.63410E-02       6.15531E-02       3.76679E+00       1.33686E+00       7.63296E-01
       3.63078E-01       3.80189E-01       3.71633E-01       1.71110E-02       6.44538E-02       3.76680E+00       1.39987E+00       8.27750E-01
       3.80189E-01       3.98107E-01       3.89148E-01       1.79180E-02       6.74917E-02       3.76670E+00       1.46580E+00       8.95242E-01
       3.98107E-01       4.16869E-01       4.07488E-01       1.87620E-02       7.06724E-02       3.76678E+00       1.53492E+00       9.65914E-01
       4.16869E-01       4.36516E-01       4.26692E-01       1.96470E-02       3.40857E-02       1.73491E+00       7.40272E-01       1.00000E+00

 Sum =                                                                         1.00000E+00
 Renormalization bin#   870 =                                                  4.90302E-06 barn        1.20226E+06        1.25892E+06        1.23059E+06
 Avg. Energy     bin#   870 =                                                  2.93338E-01 MeV         1.20226E+06        1.25892E+06
