"        MT=800 recoil spectrum "
" Initial neutron energy corresponds to the group:"
   1.99526E+00    2.08930E+00       0.00000E+00           825           852            28
 Debug druck set-a:   825      0.00000E+00        7.13300E-03        0.00000E+00
 Debug druck set-a:   826      1.73203E-05        7.47000E-03        1.29383E-07
 Debug druck set-a:   827      4.55868E-05        7.82100E-03        3.56534E-07
 Debug druck set-a:   828      4.55845E-05        8.19000E-03        3.73337E-07
 Debug druck set-a:   829      4.55845E-05        8.57600E-03        3.90933E-07
 Debug druck set-a:   830      4.55850E-05        8.98000E-03        4.09353E-07
 Debug druck set-a:   831      4.55816E-05        9.40400E-03        4.28649E-07
 Debug druck set-a:   832      4.55872E-05        9.84600E-03        4.48852E-07
 Debug druck set-a:   833      4.55827E-05        1.03110E-02        4.70003E-07
 Debug druck set-a:   834      4.55866E-05        1.07960E-02        4.92153E-07
 Debug druck set-a:   835      4.55816E-05        1.13060E-02        5.15346E-07
 Debug druck set-a:   836      4.55852E-05        1.18380E-02        5.39638E-07
 Debug druck set-a:   837      4.55849E-05        1.23960E-02        5.65070E-07
 Debug druck set-a:   838      4.55855E-05        1.29800E-02        5.91700E-07
 Debug druck set-a:   839      4.55845E-05        1.35920E-02        6.19584E-07
 Debug druck set-a:   840      4.55832E-05        1.42330E-02        6.48786E-07
 Debug druck set-a:   841      4.55854E-05        1.49030E-02        6.79359E-07
 Debug druck set-a:   842      4.55839E-05        1.56060E-02        7.11382E-07
 Debug druck set-a:   843      4.55850E-05        1.63410E-02        7.44905E-07
 Debug druck set-a:   844      4.55853E-05        1.71110E-02        7.80010E-07
 Debug druck set-a:   845      4.55839E-05        1.79180E-02        8.16773E-07
 Debug druck set-a:   846      4.55850E-05        1.87620E-02        8.55265E-07
 Debug druck set-a:   847      4.55831E-05        1.96470E-02        8.95571E-07
 Debug druck set-a:   848      4.55854E-05        2.05720E-02        9.37782E-07
 Debug druck set-a:   849      4.55843E-05        2.15420E-02        9.81976E-07
 Debug druck set-a:   850      4.55845E-05        2.25570E-02        1.02825E-06
 Debug druck set-a:   851      4.55832E-05        2.36210E-02        1.07672E-06
 Debug druck set-a:   852      1.12472E-05        2.47330E-02        2.78176E-07



          Low               High              Mid              Energy           Number             dn/de            E*dn/de          Cumulative
         Energy            Energy            Energy             Width          Fraction                               Sum   
         [MeV]             [MeV]             [MeV]              [MeV]

       1.51356E-01       1.58489E-01       1.54923E-01       7.13300E-03       0.00000E+00       0.00000E+00       0.00000E+00       0.00000E+00
       1.58489E-01       1.65959E-01       1.62224E-01       7.47000E-03       7.71722E-03       1.03310E+00       1.67593E-01       7.71722E-03
       1.65959E-01       1.73780E-01       1.69869E-01       7.82100E-03       2.12659E-02       2.71908E+00       4.61889E-01       2.89832E-02
       1.73780E-01       1.81970E-01       1.77875E-01       8.19000E-03       2.22682E-02       2.71895E+00       4.83633E-01       5.12513E-02
       1.81970E-01       1.90546E-01       1.86258E-01       8.57600E-03       2.33177E-02       2.71895E+00       5.06426E-01       7.45691E-02
       1.90546E-01       1.99526E-01       1.95036E-01       8.98000E-03       2.44164E-02       2.71898E+00       5.30298E-01       9.89855E-02
       1.99526E-01       2.08930E-01       2.04228E-01       9.40400E-03       2.55673E-02       2.71877E+00       5.55250E-01       1.24553E-01
       2.08930E-01       2.18776E-01       2.13853E-01       9.84600E-03       2.67724E-02       2.71911E+00       5.81490E-01       1.51325E-01
       2.18776E-01       2.29087E-01       2.23931E-01       1.03110E-02       2.80340E-02       2.71884E+00       6.08834E-01       1.79359E-01
       2.29087E-01       2.39883E-01       2.34485E-01       1.07960E-02       2.93551E-02       2.71907E+00       6.37582E-01       2.08714E-01
       2.39883E-01       2.51189E-01       2.45536E-01       1.13060E-02       3.07385E-02       2.71878E+00       6.67558E-01       2.39453E-01
       2.51189E-01       2.63027E-01       2.57108E-01       1.18380E-02       3.21874E-02       2.71899E+00       6.99075E-01       2.71640E-01
       2.63027E-01       2.75423E-01       2.69225E-01       1.23960E-02       3.37044E-02       2.71897E+00       7.32015E-01       3.05345E-01
       2.75423E-01       2.88403E-01       2.81913E-01       1.29800E-02       3.52927E-02       2.71901E+00       7.66524E-01       3.40637E-01
       2.88403E-01       3.01995E-01       2.95199E-01       1.35920E-02       3.69559E-02       2.71895E+00       8.02630E-01       3.77593E-01
       3.01995E-01       3.16228E-01       3.09112E-01       1.42330E-02       3.86977E-02       2.71887E+00       8.40435E-01       4.16291E-01
       3.16228E-01       3.31131E-01       3.23680E-01       1.49030E-02       4.05213E-02       2.71900E+00       8.80085E-01       4.56812E-01
       3.31131E-01       3.46737E-01       3.38934E-01       1.56060E-02       4.24313E-02       2.71891E+00       9.21531E-01       4.99244E-01
       3.46737E-01       3.63078E-01       3.54908E-01       1.63410E-02       4.44308E-02       2.71898E+00       9.64986E-01       5.43674E-01
       3.63078E-01       3.80189E-01       3.71633E-01       1.71110E-02       4.65247E-02       2.71900E+00       1.01047E+00       5.90199E-01
       3.80189E-01       3.98107E-01       3.89148E-01       1.79180E-02       4.87175E-02       2.71891E+00       1.05806E+00       6.38917E-01
       3.98107E-01       4.16869E-01       4.07488E-01       1.87620E-02       5.10134E-02       2.71898E+00       1.10795E+00       6.89930E-01
       4.16869E-01       4.36516E-01       4.26692E-01       1.96470E-02       5.34175E-02       2.71886E+00       1.16012E+00       7.43348E-01
       4.36516E-01       4.57088E-01       4.46802E-01       2.05720E-02       5.59353E-02       2.71900E+00       1.21485E+00       7.99283E-01
       4.57088E-01       4.78630E-01       4.67859E-01       2.15420E-02       5.85713E-02       2.71893E+00       1.27208E+00       8.57854E-01
       4.78630E-01       5.01187E-01       4.89909E-01       2.25570E-02       6.13313E-02       2.71895E+00       1.33204E+00       9.19185E-01
       5.01187E-01       5.24808E-01       5.12998E-01       2.36210E-02       6.42224E-02       2.71887E+00       1.39477E+00       9.83408E-01
       5.24808E-01       5.49541E-01       5.37174E-01       2.47330E-02       1.65922E-02       6.70852E-01       3.60364E-01       1.00000E+00

 Sum =                                                                         1.00000E+00
 Renormalization bin#   881 =                                                  1.67655E-05 barn        1.99526E+06        2.08930E+06        2.04228E+06
 Avg. Energy     bin#   881 =                                                  3.47152E-01 MeV         1.99526E+06        2.08930E+06
