"        MT=107 recoil spectrum "
" Initial neutron energy corresponds to the group:"
   2.08930E-01    2.18776E-01       8.33542E-08           819           838            20
 Debug druck set-a:   819      0.00000E+00        5.41100E-03        0.00000E+00
 Debug druck set-a:   820      4.10660E-10        5.66600E-03        2.32680E-12
 Debug druck set-a:   821      3.49292E-09        5.93400E-03        2.07270E-11
 Debug druck set-a:   822      1.04832E-07        6.21200E-03        6.51214E-10
 Debug druck set-a:   823      1.55356E-07        6.50600E-03        1.01075E-09
 Debug druck set-a:   824      1.55368E-07        6.81200E-03        1.05837E-09
 Debug druck set-a:   825      1.55371E-07        7.13300E-03        1.10826E-09
 Debug druck set-a:   826      1.55353E-07        7.47000E-03        1.16048E-09
 Debug druck set-a:   827      1.55373E-07        7.82100E-03        1.21517E-09
 Debug druck set-a:   828      6.07797E-06        8.19000E-03        4.97785E-08
 Debug druck set-a:   829      8.46817E-06        8.57600E-03        7.26230E-08
 Debug druck set-a:   830      8.46826E-06        8.98000E-03        7.60450E-08
 Debug druck set-a:   831      8.46763E-06        9.40400E-03        7.96296E-08
 Debug druck set-a:   832      8.46579E-06        9.84600E-03        8.33542E-08
 Debug druck set-a:   833      8.35742E-06        1.03110E-02        8.61734E-08
 Debug druck set-a:   834      8.31319E-06        1.07960E-02        8.97492E-08
 Debug druck set-a:   835      8.31228E-06        1.13060E-02        9.39787E-08
 Debug druck set-a:   836      8.31294E-06        1.18380E-02        9.84086E-08
 Debug druck set-a:   837      8.13529E-06        1.23960E-02        1.00845E-07
 Debug druck set-a:   838      1.28520E-07        1.29800E-02        1.66819E-09



          Low               High              Mid              Energy           Number             dn/de            E*dn/de          Cumulative
         Energy            Energy            Energy             Width          Fraction                               Sum   
         [MeV]             [MeV]             [MeV]              [MeV]

       1.14815E-01       1.20226E-01       1.17520E-01       5.41100E-03       0.00000E+00       0.00000E+00       0.00000E+00       0.00000E+00
       1.20226E-01       1.25892E-01       1.23059E-01       5.66600E-03       2.77502E-06       4.89767E-04       6.02702E-05       2.77502E-06
       1.25892E-01       1.31826E-01       1.28859E-01       5.93400E-03       2.47197E-05       4.16578E-03       5.36798E-04       2.74947E-05
       1.31826E-01       1.38038E-01       1.34932E-01       6.21200E-03       7.76660E-04       1.25026E-01       1.68700E-02       8.04154E-04
       1.38038E-01       1.44544E-01       1.41291E-01       6.50600E-03       1.20545E-03       1.85283E-01       2.61788E-02       2.00961E-03
       1.44544E-01       1.51356E-01       1.47950E-01       6.81200E-03       1.26225E-03       1.85297E-01       2.74147E-02       3.27185E-03
       1.51356E-01       1.58489E-01       1.54923E-01       7.13300E-03       1.32175E-03       1.85300E-01       2.87072E-02       4.59360E-03
       1.58489E-01       1.65959E-01       1.62224E-01       7.47000E-03       1.38403E-03       1.85279E-01       3.00567E-02       5.97763E-03
       1.65959E-01       1.73780E-01       1.69869E-01       7.82100E-03       1.44926E-03       1.85303E-01       3.14774E-02       7.42689E-03
       1.73780E-01       1.81970E-01       1.77875E-01       8.19000E-03       5.93675E-02       7.24878E+00       1.28938E+00       6.67944E-02
       1.81970E-01       1.90546E-01       1.86258E-01       8.57600E-03       8.66126E-02       1.00994E+01       1.88110E+00       1.53407E-01
       1.90546E-01       1.99526E-01       1.95036E-01       8.98000E-03       9.06938E-02       1.00995E+01       1.96977E+00       2.44101E-01
       1.99526E-01       2.08930E-01       2.04228E-01       9.40400E-03       9.49689E-02       1.00988E+01       2.06245E+00       3.39070E-01
       2.08930E-01       2.18776E-01       2.13853E-01       9.84600E-03       9.94110E-02       1.00966E+01       2.15918E+00       4.38481E-01
       2.18776E-01       2.29087E-01       2.23931E-01       1.03110E-02       1.02773E-01       9.96734E+00       2.23200E+00       5.41254E-01
       2.29087E-01       2.39883E-01       2.34485E-01       1.07960E-02       1.07038E-01       9.91459E+00       2.32482E+00       6.48292E-01
       2.39883E-01       2.51189E-01       2.45536E-01       1.13060E-02       1.12082E-01       9.91351E+00       2.43412E+00       7.60374E-01
       2.51189E-01       2.63027E-01       2.57108E-01       1.18380E-02       1.17365E-01       9.91429E+00       2.54904E+00       8.77739E-01
       2.63027E-01       2.75423E-01       2.69225E-01       1.23960E-02       1.20271E-01       9.70241E+00       2.61213E+00       9.98010E-01
       2.75423E-01       2.88403E-01       2.81913E-01       1.29800E-02       1.98954E-03       1.53277E-01       4.32109E-02       1.00000E+00

 Sum =                                                                         1.00000E+00
 Renormalization bin#   832 =                                                  8.38481E-07 barn        2.08930E+05        2.18776E+05        2.13853E+05
 Avg. Energy     bin#   832 =                                                  2.24926E-01 MeV         2.08930E+05        2.18776E+05
