"        MT=107 recoil spectrum "
" Initial neutron energy corresponds to the group:"
   4.16869E-01    4.36516E-01       0.00000E+00           814           840            27
 Debug druck set-a:   814      0.00000E+00        4.29820E-03        0.00000E+00
 Debug druck set-a:   815      3.26749E-10        4.50070E-03        1.47060E-12
 Debug druck set-a:   816      8.22618E-10        4.71300E-03        3.87700E-12
 Debug druck set-a:   817      8.22614E-10        4.93500E-03        4.05960E-12
 Debug druck set-a:   818      8.22721E-10        5.16700E-03        4.25100E-12
 Debug druck set-a:   819      1.69263E-09        5.41100E-03        9.15880E-12
 Debug druck set-a:   820      9.43366E-09        5.66600E-03        5.34511E-11
 Debug druck set-a:   821      2.06906E-07        5.93400E-03        1.22778E-09
 Debug druck set-a:   822      3.06569E-07        6.21200E-03        1.90441E-09
 Debug druck set-a:   823      3.06515E-07        6.50600E-03        1.99419E-09
 Debug druck set-a:   824      3.06539E-07        6.81200E-03        2.08814E-09
 Debug druck set-a:   825      3.06543E-07        7.13300E-03        2.18657E-09
 Debug druck set-a:   826      3.06509E-07        7.47000E-03        2.28962E-09
 Debug druck set-a:   827      6.50426E-06        7.82100E-03        5.08698E-08
 Debug druck set-a:   828      8.71077E-06        8.19000E-03        7.13412E-08
 Debug druck set-a:   829      8.71077E-06        8.57600E-03        7.47035E-08
 Debug druck set-a:   830      8.71087E-06        8.98000E-03        7.82236E-08
 Debug druck set-a:   831      8.71022E-06        9.40400E-03        8.19109E-08
 Debug druck set-a:   832      8.71086E-06        9.84600E-03        8.57671E-08
 Debug druck set-a:   833      8.70961E-06        1.03110E-02        8.98048E-08
 Debug druck set-a:   834      8.71035E-06        1.07960E-02        9.40369E-08
 Debug druck set-a:   835      8.70424E-06        1.13060E-02        9.84102E-08
 Debug druck set-a:   836      8.52689E-06        1.18380E-02        1.00941E-07
 Debug druck set-a:   837      8.40432E-06        1.23960E-02        1.04180E-07
 Debug druck set-a:   838      8.40447E-06        1.29800E-02        1.09090E-07
 Debug druck set-a:   839      8.40421E-06        1.35920E-02        1.14230E-07
 Debug druck set-a:   840      5.73303E-06        1.42330E-02        8.15982E-08



          Low               High              Mid              Energy           Number             dn/de            E*dn/de          Cumulative
         Energy            Energy            Energy             Width          Fraction                               Sum   
         [MeV]             [MeV]             [MeV]              [MeV]

       9.12011E-02       9.54993E-02       9.33502E-02       4.29820E-03       0.00000E+00       0.00000E+00       0.00000E+00       0.00000E+00
       9.54993E-02       1.00000E-01       9.77497E-02       4.50070E-03       1.17943E-06       2.62054E-04       2.56157E-05       1.17943E-06
       1.00000E-01       1.04713E-01       1.02357E-01       4.71300E-03       3.10938E-06       6.59744E-04       6.75291E-05       4.28880E-06
       1.04713E-01       1.09648E-01       1.07180E-01       4.93500E-03       3.25582E-06       6.59741E-04       7.07113E-05       7.54463E-06
       1.09648E-01       1.14815E-01       1.12231E-01       5.16700E-03       3.40932E-06       6.59827E-04       7.40533E-05       1.09539E-05
       1.14815E-01       1.20226E-01       1.17520E-01       5.41100E-03       7.34541E-06       1.35750E-03       1.59534E-04       1.82994E-05
       1.20226E-01       1.25892E-01       1.23059E-01       5.66600E-03       4.28681E-05       7.56584E-03       9.31045E-04       6.11674E-05
       1.25892E-01       1.31826E-01       1.28859E-01       5.93400E-03       9.84687E-04       1.65940E-01       2.13828E-02       1.04585E-03
       1.31826E-01       1.38038E-01       1.34932E-01       6.21200E-03       1.52734E-03       2.45870E-01       3.31757E-02       2.57320E-03
       1.38038E-01       1.44544E-01       1.41291E-01       6.50600E-03       1.59935E-03       2.45827E-01       3.47331E-02       4.17255E-03
       1.44544E-01       1.51356E-01       1.47950E-01       6.81200E-03       1.67470E-03       2.45846E-01       3.63729E-02       5.84725E-03
       1.51356E-01       1.58489E-01       1.54923E-01       7.13300E-03       1.75364E-03       2.45849E-01       3.80875E-02       7.60089E-03
       1.58489E-01       1.65959E-01       1.62224E-01       7.47000E-03       1.83629E-03       2.45822E-01       3.98782E-02       9.43718E-03
       1.65959E-01       1.73780E-01       1.69869E-01       7.82100E-03       4.07979E-02       5.21645E+00       8.86116E-01       5.02350E-02
       1.73780E-01       1.81970E-01       1.77875E-01       8.19000E-03       5.72160E-02       6.98608E+00       1.24265E+00       1.07451E-01
       1.81970E-01       1.90546E-01       1.86258E-01       8.57600E-03       5.99126E-02       6.98608E+00       1.30121E+00       1.67364E-01
       1.90546E-01       1.99526E-01       1.95036E-01       8.98000E-03       6.27358E-02       6.98616E+00       1.36255E+00       2.30099E-01
       1.99526E-01       2.08930E-01       2.04228E-01       9.40400E-03       6.56929E-02       6.98564E+00       1.42666E+00       2.95792E-01
       2.08930E-01       2.18776E-01       2.13853E-01       9.84600E-03       6.87857E-02       6.98616E+00       1.49401E+00       3.64578E-01
       2.18776E-01       2.29087E-01       2.23931E-01       1.03110E-02       7.20239E-02       6.98515E+00       1.56420E+00       4.36602E-01
       2.29087E-01       2.39883E-01       2.34485E-01       1.07960E-02       7.54181E-02       6.98574E+00       1.63805E+00       5.12020E-01
       2.39883E-01       2.51189E-01       2.45536E-01       1.13060E-02       7.89255E-02       6.98085E+00       1.71405E+00       5.90946E-01
       2.51189E-01       2.63027E-01       2.57108E-01       1.18380E-02       8.09555E-02       6.83861E+00       1.75826E+00       6.71901E-01
       2.63027E-01       2.75423E-01       2.69225E-01       1.23960E-02       8.35529E-02       6.74031E+00       1.81466E+00       7.55454E-01
       2.75423E-01       2.88403E-01       2.81913E-01       1.29800E-02       8.74908E-02       6.74043E+00       1.90021E+00       8.42945E-01
       2.88403E-01       3.01995E-01       2.95199E-01       1.35920E-02       9.16131E-02       6.74022E+00       1.98971E+00       9.34558E-01
       3.01995E-01       3.16228E-01       3.09112E-01       1.42330E-02       6.54422E-02       4.59792E+00       1.42127E+00       1.00000E+00

 Sum =                                                                         1.00000E+00
 Renormalization bin#   847 =                                                  1.24687E-06 barn        4.16869E+05        4.36516E+05        4.26692E+05
 Avg. Energy     bin#   847 =                                                  2.38451E-01 MeV         4.16869E+05        4.36516E+05
