"        MT=107 recoil spectrum "
" Initial neutron energy corresponds to the group:"
   1.44544E-01    1.51356E-01       1.13057E-09           820           836            17
 Debug druck set-a:   820      0.00000E+00        5.66600E-03        0.00000E+00
 Debug druck set-a:   821      1.37718E-09        5.93400E-03        8.17220E-12
 Debug druck set-a:   822      2.20497E-08        6.21200E-03        1.36973E-10
 Debug druck set-a:   823      1.65954E-07        6.50600E-03        1.07970E-09
 Debug druck set-a:   824      1.65968E-07        6.81200E-03        1.13057E-09
 Debug druck set-a:   825      1.65970E-07        7.13300E-03        1.18386E-09
 Debug druck set-a:   826      1.65952E-07        7.47000E-03        1.23966E-09
 Debug druck set-a:   827      1.65973E-07        7.82100E-03        1.29807E-09
 Debug druck set-a:   828      2.20655E-06        8.19000E-03        1.80716E-08
 Debug druck set-a:   829      1.10955E-05        8.57600E-03        9.51552E-08
 Debug druck set-a:   830      1.10954E-05        8.98000E-03        9.96369E-08
 Debug druck set-a:   831      1.10924E-05        9.40400E-03        1.04313E-07
 Debug druck set-a:   832      1.09428E-05        9.84600E-03        1.07743E-07
 Debug druck set-a:   833      1.09291E-05        1.03110E-02        1.12690E-07
 Debug druck set-a:   834      1.09301E-05        1.07960E-02        1.18001E-07
 Debug druck set-a:   835      1.09289E-05        1.13060E-02        1.23562E-07
 Debug druck set-a:   836      1.02712E-05        1.18380E-02        1.21590E-07



          Low               High              Mid              Energy           Number             dn/de            E*dn/de          Cumulative
         Energy            Energy            Energy             Width          Fraction                               Sum   
         [MeV]             [MeV]             [MeV]              [MeV]

       1.20226E-01       1.25892E-01       1.23059E-01       5.66600E-03       0.00000E+00       0.00000E+00       0.00000E+00       0.00000E+00
       1.25892E-01       1.31826E-01       1.28859E-01       5.93400E-03       9.01174E-06       1.51866E-03       1.95693E-04       9.01174E-06
       1.31826E-01       1.38038E-01       1.34932E-01       6.21200E-03       1.51044E-04       2.43149E-02       3.28086E-03       1.60056E-04
       1.38038E-01       1.44544E-01       1.41291E-01       6.50600E-03       1.19061E-03       1.83002E-01       2.58566E-02       1.35067E-03
       1.44544E-01       1.51356E-01       1.47950E-01       6.81200E-03       1.24672E-03       1.83018E-01       2.70775E-02       2.59739E-03
       1.51356E-01       1.58489E-01       1.54923E-01       7.13300E-03       1.30548E-03       1.83020E-01       2.83539E-02       3.90287E-03
       1.58489E-01       1.65959E-01       1.62224E-01       7.47000E-03       1.36701E-03       1.83000E-01       2.96870E-02       5.26988E-03
       1.65959E-01       1.73780E-01       1.69869E-01       7.82100E-03       1.43143E-03       1.83023E-01       3.10901E-02       6.70130E-03
       1.73780E-01       1.81970E-01       1.77875E-01       8.19000E-03       1.99282E-02       2.43323E+00       4.32811E-01       2.66295E-02
       1.81970E-01       1.90546E-01       1.86258E-01       8.57600E-03       1.04931E-01       1.22354E+01       2.27894E+00       1.31560E-01
       1.90546E-01       1.99526E-01       1.95036E-01       8.98000E-03       1.09873E-01       1.22353E+01       2.38632E+00       2.41433E-01
       1.99526E-01       2.08930E-01       2.04228E-01       9.40400E-03       1.15029E-01       1.22319E+01       2.49811E+00       3.56462E-01
       2.08930E-01       2.18776E-01       2.13853E-01       9.84600E-03       1.18811E-01       1.20669E+01       2.58055E+00       4.75273E-01
       2.18776E-01       2.29087E-01       2.23931E-01       1.03110E-02       1.24267E-01       1.20519E+01       2.69879E+00       5.99540E-01
       2.29087E-01       2.39883E-01       2.34485E-01       1.07960E-02       1.30123E-01       1.20529E+01       2.82623E+00       7.29663E-01
       2.39883E-01       2.51189E-01       2.45536E-01       1.13060E-02       1.36256E-01       1.20516E+01       2.95911E+00       8.65919E-01
       2.51189E-01       2.63027E-01       2.57108E-01       1.18380E-02       1.34081E-01       1.13263E+01       2.91209E+00       1.00000E+00

 Sum =                                                                         1.00000E+00
 Renormalization bin#   824 =                                                  9.06840E-07 barn        1.44544E+05        1.51356E+05        1.47950E+05
 Avg. Energy     bin#   824 =                                                  2.20728E-01 MeV         1.44544E+05        1.51356E+05
