"        MT=802 recoil spectrum "
" Initial neutron energy corresponds to the group:"
   1.04713E+00    1.09648E+00       0.00000E+00           818           842            25
 Debug druck set-a:   818      0.00000E+00        5.16700E-03        0.00000E+00
 Debug druck set-a:   819      5.43467E-08        5.41100E-03        2.94070E-10
 Debug druck set-a:   820      8.50035E-08        5.66600E-03        4.81630E-10
 Debug druck set-a:   821      8.49899E-08        5.93400E-03        5.04330E-10
 Debug druck set-a:   822      8.50113E-08        6.21200E-03        5.28090E-10
 Debug druck set-a:   823      8.49969E-08        6.50600E-03        5.52990E-10
 Debug druck set-a:   824      8.50029E-08        6.81200E-03        5.79040E-10
 Debug druck set-a:   825      8.50035E-08        7.13300E-03        6.06330E-10
 Debug druck set-a:   826      8.49946E-08        7.47000E-03        6.34910E-10
 Debug druck set-a:   827      8.50058E-08        7.82100E-03        6.64830E-10
 Debug druck set-a:   828      8.50012E-08        8.19000E-03        6.96160E-10
 Debug druck set-a:   829      8.50012E-08        8.57600E-03        7.28970E-10
 Debug druck set-a:   830      8.50022E-08        8.98000E-03        7.63320E-10
 Debug druck set-a:   831      8.49957E-08        9.40400E-03        7.99300E-10
 Debug druck set-a:   832      8.50071E-08        9.84600E-03        8.36980E-10
 Debug druck set-a:   833      8.49985E-08        1.03110E-02        8.76420E-10
 Debug druck set-a:   834      8.50056E-08        1.07960E-02        9.17720E-10
 Debug druck set-a:   835      8.49965E-08        1.13060E-02        9.60970E-10
 Debug druck set-a:   836      8.50034E-08        1.18380E-02        1.00627E-09
 Debug druck set-a:   837      8.50024E-08        1.23960E-02        1.05369E-09
 Debug druck set-a:   838      8.50038E-08        1.29800E-02        1.10335E-09
 Debug druck set-a:   839      8.50015E-08        1.35920E-02        1.15534E-09
 Debug druck set-a:   840      8.49989E-08        1.42330E-02        1.20979E-09
 Debug druck set-a:   841      8.40717E-08        1.49030E-02        1.25292E-09
 Debug druck set-a:   842      1.07183E-08        1.56060E-02        1.67270E-10



          Low               High              Mid              Energy           Number             dn/de            E*dn/de          Cumulative
         Energy            Energy            Energy             Width          Fraction                               Sum   
         [MeV]             [MeV]             [MeV]              [MeV]

       1.09648E-01       1.14815E-01       1.12231E-01       5.16700E-03       0.00000E+00       0.00000E+00       0.00000E+00       0.00000E+00
       1.14815E-01       1.20226E-01       1.17520E-01       5.41100E-03       1.60041E-02       2.95769E+00       3.47590E-01       1.60041E-02
       1.20226E-01       1.25892E-01       1.23059E-01       5.66600E-03       2.62116E-02       4.62612E+00       5.69286E-01       4.22157E-02
       1.25892E-01       1.31826E-01       1.28859E-01       5.93400E-03       2.74470E-02       4.62538E+00       5.96022E-01       6.96627E-02
       1.31826E-01       1.38038E-01       1.34932E-01       6.21200E-03       2.87401E-02       4.62654E+00       6.24268E-01       9.84028E-02
       1.38038E-01       1.44544E-01       1.41291E-01       6.50600E-03       3.00952E-02       4.62576E+00       6.53578E-01       1.28498E-01
       1.44544E-01       1.51356E-01       1.47950E-01       6.81200E-03       3.15129E-02       4.62609E+00       6.84430E-01       1.60011E-01
       1.51356E-01       1.58489E-01       1.54923E-01       7.13300E-03       3.29981E-02       4.62612E+00       7.16690E-01       1.93009E-01
       1.58489E-01       1.65959E-01       1.62224E-01       7.47000E-03       3.45535E-02       4.62564E+00       7.50389E-01       2.27563E-01
       1.65959E-01       1.73780E-01       1.69869E-01       7.82100E-03       3.61818E-02       4.62624E+00       7.85857E-01       2.63744E-01
       1.73780E-01       1.81970E-01       1.77875E-01       8.19000E-03       3.78869E-02       4.62599E+00       8.22849E-01       3.01631E-01
       1.81970E-01       1.90546E-01       1.86258E-01       8.57600E-03       3.96725E-02       4.62599E+00       8.61628E-01       3.41304E-01
       1.90546E-01       1.99526E-01       1.95036E-01       8.98000E-03       4.15419E-02       4.62605E+00       9.02246E-01       3.82846E-01
       1.99526E-01       2.08930E-01       2.04228E-01       9.40400E-03       4.35001E-02       4.62570E+00       9.44697E-01       4.26346E-01
       2.08930E-01       2.18776E-01       2.13853E-01       9.84600E-03       4.55507E-02       4.62632E+00       9.89351E-01       4.71896E-01
       2.18776E-01       2.29087E-01       2.23931E-01       1.03110E-02       4.76971E-02       4.62585E+00       1.03587E+00       5.19594E-01
       2.29087E-01       2.39883E-01       2.34485E-01       1.07960E-02       4.99448E-02       4.62623E+00       1.08478E+00       5.69538E-01
       2.39883E-01       2.51189E-01       2.45536E-01       1.13060E-02       5.22986E-02       4.62574E+00       1.13578E+00       6.21837E-01
       2.51189E-01       2.63027E-01       2.57108E-01       1.18380E-02       5.47639E-02       4.62611E+00       1.18941E+00       6.76601E-01
       2.63027E-01       2.75423E-01       2.69225E-01       1.23960E-02       5.73446E-02       4.62606E+00       1.24545E+00       7.33945E-01
       2.75423E-01       2.88403E-01       2.81913E-01       1.29800E-02       6.00473E-02       4.62614E+00       1.30417E+00       7.93993E-01
       2.88403E-01       3.01995E-01       2.95199E-01       1.35920E-02       6.28767E-02       4.62601E+00       1.36559E+00       8.56869E-01
       3.01995E-01       3.16228E-01       3.09112E-01       1.42330E-02       6.58400E-02       4.62587E+00       1.42991E+00       9.22709E-01
       3.16228E-01       3.31131E-01       3.23680E-01       1.49030E-02       6.81873E-02       4.57541E+00       1.48097E+00       9.90897E-01
       3.31131E-01       3.46737E-01       3.38934E-01       1.56060E-02       9.10328E-03       5.83319E-01       1.97707E-01       1.00000E+00

 Sum =                                                                         1.00000E+00
 Renormalization bin#   867 =                                                  1.83747E-08 barn        1.04713E+06        1.09648E+06        1.07180E+06
 Avg. Energy     bin#   867 =                                                  2.24905E-01 MeV         1.04713E+06        1.09648E+06
