"        MT=815 recoil spectrum "
" Initial neutron energy corresponds to the group:"
   1.99526E+00    2.08930E+00       0.00000E+00           815           840            26
 Debug druck set-a:   815      0.00000E+00        4.50070E-03        0.00000E+00
 Debug druck set-a:   816      2.20645E-10        4.71300E-03        1.03990E-12
 Debug druck set-a:   817      2.20648E-10        4.93500E-03        1.08890E-12
 Debug druck set-a:   818      2.20670E-10        5.16700E-03        1.14020E-12
 Debug druck set-a:   819      2.20643E-10        5.41100E-03        1.19390E-12
 Debug druck set-a:   820      2.20649E-10        5.66600E-03        1.25020E-12
 Debug druck set-a:   821      2.20627E-10        5.93400E-03        1.30920E-12
 Debug druck set-a:   822      2.20670E-10        6.21200E-03        1.37080E-12
 Debug druck set-a:   823      2.20642E-10        6.50600E-03        1.43550E-12
 Debug druck set-a:   824      2.20655E-10        6.81200E-03        1.50310E-12
 Debug druck set-a:   825      2.20665E-10        7.13300E-03        1.57400E-12
 Debug druck set-a:   826      2.20629E-10        7.47000E-03        1.64810E-12
 Debug druck set-a:   827      2.20662E-10        7.82100E-03        1.72580E-12
 Debug druck set-a:   828      2.20647E-10        8.19000E-03        1.80710E-12
 Debug druck set-a:   829      2.20651E-10        8.57600E-03        1.89230E-12
 Debug druck set-a:   830      2.20657E-10        8.98000E-03        1.98150E-12
 Debug druck set-a:   831      2.20640E-10        9.40400E-03        2.07490E-12
 Debug druck set-a:   832      2.20668E-10        9.84600E-03        2.17270E-12
 Debug druck set-a:   833      2.20638E-10        1.03110E-02        2.27500E-12
 Debug druck set-a:   834      2.20665E-10        1.07960E-02        2.38230E-12
 Debug druck set-a:   835      2.20635E-10        1.13060E-02        2.49450E-12
 Debug druck set-a:   836      2.20654E-10        1.18380E-02        2.61210E-12
 Debug druck set-a:   837      2.20652E-10        1.23960E-02        2.73520E-12
 Debug druck set-a:   838      2.20655E-10        1.29800E-02        2.86410E-12
 Debug druck set-a:   839      2.20652E-10        1.35920E-02        2.99910E-12
 Debug druck set-a:   840      2.03752E-10        1.42330E-02        2.90000E-12



          Low               High              Mid              Energy           Number             dn/de            E*dn/de          Cumulative
         Energy            Energy            Energy             Width          Fraction                               Sum   
         [MeV]             [MeV]             [MeV]              [MeV]

       9.54993E-02       1.00000E-01       9.77497E-02       4.50070E-03       0.00000E+00       0.00000E+00       0.00000E+00       0.00000E+00
       1.00000E-01       1.04713E-01       1.02357E-01       4.71300E-03       2.19063E-02       4.64805E+00       4.75759E-01       2.19063E-02
       1.04713E-01       1.09648E-01       1.07180E-01       4.93500E-03       2.29385E-02       4.64813E+00       4.98188E-01       4.48448E-02
       1.09648E-01       1.14815E-01       1.12231E-01       5.16700E-03       2.40192E-02       4.64857E+00       5.21716E-01       6.88640E-02
       1.14815E-01       1.20226E-01       1.17520E-01       5.41100E-03       2.51504E-02       4.64802E+00       5.46237E-01       9.40144E-02
       1.20226E-01       1.25892E-01       1.23059E-01       5.66600E-03       2.63364E-02       4.64815E+00       5.71997E-01       1.20351E-01
       1.25892E-01       1.31826E-01       1.28859E-01       5.93400E-03       2.75793E-02       4.64767E+00       5.98894E-01       1.47930E-01
       1.31826E-01       1.38038E-01       1.34932E-01       6.21200E-03       2.88769E-02       4.64857E+00       6.27241E-01       1.76807E-01
       1.38038E-01       1.44544E-01       1.41291E-01       6.50600E-03       3.02399E-02       4.64800E+00       6.56721E-01       2.07047E-01
       1.44544E-01       1.51356E-01       1.47950E-01       6.81200E-03       3.16639E-02       4.64826E+00       6.87710E-01       2.38711E-01
       1.51356E-01       1.58489E-01       1.54923E-01       7.13300E-03       3.31575E-02       4.64847E+00       7.20152E-01       2.71868E-01
       1.58489E-01       1.65959E-01       1.62224E-01       7.47000E-03       3.47185E-02       4.64772E+00       7.53972E-01       3.06587E-01
       1.65959E-01       1.73780E-01       1.69869E-01       7.82100E-03       3.63553E-02       4.64842E+00       7.89625E-01       3.42942E-01
       1.73780E-01       1.81970E-01       1.77875E-01       8.19000E-03       3.80679E-02       4.64810E+00       8.26781E-01       3.81010E-01
       1.81970E-01       1.90546E-01       1.86258E-01       8.57600E-03       3.98627E-02       4.64817E+00       8.65759E-01       4.20873E-01
       1.90546E-01       1.99526E-01       1.95036E-01       8.98000E-03       4.17418E-02       4.64831E+00       9.06587E-01       4.62615E-01
       1.99526E-01       2.08930E-01       2.04228E-01       9.40400E-03       4.37093E-02       4.64795E+00       9.49242E-01       5.06324E-01
       2.08930E-01       2.18776E-01       2.13853E-01       9.84600E-03       4.57696E-02       4.64855E+00       9.94105E-01       5.52094E-01
       2.18776E-01       2.29087E-01       2.23931E-01       1.03110E-02       4.79246E-02       4.64791E+00       1.04081E+00       6.00018E-01
       2.29087E-01       2.39883E-01       2.34485E-01       1.07960E-02       5.01850E-02       4.64848E+00       1.09000E+00       6.50203E-01
       2.39883E-01       2.51189E-01       2.45536E-01       1.13060E-02       5.25485E-02       4.64784E+00       1.14121E+00       7.02752E-01
       2.51189E-01       2.63027E-01       2.57108E-01       1.18380E-02       5.50259E-02       4.64824E+00       1.19510E+00       7.57777E-01
       2.63027E-01       2.75423E-01       2.69225E-01       1.23960E-02       5.76191E-02       4.64820E+00       1.25141E+00       8.15396E-01
       2.75423E-01       2.88403E-01       2.81913E-01       1.29800E-02       6.03344E-02       4.64826E+00       1.31041E+00       8.75731E-01
       2.88403E-01       3.01995E-01       2.95199E-01       1.35920E-02       6.31783E-02       4.64820E+00       1.37214E+00       9.38909E-01
       3.01995E-01       3.16228E-01       3.09112E-01       1.42330E-02       6.10907E-02       4.29219E+00       1.32676E+00       1.00000E+00

 Sum =                                                                         1.00000E+00
 Renormalization bin#   881 =                                                  4.74704E-11 barn        1.99526E+06        2.08930E+06        2.04228E+06
 Avg. Energy     bin#   881 =                                                  2.07602E-01 MeV         1.99526E+06        2.08930E+06
