"        MT=107 recoil spectrum "
" Initial neutron energy corresponds to the group:"
   5.49541E-01    5.75440E-01       0.00000E+00           814           842            29
 Debug druck set-a:   814      0.00000E+00        4.29820E-03        0.00000E+00
 Debug druck set-a:   815      3.68787E-09        4.50070E-03        1.65980E-11
 Debug druck set-a:   816      5.77530E-09        4.71300E-03        2.72190E-11
 Debug druck set-a:   817      5.77528E-09        4.93500E-03        2.85010E-11
 Debug druck set-a:   818      5.77608E-09        5.16700E-03        2.98450E-11
 Debug druck set-a:   819      1.16518E-08        5.41100E-03        6.30480E-11
 Debug druck set-a:   820      2.04592E-08        5.66600E-03        1.15922E-10
 Debug druck set-a:   821      4.86527E-07        5.93400E-03        2.88705E-09
 Debug druck set-a:   822      4.93513E-07        6.21200E-03        3.06570E-09
 Debug druck set-a:   823      4.93427E-07        6.50600E-03        3.21023E-09
 Debug druck set-a:   824      4.93465E-07        6.81200E-03        3.36148E-09
 Debug druck set-a:   825      4.93471E-07        7.13300E-03        3.51993E-09
 Debug druck set-a:   826      1.56036E-06        7.47000E-03        1.16559E-08
 Debug druck set-a:   827      9.82508E-06        7.82100E-03        7.68419E-08
 Debug druck set-a:   828      9.82457E-06        8.19000E-03        8.04632E-08
 Debug druck set-a:   829      9.82457E-06        8.57600E-03        8.42555E-08
 Debug druck set-a:   830      9.82468E-06        8.98000E-03        8.82256E-08
 Debug druck set-a:   831      9.82395E-06        9.40400E-03        9.23844E-08
 Debug druck set-a:   832      9.82517E-06        9.84600E-03        9.67387E-08
 Debug druck set-a:   833      9.82419E-06        1.03110E-02        1.01297E-07
 Debug druck set-a:   834      9.82101E-06        1.07960E-02        1.06028E-07
 Debug druck set-a:   835      9.81818E-06        1.13060E-02        1.11004E-07
 Debug druck set-a:   836      9.81890E-06        1.18380E-02        1.16236E-07
 Debug druck set-a:   837      9.79735E-06        1.23960E-02        1.21448E-07
 Debug druck set-a:   838      9.36026E-06        1.29800E-02        1.21496E-07
 Debug druck set-a:   839      9.33115E-06        1.35920E-02        1.26829E-07
 Debug druck set-a:   840      9.33085E-06        1.42330E-02        1.32806E-07
 Debug druck set-a:   841      9.31396E-06        1.49030E-02        1.38806E-07
 Debug druck set-a:   842      9.05447E-07        1.56060E-02        1.41304E-08



          Low               High              Mid              Energy           Number             dn/de            E*dn/de          Cumulative
         Energy            Energy            Energy             Width          Fraction                               Sum   
         [MeV]             [MeV]             [MeV]              [MeV]

       9.12011E-02       9.54993E-02       9.33502E-02       4.29820E-03       0.00000E+00       0.00000E+00       0.00000E+00       0.00000E+00
       9.54993E-02       1.00000E-01       9.77497E-02       4.50070E-03       1.01395E-05       2.25286E-03       2.20216E-04       1.01395E-05
       1.00000E-01       1.04713E-01       1.02357E-01       4.71300E-03       1.66277E-05       3.52804E-03       3.61118E-04       2.67671E-05
       1.04713E-01       1.09648E-01       1.07180E-01       4.93500E-03       1.74108E-05       3.52803E-03       3.78136E-04       4.41779E-05
       1.09648E-01       1.14815E-01       1.12231E-01       5.16700E-03       1.82318E-05       3.52852E-03       3.96011E-04       6.24098E-05
       1.14815E-01       1.20226E-01       1.17520E-01       5.41100E-03       3.85150E-05       7.11791E-03       8.36501E-04       1.00925E-04
       1.20226E-01       1.25892E-01       1.23059E-01       5.66600E-03       7.08147E-05       1.24982E-02       1.53801E-03       1.71739E-04
       1.25892E-01       1.31826E-01       1.28859E-01       5.93400E-03       1.76366E-03       2.97212E-01       3.82984E-02       1.93539E-03
       1.31826E-01       1.38038E-01       1.34932E-01       6.21200E-03       1.87279E-03       3.01479E-01       4.06792E-02       3.80818E-03
       1.38038E-01       1.44544E-01       1.41291E-01       6.50600E-03       1.96108E-03       3.01427E-01       4.25889E-02       5.76926E-03
       1.44544E-01       1.51356E-01       1.47950E-01       6.81200E-03       2.05348E-03       3.01450E-01       4.45995E-02       7.82274E-03
       1.51356E-01       1.58489E-01       1.54923E-01       7.13300E-03       2.15027E-03       3.01454E-01       4.67019E-02       9.97301E-03
       1.58489E-01       1.65959E-01       1.62224E-01       7.47000E-03       7.12039E-03       9.53198E-01       1.54632E-01       1.70934E-02
       1.65959E-01       1.73780E-01       1.69869E-01       7.82100E-03       4.69415E-02       6.00198E+00       1.01955E+00       6.40349E-02
       1.73780E-01       1.81970E-01       1.77875E-01       8.19000E-03       4.91537E-02       6.00167E+00       1.06755E+00       1.13189E-01
       1.81970E-01       1.90546E-01       1.86258E-01       8.57600E-03       5.14704E-02       6.00167E+00       1.11786E+00       1.64659E-01
       1.90546E-01       1.99526E-01       1.95036E-01       8.98000E-03       5.38956E-02       6.00174E+00       1.17056E+00       2.18555E-01
       1.99526E-01       2.08930E-01       2.04228E-01       9.40400E-03       5.64362E-02       6.00129E+00       1.22563E+00       2.74991E-01
       2.08930E-01       2.18776E-01       2.13853E-01       9.84600E-03       5.90961E-02       6.00204E+00       1.28356E+00       3.34087E-01
       2.18776E-01       2.29087E-01       2.23931E-01       1.03110E-02       6.18809E-02       6.00144E+00       1.34391E+00       3.95968E-01
       2.29087E-01       2.39883E-01       2.34485E-01       1.07960E-02       6.47706E-02       5.99950E+00       1.40679E+00       4.60738E-01
       2.39883E-01       2.51189E-01       2.45536E-01       1.13060E-02       6.78108E-02       5.99777E+00       1.47267E+00       5.28549E-01
       2.51189E-01       2.63027E-01       2.57108E-01       1.18380E-02       7.10068E-02       5.99821E+00       1.54219E+00       5.99556E-01
       2.63027E-01       2.75423E-01       2.69225E-01       1.23960E-02       7.41906E-02       5.98505E+00       1.61132E+00       6.73747E-01
       2.75423E-01       2.88403E-01       2.81913E-01       1.29800E-02       7.42201E-02       5.71803E+00       1.61199E+00       7.47967E-01
       2.88403E-01       3.01995E-01       2.95199E-01       1.35920E-02       7.74778E-02       5.70025E+00       1.68271E+00       8.25445E-01
       3.01995E-01       3.16228E-01       3.09112E-01       1.42330E-02       8.11291E-02       5.70007E+00       1.76196E+00       9.06574E-01
       3.16228E-01       3.31131E-01       3.23680E-01       1.49030E-02       8.47944E-02       5.68975E+00       1.84166E+00       9.91368E-01
       3.31131E-01       3.46737E-01       3.38934E-01       1.56060E-02       8.63204E-03       5.53123E-01       1.87472E-01       1.00000E+00

 Sum =                                                                         1.00000E+00
 Renormalization bin#   853 =                                                  1.63697E-06 barn        5.49541E+05        5.75440E+05        5.62490E+05
 Avg. Energy     bin#   853 =                                                  2.46718E-01 MeV         5.49541E+05        5.75440E+05
