"        MT=805 recoil spectrum "
" Initial neutron energy corresponds to the group:"
   1.14815E+00    1.20226E+00       0.00000E+00           812           839            28
 Debug druck set-a:   812      0.00000E+00        3.92000E-03        0.00000E+00
 Debug druck set-a:   813      1.31851E-08        4.10470E-03        5.41210E-11
 Debug druck set-a:   814      2.44568E-08        4.29820E-03        1.05120E-10
 Debug druck set-a:   815      2.44562E-08        4.50070E-03        1.10070E-10
 Debug druck set-a:   816      2.44558E-08        4.71300E-03        1.15260E-10
 Debug druck set-a:   817      2.44559E-08        4.93500E-03        1.20690E-10
 Debug druck set-a:   818      2.44591E-08        5.16700E-03        1.26380E-10
 Debug druck set-a:   819      2.44557E-08        5.41100E-03        1.32330E-10
 Debug druck set-a:   820      2.44564E-08        5.66600E-03        1.38570E-10
 Debug druck set-a:   821      2.44523E-08        5.93400E-03        1.45100E-10
 Debug druck set-a:   822      2.44591E-08        6.21200E-03        1.51940E-10
 Debug druck set-a:   823      2.44543E-08        6.50600E-03        1.59100E-10
 Debug druck set-a:   824      2.44568E-08        6.81200E-03        1.66600E-10
 Debug druck set-a:   825      2.44568E-08        7.13300E-03        1.74450E-10
 Debug druck set-a:   826      2.44538E-08        7.47000E-03        1.82670E-10
 Debug druck set-a:   827      2.44572E-08        7.82100E-03        1.91280E-10
 Debug druck set-a:   828      2.44554E-08        8.19000E-03        2.00290E-10
 Debug druck set-a:   829      2.44555E-08        8.57600E-03        2.09730E-10
 Debug druck set-a:   830      2.44566E-08        8.98000E-03        2.19620E-10
 Debug druck set-a:   831      2.44545E-08        9.40400E-03        2.29970E-10
 Debug druck set-a:   832      2.44576E-08        9.84600E-03        2.40810E-10
 Debug druck set-a:   833      2.44545E-08        1.03110E-02        2.52150E-10
 Debug druck set-a:   834      2.44572E-08        1.07960E-02        2.64040E-10
 Debug druck set-a:   835      2.44543E-08        1.13060E-02        2.76480E-10
 Debug druck set-a:   836      2.44560E-08        1.18380E-02        2.89510E-10
 Debug druck set-a:   837      2.44563E-08        1.23960E-02        3.03160E-10
 Debug druck set-a:   838      2.44561E-08        1.29800E-02        3.17440E-10
 Debug druck set-a:   839      1.49102E-08        1.35920E-02        2.02660E-10



          Low               High              Mid              Energy           Number             dn/de            E*dn/de          Cumulative
         Energy            Energy            Energy             Width          Fraction                               Sum   
         [MeV]             [MeV]             [MeV]              [MeV]

       8.31764E-02       8.70964E-02       8.51364E-02       3.92000E-03       0.00000E+00       0.00000E+00       0.00000E+00       0.00000E+00
       8.70964E-02       9.12011E-02       8.91488E-02       4.10470E-03       1.06547E-02       2.59573E+00       2.31406E-01       1.06547E-02
       9.12011E-02       9.54993E-02       9.33502E-02       4.29820E-03       2.06948E-02       4.81476E+00       4.49459E-01       3.13495E-02
       9.54993E-02       1.00000E-01       9.77497E-02       4.50070E-03       2.16693E-02       4.81464E+00       4.70630E-01       5.30188E-02
       1.00000E-01       1.04713E-01       1.02357E-01       4.71300E-03       2.26910E-02       4.81456E+00       4.92802E-01       7.57098E-02
       1.04713E-01       1.09648E-01       1.07180E-01       4.93500E-03       2.37600E-02       4.81459E+00       5.16030E-01       9.94698E-02
       1.09648E-01       1.14815E-01       1.12231E-01       5.16700E-03       2.48802E-02       4.81521E+00       5.40418E-01       1.24350E-01
       1.14815E-01       1.20226E-01       1.17520E-01       5.41100E-03       2.60516E-02       4.81456E+00       5.65809E-01       1.50402E-01
       1.20226E-01       1.25892E-01       1.23059E-01       5.66600E-03       2.72800E-02       4.81469E+00       5.92491E-01       1.77682E-01
       1.25892E-01       1.31826E-01       1.28859E-01       5.93400E-03       2.85656E-02       4.81388E+00       6.20312E-01       2.06247E-01
       1.31826E-01       1.38038E-01       1.34932E-01       6.21200E-03       2.99121E-02       4.81522E+00       6.49727E-01       2.36159E-01
       1.38038E-01       1.44544E-01       1.41291E-01       6.50600E-03       3.13217E-02       4.81428E+00       6.80215E-01       2.67481E-01
       1.44544E-01       1.51356E-01       1.47950E-01       6.81200E-03       3.27982E-02       4.81477E+00       7.12346E-01       3.00279E-01
       1.51356E-01       1.58489E-01       1.54923E-01       7.13300E-03       3.43437E-02       4.81476E+00       7.45914E-01       3.34623E-01
       1.58489E-01       1.65959E-01       1.62224E-01       7.47000E-03       3.59619E-02       4.81418E+00       7.80975E-01       3.70585E-01
       1.65959E-01       1.73780E-01       1.69869E-01       7.82100E-03       3.76569E-02       4.81485E+00       8.17896E-01       4.08242E-01
       1.73780E-01       1.81970E-01       1.77875E-01       8.19000E-03       3.94307E-02       4.81450E+00       8.56378E-01       4.47672E-01
       1.81970E-01       1.90546E-01       1.86258E-01       8.57600E-03       4.12892E-02       4.81450E+00       8.96739E-01       4.88962E-01
       1.90546E-01       1.99526E-01       1.95036E-01       8.98000E-03       4.32362E-02       4.81472E+00       9.39044E-01       5.32198E-01
       1.99526E-01       2.08930E-01       2.04228E-01       9.40400E-03       4.52738E-02       4.81431E+00       9.83217E-01       5.77472E-01
       2.08930E-01       2.18776E-01       2.13853E-01       9.84600E-03       4.74078E-02       4.81493E+00       1.02969E+00       6.24879E-01
       2.18776E-01       2.29087E-01       2.23931E-01       1.03110E-02       4.96403E-02       4.81431E+00       1.07807E+00       6.74520E-01
       2.29087E-01       2.39883E-01       2.34485E-01       1.07960E-02       5.19811E-02       4.81484E+00       1.12901E+00       7.26501E-01
       2.39883E-01       2.51189E-01       2.45536E-01       1.13060E-02       5.44301E-02       4.81427E+00       1.18208E+00       7.80931E-01
       2.51189E-01       2.63027E-01       2.57108E-01       1.18380E-02       5.69953E-02       4.81461E+00       1.23787E+00       8.37926E-01
       2.63027E-01       2.75423E-01       2.69225E-01       1.23960E-02       5.96825E-02       4.81466E+00       1.29623E+00       8.97609E-01
       2.75423E-01       2.88403E-01       2.81913E-01       1.29800E-02       6.24938E-02       4.81462E+00       1.35731E+00       9.60103E-01
       2.88403E-01       3.01995E-01       2.95199E-01       1.35920E-02       3.98973E-02       2.93535E+00       8.66513E-01       1.00000E+00

 Sum =                                                                         1.00000E+00
 Renormalization bin#   869 =                                                  5.07954E-09 barn        1.14815E+06        1.20226E+06        1.17520E+06
 Avg. Energy     bin#   869 =                                                  1.92934E-01 MeV         1.14815E+06        1.20226E+06
