"        MT=804 recoil spectrum "
" Initial neutron energy corresponds to the group:"
   9.12011E-01    9.54993E-01       0.00000E+00           812           837            26
 Debug druck set-a:   812      0.00000E+00        3.92000E-03        0.00000E+00
 Debug druck set-a:   813      1.14686E-09        4.10470E-03        4.70750E-12
 Debug druck set-a:   814      1.92772E-09        4.29820E-03        8.28570E-12
 Debug druck set-a:   815      1.92774E-09        4.50070E-03        8.67620E-12
 Debug druck set-a:   816      1.92769E-09        4.71300E-03        9.08520E-12
 Debug druck set-a:   817      1.92768E-09        4.93500E-03        9.51310E-12
 Debug druck set-a:   818      1.92795E-09        5.16700E-03        9.96170E-12
 Debug druck set-a:   819      1.92774E-09        5.41100E-03        1.04310E-11
 Debug druck set-a:   820      1.92782E-09        5.66600E-03        1.09230E-11
 Debug druck set-a:   821      1.92754E-09        5.93400E-03        1.14380E-11
 Debug druck set-a:   822      1.92788E-09        6.21200E-03        1.19760E-11
 Debug druck set-a:   823      1.92761E-09        6.50600E-03        1.25410E-11
 Debug druck set-a:   824      1.92777E-09        6.81200E-03        1.31320E-11
 Debug druck set-a:   825      1.92780E-09        7.13300E-03        1.37510E-11
 Debug druck set-a:   826      1.92758E-09        7.47000E-03        1.43990E-11
 Debug druck set-a:   827      1.92776E-09        7.82100E-03        1.50770E-11
 Debug druck set-a:   828      1.92772E-09        8.19000E-03        1.57880E-11
 Debug druck set-a:   829      1.92771E-09        8.57600E-03        1.65320E-11
 Debug druck set-a:   830      1.92773E-09        8.98000E-03        1.73110E-11
 Debug druck set-a:   831      1.92758E-09        9.40400E-03        1.81270E-11
 Debug druck set-a:   832      1.92789E-09        9.84600E-03        1.89820E-11
 Debug druck set-a:   833      1.92765E-09        1.03110E-02        1.98760E-11
 Debug druck set-a:   834      1.92784E-09        1.07960E-02        2.08130E-11
 Debug druck set-a:   835      1.92756E-09        1.13060E-02        2.17930E-11
 Debug druck set-a:   836      1.92778E-09        1.18380E-02        2.28210E-11
 Debug druck set-a:   837      7.53542E-10        1.23960E-02        9.34090E-12



          Low               High              Mid              Energy           Number             dn/de            E*dn/de          Cumulative
         Energy            Energy            Energy             Width          Fraction                               Sum   
         [MeV]             [MeV]             [MeV]              [MeV]

       8.31764E-02       8.70964E-02       8.51364E-02       3.92000E-03       0.00000E+00       0.00000E+00       0.00000E+00       0.00000E+00
       8.70964E-02       9.12011E-02       8.91488E-02       4.10470E-03       1.36338E-02       3.32151E+00       2.96108E-01       1.36338E-02
       9.12011E-02       9.54993E-02       9.33502E-02       4.29820E-03       2.39970E-02       5.58303E+00       5.21177E-01       3.76308E-02
       9.54993E-02       1.00000E-01       9.77497E-02       4.50070E-03       2.51279E-02       5.58311E+00       5.45747E-01       6.27587E-02
       1.00000E-01       1.04713E-01       1.02357E-01       4.71300E-03       2.63125E-02       5.58295E+00       5.71452E-01       8.90712E-02
       1.04713E-01       1.09648E-01       1.07180E-01       4.93500E-03       2.75517E-02       5.58293E+00       5.98381E-01       1.16623E-01
       1.09648E-01       1.14815E-01       1.12231E-01       5.16700E-03       2.88510E-02       5.58370E+00       6.26667E-01       1.45474E-01
       1.14815E-01       1.20226E-01       1.17520E-01       5.41100E-03       3.02102E-02       5.58310E+00       6.56129E-01       1.75684E-01
       1.20226E-01       1.25892E-01       1.23059E-01       5.66600E-03       3.16351E-02       5.58332E+00       6.87078E-01       2.07319E-01
       1.25892E-01       1.31826E-01       1.28859E-01       5.93400E-03       3.31266E-02       5.58251E+00       7.19357E-01       2.40446E-01
       1.31826E-01       1.38038E-01       1.34932E-01       6.21200E-03       3.46848E-02       5.58351E+00       7.53394E-01       2.75130E-01
       1.38038E-01       1.44544E-01       1.41291E-01       6.50600E-03       3.63211E-02       5.58271E+00       7.88787E-01       3.11452E-01
       1.44544E-01       1.51356E-01       1.47950E-01       6.81200E-03       3.80328E-02       5.58320E+00       8.26034E-01       3.49484E-01
       1.51356E-01       1.58489E-01       1.54923E-01       7.13300E-03       3.98255E-02       5.58328E+00       8.64975E-01       3.89310E-01
       1.58489E-01       1.65959E-01       1.62224E-01       7.47000E-03       4.17022E-02       5.58263E+00       9.05636E-01       4.31012E-01
       1.65959E-01       1.73780E-01       1.69869E-01       7.82100E-03       4.36659E-02       5.58315E+00       9.48408E-01       4.74678E-01
       1.73780E-01       1.81970E-01       1.77875E-01       8.19000E-03       4.57250E-02       5.58303E+00       9.93082E-01       5.20403E-01
       1.81970E-01       1.90546E-01       1.86258E-01       8.57600E-03       4.78798E-02       5.58300E+00       1.03988E+00       5.68283E-01
       1.90546E-01       1.99526E-01       1.95036E-01       8.98000E-03       5.01359E-02       5.58307E+00       1.08890E+00       6.18419E-01
       1.99526E-01       2.08930E-01       2.04228E-01       9.40400E-03       5.24992E-02       5.58265E+00       1.14013E+00       6.70918E-01
       2.08930E-01       2.18776E-01       2.13853E-01       9.84600E-03       5.49755E-02       5.58353E+00       1.19406E+00       7.25893E-01
       2.18776E-01       2.29087E-01       2.23931E-01       1.03110E-02       5.75647E-02       5.58284E+00       1.25017E+00       7.83458E-01
       2.29087E-01       2.39883E-01       2.34485E-01       1.07960E-02       6.02784E-02       5.58340E+00       1.30922E+00       8.43736E-01
       2.39883E-01       2.51189E-01       2.45536E-01       1.13060E-02       6.31167E-02       5.58258E+00       1.37072E+00       9.06853E-01
       2.51189E-01       2.63027E-01       2.57108E-01       1.18380E-02       6.60939E-02       5.58320E+00       1.43549E+00       9.72947E-01
       2.63027E-01       2.75423E-01       2.69225E-01       1.23960E-02       2.70530E-02       2.18240E+00       5.87556E-01       1.00000E+00

 Sum =                                                                         1.00000E+00
 Renormalization bin#   864 =                                                  3.45281E-10 barn        9.12011E+05        9.54993E+05        9.33502E+05
 Avg. Energy     bin#   864 =                                                  1.78406E-01 MeV         9.12011E+05        9.54993E+05
