"        MT=103 recoil spectrum "
" Initial neutron energy corresponds to the group:"
   1.00000E+01    1.02000E+01       0.00000E+00           186           857           672



          Low               High              Mid              Energy           Number             dn/de            E*dn/de          Cumulative
         Energy            Energy            Energy             Width          Fraction                               Sum   
         [MeV]             [MeV]             [MeV]              [MeV]

       5.01187E-08       5.24807E-08       5.12997E-08       2.36200E-09       0.00000E+00       0.00000E+00       0.00000E+00       0.00000E+00
       5.24807E-08       5.49541E-08       5.37174E-08       2.47340E-09       1.83348E-10       7.41278E-02       3.98195E-09       1.83348E-10
       5.49541E-08       5.75440E-08       5.62490E-08       2.58990E-09       1.91994E-10       7.41320E-02       4.16985E-09       3.75342E-10
       5.75440E-08       6.02560E-08       5.89000E-08       2.71200E-09       2.01047E-10       7.41324E-02       4.36640E-09       5.76389E-10
       6.02560E-08       6.30957E-08       6.16758E-08       2.83970E-09       2.10523E-10       7.41356E-02       4.57238E-09       7.86912E-10
       6.30957E-08       6.60693E-08       6.45825E-08       2.97359E-09       2.20441E-10       7.41327E-02       4.78768E-09       1.00735E-09
       6.60693E-08       6.91831E-08       6.76262E-08       3.11380E-09       2.30834E-10       7.41327E-02       5.01331E-09       1.23819E-09
       6.91831E-08       7.24436E-08       7.08133E-08       3.26050E-09       2.41705E-10       7.41311E-02       5.24947E-09       1.47989E-09
       7.24436E-08       7.58578E-08       7.41507E-08       3.41421E-09       2.53087E-10       7.41275E-02       5.49661E-09       1.73298E-09
       7.58578E-08       7.94328E-08       7.76453E-08       3.57500E-09       2.65016E-10       7.41303E-02       5.75587E-09       1.99799E-09
       7.94328E-08       8.31764E-08       8.13046E-08       3.74360E-09       2.77509E-10       7.41291E-02       6.02704E-09       2.27550E-09
       8.31764E-08       8.70964E-08       8.51364E-08       3.92000E-09       2.90586E-10       7.41289E-02       6.31107E-09       2.56609E-09
       8.70964E-08       9.12011E-08       8.91487E-08       4.10470E-09       3.04279E-10       7.41296E-02       6.60856E-09       2.87037E-09
       9.12011E-08       9.54993E-08       9.33502E-08       4.29820E-09       3.18626E-10       7.41300E-02       6.92005E-09       3.18899E-09
       9.54993E-08       1.00000E-07       9.77496E-08       4.50070E-09       3.33643E-10       7.41314E-02       7.24631E-09       3.52264E-09
       1.00000E-07       1.04713E-07       1.02357E-07       4.71300E-09       3.49366E-10       7.41282E-02       7.58750E-09       3.87200E-09
       1.04713E-07       1.09648E-07       1.07180E-07       4.93500E-09       3.65830E-10       7.41298E-02       7.94527E-09       4.23783E-09
       1.09648E-07       1.14815E-07       1.12231E-07       5.16700E-09       3.83071E-10       7.41380E-02       8.32062E-09       4.62091E-09
       1.14815E-07       1.20226E-07       1.17520E-07       5.41101E-09       4.01123E-10       7.41310E-02       8.71192E-09       5.02203E-09
       1.20226E-07       1.25892E-07       1.23059E-07       5.66600E-09       4.20041E-10       7.41336E-02       9.12281E-09       5.44207E-09
       1.25892E-07       1.31826E-07       1.28859E-07       5.93400E-09       4.39840E-10       7.41220E-02       9.55129E-09       5.88191E-09
       1.31826E-07       1.38038E-07       1.34932E-07       6.21200E-09       4.60557E-10       7.41399E-02       1.00038E-08       6.34247E-09
       1.38038E-07       1.44544E-07       1.41291E-07       6.50601E-09       4.82262E-10       7.41256E-02       1.04733E-08       6.82473E-09
       1.44544E-07       1.51356E-07       1.47950E-07       6.81199E-09       5.04991E-10       7.41327E-02       1.09679E-08       7.32972E-09
       1.51356E-07       1.58489E-07       1.54923E-07       7.13301E-09       5.28796E-10       7.41337E-02       1.14850E-08       7.85852E-09
       1.58489E-07       1.65959E-07       1.62224E-07       7.47000E-09       5.53713E-10       7.41249E-02       1.20248E-08       8.41223E-09
       1.65959E-07       1.73780E-07       1.69869E-07       7.82099E-09       5.79812E-10       7.41354E-02       1.25933E-08       8.99204E-09
       1.73780E-07       1.81970E-07       1.77875E-07       8.19001E-09       6.07129E-10       7.41305E-02       1.31860E-08       9.59917E-09
       1.81970E-07       1.90546E-07       1.86258E-07       8.57601E-09       6.35752E-10       7.41315E-02       1.38076E-08       1.02349E-08
       1.90546E-07       1.99526E-07       1.95036E-07       8.97999E-09       6.65698E-10       7.41313E-02       1.44583E-08       1.09006E-08
       1.99526E-07       2.08930E-07       2.04228E-07       9.40400E-09       6.97091E-10       7.41271E-02       1.51388E-08       1.15977E-08
       2.08930E-07       2.18776E-07       2.13853E-07       9.84600E-09       7.29931E-10       7.41348E-02       1.58540E-08       1.23276E-08
       2.18776E-07       2.29087E-07       2.23931E-07       1.03110E-08       7.64342E-10       7.41289E-02       1.65998E-08       1.30920E-08
       2.29087E-07       2.39883E-07       2.34485E-07       1.07960E-08       8.00359E-10       7.41347E-02       1.73835E-08       1.38923E-08
       2.39883E-07       2.51189E-07       2.45536E-07       1.13060E-08       8.38069E-10       7.41262E-02       1.82006E-08       1.47304E-08
       2.51189E-07       2.63027E-07       2.57108E-07       1.18380E-08       8.77580E-10       7.41323E-02       1.90600E-08       1.56080E-08
       2.63027E-07       2.75423E-07       2.69225E-07       1.23960E-08       9.18944E-10       7.41324E-02       1.99583E-08       1.65269E-08
       2.75423E-07       2.88403E-07       2.81913E-07       1.29800E-08       9.62248E-10       7.41331E-02       2.08991E-08       1.74892E-08
       2.88403E-07       3.01995E-07       2.95199E-07       1.35920E-08       1.00758E-09       7.41305E-02       2.18833E-08       1.84968E-08
       3.01995E-07       3.16228E-07       3.09111E-07       1.42330E-08       1.05507E-09       7.41284E-02       2.29139E-08       1.95518E-08
       3.16228E-07       3.31131E-07       3.23680E-07       1.49030E-08       1.10480E-09       7.41325E-02       2.39952E-08       2.06566E-08
       3.31131E-07       3.46737E-07       3.38934E-07       1.56060E-08       1.15687E-09       7.41300E-02       2.51252E-08       2.18135E-08
       3.46737E-07       3.63078E-07       3.54908E-07       1.63410E-08       1.21138E-09       7.41314E-02       2.63098E-08       2.30249E-08
       3.63078E-07       3.80189E-07       3.71633E-07       1.71110E-08       1.26849E-09       7.41328E-02       2.75502E-08       2.42934E-08
       3.80189E-07       3.98107E-07       3.89148E-07       1.79180E-08       1.32827E-09       7.41307E-02       2.88478E-08       2.56216E-08
       3.98107E-07       4.16869E-07       4.07488E-07       1.87620E-08       1.39086E-09       7.41319E-02       3.02079E-08       2.70125E-08
       4.16869E-07       4.36516E-07       4.26693E-07       1.96470E-08       1.45640E-09       7.41287E-02       3.16302E-08       2.84689E-08
       4.36516E-07       4.57088E-07       4.46802E-07       2.05720E-08       1.52505E-09       7.41323E-02       3.31224E-08       2.99940E-08
       4.57088E-07       4.78630E-07       4.67859E-07       2.15420E-08       1.59692E-09       7.41307E-02       3.46827E-08       3.15909E-08
       4.78630E-07       5.01187E-07       4.89909E-07       2.25570E-08       1.67219E-09       7.41315E-02       3.63177E-08       3.32631E-08
       5.01187E-07       5.24807E-07       5.12997E-07       2.36200E-08       1.75100E-09       7.41321E-02       3.80295E-08       3.50141E-08
       5.24807E-07       5.50000E-07       5.37403E-07       2.51930E-08       1.86753E-09       7.41289E-02       3.98372E-08       3.68816E-08
       5.50000E-07       5.75000E-07       5.62500E-07       2.50000E-08       1.85324E-09       7.41296E-02       4.16979E-08       3.87348E-08
       5.75000E-07       6.00000E-07       5.87500E-07       2.50000E-08       1.85324E-09       7.41295E-02       4.35511E-08       4.05881E-08
       6.00000E-07       6.25000E-07       6.12500E-07       2.50000E-08       1.85324E-09       7.41296E-02       4.54044E-08       4.24413E-08
       6.25000E-07       6.50000E-07       6.37500E-07       2.50000E-08       1.85324E-09       7.41296E-02       4.72576E-08       4.42946E-08
       6.50000E-07       6.75000E-07       6.62500E-07       2.50000E-08       1.85324E-09       7.41295E-02       4.91108E-08       4.61478E-08
       6.75000E-07       7.00000E-07       6.87500E-07       2.50000E-08       1.85324E-09       7.41296E-02       5.09641E-08       4.80010E-08
       7.00000E-07       7.25000E-07       7.12500E-07       2.50000E-08       1.85324E-09       7.41295E-02       5.28172E-08       4.98543E-08
       7.25000E-07       7.50000E-07       7.37500E-07       2.50000E-08       1.85324E-09       7.41296E-02       5.46706E-08       5.17075E-08
       7.50000E-07       7.75000E-07       7.62500E-07       2.50000E-08       1.85324E-09       7.41296E-02       5.65239E-08       5.35608E-08
       7.75000E-07       8.00000E-07       7.87500E-07       2.50000E-08       1.85324E-09       7.41295E-02       5.83770E-08       5.54140E-08
       8.00000E-07       8.25000E-07       8.12500E-07       2.50000E-08       1.85324E-09       7.41296E-02       6.02303E-08       5.72673E-08
       8.25000E-07       8.50000E-07       8.37500E-07       2.50000E-08       1.85324E-09       7.41295E-02       6.20834E-08       5.91205E-08
       8.50000E-07       8.75000E-07       8.62500E-07       2.50000E-08       1.85324E-09       7.41296E-02       6.39368E-08       6.09737E-08
       8.75000E-07       9.00000E-07       8.87500E-07       2.50000E-08       1.85324E-09       7.41296E-02       6.57901E-08       6.28270E-08
       9.00000E-07       9.25000E-07       9.12500E-07       2.50000E-08       1.85324E-09       7.41295E-02       6.76431E-08       6.46802E-08
       9.25000E-07       9.50000E-07       9.37500E-07       2.50000E-08       1.85324E-09       7.41296E-02       6.94965E-08       6.65334E-08
       9.50000E-07       9.75000E-07       9.62500E-07       2.50000E-08       1.85324E-09       7.41295E-02       7.13496E-08       6.83867E-08
       9.75000E-07       1.00000E-06       9.87500E-07       2.50000E-08       1.85324E-09       7.41296E-02       7.32030E-08       7.02399E-08
       1.00000E-06       1.02500E-06       1.01250E-06       2.50000E-08       1.85324E-09       7.41296E-02       7.50563E-08       7.20932E-08
       1.02500E-06       1.05000E-06       1.03750E-06       2.50000E-08       1.85324E-09       7.41296E-02       7.69095E-08       7.39464E-08
       1.05000E-06       1.07500E-06       1.06250E-06       2.50001E-08       1.85324E-09       7.41293E-02       7.87624E-08       7.57996E-08
       1.07500E-06       1.10000E-06       1.08750E-06       2.50000E-08       1.85324E-09       7.41296E-02       8.06160E-08       7.76529E-08
       1.10000E-06       1.12500E-06       1.11250E-06       2.50000E-08       1.85324E-09       7.41296E-02       8.24692E-08       7.95061E-08
       1.12500E-06       1.15000E-06       1.13750E-06       2.50000E-08       1.85324E-09       7.41296E-02       8.43225E-08       8.13593E-08
       1.15000E-06       1.17500E-06       1.16250E-06       2.50000E-08       1.85324E-09       7.41296E-02       8.61757E-08       8.32126E-08
       1.17500E-06       1.20000E-06       1.18750E-06       2.50001E-08       1.85324E-09       7.41293E-02       8.80285E-08       8.50658E-08
       1.20000E-06       1.22500E-06       1.21250E-06       2.50000E-08       1.85324E-09       7.41296E-02       8.98822E-08       8.69191E-08
       1.22500E-06       1.25000E-06       1.23750E-06       2.50000E-08       1.85324E-09       7.41296E-02       9.17354E-08       8.87723E-08
       1.25000E-06       1.27500E-06       1.26250E-06       2.50000E-08       1.85324E-09       7.41296E-02       9.35887E-08       9.06255E-08
       1.27500E-06       1.30000E-06       1.28750E-06       2.50000E-08       1.85324E-09       7.41296E-02       9.54419E-08       9.24788E-08
       1.30000E-06       1.32500E-06       1.31250E-06       2.50001E-08       1.85324E-09       7.41293E-02       9.72947E-08       9.43320E-08
       1.32500E-06       1.35000E-06       1.33750E-06       2.50000E-08       1.85324E-09       7.41296E-02       9.91484E-08       9.61852E-08
       1.35000E-06       1.37500E-06       1.36250E-06       2.50000E-08       1.85324E-09       7.41296E-02       1.01002E-07       9.80385E-08
       1.37500E-06       1.40000E-06       1.38750E-06       2.50000E-08       1.85324E-09       7.41296E-02       1.02855E-07       9.98917E-08
       1.40000E-06       1.42500E-06       1.41250E-06       2.50000E-08       1.85324E-09       7.41296E-02       1.04708E-07       1.01745E-07
       1.42500E-06       1.45000E-06       1.43750E-06       2.50001E-08       1.85324E-09       7.41293E-02       1.06561E-07       1.03598E-07
       1.45000E-06       1.47500E-06       1.46250E-06       2.50000E-08       1.85324E-09       7.41296E-02       1.08415E-07       1.05451E-07
       1.47500E-06       1.50000E-06       1.48750E-06       2.50000E-08       1.85324E-09       7.41296E-02       1.10268E-07       1.07305E-07
       1.50000E-06       1.52500E-06       1.51250E-06       2.50000E-08       1.85324E-09       7.41296E-02       1.12121E-07       1.09158E-07
       1.52500E-06       1.55000E-06       1.53750E-06       2.50000E-08       1.85324E-09       7.41296E-02       1.13974E-07       1.11011E-07
       1.55000E-06       1.57500E-06       1.56250E-06       2.50001E-08       1.85324E-09       7.41293E-02       1.15827E-07       1.12864E-07
       1.57500E-06       1.60000E-06       1.58750E-06       2.50000E-08       1.85324E-09       7.41296E-02       1.17681E-07       1.14718E-07
       1.60000E-06       1.62500E-06       1.61250E-06       2.50000E-08       1.85324E-09       7.41296E-02       1.19534E-07       1.16571E-07
       1.62500E-06       1.65000E-06       1.63750E-06       2.50000E-08       1.85324E-09       7.41296E-02       1.21387E-07       1.18424E-07
       1.65000E-06       1.67500E-06       1.66250E-06       2.50000E-08       1.85324E-09       7.41296E-02       1.23241E-07       1.20277E-07
       1.67500E-06       1.70000E-06       1.68750E-06       2.50001E-08       1.85324E-09       7.41293E-02       1.25093E-07       1.22131E-07
       1.70000E-06       1.72500E-06       1.71250E-06       2.50000E-08       1.85324E-09       7.41296E-02       1.26947E-07       1.23984E-07
       1.72500E-06       1.75000E-06       1.73750E-06       2.50000E-08       1.85324E-09       7.41296E-02       1.28800E-07       1.25837E-07
       1.75000E-06       1.77500E-06       1.76250E-06       2.50000E-08       1.85324E-09       7.41296E-02       1.30654E-07       1.27690E-07
       1.77500E-06       1.80000E-06       1.78750E-06       2.50000E-08       1.85324E-09       7.41296E-02       1.32507E-07       1.29544E-07
       1.80000E-06       1.82500E-06       1.81250E-06       2.50001E-08       1.85324E-09       7.41293E-02       1.34359E-07       1.31397E-07
       1.82500E-06       1.85000E-06       1.83750E-06       2.50000E-08       1.85324E-09       7.41296E-02       1.36213E-07       1.33250E-07
       1.85000E-06       1.87500E-06       1.86250E-06       2.50000E-08       1.85324E-09       7.41296E-02       1.38066E-07       1.35103E-07
       1.87500E-06       1.90000E-06       1.88750E-06       2.50000E-08       1.85324E-09       7.41296E-02       1.39920E-07       1.36956E-07
       1.90000E-06       1.92500E-06       1.91250E-06       2.50000E-08       1.85324E-09       7.41296E-02       1.41773E-07       1.38810E-07
       1.92500E-06       1.95000E-06       1.93750E-06       2.50001E-08       1.85324E-09       7.41293E-02       1.43625E-07       1.40663E-07
       1.95000E-06       1.97500E-06       1.96250E-06       2.50000E-08       1.85324E-09       7.41296E-02       1.45479E-07       1.42516E-07
       1.97500E-06       2.00000E-06       1.98750E-06       2.50000E-08       1.85324E-09       7.41296E-02       1.47333E-07       1.44369E-07
       2.00000E-06       2.02500E-06       2.01250E-06       2.50001E-08       1.85324E-09       7.41293E-02       1.49185E-07       1.46223E-07
       2.02500E-06       2.05000E-06       2.03750E-06       2.49999E-08       1.85324E-09       7.41300E-02       1.51040E-07       1.48076E-07
       2.05000E-06       2.07500E-06       2.06250E-06       2.50001E-08       1.85324E-09       7.41293E-02       1.52892E-07       1.49929E-07
       2.07500E-06       2.10000E-06       2.08750E-06       2.49999E-08       1.85324E-09       7.41300E-02       1.54746E-07       1.51782E-07
       2.10000E-06       2.12500E-06       2.11250E-06       2.50001E-08       1.85324E-09       7.41293E-02       1.56598E-07       1.53636E-07
       2.12500E-06       2.15000E-06       2.13750E-06       2.50001E-08       1.85324E-09       7.41293E-02       1.58451E-07       1.55489E-07
       2.15000E-06       2.17500E-06       2.16250E-06       2.49999E-08       1.85324E-09       7.41300E-02       1.60306E-07       1.57342E-07
       2.17500E-06       2.20000E-06       2.18750E-06       2.50001E-08       1.85324E-09       7.41293E-02       1.62158E-07       1.59195E-07
       2.20000E-06       2.22500E-06       2.21250E-06       2.49999E-08       1.85324E-09       7.41300E-02       1.64013E-07       1.61049E-07
       2.22500E-06       2.25000E-06       2.23750E-06       2.50001E-08       1.85324E-09       7.41293E-02       1.65864E-07       1.62902E-07
       2.25000E-06       2.27500E-06       2.26250E-06       2.50001E-08       1.85324E-09       7.41293E-02       1.67718E-07       1.64755E-07
       2.27500E-06       2.30000E-06       2.28750E-06       2.49999E-08       1.85324E-09       7.41300E-02       1.69572E-07       1.66608E-07
       2.30000E-06       2.32500E-06       2.31250E-06       2.50001E-08       1.85324E-09       7.41293E-02       1.71424E-07       1.68462E-07
       2.32500E-06       2.35000E-06       2.33750E-06       2.49999E-08       1.85324E-09       7.41300E-02       1.73279E-07       1.70315E-07
       2.35000E-06       2.37500E-06       2.36250E-06       2.50001E-08       1.85324E-09       7.41293E-02       1.75130E-07       1.72168E-07
       2.37500E-06       2.40000E-06       2.38750E-06       2.50001E-08       1.85324E-09       7.41293E-02       1.76984E-07       1.74021E-07
       2.40000E-06       2.42500E-06       2.41250E-06       2.49999E-08       1.85324E-09       7.41300E-02       1.78839E-07       1.75874E-07
       2.42500E-06       2.45000E-06       2.43750E-06       2.50001E-08       1.85324E-09       7.41293E-02       1.80690E-07       1.77728E-07
       2.45000E-06       2.47500E-06       2.46250E-06       2.49999E-08       1.85324E-09       7.41300E-02       1.82545E-07       1.79581E-07
       2.47500E-06       2.50000E-06       2.48750E-06       2.50001E-08       1.85324E-09       7.41293E-02       1.84397E-07       1.81434E-07
       2.50000E-06       2.52500E-06       2.51250E-06       2.50001E-08       1.85324E-09       7.41293E-02       1.86250E-07       1.83287E-07
       2.52500E-06       2.55000E-06       2.53750E-06       2.49999E-08       1.85324E-09       7.41300E-02       1.88105E-07       1.85141E-07
       2.55000E-06       2.57500E-06       2.56250E-06       2.50001E-08       1.85324E-09       7.41293E-02       1.89956E-07       1.86994E-07
       2.57500E-06       2.60000E-06       2.58750E-06       2.49999E-08       1.85324E-09       7.41300E-02       1.91811E-07       1.88847E-07
       2.60000E-06       2.62500E-06       2.61250E-06       2.50001E-08       1.85324E-09       7.41293E-02       1.93663E-07       1.90700E-07
       2.62500E-06       2.65000E-06       2.63750E-06       2.50001E-08       1.85324E-09       7.41293E-02       1.95516E-07       1.92554E-07
       2.65000E-06       2.67500E-06       2.66250E-06       2.49999E-08       1.85324E-09       7.41300E-02       1.97371E-07       1.94407E-07
       2.67500E-06       2.70000E-06       2.68750E-06       2.50001E-08       1.85324E-09       7.41293E-02       1.99222E-07       1.96260E-07
       2.70000E-06       2.72500E-06       2.71250E-06       2.49999E-08       1.85324E-09       7.41300E-02       2.01078E-07       1.98113E-07
       2.72500E-06       2.75000E-06       2.73750E-06       2.50001E-08       1.85324E-09       7.41293E-02       2.02929E-07       1.99967E-07
       2.75000E-06       2.77500E-06       2.76250E-06       2.50001E-08       1.85324E-09       7.41293E-02       2.04782E-07       2.01820E-07
       2.77500E-06       2.80000E-06       2.78750E-06       2.49999E-08       1.85324E-09       7.41300E-02       2.06637E-07       2.03673E-07
       2.80000E-06       2.82500E-06       2.81250E-06       2.50001E-08       1.85324E-09       7.41293E-02       2.08489E-07       2.05526E-07
       2.82500E-06       2.85000E-06       2.83750E-06       2.49999E-08       1.85324E-09       7.41300E-02       2.10344E-07       2.07380E-07
       2.85000E-06       2.87500E-06       2.86250E-06       2.50001E-08       1.85324E-09       7.41293E-02       2.12195E-07       2.09233E-07
       2.87500E-06       2.90000E-06       2.88750E-06       2.50001E-08       1.85324E-09       7.41293E-02       2.14048E-07       2.11086E-07
       2.90000E-06       2.92500E-06       2.91250E-06       2.49999E-08       1.85324E-09       7.41300E-02       2.15904E-07       2.12939E-07
       2.92500E-06       2.95000E-06       2.93750E-06       2.50001E-08       1.85324E-09       7.41293E-02       2.17755E-07       2.14792E-07
       2.95000E-06       2.97500E-06       2.96250E-06       2.49999E-08       1.85324E-09       7.41300E-02       2.19610E-07       2.16646E-07
       2.97500E-06       3.00000E-06       2.98750E-06       2.50001E-08       1.85324E-09       7.41293E-02       2.21461E-07       2.18499E-07
       3.00000E-06       3.02500E-06       3.01250E-06       2.50001E-08       1.85324E-09       7.41293E-02       2.23315E-07       2.20352E-07
       3.02500E-06       3.05000E-06       3.03750E-06       2.49999E-08       1.85324E-09       7.41300E-02       2.25170E-07       2.22205E-07
       3.05000E-06       3.07500E-06       3.06250E-06       2.50001E-08       1.85324E-09       7.41293E-02       2.27021E-07       2.24059E-07
       3.07500E-06       3.10000E-06       3.08750E-06       2.49999E-08       1.85324E-09       7.41300E-02       2.28876E-07       2.25912E-07
       3.10000E-06       3.12500E-06       3.11250E-06       2.50001E-08       1.85324E-09       7.41293E-02       2.30727E-07       2.27765E-07
       3.12500E-06       3.15000E-06       3.13750E-06       2.50001E-08       1.85324E-09       7.41293E-02       2.32581E-07       2.29618E-07
       3.15000E-06       3.17500E-06       3.16250E-06       2.49999E-08       1.85324E-09       7.41300E-02       2.34436E-07       2.31472E-07
       3.17500E-06       3.20000E-06       3.18750E-06       2.50001E-08       1.85324E-09       7.41293E-02       2.36287E-07       2.33325E-07
       3.20000E-06       3.22500E-06       3.21250E-06       2.49999E-08       1.85324E-09       7.41300E-02       2.38143E-07       2.35178E-07
       3.22500E-06       3.25000E-06       3.23750E-06       2.50001E-08       1.85324E-09       7.41293E-02       2.39994E-07       2.37031E-07
       3.25000E-06       3.27500E-06       3.26250E-06       2.50001E-08       1.85324E-09       7.41293E-02       2.41847E-07       2.38885E-07
       3.27500E-06       3.30000E-06       3.28750E-06       2.49999E-08       1.85324E-09       7.41300E-02       2.43702E-07       2.40738E-07
       3.30000E-06       3.32500E-06       3.31250E-06       2.50001E-08       1.85324E-09       7.41293E-02       2.45553E-07       2.42591E-07
       3.32500E-06       3.35000E-06       3.33750E-06       2.49999E-08       1.85324E-09       7.41300E-02       2.47409E-07       2.44444E-07
       3.35000E-06       3.37500E-06       3.36250E-06       2.50001E-08       1.85324E-09       7.41293E-02       2.49260E-07       2.46298E-07
       3.37500E-06       3.40000E-06       3.38750E-06       2.50001E-08       1.85324E-09       7.41293E-02       2.51113E-07       2.48151E-07
       3.40000E-06       3.42500E-06       3.41250E-06       2.49999E-08       1.85324E-09       7.41300E-02       2.52969E-07       2.50004E-07
       3.42500E-06       3.45000E-06       3.43750E-06       2.50001E-08       1.85324E-09       7.41293E-02       2.54819E-07       2.51857E-07
       3.45000E-06       3.47500E-06       3.46250E-06       2.49999E-08       1.85324E-09       7.41300E-02       2.56675E-07       2.53710E-07
       3.47500E-06       3.50000E-06       3.48750E-06       2.50001E-08       1.85324E-09       7.41293E-02       2.58526E-07       2.55564E-07
       3.50000E-06       3.52500E-06       3.51250E-06       2.50001E-08       1.85324E-09       7.41293E-02       2.60379E-07       2.57417E-07
       3.52500E-06       3.55000E-06       3.53750E-06       2.49999E-08       1.85324E-09       7.41300E-02       2.62235E-07       2.59270E-07
       3.55000E-06       3.57500E-06       3.56250E-06       2.50001E-08       1.85324E-09       7.41293E-02       2.64086E-07       2.61123E-07
       3.57500E-06       3.60000E-06       3.58750E-06       2.49999E-08       1.85324E-09       7.41300E-02       2.65941E-07       2.62977E-07
       3.60000E-06       3.62500E-06       3.61250E-06       2.50001E-08       1.85324E-09       7.41293E-02       2.67792E-07       2.64830E-07
       3.62500E-06       3.65000E-06       3.63750E-06       2.50001E-08       1.85324E-09       7.41293E-02       2.69645E-07       2.66683E-07
       3.65000E-06       3.67500E-06       3.66250E-06       2.49999E-08       1.85324E-09       7.41300E-02       2.71501E-07       2.68536E-07
       3.67500E-06       3.70000E-06       3.68750E-06       2.50001E-08       1.85324E-09       7.41293E-02       2.73352E-07       2.70390E-07
       3.70000E-06       3.72500E-06       3.71250E-06       2.49999E-08       1.85324E-09       7.41300E-02       2.75208E-07       2.72243E-07
       3.72500E-06       3.75000E-06       3.73750E-06       2.50001E-08       1.85324E-09       7.41293E-02       2.77058E-07       2.74096E-07
       3.75000E-06       3.77500E-06       3.76250E-06       2.50001E-08       1.85324E-09       7.41293E-02       2.78911E-07       2.75949E-07
       3.77500E-06       3.80000E-06       3.78750E-06       2.49999E-08       1.85324E-09       7.41300E-02       2.80767E-07       2.77803E-07
       3.80000E-06       3.82500E-06       3.81250E-06       2.50001E-08       1.85324E-09       7.41293E-02       2.82618E-07       2.79656E-07
       3.82500E-06       3.85000E-06       3.83750E-06       2.49999E-08       1.85324E-09       7.41300E-02       2.84474E-07       2.81509E-07
       3.85000E-06       3.87500E-06       3.86250E-06       2.50001E-08       1.85324E-09       7.41293E-02       2.86324E-07       2.83362E-07
       3.87500E-06       3.90000E-06       3.88750E-06       2.50001E-08       1.85324E-09       7.41293E-02       2.88178E-07       2.85215E-07
       3.90000E-06       3.92500E-06       3.91250E-06       2.49999E-08       1.85324E-09       7.41300E-02       2.90034E-07       2.87069E-07
       3.92500E-06       3.95000E-06       3.93750E-06       2.50001E-08       1.85324E-09       7.41293E-02       2.91884E-07       2.88922E-07
       3.95000E-06       3.97500E-06       3.96250E-06       2.49999E-08       1.85324E-09       7.41300E-02       2.93740E-07       2.90775E-07
       3.97500E-06       4.00000E-06       3.98750E-06       2.50001E-08       1.85324E-09       7.41293E-02       2.95591E-07       2.92628E-07
       4.00000E-06       4.02500E-06       4.01250E-06       2.50001E-08       1.85324E-09       7.41293E-02       2.97444E-07       2.94482E-07
       4.02500E-06       4.05000E-06       4.03750E-06       2.50001E-08       1.85324E-09       7.41293E-02       2.99297E-07       2.96335E-07
       4.05000E-06       4.07500E-06       4.06250E-06       2.49996E-08       1.85324E-09       7.41307E-02       3.01156E-07       2.98188E-07
       4.07500E-06       4.10000E-06       4.08750E-06       2.50001E-08       1.85324E-09       7.41293E-02       3.03003E-07       3.00041E-07
       4.10000E-06       4.12500E-06       4.11250E-06       2.50001E-08       1.85324E-09       7.41293E-02       3.04857E-07       3.01895E-07
       4.12500E-06       4.15000E-06       4.13750E-06       2.50001E-08       1.85324E-09       7.41293E-02       3.06710E-07       3.03748E-07
       4.15000E-06       4.17500E-06       4.16250E-06       2.50001E-08       1.85324E-09       7.41293E-02       3.08563E-07       3.05601E-07
       4.17500E-06       4.20000E-06       4.18750E-06       2.49996E-08       1.85324E-09       7.41307E-02       3.10422E-07       3.07454E-07
       4.20000E-06       4.22500E-06       4.21250E-06       2.50001E-08       1.85324E-09       7.41293E-02       3.12270E-07       3.09308E-07
       4.22500E-06       4.25000E-06       4.23750E-06       2.50001E-08       1.85324E-09       7.41293E-02       3.14123E-07       3.11161E-07
       4.25000E-06       4.27500E-06       4.26250E-06       2.50001E-08       1.85324E-09       7.41293E-02       3.15976E-07       3.13014E-07
       4.27500E-06       4.30000E-06       4.28750E-06       2.50001E-08       1.85324E-09       7.41293E-02       3.17829E-07       3.14867E-07
       4.30000E-06       4.32500E-06       4.31250E-06       2.49996E-08       1.85324E-09       7.41307E-02       3.19689E-07       3.16721E-07
       4.32500E-06       4.35000E-06       4.33750E-06       2.50001E-08       1.85324E-09       7.41293E-02       3.21536E-07       3.18574E-07
       4.35000E-06       4.37500E-06       4.36250E-06       2.50001E-08       1.85324E-09       7.41293E-02       3.23389E-07       3.20427E-07
       4.37500E-06       4.40000E-06       4.38750E-06       2.50001E-08       1.85324E-09       7.41293E-02       3.25242E-07       3.22280E-07
       4.40000E-06       4.42500E-06       4.41250E-06       2.50001E-08       1.85324E-09       7.41293E-02       3.27096E-07       3.24133E-07
       4.42500E-06       4.45000E-06       4.43750E-06       2.49996E-08       1.85324E-09       7.41307E-02       3.28955E-07       3.25987E-07
       4.45000E-06       4.47500E-06       4.46250E-06       2.50001E-08       1.85324E-09       7.41293E-02       3.30802E-07       3.27840E-07
       4.47500E-06       4.50000E-06       4.48750E-06       2.50001E-08       1.85324E-09       7.41293E-02       3.32655E-07       3.29693E-07
       4.50000E-06       4.52500E-06       4.51250E-06       2.50001E-08       1.85324E-09       7.41293E-02       3.34508E-07       3.31546E-07
       4.52500E-06       4.55000E-06       4.53750E-06       2.50001E-08       1.85324E-09       7.41293E-02       3.36362E-07       3.33400E-07
       4.55000E-06       4.57500E-06       4.56250E-06       2.49996E-08       1.85324E-09       7.41307E-02       3.38221E-07       3.35253E-07
       4.57500E-06       4.60000E-06       4.58750E-06       2.50001E-08       1.85324E-09       7.41293E-02       3.40068E-07       3.37106E-07
       4.60000E-06       4.62500E-06       4.61250E-06       2.50001E-08       1.85324E-09       7.41293E-02       3.41921E-07       3.38959E-07
       4.62500E-06       4.65000E-06       4.63750E-06       2.50001E-08       1.85324E-09       7.41293E-02       3.43775E-07       3.40813E-07
       4.65000E-06       4.67500E-06       4.66250E-06       2.50001E-08       1.85324E-09       7.41293E-02       3.45628E-07       3.42666E-07
       4.67500E-06       4.70000E-06       4.68750E-06       2.49996E-08       1.85324E-09       7.41307E-02       3.47488E-07       3.44519E-07
       4.70000E-06       4.72500E-06       4.71250E-06       2.50001E-08       1.85324E-09       7.41293E-02       3.49334E-07       3.46372E-07
       4.72500E-06       4.75000E-06       4.73750E-06       2.50001E-08       1.85324E-09       7.41293E-02       3.51187E-07       3.48226E-07
       4.75000E-06       4.77500E-06       4.76250E-06       2.50001E-08       1.85324E-09       7.41293E-02       3.53041E-07       3.50079E-07
       4.77500E-06       4.80000E-06       4.78750E-06       2.50001E-08       1.85324E-09       7.41293E-02       3.54894E-07       3.51932E-07
       4.80000E-06       4.82500E-06       4.81250E-06       2.49996E-08       1.85324E-09       7.41307E-02       3.56754E-07       3.53785E-07
       4.82500E-06       4.85000E-06       4.83750E-06       2.50001E-08       1.85324E-09       7.41293E-02       3.58600E-07       3.55639E-07
       4.85000E-06       4.87500E-06       4.86250E-06       2.50001E-08       1.85324E-09       7.41293E-02       3.60454E-07       3.57492E-07
       4.87500E-06       4.90000E-06       4.88750E-06       2.50001E-08       1.85324E-09       7.41293E-02       3.62307E-07       3.59345E-07
       4.90000E-06       4.92500E-06       4.91250E-06       2.50001E-08       1.85324E-09       7.41293E-02       3.64160E-07       3.61198E-07
       4.92500E-06       4.95000E-06       4.93750E-06       2.49996E-08       1.85324E-09       7.41307E-02       3.66020E-07       3.63051E-07
       4.95000E-06       4.97500E-06       4.96250E-06       2.50001E-08       1.85324E-09       7.41293E-02       3.67867E-07       3.64905E-07
       4.97500E-06       5.00000E-06       4.98750E-06       2.50001E-08       1.85324E-09       7.41293E-02       3.69720E-07       3.66758E-07
       5.00000E-06       5.02500E-06       5.01250E-06       2.50001E-08       1.85324E-09       7.41293E-02       3.71573E-07       3.68611E-07
       5.02500E-06       5.05000E-06       5.03750E-06       2.50001E-08       1.85324E-09       7.41293E-02       3.73426E-07       3.70464E-07
       5.05000E-06       5.07500E-06       5.06250E-06       2.49996E-08       1.85324E-09       7.41307E-02       3.75287E-07       3.72318E-07
       5.07500E-06       5.10000E-06       5.08750E-06       2.50001E-08       1.85324E-09       7.41293E-02       3.77133E-07       3.74171E-07
       5.10000E-06       5.12500E-06       5.11250E-06       2.50001E-08       1.85324E-09       7.41293E-02       3.78986E-07       3.76024E-07
       5.12500E-06       5.15000E-06       5.13750E-06       2.50001E-08       1.85324E-09       7.41293E-02       3.80839E-07       3.77877E-07
       5.15000E-06       5.17500E-06       5.16250E-06       2.50001E-08       1.85324E-09       7.41293E-02       3.82692E-07       3.79731E-07
       5.17500E-06       5.20000E-06       5.18750E-06       2.49996E-08       1.85324E-09       7.41307E-02       3.84553E-07       3.81584E-07
       5.20000E-06       5.22500E-06       5.21250E-06       2.50001E-08       1.85324E-09       7.41293E-02       3.86399E-07       3.83437E-07
       5.22500E-06       5.25000E-06       5.23750E-06       2.50001E-08       1.85324E-09       7.41293E-02       3.88252E-07       3.85290E-07
       5.25000E-06       5.27500E-06       5.26250E-06       2.50001E-08       1.85324E-09       7.41293E-02       3.90105E-07       3.87144E-07
       5.27500E-06       5.30000E-06       5.28750E-06       2.50001E-08       1.85324E-09       7.41293E-02       3.91959E-07       3.88997E-07
       5.30000E-06       5.32500E-06       5.31250E-06       2.49996E-08       1.85324E-09       7.41307E-02       3.93819E-07       3.90850E-07
       5.32500E-06       5.35000E-06       5.33750E-06       2.50001E-08       1.85324E-09       7.41293E-02       3.95665E-07       3.92703E-07
       5.35000E-06       5.37500E-06       5.36250E-06       2.50001E-08       1.85324E-09       7.41293E-02       3.97518E-07       3.94557E-07
       5.37500E-06       5.40000E-06       5.38750E-06       2.50001E-08       1.85324E-09       7.41293E-02       3.99372E-07       3.96410E-07
       5.40000E-06       5.42500E-06       5.41250E-06       2.50001E-08       1.85324E-09       7.41293E-02       4.01225E-07       3.98263E-07
       5.42500E-06       5.45000E-06       5.43750E-06       2.49996E-08       1.85324E-09       7.41307E-02       4.03086E-07       4.00116E-07
       5.45000E-06       5.47500E-06       5.46250E-06       2.50001E-08       1.85324E-09       7.41293E-02       4.04931E-07       4.01969E-07
       5.47500E-06       5.50000E-06       5.48750E-06       2.50001E-08       1.85324E-09       7.41293E-02       4.06784E-07       4.03823E-07
       5.50000E-06       5.52500E-06       5.51250E-06       2.50001E-08       1.85324E-09       7.41293E-02       4.08638E-07       4.05676E-07
       5.52500E-06       5.55000E-06       5.53750E-06       2.50001E-08       1.85324E-09       7.41293E-02       4.10491E-07       4.07529E-07
       5.55000E-06       5.57500E-06       5.56250E-06       2.49996E-08       1.85324E-09       7.41307E-02       4.12352E-07       4.09382E-07
       5.57500E-06       5.60000E-06       5.58750E-06       2.50001E-08       1.85324E-09       7.41293E-02       4.14197E-07       4.11236E-07
       5.60000E-06       5.62500E-06       5.61250E-06       2.50001E-08       1.85324E-09       7.41293E-02       4.16051E-07       4.13089E-07
       5.62500E-06       5.65000E-06       5.63750E-06       2.50001E-08       1.85324E-09       7.41293E-02       4.17904E-07       4.14942E-07
       5.65000E-06       5.67500E-06       5.66250E-06       2.50001E-08       1.85324E-09       7.41293E-02       4.19757E-07       4.16795E-07
       5.67500E-06       5.70000E-06       5.68750E-06       2.49996E-08       1.85324E-09       7.41307E-02       4.21618E-07       4.18649E-07
       5.70000E-06       5.72500E-06       5.71250E-06       2.50001E-08       1.85324E-09       7.41293E-02       4.23464E-07       4.20502E-07
       5.72500E-06       5.75000E-06       5.73750E-06       2.50001E-08       1.85324E-09       7.41293E-02       4.25317E-07       4.22355E-07
       5.75000E-06       5.77500E-06       5.76250E-06       2.50001E-08       1.85324E-09       7.41293E-02       4.27170E-07       4.24208E-07
       5.77500E-06       5.80000E-06       5.78750E-06       2.50001E-08       1.85324E-09       7.41293E-02       4.29023E-07       4.26062E-07
       5.80000E-06       5.82500E-06       5.81250E-06       2.49996E-08       1.85324E-09       7.41307E-02       4.30885E-07       4.27915E-07
       5.82500E-06       5.85000E-06       5.83750E-06       2.50001E-08       1.85324E-09       7.41293E-02       4.32730E-07       4.29768E-07
       5.85000E-06       5.87500E-06       5.86250E-06       2.50001E-08       1.85324E-09       7.41293E-02       4.34583E-07       4.31621E-07
       5.87500E-06       5.90000E-06       5.88750E-06       2.50001E-08       1.85324E-09       7.41293E-02       4.36436E-07       4.33474E-07
       5.90000E-06       5.92500E-06       5.91250E-06       2.50001E-08       1.85324E-09       7.41293E-02       4.38289E-07       4.35328E-07
       5.92500E-06       5.95000E-06       5.93750E-06       2.49996E-08       1.85324E-09       7.41307E-02       4.40151E-07       4.37181E-07
       5.95000E-06       5.97500E-06       5.96250E-06       2.50001E-08       1.85324E-09       7.41293E-02       4.41996E-07       4.39034E-07
       5.97500E-06       6.00000E-06       5.98750E-06       2.50001E-08       1.85324E-09       7.41293E-02       4.43849E-07       4.40887E-07
       6.00000E-06       6.02500E-06       6.01250E-06       2.50001E-08       1.85324E-09       7.41293E-02       4.45702E-07       4.42741E-07
       6.02500E-06       6.05000E-06       6.03750E-06       2.50001E-08       1.85324E-09       7.41293E-02       4.47556E-07       4.44594E-07
       6.05000E-06       6.07500E-06       6.06250E-06       2.49996E-08       1.85324E-09       7.41307E-02       4.49417E-07       4.46447E-07
       6.07500E-06       6.10000E-06       6.08750E-06       2.50001E-08       1.85324E-09       7.41293E-02       4.51262E-07       4.48300E-07
       6.10000E-06       6.12500E-06       6.11250E-06       2.50001E-08       1.85324E-09       7.41293E-02       4.53115E-07       4.50154E-07
       6.12500E-06       6.15000E-06       6.13750E-06       2.50001E-08       1.85324E-09       7.41293E-02       4.54969E-07       4.52007E-07
       6.15000E-06       6.17500E-06       6.16250E-06       2.50001E-08       1.85324E-09       7.41293E-02       4.56822E-07       4.53860E-07
       6.17500E-06       6.20000E-06       6.18750E-06       2.49996E-08       1.85324E-09       7.41307E-02       4.58684E-07       4.55713E-07
       6.20000E-06       6.22500E-06       6.21250E-06       2.50001E-08       1.85324E-09       7.41293E-02       4.60528E-07       4.57567E-07
       6.22500E-06       6.25000E-06       6.23750E-06       2.50001E-08       1.85324E-09       7.41293E-02       4.62381E-07       4.59420E-07
       6.25000E-06       6.27500E-06       6.26250E-06       2.50001E-08       1.85324E-09       7.41293E-02       4.64235E-07       4.61273E-07
       6.27500E-06       6.30000E-06       6.28750E-06       2.50001E-08       1.85324E-09       7.41293E-02       4.66088E-07       4.63126E-07
       6.30000E-06       6.32500E-06       6.31250E-06       2.49996E-08       1.85324E-09       7.41307E-02       4.67950E-07       4.64980E-07
       6.32500E-06       6.35000E-06       6.33750E-06       2.50001E-08       1.85324E-09       7.41293E-02       4.69794E-07       4.66833E-07
       6.35000E-06       6.37500E-06       6.36250E-06       2.50001E-08       1.85324E-09       7.41293E-02       4.71648E-07       4.68686E-07
       6.37500E-06       6.40000E-06       6.38750E-06       2.50001E-08       1.85324E-09       7.41293E-02       4.73501E-07       4.70539E-07
       6.40000E-06       6.42500E-06       6.41250E-06       2.50001E-08       1.85324E-09       7.41293E-02       4.75354E-07       4.72392E-07
       6.42500E-06       6.45000E-06       6.43750E-06       2.49996E-08       1.85324E-09       7.41307E-02       4.77216E-07       4.74246E-07
       6.45000E-06       6.47500E-06       6.46250E-06       2.50001E-08       1.85324E-09       7.41293E-02       4.79061E-07       4.76099E-07
       6.47500E-06       6.50000E-06       6.48750E-06       2.50001E-08       1.85324E-09       7.41293E-02       4.80914E-07       4.77952E-07
       6.50000E-06       6.52500E-06       6.51250E-06       2.50001E-08       1.85324E-09       7.41293E-02       4.82767E-07       4.79805E-07
       6.52500E-06       6.55000E-06       6.53750E-06       2.50001E-08       1.85324E-09       7.41293E-02       4.84620E-07       4.81659E-07
       6.55000E-06       6.57500E-06       6.56250E-06       2.49996E-08       1.85324E-09       7.41307E-02       4.86483E-07       4.83512E-07
       6.57500E-06       6.60000E-06       6.58750E-06       2.50001E-08       1.85324E-09       7.41293E-02       4.88327E-07       4.85365E-07
       6.60000E-06       6.62500E-06       6.61250E-06       2.50001E-08       1.85324E-09       7.41293E-02       4.90180E-07       4.87219E-07
       6.62500E-06       6.65000E-06       6.63750E-06       2.50001E-08       1.85324E-09       7.41293E-02       4.92033E-07       4.89072E-07
       6.65000E-06       6.67500E-06       6.66250E-06       2.50001E-08       1.85324E-09       7.41293E-02       4.93886E-07       4.90925E-07
       6.67500E-06       6.70000E-06       6.68750E-06       2.49996E-08       1.85324E-09       7.41307E-02       4.95749E-07       4.92778E-07
       6.70000E-06       6.72500E-06       6.71250E-06       2.50001E-08       1.85324E-09       7.41293E-02       4.97593E-07       4.94632E-07
       6.72500E-06       6.75000E-06       6.73750E-06       2.50001E-08       1.85324E-09       7.41293E-02       4.99446E-07       4.96485E-07
       6.75000E-06       6.77500E-06       6.76250E-06       2.50001E-08       1.85324E-09       7.41293E-02       5.01299E-07       4.98338E-07
       6.77500E-06       6.80000E-06       6.78750E-06       2.50001E-08       1.85324E-09       7.41293E-02       5.03153E-07       5.00191E-07
       6.80000E-06       6.82500E-06       6.81250E-06       2.49996E-08       1.85324E-09       7.41307E-02       5.05015E-07       5.02045E-07
       6.82500E-06       6.85000E-06       6.83750E-06       2.50001E-08       1.85324E-09       7.41293E-02       5.06859E-07       5.03898E-07
       6.85000E-06       6.87500E-06       6.86250E-06       2.50001E-08       1.85324E-09       7.41293E-02       5.08712E-07       5.05751E-07
       6.87500E-06       6.90000E-06       6.88750E-06       2.50001E-08       1.85324E-09       7.41293E-02       5.10565E-07       5.07604E-07
       6.90000E-06       6.92500E-06       6.91250E-06       2.50001E-08       1.85324E-09       7.41293E-02       5.12419E-07       5.09458E-07
       6.92500E-06       6.95000E-06       6.93750E-06       2.49996E-08       1.85324E-09       7.41307E-02       5.14282E-07       5.11311E-07
       6.95000E-06       6.97500E-06       6.96250E-06       2.50001E-08       1.85324E-09       7.41293E-02       5.16125E-07       5.13164E-07
       6.97500E-06       7.00000E-06       6.98750E-06       2.50001E-08       1.85324E-09       7.41293E-02       5.17978E-07       5.15018E-07
       7.00000E-06       7.02500E-06       7.01250E-06       2.50001E-08       1.85324E-09       7.41293E-02       5.19832E-07       5.16871E-07
       7.02500E-06       7.05000E-06       7.03750E-06       2.50001E-08       1.85324E-09       7.41293E-02       5.21685E-07       5.18724E-07
       7.05000E-06       7.07500E-06       7.06250E-06       2.49996E-08       1.85324E-09       7.41307E-02       5.23548E-07       5.20577E-07
       7.07500E-06       7.10000E-06       7.08750E-06       2.50001E-08       1.85324E-09       7.41293E-02       5.25391E-07       5.22431E-07
       7.10000E-06       7.12500E-06       7.11250E-06       2.50001E-08       1.85324E-09       7.41293E-02       5.27245E-07       5.24284E-07
       7.12500E-06       7.15000E-06       7.13750E-06       2.50001E-08       1.85324E-09       7.41293E-02       5.29098E-07       5.26137E-07
       7.15000E-06       7.17500E-06       7.16250E-06       2.50001E-08       1.85324E-09       7.41293E-02       5.30951E-07       5.27990E-07
       7.17500E-06       7.20000E-06       7.18750E-06       2.49996E-08       1.85324E-09       7.41307E-02       5.32814E-07       5.29844E-07
       7.20000E-06       7.22500E-06       7.21250E-06       2.50001E-08       1.85324E-09       7.41293E-02       5.34657E-07       5.31697E-07
       7.22500E-06       7.25000E-06       7.23750E-06       2.50001E-08       1.85324E-09       7.41293E-02       5.36511E-07       5.33550E-07
       7.25000E-06       7.27500E-06       7.26250E-06       2.50001E-08       1.85324E-09       7.41293E-02       5.38364E-07       5.35403E-07
       7.27500E-06       7.30000E-06       7.28750E-06       2.50001E-08       1.85324E-09       7.41293E-02       5.40217E-07       5.37257E-07
       7.30000E-06       7.32500E-06       7.31250E-06       2.49996E-08       1.85324E-09       7.41307E-02       5.42081E-07       5.39110E-07
       7.32500E-06       7.35000E-06       7.33750E-06       2.50001E-08       1.85324E-09       7.41293E-02       5.43924E-07       5.40963E-07
       7.35000E-06       7.37500E-06       7.36250E-06       2.50001E-08       1.85324E-09       7.41293E-02       5.45777E-07       5.42817E-07
       7.37500E-06       7.40000E-06       7.38750E-06       2.50001E-08       1.85324E-09       7.41293E-02       5.47630E-07       5.44670E-07
       7.40000E-06       7.42500E-06       7.41250E-06       2.50001E-08       1.85324E-09       7.41293E-02       5.49483E-07       5.46523E-07
       7.42500E-06       7.45000E-06       7.43750E-06       2.49996E-08       1.85324E-09       7.41307E-02       5.51347E-07       5.48376E-07
       7.45000E-06       7.47500E-06       7.46250E-06       2.50001E-08       1.85324E-09       7.41293E-02       5.53190E-07       5.50230E-07
       7.47500E-06       7.50000E-06       7.48750E-06       2.50001E-08       1.85324E-09       7.41293E-02       5.55043E-07       5.52083E-07
       7.50000E-06       7.52500E-06       7.51250E-06       2.50001E-08       1.85324E-09       7.41293E-02       5.56896E-07       5.53936E-07
       7.52500E-06       7.55000E-06       7.53750E-06       2.50001E-08       1.85324E-09       7.41293E-02       5.58750E-07       5.55789E-07
       7.55000E-06       7.57500E-06       7.56250E-06       2.49996E-08       1.85324E-09       7.41307E-02       5.60614E-07       5.57643E-07
       7.57500E-06       7.60000E-06       7.58750E-06       2.50001E-08       1.85324E-09       7.41293E-02       5.62456E-07       5.59496E-07
       7.60000E-06       7.62500E-06       7.61250E-06       2.50001E-08       1.85324E-09       7.41293E-02       5.64309E-07       5.61349E-07
       7.62500E-06       7.65000E-06       7.63750E-06       2.50001E-08       1.85324E-09       7.41293E-02       5.66162E-07       5.63202E-07
       7.65000E-06       7.67500E-06       7.66250E-06       2.50001E-08       1.85324E-09       7.41293E-02       5.68016E-07       5.65056E-07
       7.67500E-06       7.70000E-06       7.68750E-06       2.49996E-08       1.85324E-09       7.41307E-02       5.69880E-07       5.66909E-07
       7.70000E-06       7.72500E-06       7.71250E-06       2.50001E-08       1.85324E-09       7.41293E-02       5.71722E-07       5.68762E-07
       7.72500E-06       7.75000E-06       7.73750E-06       2.50001E-08       1.85324E-09       7.41293E-02       5.73575E-07       5.70615E-07
       7.75000E-06       7.77500E-06       7.76250E-06       2.50001E-08       1.85324E-09       7.41293E-02       5.75429E-07       5.72469E-07
       7.77500E-06       7.80000E-06       7.78750E-06       2.50001E-08       1.85324E-09       7.41293E-02       5.77282E-07       5.74322E-07
       7.80000E-06       7.82500E-06       7.81250E-06       2.49996E-08       1.85324E-09       7.41307E-02       5.79146E-07       5.76175E-07
       7.82500E-06       7.85000E-06       7.83750E-06       2.50001E-08       1.85324E-09       7.41293E-02       5.80988E-07       5.78029E-07
       7.85000E-06       7.87500E-06       7.86250E-06       2.50001E-08       1.85324E-09       7.41293E-02       5.82842E-07       5.79882E-07
       7.87500E-06       7.90000E-06       7.88750E-06       2.50001E-08       1.85324E-09       7.41293E-02       5.84695E-07       5.81735E-07
       7.90000E-06       7.92500E-06       7.91250E-06       2.50001E-08       1.85324E-09       7.41293E-02       5.86548E-07       5.83588E-07
       7.92500E-06       7.95000E-06       7.93750E-06       2.49996E-08       1.85324E-09       7.41307E-02       5.88412E-07       5.85442E-07
       7.95000E-06       7.97500E-06       7.96250E-06       2.50001E-08       1.85324E-09       7.41293E-02       5.90254E-07       5.87295E-07
       7.97500E-06       8.00000E-06       7.98750E-06       2.50001E-08       1.85324E-09       7.41293E-02       5.92108E-07       5.89148E-07
       8.00000E-06       8.02500E-06       8.01250E-06       2.49996E-08       1.85324E-09       7.41307E-02       5.93972E-07       5.91001E-07
       8.02500E-06       8.05000E-06       8.03750E-06       2.50006E-08       1.85324E-09       7.41279E-02       5.95803E-07       5.92855E-07
       8.05000E-06       8.07500E-06       8.06250E-06       2.49996E-08       1.85324E-09       7.41307E-02       5.97679E-07       5.94708E-07
       8.07500E-06       8.10000E-06       8.08750E-06       2.50006E-08       1.85324E-09       7.41279E-02       5.99509E-07       5.96561E-07
       8.10000E-06       8.12500E-06       8.11250E-06       2.49996E-08       1.85324E-09       7.41307E-02       6.01385E-07       5.98414E-07
       8.12500E-06       8.15000E-06       8.13750E-06       2.49996E-08       1.85324E-09       7.41307E-02       6.03239E-07       6.00268E-07
       8.15000E-06       8.17500E-06       8.16250E-06       2.50006E-08       1.85324E-09       7.41279E-02       6.05069E-07       6.02121E-07
       8.17500E-06       8.20000E-06       8.18750E-06       2.49996E-08       1.85324E-09       7.41307E-02       6.06945E-07       6.03974E-07
       8.20000E-06       8.22500E-06       8.21250E-06       2.50006E-08       1.85324E-09       7.41279E-02       6.08775E-07       6.05828E-07
       8.22500E-06       8.25000E-06       8.23750E-06       2.49996E-08       1.85324E-09       7.41307E-02       6.10652E-07       6.07681E-07
       8.25000E-06       8.27500E-06       8.26250E-06       2.49996E-08       1.85324E-09       7.41307E-02       6.12505E-07       6.09534E-07
       8.27500E-06       8.30000E-06       8.28750E-06       2.50006E-08       1.85324E-09       7.41279E-02       6.14335E-07       6.11387E-07
       8.30000E-06       8.32500E-06       8.31250E-06       2.49996E-08       1.85324E-09       7.41307E-02       6.16211E-07       6.13241E-07
       8.32500E-06       8.35000E-06       8.33750E-06       2.50006E-08       1.85324E-09       7.41279E-02       6.18041E-07       6.15094E-07
       8.35000E-06       8.37500E-06       8.36250E-06       2.49996E-08       1.85324E-09       7.41307E-02       6.19918E-07       6.16947E-07
       8.37500E-06       8.40000E-06       8.38750E-06       2.49996E-08       1.85324E-09       7.41307E-02       6.21771E-07       6.18800E-07
       8.40000E-06       8.42500E-06       8.41250E-06       2.50006E-08       1.85324E-09       7.41279E-02       6.23601E-07       6.20654E-07
       8.42500E-06       8.45000E-06       8.43750E-06       2.49996E-08       1.85324E-09       7.41307E-02       6.25478E-07       6.22507E-07
       8.45000E-06       8.47500E-06       8.46250E-06       2.50006E-08       1.85324E-09       7.41279E-02       6.27307E-07       6.24360E-07
       8.47500E-06       8.50000E-06       8.48750E-06       2.49996E-08       1.85324E-09       7.41307E-02       6.29184E-07       6.26213E-07
       8.50000E-06       8.52500E-06       8.51250E-06       2.49996E-08       1.85324E-09       7.41307E-02       6.31038E-07       6.28067E-07
       8.52500E-06       8.55000E-06       8.53750E-06       2.50006E-08       1.85324E-09       7.41279E-02       6.32867E-07       6.29920E-07
       8.55000E-06       8.57500E-06       8.56250E-06       2.49996E-08       1.85324E-09       7.41307E-02       6.34744E-07       6.31773E-07
       8.57500E-06       8.60000E-06       8.58750E-06       2.50006E-08       1.85324E-09       7.41279E-02       6.36573E-07       6.33627E-07
       8.60000E-06       8.62500E-06       8.61250E-06       2.49996E-08       1.85324E-09       7.41307E-02       6.38451E-07       6.35480E-07
       8.62500E-06       8.65000E-06       8.63750E-06       2.49996E-08       1.85324E-09       7.41307E-02       6.40304E-07       6.37333E-07
       8.65000E-06       8.67500E-06       8.66250E-06       2.50006E-08       1.85324E-09       7.41279E-02       6.42133E-07       6.39186E-07
       8.67500E-06       8.70000E-06       8.68750E-06       2.49996E-08       1.85324E-09       7.41307E-02       6.44011E-07       6.41040E-07
       8.70000E-06       8.72500E-06       8.71250E-06       2.50006E-08       1.85324E-09       7.41279E-02       6.45839E-07       6.42893E-07
       8.72500E-06       8.75000E-06       8.73750E-06       2.49996E-08       1.85324E-09       7.41307E-02       6.47717E-07       6.44746E-07
       8.75000E-06       8.77500E-06       8.76250E-06       2.49996E-08       1.85324E-09       7.41307E-02       6.49570E-07       6.46599E-07
       8.77500E-06       8.80000E-06       8.78750E-06       2.50006E-08       1.85324E-09       7.41279E-02       6.51399E-07       6.48453E-07
       8.80000E-06       8.82500E-06       8.81250E-06       2.49996E-08       1.85324E-09       7.41307E-02       6.53277E-07       6.50306E-07
       8.82500E-06       8.85000E-06       8.83750E-06       2.50006E-08       1.85324E-09       7.41279E-02       6.55105E-07       6.52159E-07
       8.85000E-06       8.87500E-06       8.86250E-06       2.49996E-08       1.85324E-09       7.41307E-02       6.56983E-07       6.54012E-07
       8.87500E-06       8.90000E-06       8.88750E-06       2.49996E-08       1.85324E-09       7.41307E-02       6.58837E-07       6.55866E-07
       8.90000E-06       8.92500E-06       8.91250E-06       2.50006E-08       1.85324E-09       7.41279E-02       6.60665E-07       6.57719E-07
       8.92500E-06       8.95000E-06       8.93750E-06       2.49996E-08       1.85324E-09       7.41307E-02       6.62543E-07       6.59572E-07
       8.95000E-06       8.97500E-06       8.96250E-06       2.50006E-08       1.85324E-09       7.41279E-02       6.64371E-07       6.61426E-07
       8.97500E-06       9.00000E-06       8.98750E-06       2.49996E-08       1.85324E-09       7.41307E-02       6.66250E-07       6.63279E-07
       9.00000E-06       9.02500E-06       9.01250E-06       2.49996E-08       1.85324E-09       7.41307E-02       6.68103E-07       6.65132E-07
       9.02500E-06       9.05000E-06       9.03750E-06       2.50006E-08       1.85324E-09       7.41279E-02       6.69931E-07       6.66985E-07
       9.05000E-06       9.07500E-06       9.06250E-06       2.49996E-08       1.85324E-09       7.41307E-02       6.71810E-07       6.68839E-07
       9.07500E-06       9.10000E-06       9.08750E-06       2.50006E-08       1.85324E-09       7.41279E-02       6.73637E-07       6.70692E-07
       9.10000E-06       9.12500E-06       9.11250E-06       2.49996E-08       1.85324E-09       7.41307E-02       6.75516E-07       6.72545E-07
       9.12500E-06       9.15000E-06       9.13750E-06       2.49996E-08       1.85324E-09       7.41307E-02       6.77369E-07       6.74398E-07
       9.15000E-06       9.17500E-06       9.16250E-06       2.50006E-08       1.85324E-09       7.41279E-02       6.79197E-07       6.76252E-07
       9.17500E-06       9.20000E-06       9.18750E-06       2.49996E-08       1.85324E-09       7.41307E-02       6.81076E-07       6.78105E-07
       9.20000E-06       9.22500E-06       9.21250E-06       2.50006E-08       1.85324E-09       7.41279E-02       6.82903E-07       6.79958E-07
       9.22500E-06       9.25000E-06       9.23750E-06       2.49996E-08       1.85324E-09       7.41307E-02       6.84782E-07       6.81811E-07
       9.25000E-06       9.27500E-06       9.26250E-06       2.49996E-08       1.85324E-09       7.41307E-02       6.86636E-07       6.83665E-07
       9.27500E-06       9.30000E-06       9.28750E-06       2.50006E-08       1.85324E-09       7.41279E-02       6.88463E-07       6.85518E-07
       9.30000E-06       9.32500E-06       9.31250E-06       2.49996E-08       1.85324E-09       7.41307E-02       6.90342E-07       6.87371E-07
       9.32500E-06       9.35000E-06       9.33750E-06       2.50006E-08       1.85324E-09       7.41279E-02       6.92169E-07       6.89225E-07
       9.35000E-06       9.37500E-06       9.36250E-06       2.49996E-08       1.85324E-09       7.41307E-02       6.94049E-07       6.91078E-07
       9.37500E-06       9.40000E-06       9.38750E-06       2.49996E-08       1.85324E-09       7.41307E-02       6.95902E-07       6.92931E-07
       9.40000E-06       9.42500E-06       9.41250E-06       2.50006E-08       1.85324E-09       7.41279E-02       6.97729E-07       6.94784E-07
       9.42500E-06       9.45000E-06       9.43750E-06       2.49996E-08       1.85324E-09       7.41307E-02       6.99609E-07       6.96638E-07
       9.45000E-06       9.47500E-06       9.46250E-06       2.50006E-08       1.85324E-09       7.41279E-02       7.01435E-07       6.98491E-07
       9.47500E-06       9.50000E-06       9.48750E-06       2.49996E-08       1.85324E-09       7.41307E-02       7.03315E-07       7.00344E-07
       9.50000E-06       9.52500E-06       9.51250E-06       2.49996E-08       1.85324E-09       7.41307E-02       7.05168E-07       7.02197E-07
       9.52500E-06       9.55000E-06       9.53750E-06       2.50006E-08       1.85324E-09       7.41279E-02       7.06995E-07       7.04051E-07
       9.55000E-06       9.57500E-06       9.56250E-06       2.49996E-08       1.85324E-09       7.41307E-02       7.08875E-07       7.05904E-07
       9.57500E-06       9.60000E-06       9.58750E-06       2.50006E-08       1.85324E-09       7.41279E-02       7.10701E-07       7.07757E-07
       9.60000E-06       9.62500E-06       9.61250E-06       2.49996E-08       1.85324E-09       7.41307E-02       7.12581E-07       7.09610E-07
       9.62500E-06       9.65000E-06       9.63750E-06       2.49996E-08       1.85324E-09       7.41307E-02       7.14435E-07       7.11464E-07
       9.65000E-06       9.67500E-06       9.66250E-06       2.50006E-08       1.85324E-09       7.41279E-02       7.16261E-07       7.13317E-07
       9.67500E-06       9.70000E-06       9.68750E-06       2.49996E-08       1.85324E-09       7.41307E-02       7.18141E-07       7.15170E-07
       9.70000E-06       9.72500E-06       9.71250E-06       2.50006E-08       1.85324E-09       7.41279E-02       7.19967E-07       7.17024E-07
       9.72500E-06       9.75000E-06       9.73750E-06       2.49996E-08       1.85324E-09       7.41307E-02       7.21848E-07       7.18877E-07
       9.75000E-06       9.77500E-06       9.76250E-06       2.49996E-08       1.85324E-09       7.41307E-02       7.23701E-07       7.20730E-07
       9.77500E-06       9.80000E-06       9.78750E-06       2.50006E-08       1.85324E-09       7.41279E-02       7.25527E-07       7.22583E-07
       9.80000E-06       9.82500E-06       9.81250E-06       2.49996E-08       1.85324E-09       7.41307E-02       7.27408E-07       7.24437E-07
       9.82500E-06       9.85000E-06       9.83750E-06       2.50006E-08       1.85324E-09       7.41279E-02       7.29233E-07       7.26290E-07
       9.85000E-06       9.87500E-06       9.86250E-06       2.49996E-08       1.85324E-09       7.41307E-02       7.31114E-07       7.28143E-07
       9.87500E-06       9.90000E-06       9.88750E-06       2.49996E-08       1.85324E-09       7.41307E-02       7.32967E-07       7.29996E-07
       9.90000E-06       9.92500E-06       9.91250E-06       2.50006E-08       1.85324E-09       7.41279E-02       7.34793E-07       7.31850E-07
       9.92500E-06       9.95000E-06       9.93750E-06       2.49996E-08       1.85324E-09       7.41307E-02       7.36674E-07       7.33703E-07
       9.95000E-06       9.97500E-06       9.96250E-06       2.50006E-08       1.85324E-09       7.41279E-02       7.38499E-07       7.35556E-07
       9.97500E-06       1.00000E-05       9.98750E-06       2.49996E-08       1.85324E-09       7.41307E-02       7.40380E-07       7.37409E-07
       1.00000E-05       1.04713E-05       1.02356E-05       4.71300E-07       3.49366E-08       7.41282E-02       7.58750E-07       7.72346E-07
       1.04713E-05       1.09648E-05       1.07180E-05       4.93500E-07       3.65830E-08       7.41298E-02       7.94527E-07       8.08929E-07
       1.09648E-05       1.14815E-05       1.12232E-05       5.16700E-07       3.83071E-08       7.41380E-02       8.32062E-07       8.47236E-07
       1.14815E-05       1.20226E-05       1.17521E-05       5.41101E-07       4.01123E-08       7.41310E-02       8.71192E-07       8.87349E-07
       1.20226E-05       1.25892E-05       1.23059E-05       5.66600E-07       4.20041E-08       7.41336E-02       9.12280E-07       9.29353E-07
       1.25892E-05       1.31826E-05       1.28859E-05       5.93400E-07       4.39840E-08       7.41220E-02       9.55129E-07       9.73337E-07
       1.31826E-05       1.38038E-05       1.34932E-05       6.21200E-07       4.60557E-08       7.41399E-02       1.00039E-06       1.01939E-06
       1.38038E-05       1.44544E-05       1.41291E-05       6.50600E-07       4.82262E-08       7.41257E-02       1.04733E-06       1.06762E-06
       1.44544E-05       1.51356E-05       1.47950E-05       6.81200E-07       5.04991E-08       7.41326E-02       1.09679E-06       1.11812E-06
       1.51356E-05       1.58489E-05       1.54922E-05       7.13300E-07       5.28796E-08       7.41338E-02       1.14850E-06       1.17100E-06
       1.58489E-05       1.65959E-05       1.62224E-05       7.47000E-07       5.53713E-08       7.41249E-02       1.20248E-06       1.22637E-06
       1.65959E-05       1.73780E-05       1.69869E-05       7.82101E-07       5.79812E-08       7.41353E-02       1.25933E-06       1.28435E-06
       1.73780E-05       1.81970E-05       1.77875E-05       8.19000E-07       6.07129E-08       7.41305E-02       1.31860E-06       1.34506E-06
       1.81970E-05       1.90546E-05       1.86258E-05       8.57599E-07       6.35752E-08       7.41316E-02       1.38076E-06       1.40864E-06
       1.90546E-05       1.99526E-05       1.95036E-05       8.98001E-07       6.65698E-08       7.41311E-02       1.44582E-06       1.47521E-06
       1.99526E-05       2.08930E-05       2.04228E-05       9.40399E-07       6.97091E-08       7.41272E-02       1.51388E-06       1.54492E-06
       2.08930E-05       2.18776E-05       2.13853E-05       9.84600E-07       7.29932E-08       7.41348E-02       1.58540E-06       1.61791E-06
       2.18776E-05       2.29087E-05       2.23932E-05       1.03110E-06       7.64342E-08       7.41287E-02       1.65998E-06       1.69434E-06
       2.29087E-05       2.39883E-05       2.34485E-05       1.07960E-06       8.00359E-08       7.41348E-02       1.73835E-06       1.77438E-06
       2.39883E-05       2.51189E-05       2.45536E-05       1.13060E-06       8.38069E-08       7.41261E-02       1.82006E-06       1.85819E-06
       2.51189E-05       2.63027E-05       2.57108E-05       1.18380E-06       8.77580E-08       7.41325E-02       1.90601E-06       1.94594E-06
       2.63027E-05       2.75423E-05       2.69225E-05       1.23960E-06       9.18944E-08       7.41323E-02       1.99583E-06       2.03784E-06
       2.75423E-05       2.88403E-05       2.81913E-05       1.29800E-06       9.62248E-08       7.41331E-02       2.08991E-06       2.13406E-06
       2.88403E-05       3.01995E-05       2.95199E-05       1.35920E-06       1.00758E-07       7.41306E-02       2.18833E-06       2.23482E-06
       3.01995E-05       3.16228E-05       3.09111E-05       1.42330E-06       1.05507E-07       7.41283E-02       2.29139E-06       2.34033E-06
       3.16228E-05       3.31131E-05       3.23679E-05       1.49030E-06       1.10480E-07       7.41327E-02       2.39952E-06       2.45081E-06
       3.31131E-05       3.46737E-05       3.38934E-05       1.56060E-06       1.15687E-07       7.41299E-02       2.51252E-06       2.56650E-06
       3.46737E-05       3.63078E-05       3.54907E-05       1.63410E-06       1.21138E-07       7.41314E-02       2.63098E-06       2.68763E-06
       3.63078E-05       3.80189E-05       3.71634E-05       1.71110E-06       1.26849E-07       7.41327E-02       2.75502E-06       2.81448E-06
       3.80189E-05       3.98107E-05       3.89148E-05       1.79180E-06       1.32827E-07       7.41307E-02       2.88478E-06       2.94731E-06
       3.98107E-05       4.16869E-05       4.07488E-05       1.87620E-06       1.39086E-07       7.41320E-02       3.02079E-06       3.08640E-06
       4.16869E-05       4.36516E-05       4.26692E-05       1.96470E-06       1.45640E-07       7.41286E-02       3.16301E-06       3.23204E-06
       4.36516E-05       4.57088E-05       4.46802E-05       2.05720E-06       1.52505E-07       7.41322E-02       3.31224E-06       3.38454E-06
       4.57088E-05       4.78630E-05       4.67859E-05       2.15420E-06       1.59692E-07       7.41308E-02       3.46828E-06       3.54423E-06
       4.78630E-05       5.01187E-05       4.89908E-05       2.25570E-06       1.67219E-07       7.41316E-02       3.63177E-06       3.71145E-06
       5.01187E-05       5.24808E-05       5.12998E-05       2.36210E-06       1.75100E-07       7.41287E-02       3.80278E-06       3.88655E-06
       5.24808E-05       5.49541E-05       5.37174E-05       2.47330E-06       1.83351E-07       7.41321E-02       3.98219E-06       4.06990E-06
       5.49541E-05       5.75440E-05       5.62490E-05       2.58990E-06       1.91993E-07       7.41314E-02       4.16982E-06       4.26190E-06
       5.75440E-05       6.02560E-05       5.89000E-05       2.71200E-06       2.01042E-07       7.41304E-02       4.36628E-06       4.46294E-06
       6.02560E-05       6.30957E-05       6.16758E-05       2.83970E-06       2.10514E-07       7.41327E-02       4.57219E-06       4.67345E-06
       6.30957E-05       6.60693E-05       6.45825E-05       2.97360E-06       2.20437E-07       7.41314E-02       4.78759E-06       4.89389E-06
       6.60693E-05       6.91831E-05       6.76262E-05       3.11380E-06       2.30826E-07       7.41299E-02       5.01312E-06       5.12471E-06
       6.91831E-05       7.24436E-05       7.08134E-05       3.26051E-06       2.41705E-07       7.41310E-02       5.24947E-06       5.36642E-06
       7.24436E-05       7.58578E-05       7.41507E-05       3.41420E-06       2.53095E-07       7.41303E-02       5.49681E-06       5.61951E-06
       7.58578E-05       7.94328E-05       7.76453E-05       3.57500E-06       2.65023E-07       7.41323E-02       5.75603E-06       5.88454E-06
       7.94328E-05       8.31764E-05       8.13046E-05       3.74360E-06       2.77515E-07       7.41305E-02       6.02715E-06       6.16205E-06
       8.31764E-05       8.70964E-05       8.51364E-05       3.92000E-06       2.90593E-07       7.41308E-02       6.31123E-06       6.45264E-06
       8.70964E-05       9.12011E-05       8.91488E-05       4.10471E-06       3.04286E-07       7.41311E-02       6.60869E-06       6.75693E-06
       9.12011E-05       9.54993E-05       9.33502E-05       4.29820E-06       3.18628E-07       7.41306E-02       6.92010E-06       7.07556E-06
       9.54993E-05       1.00000E-04       9.77497E-05       4.50070E-06       3.33645E-07       7.41317E-02       7.24635E-06       7.40920E-06
       1.00000E-04       1.04713E-04       1.02356E-04       4.71300E-06       3.49372E-07       7.41294E-02       7.58762E-06       7.75857E-06
       1.04713E-04       1.09648E-04       1.07181E-04       4.93501E-06       3.65829E-07       7.41293E-02       7.94522E-06       8.12440E-06
       1.09648E-04       1.14815E-04       1.12232E-04       5.16700E-06       3.83080E-07       7.41397E-02       8.32081E-06       8.50748E-06
       1.14815E-04       1.20226E-04       1.17520E-04       5.41100E-06       4.01123E-07       7.41312E-02       8.71193E-06       8.90861E-06
       1.20226E-04       1.25892E-04       1.23059E-04       5.66600E-06       4.20034E-07       7.41323E-02       9.12264E-06       9.32864E-06
       1.25892E-04       1.31826E-04       1.28859E-04       5.93401E-06       4.39835E-07       7.41210E-02       9.55116E-06       9.76848E-06
       1.31826E-04       1.38038E-04       1.34932E-04       6.21199E-06       4.60553E-07       7.41394E-02       1.00038E-05       1.02290E-05
       1.38038E-04       1.44544E-04       1.41291E-04       6.50601E-06       4.82268E-07       7.41265E-02       1.04734E-05       1.07113E-05
       1.44544E-04       1.51356E-04       1.47950E-04       6.81200E-06       5.04987E-07       7.41321E-02       1.09678E-05       1.12163E-05
       1.51356E-04       1.58489E-04       1.54922E-04       7.13300E-06       5.28791E-07       7.41331E-02       1.14849E-05       1.17451E-05
       1.58489E-04       1.65959E-04       1.62224E-04       7.47000E-06       5.53715E-07       7.41251E-02       1.20249E-05       1.22988E-05
       1.65959E-04       1.73780E-04       1.69870E-04       7.82100E-06       5.79809E-07       7.41349E-02       1.25933E-05       1.28786E-05
       1.73780E-04       1.81970E-04       1.77875E-04       8.19000E-06       6.07133E-07       7.41310E-02       1.31860E-05       1.34857E-05
       1.81970E-04       1.90546E-04       1.86258E-04       8.57600E-06       6.35748E-07       7.41311E-02       1.38075E-05       1.41215E-05
       1.90546E-04       1.99526E-04       1.95036E-04       8.98000E-06       6.65703E-07       7.41318E-02       1.44584E-05       1.47872E-05
       1.99526E-04       2.08930E-04       2.04228E-04       9.40399E-06       6.97084E-07       7.41264E-02       1.51387E-05       1.54843E-05
       2.08930E-04       2.18776E-04       2.13853E-04       9.84601E-06       7.29938E-07       7.41355E-02       1.58541E-05       1.62142E-05
       2.18776E-04       2.29087E-04       2.23932E-04       1.03110E-05       7.64335E-07       7.41281E-02       1.65996E-05       1.69785E-05
       2.29087E-04       2.39883E-04       2.34485E-04       1.07960E-05       8.00355E-07       7.41345E-02       1.73834E-05       1.77789E-05
       2.39883E-04       2.51189E-04       2.45536E-04       1.13060E-05       8.38073E-07       7.41264E-02       1.82007E-05       1.86170E-05
       2.51189E-04       2.63027E-04       2.57108E-04       1.18380E-05       8.77578E-07       7.41322E-02       1.90600E-05       1.94945E-05
       2.63027E-04       2.75423E-04       2.69225E-04       1.23960E-05       9.18935E-07       7.41316E-02       1.99581E-05       2.04135E-05
       2.75423E-04       2.88403E-04       2.81913E-04       1.29800E-05       9.62243E-07       7.41327E-02       2.08990E-05       2.13757E-05
       2.88403E-04       3.01995E-04       2.95199E-04       1.35920E-05       1.00759E-06       7.41312E-02       2.18834E-05       2.23833E-05
       3.01995E-04       3.16228E-04       3.09111E-04       1.42330E-05       1.05508E-06       7.41290E-02       2.29141E-05       2.34384E-05
       3.16228E-04       3.31131E-04       3.23680E-04       1.49030E-05       1.10480E-06       7.41324E-02       2.39952E-05       2.45432E-05
       3.31131E-04       3.46737E-04       3.38934E-04       1.56060E-05       1.15687E-06       7.41301E-02       2.51252E-05       2.57001E-05
       3.46737E-04       3.63078E-04       3.54908E-04       1.63410E-05       1.21139E-06       7.41319E-02       2.63100E-05       2.69115E-05
       3.63078E-04       3.80189E-04       3.71634E-04       1.71110E-05       1.26848E-06       7.41323E-02       2.75500E-05       2.81799E-05
       3.80189E-04       3.98107E-04       3.89148E-04       1.79180E-05       1.32827E-06       7.41302E-02       2.88476E-05       2.95082E-05
       3.98107E-04       4.16869E-04       4.07488E-04       1.87620E-05       1.39086E-06       7.41319E-02       3.02078E-05       3.08991E-05
       4.16869E-04       4.36516E-04       4.26692E-04       1.96470E-05       1.45641E-06       7.41287E-02       3.16302E-05       3.23555E-05
       4.36516E-04       4.57088E-04       4.46802E-04       2.05720E-05       1.52505E-06       7.41324E-02       3.31225E-05       3.38805E-05
       4.57088E-04       4.78630E-04       4.67859E-04       2.15420E-05       1.59692E-06       7.41307E-02       3.46827E-05       3.54774E-05
       4.78630E-04       5.01187E-04       4.89909E-04       2.25570E-05       1.67218E-06       7.41313E-02       3.63176E-05       3.71496E-05
       5.01187E-04       5.24808E-04       5.12998E-04       2.36210E-05       1.75100E-06       7.41289E-02       3.80280E-05       3.89006E-05
       5.24808E-04       5.49541E-04       5.37175E-04       2.47330E-05       1.83351E-06       7.41321E-02       3.98219E-05       4.07341E-05
       5.49541E-04       5.75440E-04       5.62491E-04       2.58990E-05       1.91993E-06       7.41313E-02       4.16982E-05       4.26541E-05
       5.75440E-04       6.02560E-04       5.89000E-04       2.71200E-05       2.01042E-06       7.41304E-02       4.36628E-05       4.46645E-05
       6.02560E-04       6.30957E-04       6.16758E-04       2.83970E-05       2.10514E-06       7.41327E-02       4.57220E-05       4.67696E-05
       6.30957E-04       6.60693E-04       6.45825E-04       2.97360E-05       2.20437E-06       7.41313E-02       4.78758E-05       4.89740E-05
       6.60693E-04       6.91831E-04       6.76262E-04       3.11380E-05       2.30826E-06       7.41299E-02       5.01312E-05       5.12823E-05
       6.91831E-04       7.24436E-04       7.08133E-04       3.26050E-05       2.41705E-06       7.41312E-02       5.24948E-05       5.36993E-05
       7.24436E-04       7.58578E-04       7.41507E-04       3.41420E-05       2.53095E-06       7.41302E-02       5.49681E-05       5.62303E-05
       7.58578E-04       7.94328E-04       7.76453E-04       3.57500E-05       2.65023E-06       7.41323E-02       5.75602E-05       5.88805E-05
       7.94328E-04       8.31764E-04       8.13046E-04       3.74360E-05       2.77515E-06       7.41305E-02       6.02715E-05       6.16556E-05
       8.31764E-04       8.70964E-04       8.51364E-04       3.92000E-05       2.90593E-06       7.41308E-02       6.31123E-05       6.45616E-05
       8.70964E-04       9.12011E-04       8.91487E-04       4.10470E-05       3.04286E-06       7.41312E-02       6.60870E-05       6.76044E-05
       9.12011E-04       9.54993E-04       9.33502E-04       4.29820E-05       3.18628E-06       7.41305E-02       6.92010E-05       7.07907E-05
       9.54993E-04       1.00000E-03       9.77497E-04       4.50070E-05       3.33645E-06       7.41317E-02       7.24635E-05       7.41271E-05
       1.00000E-03       1.04713E-03       1.02356E-03       4.71300E-05       3.49371E-06       7.41293E-02       7.58762E-05       7.76209E-05
       1.04713E-03       1.09648E-03       1.07180E-03       4.93500E-05       3.65829E-06       7.41295E-02       7.94523E-05       8.12791E-05
       1.09648E-03       1.14815E-03       1.12231E-03       5.16700E-05       3.83080E-06       7.41396E-02       8.32080E-05       8.51099E-05
       1.14815E-03       1.20226E-03       1.17520E-03       5.41100E-05       4.01123E-06       7.41311E-02       8.71193E-05       8.91212E-05
       1.20226E-03       1.25892E-03       1.23059E-03       5.66600E-05       4.20034E-06       7.41322E-02       9.12264E-05       9.33215E-05
       1.25892E-03       1.31826E-03       1.28859E-03       5.93400E-05       4.39835E-06       7.41212E-02       9.55118E-05       9.77199E-05
       1.31826E-03       1.38038E-03       1.34932E-03       6.21200E-05       4.60554E-06       7.41393E-02       1.00038E-04       1.02325E-04
       1.38038E-03       1.44544E-03       1.41291E-03       6.50599E-05       4.82268E-06       7.41267E-02       1.04734E-04       1.07148E-04
       1.44544E-03       1.51356E-03       1.47950E-03       6.81201E-05       5.04987E-06       7.41319E-02       1.09678E-04       1.12198E-04
       1.51356E-03       1.58489E-03       1.54923E-03       7.13300E-05       5.28791E-06       7.41331E-02       1.14849E-04       1.17486E-04
       1.58489E-03       1.65959E-03       1.62224E-03       7.47000E-05       5.53715E-06       7.41252E-02       1.20249E-04       1.23023E-04
       1.65959E-03       1.73780E-03       1.69870E-03       7.82101E-05       5.79809E-06       7.41348E-02       1.25932E-04       1.28821E-04
       1.73780E-03       1.81970E-03       1.77875E-03       8.18999E-05       6.07133E-06       7.41311E-02       1.31861E-04       1.34892E-04
       1.81970E-03       1.90546E-03       1.86258E-03       8.57600E-05       6.35748E-06       7.41311E-02       1.38075E-04       1.41250E-04
       1.90546E-03       1.99526E-03       1.95036E-03       8.98001E-05       6.65703E-06       7.41317E-02       1.44584E-04       1.47907E-04
       1.99526E-03       2.08930E-03       2.04228E-03       9.40400E-05       6.97084E-06       7.41263E-02       1.51387E-04       1.54878E-04
       2.08930E-03       2.18776E-03       2.13853E-03       9.84600E-05       7.29938E-06       7.41356E-02       1.58541E-04       1.62177E-04
       2.18776E-03       2.29087E-03       2.23932E-03       1.03110E-04       7.64335E-06       7.41281E-02       1.65996E-04       1.69821E-04
       2.29087E-03       2.39883E-03       2.34485E-03       1.07960E-04       8.00355E-06       7.41345E-02       1.73834E-04       1.77824E-04
       2.39883E-03       2.51189E-03       2.45536E-03       1.13060E-04       8.38073E-06       7.41265E-02       1.82007E-04       1.86205E-04
       2.51189E-03       2.63027E-03       2.57108E-03       1.18380E-04       8.77578E-06       7.41322E-02       1.90600E-04       1.94981E-04
       2.63027E-03       2.75423E-03       2.69225E-03       1.23960E-04       9.18935E-06       7.41316E-02       1.99581E-04       2.04170E-04
       2.75423E-03       2.88403E-03       2.81913E-03       1.29800E-04       9.62243E-06       7.41327E-02       2.08990E-04       2.13792E-04
       2.88403E-03       3.01995E-03       2.95199E-03       1.35920E-04       1.00759E-05       7.41311E-02       2.18834E-04       2.23868E-04
       3.01995E-03       3.16228E-03       3.09112E-03       1.42330E-04       1.05508E-05       7.41289E-02       2.29141E-04       2.34419E-04
       3.16228E-03       3.31131E-03       3.23679E-03       1.49030E-04       1.10480E-05       7.41325E-02       2.39952E-04       2.45467E-04
       3.31131E-03       3.46737E-03       3.38934E-03       1.56060E-04       1.15687E-05       7.41300E-02       2.51252E-04       2.57036E-04
       3.46737E-03       3.63078E-03       3.54907E-03       1.63410E-04       1.21139E-05       7.41319E-02       2.63100E-04       2.69150E-04
       3.63078E-03       3.80189E-03       3.71633E-03       1.71110E-04       1.26848E-05       7.41323E-02       2.75501E-04       2.81834E-04
       3.80189E-03       3.98107E-03       3.89148E-03       1.79180E-04       1.32827E-05       7.41302E-02       2.88476E-04       2.95117E-04
       3.98107E-03       4.16869E-03       4.07488E-03       1.87620E-04       1.39086E-05       7.41319E-02       3.02078E-04       3.09026E-04
       4.16869E-03       4.36516E-03       4.26693E-03       1.96470E-04       1.45641E-05       7.41287E-02       3.16302E-04       3.23590E-04
       4.36516E-03       4.57088E-03       4.46802E-03       2.05720E-04       1.52505E-05       7.41325E-02       3.31226E-04       3.38840E-04
       4.57088E-03       4.78630E-03       4.67859E-03       2.15420E-04       1.59692E-05       7.41307E-02       3.46827E-04       3.54810E-04
       4.78630E-03       5.01187E-03       4.89909E-03       2.25570E-04       1.67218E-05       7.41312E-02       3.63175E-04       3.71531E-04
       5.01187E-03       5.24807E-03       5.12997E-03       2.36200E-04       1.75100E-05       7.41321E-02       3.80295E-04       3.89041E-04
       5.24807E-03       5.49541E-03       5.37174E-03       2.47340E-04       1.83351E-05       7.41291E-02       3.98202E-04       4.07376E-04
       5.49541E-03       5.75440E-03       5.62491E-03       2.58990E-04       1.91993E-05       7.41314E-02       4.16982E-04       4.26576E-04
       5.75440E-03       6.02560E-03       5.89000E-03       2.71200E-04       2.01042E-05       7.41304E-02       4.36628E-04       4.46680E-04
       6.02560E-03       6.30957E-03       6.16759E-03       2.83970E-04       2.10514E-05       7.41327E-02       4.57220E-04       4.67731E-04
       6.30957E-03       6.60693E-03       6.45825E-03       2.97360E-04       2.20437E-05       7.41313E-02       4.78758E-04       4.89775E-04
       6.60693E-03       6.91831E-03       6.76262E-03       3.11380E-04       2.30826E-05       7.41299E-02       5.01312E-04       5.12858E-04
       6.91831E-03       7.24436E-03       7.08133E-03       3.26050E-04       2.41705E-05       7.41312E-02       5.24948E-04       5.37028E-04
       7.24436E-03       7.58578E-03       7.41507E-03       3.41420E-04       2.53095E-05       7.41303E-02       5.49681E-04       5.62338E-04
       7.58578E-03       7.94328E-03       7.76453E-03       3.57500E-04       2.65023E-05       7.41323E-02       5.75602E-04       5.88840E-04
       7.94328E-03       8.31764E-03       8.13046E-03       3.74360E-04       2.77515E-05       7.41305E-02       6.02715E-04       6.16591E-04
       8.31764E-03       8.70964E-03       8.51364E-03       3.92000E-04       2.90593E-05       7.41308E-02       6.31123E-04       6.45651E-04
       8.70964E-03       9.12011E-03       8.91487E-03       4.10471E-04       3.04286E-05       7.41311E-02       6.60869E-04       6.76079E-04
       9.12011E-03       9.54993E-03       9.33502E-03       4.29819E-04       3.18628E-05       7.41306E-02       6.92011E-04       7.07942E-04
       9.54993E-03       1.00000E-02       9.77496E-03       4.50070E-04       3.33645E-05       7.41317E-02       7.24635E-04       7.41307E-04
       1.00000E-02       1.04713E-02       1.02357E-02       4.71300E-04       3.49371E-05       7.41294E-02       7.58762E-04       7.76244E-04
       1.04713E-02       1.09648E-02       1.07180E-02       4.93500E-04       3.65829E-05       7.41294E-02       7.94523E-04       8.12827E-04
       1.09648E-02       1.14815E-02       1.12232E-02       5.16700E-04       3.83080E-05       7.41397E-02       8.32081E-04       8.51135E-04
       1.14815E-02       1.20226E-02       1.17521E-02       5.41100E-04       4.01123E-05       7.41312E-02       8.71193E-04       8.91247E-04
       1.20226E-02       1.25892E-02       1.23059E-02       5.66601E-04       4.20034E-05       7.41322E-02       9.12264E-04       9.33250E-04
       1.25892E-02       1.31826E-02       1.28859E-02       5.93399E-04       4.39835E-05       7.41212E-02       9.55118E-04       9.77234E-04
       1.31826E-02       1.38038E-02       1.34932E-02       6.21200E-04       4.60554E-05       7.41393E-02       1.00038E-03       1.02329E-03
       1.38038E-02       1.44544E-02       1.41291E-02       6.50601E-04       4.82268E-05       7.41265E-02       1.04734E-03       1.07152E-03
       1.44544E-02       1.51356E-02       1.47950E-02       6.81199E-04       5.04988E-05       7.41321E-02       1.09678E-03       1.12201E-03
       1.51356E-02       1.58489E-02       1.54923E-02       7.13301E-04       5.28791E-05       7.41330E-02       1.14849E-03       1.17489E-03
       1.58489E-02       1.65959E-02       1.62224E-02       7.47000E-04       5.53715E-05       7.41252E-02       1.20249E-03       1.23027E-03
       1.65959E-02       1.73780E-02       1.69870E-02       7.82100E-04       5.79809E-05       7.41349E-02       1.25933E-03       1.28825E-03
       1.73780E-02       1.81970E-02       1.77875E-02       8.19000E-04       6.07133E-05       7.41310E-02       1.31860E-03       1.34896E-03
       1.81970E-02       1.90546E-02       1.86258E-02       8.57600E-04       6.35748E-05       7.41311E-02       1.38075E-03       1.41253E-03
       1.90546E-02       1.99526E-02       1.95036E-02       8.98000E-04       6.65703E-05       7.41318E-02       1.44584E-03       1.47910E-03
       1.99526E-02       2.08930E-02       2.04228E-02       9.40400E-04       6.97084E-05       7.41263E-02       1.51387E-03       1.54881E-03
       2.08930E-02       2.18776E-02       2.13853E-02       9.84600E-04       7.29938E-05       7.41356E-02       1.58541E-03       1.62181E-03
       2.18776E-02       2.29087E-02       2.23931E-02       1.03110E-03       7.64335E-05       7.41282E-02       1.65996E-03       1.69824E-03
       2.29087E-02       2.39883E-02       2.34485E-02       1.07960E-03       8.00355E-05       7.41343E-02       1.73834E-03       1.77828E-03
       2.39883E-02       2.51189E-02       2.45536E-02       1.13060E-03       8.38073E-05       7.41264E-02       1.82007E-03       1.86208E-03
       2.51189E-02       2.63027E-02       2.57108E-02       1.18380E-03       8.77578E-05       7.41324E-02       1.90600E-03       1.94984E-03
       2.63027E-02       2.75423E-02       2.69225E-02       1.23960E-03       9.18935E-05       7.41315E-02       1.99580E-03       2.04173E-03
       2.75423E-02       2.88403E-02       2.81913E-02       1.29800E-03       9.62243E-05       7.41327E-02       2.08990E-03       2.13796E-03
       2.88403E-02       3.01995E-02       2.95199E-02       1.35920E-03       1.00759E-04       7.41311E-02       2.18834E-03       2.23872E-03
       3.01995E-02       3.16228E-02       3.09112E-02       1.42330E-03       1.05508E-04       7.41289E-02       2.29141E-03       2.34423E-03
       3.16228E-02       3.31131E-02       3.23680E-02       1.49030E-03       1.10480E-04       7.41325E-02       2.39952E-03       2.45471E-03
       3.31131E-02       3.46737E-02       3.38934E-02       1.56060E-03       1.15687E-04       7.41302E-02       2.51252E-03       2.57039E-03
       3.46737E-02       3.63078E-02       3.54908E-02       1.63410E-03       1.21139E-04       7.41318E-02       2.63099E-03       2.69153E-03
       3.63078E-02       3.80189E-02       3.71633E-02       1.71110E-03       1.26848E-04       7.41324E-02       2.75501E-03       2.81838E-03
       3.80189E-02       3.98107E-02       3.89148E-02       1.79180E-03       1.32827E-04       7.41302E-02       2.88476E-03       2.95121E-03
       3.98107E-02       4.16869E-02       4.07488E-02       1.87620E-03       1.39086E-04       7.41319E-02       3.02078E-03       3.09029E-03
       4.16869E-02       4.36516E-02       4.26693E-02       1.96470E-03       1.45641E-04       7.41286E-02       3.16301E-03       3.23593E-03
       4.36516E-02       4.57088E-02       4.46802E-02       2.05720E-03       1.52505E-04       7.41325E-02       3.31225E-03       3.38844E-03
       4.57088E-02       4.78630E-02       4.67859E-02       2.15420E-03       1.59692E-04       7.41307E-02       3.46827E-03       3.54813E-03
       4.78630E-02       5.01187E-02       4.89908E-02       2.25570E-03       1.67218E-04       7.41314E-02       3.63176E-03       3.71535E-03
       5.01187E-02       5.24808E-02       5.12998E-02       2.36210E-03       1.75100E-04       7.41288E-02       3.80279E-03       3.89045E-03
       5.24808E-02       5.49541E-02       5.37174E-02       2.47330E-03       1.83351E-04       7.41321E-02       3.98219E-03       4.07380E-03
       5.49541E-02       5.75440E-02       5.62491E-02       2.58990E-03       1.91993E-04       7.41313E-02       4.16982E-03       4.26579E-03
       5.75440E-02       6.02560E-02       5.89000E-02       2.71200E-03       2.01042E-04       7.41304E-02       4.36628E-03       4.46683E-03
       6.02560E-02       6.30957E-02       6.16758E-02       2.83970E-03       2.10514E-04       7.41326E-02       4.57219E-03       4.67735E-03
       6.30957E-02       6.60693E-02       6.45825E-02       2.97360E-03       2.20437E-04       7.41314E-02       4.78759E-03       4.89778E-03
       6.60693E-02       6.91831E-02       6.76262E-02       3.11380E-03       2.30826E-04       7.41298E-02       5.01311E-03       5.12861E-03
       6.91831E-02       7.24436E-02       7.08134E-02       3.26050E-03       2.41705E-04       7.41312E-02       5.24948E-03       5.37031E-03
       7.24436E-02       7.58578E-02       7.41507E-02       3.41420E-03       2.53095E-04       7.41303E-02       5.49682E-03       5.62341E-03
       7.58578E-02       7.94328E-02       7.76453E-02       3.57500E-03       2.65023E-04       7.41322E-02       5.75602E-03       5.88843E-03
       7.94328E-02       8.31764E-02       8.13046E-02       3.74360E-03       2.77515E-04       7.41304E-02       6.02714E-03       6.16595E-03
       8.31764E-02       8.70964E-02       8.51364E-02       3.92000E-03       2.90593E-04       7.41308E-02       6.31123E-03       6.45654E-03
       8.70964E-02       9.12011E-02       8.91488E-02       4.10470E-03       3.04286E-04       7.41311E-02       6.60870E-03       6.76083E-03
       9.12011E-02       9.54993E-02       9.33502E-02       4.29820E-03       5.24007E-04       1.21913E-01       1.13806E-02       7.28483E-03
       9.54993E-02       1.00000E-01       9.77497E-02       4.50070E-03       3.16314E-03       7.02811E-01       6.86995E-02       1.04480E-02
       1.00000E-01       1.04713E-01       1.02357E-01       4.71300E-03       4.43255E-03       9.40494E-01       9.62656E-02       1.48805E-02
       1.04713E-01       1.09648E-01       1.07180E-01       4.93500E-03       6.63300E-03       1.34407E+00       1.44058E-01       2.15135E-02
       1.09648E-01       1.14815E-01       1.12231E-01       5.16700E-03       8.34389E-03       1.61484E+00       1.81236E-01       2.98574E-02
       1.14815E-01       1.20226E-01       1.17520E-01       5.41100E-03       8.74296E-03       1.61578E+00       1.89887E-01       3.86004E-02
       1.20226E-01       1.25892E-01       1.23059E-01       5.66600E-03       9.18243E-03       1.62062E+00       1.99432E-01       4.77828E-02
       1.25892E-01       1.31826E-01       1.28859E-01       5.93400E-03       1.02070E-02       1.72009E+00       2.21649E-01       5.79898E-02
       1.31826E-01       1.38038E-01       1.34932E-01       6.21200E-03       1.11435E-02       1.79387E+00       2.42051E-01       6.91334E-02
       1.38038E-01       1.44544E-01       1.41291E-01       6.50600E-03       1.16622E-02       1.79253E+00       2.53269E-01       8.07956E-02
       1.44544E-01       1.51356E-01       1.47950E-01       6.81200E-03       1.22958E-02       1.80502E+00       2.67053E-01       9.30914E-02
       1.51356E-01       1.58489E-01       1.54923E-01       7.13300E-03       1.30988E-02       1.83637E+00       2.84495E-01       1.06190E-01
       1.58489E-01       1.65959E-01       1.62224E-01       7.47000E-03       1.39395E-02       1.86607E+00       3.02721E-01       1.20130E-01
       1.65959E-01       1.73780E-01       1.69869E-01       7.82100E-03       1.48071E-02       1.89325E+00       3.21605E-01       1.34937E-01
       1.73780E-01       1.81970E-01       1.77875E-01       8.19000E-03       1.55094E-02       1.89370E+00       3.36843E-01       1.50446E-01
       1.81970E-01       1.90546E-01       1.86258E-01       8.57600E-03       1.62150E-02       1.89075E+00       3.52166E-01       1.66661E-01
       1.90546E-01       1.99526E-01       1.95036E-01       8.98000E-03       1.69520E-02       1.88775E+00       3.68179E-01       1.83613E-01
       1.99526E-01       2.08930E-01       2.04228E-01       9.40400E-03       1.77222E-02       1.88454E+00       3.84876E-01       2.01336E-01
       2.08930E-01       2.18776E-01       2.13853E-01       9.84600E-03       1.85271E-02       1.88168E+00       4.02404E-01       2.19863E-01
       2.18776E-01       2.29087E-01       2.23931E-01       1.03110E-02       1.93683E-02       1.87841E+00       4.20635E-01       2.39231E-01
       2.29087E-01       2.39883E-01       2.34485E-01       1.07960E-02       2.02481E-02       1.87552E+00       4.39780E-01       2.59479E-01
       2.39883E-01       2.51189E-01       2.45536E-01       1.13060E-02       2.11685E-02       1.87233E+00       4.59723E-01       2.80647E-01
       2.51189E-01       2.63027E-01       2.57108E-01       1.18380E-02       2.21323E-02       1.86960E+00       4.80689E-01       3.02780E-01
       2.63027E-01       2.75423E-01       2.69225E-01       1.23960E-02       2.31417E-02       1.86687E+00       5.02608E-01       3.25922E-01
       2.75423E-01       2.88403E-01       2.81913E-01       1.29800E-02       2.41998E-02       1.86439E+00       5.25597E-01       3.50121E-01
       2.88403E-01       3.01995E-01       2.95199E-01       1.35920E-02       2.53099E-02       1.86212E+00       5.49696E-01       3.75431E-01
       3.01995E-01       3.16228E-01       3.09112E-01       1.42330E-02       2.64759E-02       1.86018E+00       5.75003E-01       4.01907E-01
       3.16228E-01       3.31131E-01       3.23680E-01       1.49030E-02       2.77017E-02       1.85880E+00       6.01655E-01       4.29609E-01
       3.31131E-01       3.46737E-01       3.38934E-01       1.56060E-02       2.89915E-02       1.85771E+00       6.29642E-01       4.58600E-01
       3.46737E-01       3.63078E-01       3.54908E-01       1.63410E-02       3.00410E-02       1.83838E+00       6.52455E-01       4.88641E-01
       3.63078E-01       3.80189E-01       3.71633E-01       1.71110E-02       3.12152E-02       1.82428E+00       6.77962E-01       5.19857E-01
       3.80189E-01       3.98107E-01       3.89148E-01       1.79180E-02       3.23768E-02       1.80694E+00       7.03168E-01       5.52233E-01
       3.98107E-01       4.16869E-01       4.07488E-01       1.87620E-02       3.35990E-02       1.79080E+00       7.29731E-01       5.85832E-01
       4.16869E-01       4.36516E-01       4.26692E-01       1.96470E-02       3.51648E-02       1.78983E+00       7.63707E-01       6.20997E-01
       4.36516E-01       4.57088E-01       4.46802E-01       2.05720E-02       3.69100E-02       1.79418E+00       8.01645E-01       6.57907E-01
       4.57088E-01       4.78630E-01       4.67859E-01       2.15420E-02       3.87689E-02       1.79969E+00       8.42000E-01       6.96676E-01
       4.78630E-01       5.01187E-01       4.89909E-01       2.25570E-02       4.07524E-02       1.80664E+00       8.85088E-01       7.37428E-01
       5.01187E-01       5.24808E-01       5.12998E-01       2.36210E-02       4.26819E-02       1.80695E+00       9.26959E-01       7.80110E-01
       5.24808E-01       5.49541E-01       5.37174E-01       2.47330E-02       4.38399E-02       1.77252E+00       9.52155E-01       8.23950E-01
       5.49541E-01       5.75440E-01       5.62490E-01       2.58990E-02       4.49026E-02       1.73376E+00       9.75223E-01       8.68853E-01
       5.75440E-01       6.02560E-01       5.89000E-01       2.71200E-02       4.52883E-02       1.66992E+00       9.83584E-01       9.14141E-01
       6.02560E-01       6.30957E-01       6.16758E-01       2.83970E-02       4.43712E-02       1.56253E+00       9.63704E-01       9.58512E-01
       6.30957E-01       6.60693E-01       6.45825E-01       2.97360E-02       3.33935E-02       1.12300E+00       7.25260E-01       9.91906E-01
       6.60693E-01       6.91831E-01       6.76262E-01       3.11380E-02       8.09424E-03       2.59947E-01       1.75792E-01       1.00000E+00

 Sum =                                                                         1.00000E+00
 Renormalization bin#   926 =                                                  5.66683E-03 barn        1.00000E+07        1.02000E+07        1.01000E+07
 Avg. Energy     bin#   926 =                                                  3.72093E-01 MeV         1.00000E+07        1.02000E+07
