"        MT=103 recoil spectrum "
" Initial neutron energy corresponds to the group:"
   8.80000E+00    9.00000E+00       0.00000E+00           820           850            31



          Low               High              Mid              Energy           Number             dn/de            E*dn/de          Cumulative
         Energy            Energy            Energy             Width          Fraction                               Sum   
         [MeV]             [MeV]             [MeV]              [MeV]

       1.20226E-01       1.25892E-01       1.23059E-01       5.66600E-03       0.00000E+00       0.00000E+00       0.00000E+00       0.00000E+00
       1.25892E-01       1.31826E-01       1.28859E-01       5.93400E-03       1.01471E-03       1.70999E-01       2.20348E-02       1.01471E-03
       1.31826E-01       1.38038E-01       1.34932E-01       6.21200E-03       9.13214E-03       1.47008E+00       1.98361E-01       1.01469E-02
       1.38038E-01       1.44544E-01       1.41291E-01       6.50600E-03       1.45714E-02       2.23969E+00       3.16448E-01       2.47183E-02
       1.44544E-01       1.51356E-01       1.47950E-01       6.81200E-03       1.58871E-02       2.33222E+00       3.45052E-01       4.06054E-02
       1.51356E-01       1.58489E-01       1.54923E-01       7.13300E-03       1.83849E-02       2.57745E+00       3.99305E-01       5.89903E-02
       1.58489E-01       1.65959E-01       1.62224E-01       7.47000E-03       2.05859E-02       2.75581E+00       4.47059E-01       7.95762E-02
       1.65959E-01       1.73780E-01       1.69869E-01       7.82100E-03       2.18036E-02       2.78783E+00       4.73567E-01       1.01380E-01
       1.73780E-01       1.81970E-01       1.77875E-01       8.19000E-03       2.30230E-02       2.81111E+00       5.00026E-01       1.24403E-01
       1.81970E-01       1.90546E-01       1.86258E-01       8.57600E-03       2.43032E-02       2.83387E+00       5.27830E-01       1.48706E-01
       1.90546E-01       1.99526E-01       1.95036E-01       8.98000E-03       2.56741E-02       2.85903E+00       5.57614E-01       1.74380E-01
       1.99526E-01       2.08930E-01       2.04228E-01       9.40400E-03       2.75297E-02       2.92744E+00       5.97866E-01       2.01910E-01
       2.08930E-01       2.18776E-01       2.13853E-01       9.84600E-03       2.94431E-02       2.99036E+00       6.39497E-01       2.31353E-01
       2.18776E-01       2.29087E-01       2.23931E-01       1.03110E-02       3.13121E-02       3.03676E+00       6.80027E-01       2.62665E-01
       2.29087E-01       2.39883E-01       2.34485E-01       1.07960E-02       3.31097E-02       3.06685E+00       7.19130E-01       2.95775E-01
       2.39883E-01       2.51189E-01       2.45536E-01       1.13060E-02       3.48236E-02       3.08010E+00       7.56275E-01       3.30598E-01
       2.51189E-01       2.63027E-01       2.57108E-01       1.18380E-02       3.65616E-02       3.08849E+00       7.94077E-01       3.67160E-01
       2.63027E-01       2.75423E-01       2.69225E-01       1.23960E-02       3.83774E-02       3.09595E+00       8.33507E-01       4.05537E-01
       2.75423E-01       2.88403E-01       2.81913E-01       1.29800E-02       4.02736E-02       3.10274E+00       8.74704E-01       4.45811E-01
       2.88403E-01       3.01995E-01       2.95199E-01       1.35920E-02       4.22517E-02       3.10857E+00       9.17648E-01       4.88062E-01
       3.01995E-01       3.16228E-01       3.09112E-01       1.42330E-02       4.43136E-02       3.11344E+00       9.62400E-01       5.32376E-01
       3.16228E-01       3.31131E-01       3.23680E-01       1.49030E-02       4.63904E-02       3.11282E+00       1.00756E+00       5.78766E-01
       3.31131E-01       3.46737E-01       3.38934E-01       1.56060E-02       4.83189E-02       3.09618E+00       1.04940E+00       6.27085E-01
       3.46737E-01       3.63078E-01       3.54908E-01       1.63410E-02       4.99745E-02       3.05823E+00       1.08539E+00       6.77060E-01
       3.63078E-01       3.80189E-01       3.71633E-01       1.71110E-02       5.13790E-02       3.00269E+00       1.11590E+00       7.28439E-01
       3.80189E-01       3.98107E-01       3.89148E-01       1.79180E-02       5.24853E-02       2.92920E+00       1.13989E+00       7.80924E-01
       3.98107E-01       4.16869E-01       4.07488E-01       1.87620E-02       5.42673E-02       2.89241E+00       1.17862E+00       8.35191E-01
       4.16869E-01       4.36516E-01       4.26692E-01       1.96470E-02       5.53450E-02       2.81697E+00       1.20198E+00       8.90536E-01
       4.36516E-01       4.57088E-01       4.46802E-01       2.05720E-02       5.28351E-02       2.56830E+00       1.14752E+00       9.43371E-01
       4.57088E-01       4.78630E-01       4.67859E-01       2.15420E-02       4.27834E-02       1.98605E+00       9.29190E-01       9.86155E-01
       4.78630E-01       5.01187E-01       4.89909E-01       2.25570E-02       1.38449E-02       6.13773E-01       3.00693E-01       1.00000E+00

 Sum =                                                                         1.00000E+00
 Renormalization bin#   920 =                                                  1.13081E-04 barn        8.80000E+06        9.00000E+06        8.90000E+06
 Avg. Energy     bin#   920 =                                                  3.06577E-01 MeV         8.80000E+06        9.00000E+06
