"        MT= 28 recoil spectrum "
" Initial neutron energy corresponds to the group:"
   1.48000E+01    1.50000E+01       0.00000E+00           215           867           653



          Low               High              Mid              Energy           Number             dn/de            E*dn/de          Cumulative
         Energy            Energy            Energy             Width          Fraction                               Sum   
         [MeV]             [MeV]             [MeV]              [MeV]

       1.90546E-07       1.99526E-07       1.95036E-07       8.97999E-09       0.00000E+00       0.00000E+00       0.00000E+00       0.00000E+00
       1.99526E-07       2.08930E-07       2.04228E-07       9.40400E-09       1.59639E-09       1.69756E-01       3.46690E-08       1.59639E-09
       2.08930E-07       2.18776E-07       2.13853E-07       9.84600E-09       1.67158E-09       1.69772E-01       3.63063E-08       3.26797E-09
       2.18776E-07       2.29087E-07       2.23931E-07       1.03110E-08       1.75050E-09       1.69770E-01       3.80168E-08       5.01846E-09
       2.29087E-07       2.39883E-07       2.34485E-07       1.07960E-08       1.83299E-09       1.69784E-01       3.98118E-08       6.85145E-09
       2.39883E-07       2.51189E-07       2.45536E-07       1.13060E-08       1.91936E-09       1.69765E-01       4.16835E-08       8.77082E-09
       2.51189E-07       2.63027E-07       2.57108E-07       1.18380E-08       2.00978E-09       1.69773E-01       4.36500E-08       1.07806E-08
       2.63027E-07       2.75423E-07       2.69225E-07       1.23960E-08       2.10454E-09       1.69776E-01       4.57080E-08       1.28851E-08
       2.75423E-07       2.88403E-07       2.81913E-07       1.29800E-08       2.20366E-09       1.69773E-01       4.78612E-08       1.50888E-08
       2.88403E-07       3.01995E-07       2.95199E-07       1.35920E-08       2.30743E-09       1.69764E-01       5.01141E-08       1.73962E-08
       3.01995E-07       3.16228E-07       3.09111E-07       1.42330E-08       2.41633E-09       1.69770E-01       5.24778E-08       1.98126E-08
       3.16228E-07       3.31131E-07       3.23680E-07       1.49030E-08       2.53005E-09       1.69768E-01       5.49503E-08       2.23426E-08
       3.31131E-07       3.46737E-07       3.38934E-07       1.56060E-08       2.64936E-09       1.69766E-01       5.75393E-08       2.49920E-08
       3.46737E-07       3.63078E-07       3.54908E-07       1.63410E-08       2.77426E-09       1.69773E-01       6.02537E-08       2.77662E-08
       3.63078E-07       3.80189E-07       3.71633E-07       1.71110E-08       2.90491E-09       1.69769E-01       6.30917E-08       3.06711E-08
       3.80189E-07       3.98107E-07       3.89148E-07       1.79180E-08       3.04193E-09       1.69770E-01       6.60655E-08       3.37131E-08
       3.98107E-07       4.16869E-07       4.07488E-07       1.87620E-08       3.18532E-09       1.69775E-01       6.91812E-08       3.68984E-08
       4.16869E-07       4.36516E-07       4.26693E-07       1.96470E-08       3.33539E-09       1.69766E-01       7.24379E-08       4.02338E-08
       4.36516E-07       4.57088E-07       4.46802E-07       2.05720E-08       3.49260E-09       1.69775E-01       7.58556E-08       4.37264E-08
       4.57088E-07       4.78630E-07       4.67859E-07       2.15420E-08       3.65712E-09       1.69767E-01       7.94270E-08       4.73835E-08
       4.78630E-07       5.01187E-07       4.89909E-07       2.25570E-08       3.82956E-09       1.69772E-01       8.31730E-08       5.12131E-08
       5.01187E-07       5.24807E-07       5.12997E-07       2.36200E-08       4.01008E-09       1.69775E-01       8.70941E-08       5.52231E-08
       5.24807E-07       5.50000E-07       5.37403E-07       2.51930E-08       4.27697E-09       1.69768E-01       9.12339E-08       5.95001E-08
       5.50000E-07       5.75000E-07       5.62500E-07       2.50000E-08       4.24419E-09       1.69768E-01       9.54944E-08       6.37443E-08
       5.75000E-07       6.00000E-07       5.87500E-07       2.50000E-08       4.24419E-09       1.69767E-01       9.97384E-08       6.79885E-08
       6.00000E-07       6.25000E-07       6.12500E-07       2.50000E-08       4.24419E-09       1.69768E-01       1.03983E-07       7.22327E-08
       6.25000E-07       6.50000E-07       6.37500E-07       2.50000E-08       4.24419E-09       1.69768E-01       1.08227E-07       7.64769E-08
       6.50000E-07       6.75000E-07       6.62500E-07       2.50000E-08       4.24419E-09       1.69767E-01       1.12471E-07       8.07211E-08
       6.75000E-07       7.00000E-07       6.87500E-07       2.50000E-08       4.24419E-09       1.69768E-01       1.16715E-07       8.49653E-08
       7.00000E-07       7.25000E-07       7.12500E-07       2.50000E-08       4.24419E-09       1.69767E-01       1.20959E-07       8.92095E-08
       7.25000E-07       7.50000E-07       7.37500E-07       2.50000E-08       4.24419E-09       1.69768E-01       1.25204E-07       9.34537E-08
       7.50000E-07       7.75000E-07       7.62500E-07       2.50000E-08       4.24419E-09       1.69768E-01       1.29448E-07       9.76978E-08
       7.75000E-07       8.00000E-07       7.87500E-07       2.50000E-08       4.24419E-09       1.69767E-01       1.33692E-07       1.01942E-07
       8.00000E-07       8.25000E-07       8.12500E-07       2.50000E-08       4.24419E-09       1.69768E-01       1.37936E-07       1.06186E-07
       8.25000E-07       8.50000E-07       8.37500E-07       2.50000E-08       4.24419E-09       1.69767E-01       1.42180E-07       1.10430E-07
       8.50000E-07       8.75000E-07       8.62500E-07       2.50000E-08       4.24419E-09       1.69768E-01       1.46425E-07       1.14675E-07
       8.75000E-07       9.00000E-07       8.87500E-07       2.50000E-08       4.24419E-09       1.69768E-01       1.50669E-07       1.18919E-07
       9.00000E-07       9.25000E-07       9.12500E-07       2.50000E-08       4.24419E-09       1.69767E-01       1.54913E-07       1.23163E-07
       9.25000E-07       9.50000E-07       9.37500E-07       2.50000E-08       4.24419E-09       1.69768E-01       1.59157E-07       1.27407E-07
       9.50000E-07       9.75000E-07       9.62500E-07       2.50000E-08       4.24419E-09       1.69767E-01       1.63401E-07       1.31651E-07
       9.75000E-07       1.00000E-06       9.87500E-07       2.50000E-08       4.24419E-09       1.69768E-01       1.67646E-07       1.35896E-07
       1.00000E-06       1.02500E-06       1.01250E-06       2.50000E-08       4.24419E-09       1.69768E-01       1.71890E-07       1.40140E-07
       1.02500E-06       1.05000E-06       1.03750E-06       2.50000E-08       4.24419E-09       1.69768E-01       1.76134E-07       1.44384E-07
       1.05000E-06       1.07500E-06       1.06250E-06       2.50001E-08       4.24419E-09       1.69767E-01       1.80378E-07       1.48628E-07
       1.07500E-06       1.10000E-06       1.08750E-06       2.50000E-08       4.24419E-09       1.69768E-01       1.84623E-07       1.52872E-07
       1.10000E-06       1.12500E-06       1.11250E-06       2.50000E-08       4.24419E-09       1.69768E-01       1.88867E-07       1.57117E-07
       1.12500E-06       1.15000E-06       1.13750E-06       2.50000E-08       4.24419E-09       1.69768E-01       1.93111E-07       1.61361E-07
       1.15000E-06       1.17500E-06       1.16250E-06       2.50000E-08       4.24419E-09       1.69768E-01       1.97355E-07       1.65605E-07
       1.17500E-06       1.20000E-06       1.18750E-06       2.50001E-08       4.24419E-09       1.69767E-01       2.01598E-07       1.69849E-07
       1.20000E-06       1.22500E-06       1.21250E-06       2.50000E-08       4.24419E-09       1.69768E-01       2.05844E-07       1.74093E-07
       1.22500E-06       1.25000E-06       1.23750E-06       2.50000E-08       4.24419E-09       1.69768E-01       2.10088E-07       1.78338E-07
       1.25000E-06       1.27500E-06       1.26250E-06       2.50000E-08       4.24419E-09       1.69768E-01       2.14332E-07       1.82582E-07
       1.27500E-06       1.30000E-06       1.28750E-06       2.50000E-08       4.24419E-09       1.69768E-01       2.18576E-07       1.86826E-07
       1.30000E-06       1.32500E-06       1.31250E-06       2.50001E-08       4.24419E-09       1.69767E-01       2.22819E-07       1.91070E-07
       1.32500E-06       1.35000E-06       1.33750E-06       2.50000E-08       4.24419E-09       1.69768E-01       2.27065E-07       1.95314E-07
       1.35000E-06       1.37500E-06       1.36250E-06       2.50000E-08       4.24419E-09       1.69768E-01       2.31309E-07       1.99559E-07
       1.37500E-06       1.40000E-06       1.38750E-06       2.50000E-08       4.24419E-09       1.69768E-01       2.35553E-07       2.03803E-07
       1.40000E-06       1.42500E-06       1.41250E-06       2.50000E-08       4.24419E-09       1.69768E-01       2.39797E-07       2.08047E-07
       1.42500E-06       1.45000E-06       1.43750E-06       2.50001E-08       4.24419E-09       1.69767E-01       2.44040E-07       2.12291E-07
       1.45000E-06       1.47500E-06       1.46250E-06       2.50000E-08       4.24419E-09       1.69768E-01       2.48286E-07       2.16535E-07
       1.47500E-06       1.50000E-06       1.48750E-06       2.50000E-08       4.24419E-09       1.69768E-01       2.52530E-07       2.20780E-07
       1.50000E-06       1.52500E-06       1.51250E-06       2.50000E-08       4.24419E-09       1.69768E-01       2.56774E-07       2.25024E-07
       1.52500E-06       1.55000E-06       1.53750E-06       2.50000E-08       4.24419E-09       1.69768E-01       2.61018E-07       2.29268E-07
       1.55000E-06       1.57500E-06       1.56250E-06       2.50001E-08       4.24419E-09       1.69767E-01       2.65261E-07       2.33512E-07
       1.57500E-06       1.60000E-06       1.58750E-06       2.50000E-08       4.24419E-09       1.69768E-01       2.69507E-07       2.37756E-07
       1.60000E-06       1.62500E-06       1.61250E-06       2.50000E-08       4.24419E-09       1.69768E-01       2.73751E-07       2.42001E-07
       1.62500E-06       1.65000E-06       1.63750E-06       2.50000E-08       4.24419E-09       1.69768E-01       2.77995E-07       2.46245E-07
       1.65000E-06       1.67500E-06       1.66250E-06       2.50000E-08       4.24419E-09       1.69768E-01       2.82239E-07       2.50489E-07
       1.67500E-06       1.70000E-06       1.68750E-06       2.50001E-08       4.24419E-09       1.69767E-01       2.86482E-07       2.54733E-07
       1.70000E-06       1.72500E-06       1.71250E-06       2.50000E-08       4.24419E-09       1.69768E-01       2.90728E-07       2.58977E-07
       1.72500E-06       1.75000E-06       1.73750E-06       2.50000E-08       4.24419E-09       1.69768E-01       2.94972E-07       2.63222E-07
       1.75000E-06       1.77500E-06       1.76250E-06       2.50000E-08       4.24419E-09       1.69768E-01       2.99216E-07       2.67466E-07
       1.77500E-06       1.80000E-06       1.78750E-06       2.50000E-08       4.24419E-09       1.69768E-01       3.03460E-07       2.71710E-07
       1.80000E-06       1.82500E-06       1.81250E-06       2.50001E-08       4.24419E-09       1.69767E-01       3.07703E-07       2.75954E-07
       1.82500E-06       1.85000E-06       1.83750E-06       2.50000E-08       4.24419E-09       1.69768E-01       3.11949E-07       2.80198E-07
       1.85000E-06       1.87500E-06       1.86250E-06       2.50000E-08       4.24419E-09       1.69768E-01       3.16193E-07       2.84442E-07
       1.87500E-06       1.90000E-06       1.88750E-06       2.50000E-08       4.24419E-09       1.69768E-01       3.20437E-07       2.88687E-07
       1.90000E-06       1.92500E-06       1.91250E-06       2.50000E-08       4.24419E-09       1.69768E-01       3.24681E-07       2.92931E-07
       1.92500E-06       1.95000E-06       1.93750E-06       2.50001E-08       4.24419E-09       1.69767E-01       3.28924E-07       2.97175E-07
       1.95000E-06       1.97500E-06       1.96250E-06       2.50000E-08       4.24419E-09       1.69768E-01       3.33170E-07       3.01419E-07
       1.97500E-06       2.00000E-06       1.98750E-06       2.50000E-08       4.24419E-09       1.69768E-01       3.37414E-07       3.05663E-07
       2.00000E-06       2.02500E-06       2.01250E-06       2.50001E-08       4.24419E-09       1.69767E-01       3.41656E-07       3.09908E-07
       2.02500E-06       2.05000E-06       2.03750E-06       2.49999E-08       4.24419E-09       1.69769E-01       3.45904E-07       3.14152E-07
       2.05000E-06       2.07500E-06       2.06250E-06       2.50001E-08       4.24419E-09       1.69767E-01       3.50145E-07       3.18396E-07
       2.07500E-06       2.10000E-06       2.08750E-06       2.49999E-08       4.24419E-09       1.69769E-01       3.54392E-07       3.22640E-07
       2.10000E-06       2.12500E-06       2.11250E-06       2.50001E-08       4.24419E-09       1.69767E-01       3.58633E-07       3.26884E-07
       2.12500E-06       2.15000E-06       2.13750E-06       2.50001E-08       4.24419E-09       1.69767E-01       3.62877E-07       3.31128E-07
       2.15000E-06       2.17500E-06       2.16250E-06       2.49999E-08       4.24419E-09       1.69769E-01       3.67125E-07       3.35373E-07
       2.17500E-06       2.20000E-06       2.18750E-06       2.50001E-08       4.24419E-09       1.69767E-01       3.71366E-07       3.39617E-07
       2.20000E-06       2.22500E-06       2.21250E-06       2.49999E-08       4.24419E-09       1.69769E-01       3.75613E-07       3.43861E-07
       2.22500E-06       2.25000E-06       2.23750E-06       2.50001E-08       4.24419E-09       1.69767E-01       3.79854E-07       3.48105E-07
       2.25000E-06       2.27500E-06       2.26250E-06       2.50001E-08       4.24419E-09       1.69767E-01       3.84098E-07       3.52349E-07
       2.27500E-06       2.30000E-06       2.28750E-06       2.49999E-08       4.24419E-09       1.69769E-01       3.88346E-07       3.56594E-07
       2.30000E-06       2.32500E-06       2.31250E-06       2.50001E-08       4.24419E-09       1.69767E-01       3.92586E-07       3.60838E-07
       2.32500E-06       2.35000E-06       2.33750E-06       2.49999E-08       4.24419E-09       1.69769E-01       3.96834E-07       3.65082E-07
       2.35000E-06       2.37500E-06       2.36250E-06       2.50001E-08       4.24419E-09       1.69767E-01       4.01075E-07       3.69326E-07
       2.37500E-06       2.40000E-06       2.38750E-06       2.50001E-08       4.24419E-09       1.69767E-01       4.05319E-07       3.73570E-07
       2.40000E-06       2.42500E-06       2.41250E-06       2.49999E-08       4.24419E-09       1.69769E-01       4.09567E-07       3.77815E-07
       2.42500E-06       2.45000E-06       2.43750E-06       2.50001E-08       4.24419E-09       1.69767E-01       4.13807E-07       3.82059E-07
       2.45000E-06       2.47500E-06       2.46250E-06       2.49999E-08       4.24419E-09       1.69769E-01       4.18055E-07       3.86303E-07
       2.47500E-06       2.50000E-06       2.48750E-06       2.50001E-08       4.24419E-09       1.69767E-01       4.22296E-07       3.90547E-07
       2.50000E-06       2.52500E-06       2.51250E-06       2.50001E-08       4.24419E-09       1.69767E-01       4.26540E-07       3.94791E-07
       2.52500E-06       2.55000E-06       2.53750E-06       2.49999E-08       4.24419E-09       1.69769E-01       4.30788E-07       3.99035E-07
       2.55000E-06       2.57500E-06       2.56250E-06       2.50001E-08       4.24419E-09       1.69767E-01       4.35028E-07       4.03280E-07
       2.57500E-06       2.60000E-06       2.58750E-06       2.49999E-08       4.24419E-09       1.69769E-01       4.39277E-07       4.07524E-07
       2.60000E-06       2.62500E-06       2.61250E-06       2.50001E-08       4.24419E-09       1.69767E-01       4.43516E-07       4.11768E-07
       2.62500E-06       2.65000E-06       2.63750E-06       2.50001E-08       4.24419E-09       1.69767E-01       4.47761E-07       4.16012E-07
       2.65000E-06       2.67500E-06       2.66250E-06       2.49999E-08       4.24419E-09       1.69769E-01       4.52009E-07       4.20256E-07
       2.67500E-06       2.70000E-06       2.68750E-06       2.50001E-08       4.24419E-09       1.69767E-01       4.56249E-07       4.24501E-07
       2.70000E-06       2.72500E-06       2.71250E-06       2.49999E-08       4.24419E-09       1.69769E-01       4.60498E-07       4.28745E-07
       2.72500E-06       2.75000E-06       2.73750E-06       2.50001E-08       4.24419E-09       1.69767E-01       4.64737E-07       4.32989E-07
       2.75000E-06       2.77500E-06       2.76250E-06       2.50001E-08       4.24419E-09       1.69767E-01       4.68982E-07       4.37233E-07
       2.77500E-06       2.80000E-06       2.78750E-06       2.49999E-08       4.24419E-09       1.69769E-01       4.73230E-07       4.41477E-07
       2.80000E-06       2.82500E-06       2.81250E-06       2.50001E-08       4.24419E-09       1.69767E-01       4.77470E-07       4.45721E-07
       2.82500E-06       2.85000E-06       2.83750E-06       2.49999E-08       4.24419E-09       1.69769E-01       4.81719E-07       4.49966E-07
       2.85000E-06       2.87500E-06       2.86250E-06       2.50001E-08       4.24419E-09       1.69767E-01       4.85958E-07       4.54210E-07
       2.87500E-06       2.90000E-06       2.88750E-06       2.50001E-08       4.24419E-09       1.69767E-01       4.90202E-07       4.58454E-07
       2.90000E-06       2.92500E-06       2.91250E-06       2.49999E-08       4.24419E-09       1.69769E-01       4.94451E-07       4.62698E-07
       2.92500E-06       2.95000E-06       2.93750E-06       2.50001E-08       4.24419E-09       1.69767E-01       4.98691E-07       4.66942E-07
       2.95000E-06       2.97500E-06       2.96250E-06       2.49999E-08       4.24419E-09       1.69769E-01       5.02940E-07       4.71187E-07
       2.97500E-06       3.00000E-06       2.98750E-06       2.50001E-08       4.24419E-09       1.69767E-01       5.07179E-07       4.75431E-07
       3.00000E-06       3.02500E-06       3.01250E-06       2.50001E-08       4.24419E-09       1.69767E-01       5.11423E-07       4.79675E-07
       3.02500E-06       3.05000E-06       3.03750E-06       2.49999E-08       4.24419E-09       1.69769E-01       5.15672E-07       4.83919E-07
       3.05000E-06       3.07500E-06       3.06250E-06       2.50001E-08       4.24419E-09       1.69767E-01       5.19912E-07       4.88163E-07
       3.07500E-06       3.10000E-06       3.08750E-06       2.49999E-08       4.24419E-09       1.69769E-01       5.24161E-07       4.92408E-07
       3.10000E-06       3.12500E-06       3.11250E-06       2.50001E-08       4.24419E-09       1.69767E-01       5.28400E-07       4.96652E-07
       3.12500E-06       3.15000E-06       3.13750E-06       2.50001E-08       4.24419E-09       1.69767E-01       5.32644E-07       5.00896E-07
       3.15000E-06       3.17500E-06       3.16250E-06       2.49999E-08       4.24419E-09       1.69769E-01       5.36894E-07       5.05140E-07
       3.17500E-06       3.20000E-06       3.18750E-06       2.50001E-08       4.24419E-09       1.69767E-01       5.41133E-07       5.09385E-07
       3.20000E-06       3.22500E-06       3.21250E-06       2.49999E-08       4.24419E-09       1.69769E-01       5.45382E-07       5.13629E-07
       3.22500E-06       3.25000E-06       3.23750E-06       2.50001E-08       4.24419E-09       1.69767E-01       5.49621E-07       5.17873E-07
       3.25000E-06       3.27500E-06       3.26250E-06       2.50001E-08       4.24419E-09       1.69767E-01       5.53865E-07       5.22117E-07
       3.27500E-06       3.30000E-06       3.28750E-06       2.49999E-08       4.24419E-09       1.69769E-01       5.58115E-07       5.26361E-07
       3.30000E-06       3.32500E-06       3.31250E-06       2.50001E-08       4.24419E-09       1.69767E-01       5.62353E-07       5.30606E-07
       3.32500E-06       3.35000E-06       3.33750E-06       2.49999E-08       4.24419E-09       1.69769E-01       5.66603E-07       5.34850E-07
       3.35000E-06       3.37500E-06       3.36250E-06       2.50001E-08       4.24419E-09       1.69767E-01       5.70842E-07       5.39094E-07
       3.37500E-06       3.40000E-06       3.38750E-06       2.50001E-08       4.24419E-09       1.69767E-01       5.75086E-07       5.43338E-07
       3.40000E-06       3.42500E-06       3.41250E-06       2.49999E-08       4.24419E-09       1.69769E-01       5.79336E-07       5.47582E-07
       3.42500E-06       3.45000E-06       3.43750E-06       2.50001E-08       4.24419E-09       1.69767E-01       5.83574E-07       5.51827E-07
       3.45000E-06       3.47500E-06       3.46250E-06       2.49999E-08       4.24419E-09       1.69769E-01       5.87824E-07       5.56071E-07
       3.47500E-06       3.50000E-06       3.48750E-06       2.50001E-08       4.24419E-09       1.69767E-01       5.92063E-07       5.60315E-07
       3.50000E-06       3.52500E-06       3.51250E-06       2.50001E-08       4.24419E-09       1.69767E-01       5.96307E-07       5.64559E-07
       3.52500E-06       3.55000E-06       3.53750E-06       2.49999E-08       4.24419E-09       1.69769E-01       6.00557E-07       5.68804E-07
       3.55000E-06       3.57500E-06       3.56250E-06       2.50001E-08       4.24419E-09       1.69767E-01       6.04795E-07       5.73048E-07
       3.57500E-06       3.60000E-06       3.58750E-06       2.49999E-08       4.24419E-09       1.69769E-01       6.09045E-07       5.77292E-07
       3.60000E-06       3.62500E-06       3.61250E-06       2.50001E-08       4.24419E-09       1.69767E-01       6.13284E-07       5.81536E-07
       3.62500E-06       3.65000E-06       3.63750E-06       2.50001E-08       4.24419E-09       1.69767E-01       6.17528E-07       5.85780E-07
       3.65000E-06       3.67500E-06       3.66250E-06       2.49999E-08       4.24419E-09       1.69769E-01       6.21778E-07       5.90025E-07
       3.67500E-06       3.70000E-06       3.68750E-06       2.50001E-08       4.24419E-09       1.69767E-01       6.26016E-07       5.94269E-07
       3.70000E-06       3.72500E-06       3.71250E-06       2.49999E-08       4.24419E-09       1.69769E-01       6.30266E-07       5.98513E-07
       3.72500E-06       3.75000E-06       3.73750E-06       2.50001E-08       4.24419E-09       1.69767E-01       6.34504E-07       6.02757E-07
       3.75000E-06       3.77500E-06       3.76250E-06       2.50001E-08       4.24419E-09       1.69767E-01       6.38749E-07       6.07001E-07
       3.77500E-06       3.80000E-06       3.78750E-06       2.49999E-08       4.24419E-09       1.69769E-01       6.42999E-07       6.11246E-07
       3.80000E-06       3.82500E-06       3.81250E-06       2.50001E-08       4.24419E-09       1.69767E-01       6.47237E-07       6.15490E-07
       3.82500E-06       3.85000E-06       3.83750E-06       2.49999E-08       4.24419E-09       1.69769E-01       6.51487E-07       6.19734E-07
       3.85000E-06       3.87500E-06       3.86250E-06       2.50001E-08       4.24419E-09       1.69767E-01       6.55725E-07       6.23978E-07
       3.87500E-06       3.90000E-06       3.88750E-06       2.50001E-08       4.24419E-09       1.69767E-01       6.59970E-07       6.28222E-07
       3.90000E-06       3.92500E-06       3.91250E-06       2.49999E-08       4.24419E-09       1.69769E-01       6.64220E-07       6.32467E-07
       3.92500E-06       3.95000E-06       3.93750E-06       2.50001E-08       4.24419E-09       1.69767E-01       6.68458E-07       6.36711E-07
       3.95000E-06       3.97500E-06       3.96250E-06       2.49999E-08       4.24419E-09       1.69769E-01       6.72709E-07       6.40955E-07
       3.97500E-06       4.00000E-06       3.98750E-06       2.50001E-08       4.24419E-09       1.69767E-01       6.76946E-07       6.45199E-07
       4.00000E-06       4.02500E-06       4.01250E-06       2.50001E-08       4.24419E-09       1.69767E-01       6.81190E-07       6.49444E-07
       4.02500E-06       4.05000E-06       4.03750E-06       2.50001E-08       4.24419E-09       1.69767E-01       6.85435E-07       6.53688E-07
       4.05000E-06       4.07500E-06       4.06250E-06       2.49996E-08       4.24419E-09       1.69770E-01       6.89692E-07       6.57932E-07
       4.07500E-06       4.10000E-06       4.08750E-06       2.50001E-08       4.24419E-09       1.69767E-01       6.93923E-07       6.62176E-07
       4.10000E-06       4.12500E-06       4.11250E-06       2.50001E-08       4.24419E-09       1.69767E-01       6.98167E-07       6.66420E-07
       4.12500E-06       4.15000E-06       4.13750E-06       2.50001E-08       4.24419E-09       1.69767E-01       7.02411E-07       6.70665E-07
       4.15000E-06       4.17500E-06       4.16250E-06       2.50001E-08       4.24419E-09       1.69767E-01       7.06656E-07       6.74909E-07
       4.17500E-06       4.20000E-06       4.18750E-06       2.49996E-08       4.24419E-09       1.69770E-01       7.10913E-07       6.79153E-07
       4.20000E-06       4.22500E-06       4.21250E-06       2.50001E-08       4.24419E-09       1.69767E-01       7.15144E-07       6.83397E-07
       4.22500E-06       4.25000E-06       4.23750E-06       2.50001E-08       4.24419E-09       1.69767E-01       7.19388E-07       6.87641E-07
       4.25000E-06       4.27500E-06       4.26250E-06       2.50001E-08       4.24419E-09       1.69767E-01       7.23632E-07       6.91886E-07
       4.27500E-06       4.30000E-06       4.28750E-06       2.50001E-08       4.24419E-09       1.69767E-01       7.27876E-07       6.96130E-07
       4.30000E-06       4.32500E-06       4.31250E-06       2.49996E-08       4.24419E-09       1.69770E-01       7.32135E-07       7.00374E-07
       4.32500E-06       4.35000E-06       4.33750E-06       2.50001E-08       4.24419E-09       1.69767E-01       7.36365E-07       7.04618E-07
       4.35000E-06       4.37500E-06       4.36250E-06       2.50001E-08       4.24419E-09       1.69767E-01       7.40609E-07       7.08863E-07
       4.37500E-06       4.40000E-06       4.38750E-06       2.50001E-08       4.24419E-09       1.69767E-01       7.44853E-07       7.13107E-07
       4.40000E-06       4.42500E-06       4.41250E-06       2.50001E-08       4.24419E-09       1.69767E-01       7.49097E-07       7.17351E-07
       4.42500E-06       4.45000E-06       4.43750E-06       2.49996E-08       4.24419E-09       1.69770E-01       7.53356E-07       7.21595E-07
       4.45000E-06       4.47500E-06       4.46250E-06       2.50001E-08       4.24419E-09       1.69767E-01       7.57586E-07       7.25839E-07
       4.47500E-06       4.50000E-06       4.48750E-06       2.50001E-08       4.24419E-09       1.69767E-01       7.61830E-07       7.30084E-07
       4.50000E-06       4.52500E-06       4.51250E-06       2.50001E-08       4.24419E-09       1.69767E-01       7.66074E-07       7.34328E-07
       4.52500E-06       4.55000E-06       4.53750E-06       2.50001E-08       4.24419E-09       1.69767E-01       7.70318E-07       7.38572E-07
       4.55000E-06       4.57500E-06       4.56250E-06       2.49996E-08       4.24419E-09       1.69770E-01       7.74577E-07       7.42816E-07
       4.57500E-06       4.60000E-06       4.58750E-06       2.50001E-08       4.24419E-09       1.69767E-01       7.78806E-07       7.47060E-07
       4.60000E-06       4.62500E-06       4.61250E-06       2.50001E-08       4.24419E-09       1.69767E-01       7.83051E-07       7.51305E-07
       4.62500E-06       4.65000E-06       4.63750E-06       2.50001E-08       4.24419E-09       1.69767E-01       7.87295E-07       7.55549E-07
       4.65000E-06       4.67500E-06       4.66250E-06       2.50001E-08       4.24419E-09       1.69767E-01       7.91539E-07       7.59793E-07
       4.67500E-06       4.70000E-06       4.68750E-06       2.49996E-08       4.24419E-09       1.69770E-01       7.95798E-07       7.64037E-07
       4.70000E-06       4.72500E-06       4.71250E-06       2.50001E-08       4.24419E-09       1.69767E-01       8.00027E-07       7.68282E-07
       4.72500E-06       4.75000E-06       4.73750E-06       2.50001E-08       4.24419E-09       1.69767E-01       8.04272E-07       7.72526E-07
       4.75000E-06       4.77500E-06       4.76250E-06       2.50001E-08       4.24419E-09       1.69767E-01       8.08516E-07       7.76770E-07
       4.77500E-06       4.80000E-06       4.78750E-06       2.50001E-08       4.24419E-09       1.69767E-01       8.12760E-07       7.81014E-07
       4.80000E-06       4.82500E-06       4.81250E-06       2.49996E-08       4.24419E-09       1.69770E-01       8.17020E-07       7.85258E-07
       4.82500E-06       4.85000E-06       4.83750E-06       2.50001E-08       4.24419E-09       1.69767E-01       8.21248E-07       7.89503E-07
       4.85000E-06       4.87500E-06       4.86250E-06       2.50001E-08       4.24419E-09       1.69767E-01       8.25492E-07       7.93747E-07
       4.87500E-06       4.90000E-06       4.88750E-06       2.50001E-08       4.24419E-09       1.69767E-01       8.29737E-07       7.97991E-07
       4.90000E-06       4.92500E-06       4.91250E-06       2.50001E-08       4.24419E-09       1.69767E-01       8.33981E-07       8.02235E-07
       4.92500E-06       4.95000E-06       4.93750E-06       2.49996E-08       4.24419E-09       1.69770E-01       8.38241E-07       8.06479E-07
       4.95000E-06       4.97500E-06       4.96250E-06       2.50001E-08       4.24419E-09       1.69767E-01       8.42469E-07       8.10724E-07
       4.97500E-06       5.00000E-06       4.98750E-06       2.50001E-08       4.24419E-09       1.69767E-01       8.46713E-07       8.14968E-07
       5.00000E-06       5.02500E-06       5.01250E-06       2.50001E-08       4.24419E-09       1.69767E-01       8.50958E-07       8.19212E-07
       5.02500E-06       5.05000E-06       5.03750E-06       2.50001E-08       4.24419E-09       1.69767E-01       8.55202E-07       8.23456E-07
       5.05000E-06       5.07500E-06       5.06250E-06       2.49996E-08       4.24419E-09       1.69770E-01       8.59462E-07       8.27701E-07
       5.07500E-06       5.10000E-06       5.08750E-06       2.50001E-08       4.24419E-09       1.69767E-01       8.63690E-07       8.31945E-07
       5.10000E-06       5.12500E-06       5.11250E-06       2.50001E-08       4.24419E-09       1.69767E-01       8.67934E-07       8.36189E-07
       5.12500E-06       5.15000E-06       5.13750E-06       2.50001E-08       4.24419E-09       1.69767E-01       8.72178E-07       8.40433E-07
       5.15000E-06       5.17500E-06       5.16250E-06       2.50001E-08       4.24419E-09       1.69767E-01       8.76423E-07       8.44677E-07
       5.17500E-06       5.20000E-06       5.18750E-06       2.49996E-08       4.24419E-09       1.69770E-01       8.80684E-07       8.48922E-07
       5.20000E-06       5.22500E-06       5.21250E-06       2.50001E-08       4.24419E-09       1.69767E-01       8.84911E-07       8.53166E-07
       5.22500E-06       5.25000E-06       5.23750E-06       2.50001E-08       4.24419E-09       1.69767E-01       8.89155E-07       8.57410E-07
       5.25000E-06       5.27500E-06       5.26250E-06       2.50001E-08       4.24419E-09       1.69767E-01       8.93399E-07       8.61654E-07
       5.27500E-06       5.30000E-06       5.28750E-06       2.50001E-08       4.24419E-09       1.69767E-01       8.97643E-07       8.65898E-07
       5.30000E-06       5.32500E-06       5.31250E-06       2.49996E-08       4.24419E-09       1.69770E-01       9.01905E-07       8.70143E-07
       5.32500E-06       5.35000E-06       5.33750E-06       2.50001E-08       4.24419E-09       1.69767E-01       9.06132E-07       8.74387E-07
       5.35000E-06       5.37500E-06       5.36250E-06       2.50001E-08       4.24419E-09       1.69767E-01       9.10376E-07       8.78631E-07
       5.37500E-06       5.40000E-06       5.38750E-06       2.50001E-08       4.24419E-09       1.69767E-01       9.14620E-07       8.82875E-07
       5.40000E-06       5.42500E-06       5.41250E-06       2.50001E-08       4.24419E-09       1.69767E-01       9.18864E-07       8.87120E-07
       5.42500E-06       5.45000E-06       5.43750E-06       2.49996E-08       4.24419E-09       1.69770E-01       9.23126E-07       8.91364E-07
       5.45000E-06       5.47500E-06       5.46250E-06       2.50001E-08       4.24419E-09       1.69767E-01       9.27353E-07       8.95608E-07
       5.47500E-06       5.50000E-06       5.48750E-06       2.50001E-08       4.24419E-09       1.69767E-01       9.31597E-07       8.99852E-07
       5.50000E-06       5.52500E-06       5.51250E-06       2.50001E-08       4.24419E-09       1.69767E-01       9.35841E-07       9.04096E-07
       5.52500E-06       5.55000E-06       5.53750E-06       2.50001E-08       4.24419E-09       1.69767E-01       9.40085E-07       9.08341E-07
       5.55000E-06       5.57500E-06       5.56250E-06       2.49996E-08       4.24419E-09       1.69770E-01       9.44347E-07       9.12585E-07
       5.57500E-06       5.60000E-06       5.58750E-06       2.50001E-08       4.24419E-09       1.69767E-01       9.48574E-07       9.16829E-07
       5.60000E-06       5.62500E-06       5.61250E-06       2.50001E-08       4.24419E-09       1.69767E-01       9.52818E-07       9.21073E-07
       5.62500E-06       5.65000E-06       5.63750E-06       2.50001E-08       4.24419E-09       1.69767E-01       9.57062E-07       9.25317E-07
       5.65000E-06       5.67500E-06       5.66250E-06       2.50001E-08       4.24419E-09       1.69767E-01       9.61306E-07       9.29562E-07
       5.67500E-06       5.70000E-06       5.68750E-06       2.49996E-08       4.24419E-09       1.69770E-01       9.65569E-07       9.33806E-07
       5.70000E-06       5.72500E-06       5.71250E-06       2.50001E-08       4.24419E-09       1.69767E-01       9.69794E-07       9.38050E-07
       5.72500E-06       5.75000E-06       5.73750E-06       2.50001E-08       4.24419E-09       1.69767E-01       9.74039E-07       9.42294E-07
       5.75000E-06       5.77500E-06       5.76250E-06       2.50001E-08       4.24419E-09       1.69767E-01       9.78283E-07       9.46539E-07
       5.77500E-06       5.80000E-06       5.78750E-06       2.50001E-08       4.24419E-09       1.69767E-01       9.82527E-07       9.50783E-07
       5.80000E-06       5.82500E-06       5.81250E-06       2.49996E-08       4.24419E-09       1.69770E-01       9.86790E-07       9.55027E-07
       5.82500E-06       5.85000E-06       5.83750E-06       2.50001E-08       4.24419E-09       1.69767E-01       9.91015E-07       9.59271E-07
       5.85000E-06       5.87500E-06       5.86250E-06       2.50001E-08       4.24419E-09       1.69767E-01       9.95259E-07       9.63515E-07
       5.87500E-06       5.90000E-06       5.88750E-06       2.50001E-08       4.24419E-09       1.69767E-01       9.99504E-07       9.67759E-07
       5.90000E-06       5.92500E-06       5.91250E-06       2.50001E-08       4.24419E-09       1.69767E-01       1.00375E-06       9.72004E-07
       5.92500E-06       5.95000E-06       5.93750E-06       2.49996E-08       4.24419E-09       1.69770E-01       1.00801E-06       9.76248E-07
       5.95000E-06       5.97500E-06       5.96250E-06       2.50001E-08       4.24419E-09       1.69767E-01       1.01224E-06       9.80492E-07
       5.97500E-06       6.00000E-06       5.98750E-06       2.50001E-08       4.24419E-09       1.69767E-01       1.01648E-06       9.84736E-07
       6.00000E-06       6.02500E-06       6.01250E-06       2.50001E-08       4.24419E-09       1.69767E-01       1.02072E-06       9.88980E-07
       6.02500E-06       6.05000E-06       6.03750E-06       2.50001E-08       4.24419E-09       1.69767E-01       1.02497E-06       9.93224E-07
       6.05000E-06       6.07500E-06       6.06250E-06       2.49996E-08       4.24419E-09       1.69770E-01       1.02923E-06       9.97469E-07
       6.07500E-06       6.10000E-06       6.08750E-06       2.50001E-08       4.24419E-09       1.69767E-01       1.03346E-06       1.00171E-06
       6.10000E-06       6.12500E-06       6.11250E-06       2.50001E-08       4.24419E-09       1.69767E-01       1.03770E-06       1.00596E-06
       6.12500E-06       6.15000E-06       6.13750E-06       2.50001E-08       4.24419E-09       1.69767E-01       1.04195E-06       1.01020E-06
       6.15000E-06       6.17500E-06       6.16250E-06       2.50001E-08       4.24419E-09       1.69767E-01       1.04619E-06       1.01445E-06
       6.17500E-06       6.20000E-06       6.18750E-06       2.49996E-08       4.24419E-09       1.69770E-01       1.05045E-06       1.01869E-06
       6.20000E-06       6.22500E-06       6.21250E-06       2.50001E-08       4.24419E-09       1.69767E-01       1.05468E-06       1.02293E-06
       6.22500E-06       6.25000E-06       6.23750E-06       2.50001E-08       4.24419E-09       1.69767E-01       1.05892E-06       1.02718E-06
       6.25000E-06       6.27500E-06       6.26250E-06       2.50001E-08       4.24419E-09       1.69767E-01       1.06317E-06       1.03142E-06
       6.27500E-06       6.30000E-06       6.28750E-06       2.50001E-08       4.24419E-09       1.69767E-01       1.06741E-06       1.03567E-06
       6.30000E-06       6.32500E-06       6.31250E-06       2.49996E-08       4.24419E-09       1.69770E-01       1.07168E-06       1.03991E-06
       6.32500E-06       6.35000E-06       6.33750E-06       2.50001E-08       4.24419E-09       1.69767E-01       1.07590E-06       1.04415E-06
       6.35000E-06       6.37500E-06       6.36250E-06       2.50001E-08       4.24419E-09       1.69767E-01       1.08014E-06       1.04840E-06
       6.37500E-06       6.40000E-06       6.38750E-06       2.50001E-08       4.24419E-09       1.69767E-01       1.08439E-06       1.05264E-06
       6.40000E-06       6.42500E-06       6.41250E-06       2.50001E-08       4.24419E-09       1.69767E-01       1.08863E-06       1.05689E-06
       6.42500E-06       6.45000E-06       6.43750E-06       2.49996E-08       4.24419E-09       1.69770E-01       1.09290E-06       1.06113E-06
       6.45000E-06       6.47500E-06       6.46250E-06       2.50001E-08       4.24419E-09       1.69767E-01       1.09712E-06       1.06538E-06
       6.47500E-06       6.50000E-06       6.48750E-06       2.50001E-08       4.24419E-09       1.69767E-01       1.10136E-06       1.06962E-06
       6.50000E-06       6.52500E-06       6.51250E-06       2.50001E-08       4.24419E-09       1.69767E-01       1.10561E-06       1.07386E-06
       6.52500E-06       6.55000E-06       6.53750E-06       2.50001E-08       4.24419E-09       1.69767E-01       1.10985E-06       1.07811E-06
       6.55000E-06       6.57500E-06       6.56250E-06       2.49996E-08       4.24419E-09       1.69770E-01       1.11412E-06       1.08235E-06
       6.57500E-06       6.60000E-06       6.58750E-06       2.50001E-08       4.24419E-09       1.69767E-01       1.11834E-06       1.08660E-06
       6.60000E-06       6.62500E-06       6.61250E-06       2.50001E-08       4.24419E-09       1.69767E-01       1.12258E-06       1.09084E-06
       6.62500E-06       6.65000E-06       6.63750E-06       2.50001E-08       4.24419E-09       1.69767E-01       1.12683E-06       1.09508E-06
       6.65000E-06       6.67500E-06       6.66250E-06       2.50001E-08       4.24419E-09       1.69767E-01       1.13107E-06       1.09933E-06
       6.67500E-06       6.70000E-06       6.68750E-06       2.49996E-08       4.24419E-09       1.69770E-01       1.13534E-06       1.10357E-06
       6.70000E-06       6.72500E-06       6.71250E-06       2.50001E-08       4.24419E-09       1.69767E-01       1.13956E-06       1.10782E-06
       6.72500E-06       6.75000E-06       6.73750E-06       2.50001E-08       4.24419E-09       1.69767E-01       1.14381E-06       1.11206E-06
       6.75000E-06       6.77500E-06       6.76250E-06       2.50001E-08       4.24419E-09       1.69767E-01       1.14805E-06       1.11630E-06
       6.77500E-06       6.80000E-06       6.78750E-06       2.50001E-08       4.24419E-09       1.69767E-01       1.15229E-06       1.12055E-06
       6.80000E-06       6.82500E-06       6.81250E-06       2.49996E-08       4.24419E-09       1.69770E-01       1.15656E-06       1.12479E-06
       6.82500E-06       6.85000E-06       6.83750E-06       2.50001E-08       4.24419E-09       1.69767E-01       1.16078E-06       1.12904E-06
       6.85000E-06       6.87500E-06       6.86250E-06       2.50001E-08       4.24419E-09       1.69767E-01       1.16503E-06       1.13328E-06
       6.87500E-06       6.90000E-06       6.88750E-06       2.50001E-08       4.24419E-09       1.69767E-01       1.16927E-06       1.13753E-06
       6.90000E-06       6.92500E-06       6.91250E-06       2.50001E-08       4.24419E-09       1.69767E-01       1.17351E-06       1.14177E-06
       6.92500E-06       6.95000E-06       6.93750E-06       2.49996E-08       4.24419E-09       1.69770E-01       1.17778E-06       1.14601E-06
       6.95000E-06       6.97500E-06       6.96250E-06       2.50001E-08       4.24419E-09       1.69767E-01       1.18200E-06       1.15026E-06
       6.97500E-06       7.00000E-06       6.98750E-06       2.50001E-08       4.24419E-09       1.69767E-01       1.18625E-06       1.15450E-06
       7.00000E-06       7.02500E-06       7.01250E-06       2.50001E-08       4.24419E-09       1.69767E-01       1.19049E-06       1.15875E-06
       7.02500E-06       7.05000E-06       7.03750E-06       2.50001E-08       4.24419E-09       1.69767E-01       1.19474E-06       1.16299E-06
       7.05000E-06       7.07500E-06       7.06250E-06       2.49996E-08       4.24419E-09       1.69770E-01       1.19900E-06       1.16723E-06
       7.07500E-06       7.10000E-06       7.08750E-06       2.50001E-08       4.24419E-09       1.69767E-01       1.20322E-06       1.17148E-06
       7.10000E-06       7.12500E-06       7.11250E-06       2.50001E-08       4.24419E-09       1.69767E-01       1.20747E-06       1.17572E-06
       7.12500E-06       7.15000E-06       7.13750E-06       2.50001E-08       4.24419E-09       1.69767E-01       1.21171E-06       1.17997E-06
       7.15000E-06       7.17500E-06       7.16250E-06       2.50001E-08       4.24419E-09       1.69767E-01       1.21596E-06       1.18421E-06
       7.17500E-06       7.20000E-06       7.18750E-06       2.49996E-08       4.24419E-09       1.69770E-01       1.22022E-06       1.18846E-06
       7.20000E-06       7.22500E-06       7.21250E-06       2.50001E-08       4.24419E-09       1.69767E-01       1.22445E-06       1.19270E-06
       7.22500E-06       7.25000E-06       7.23750E-06       2.50001E-08       4.24419E-09       1.69767E-01       1.22869E-06       1.19694E-06
       7.25000E-06       7.27500E-06       7.26250E-06       2.50001E-08       4.24419E-09       1.69767E-01       1.23293E-06       1.20119E-06
       7.27500E-06       7.30000E-06       7.28750E-06       2.50001E-08       4.24419E-09       1.69767E-01       1.23718E-06       1.20543E-06
       7.30000E-06       7.32500E-06       7.31250E-06       2.49996E-08       4.24419E-09       1.69770E-01       1.24145E-06       1.20968E-06
       7.32500E-06       7.35000E-06       7.33750E-06       2.50001E-08       4.24419E-09       1.69767E-01       1.24567E-06       1.21392E-06
       7.35000E-06       7.37500E-06       7.36250E-06       2.50001E-08       4.24419E-09       1.69767E-01       1.24991E-06       1.21816E-06
       7.37500E-06       7.40000E-06       7.38750E-06       2.50001E-08       4.24419E-09       1.69767E-01       1.25415E-06       1.22241E-06
       7.40000E-06       7.42500E-06       7.41250E-06       2.50001E-08       4.24419E-09       1.69767E-01       1.25840E-06       1.22665E-06
       7.42500E-06       7.45000E-06       7.43750E-06       2.49996E-08       4.24419E-09       1.69770E-01       1.26267E-06       1.23090E-06
       7.45000E-06       7.47500E-06       7.46250E-06       2.50001E-08       4.24419E-09       1.69767E-01       1.26689E-06       1.23514E-06
       7.47500E-06       7.50000E-06       7.48750E-06       2.50001E-08       4.24419E-09       1.69767E-01       1.27113E-06       1.23939E-06
       7.50000E-06       7.52500E-06       7.51250E-06       2.50001E-08       4.24419E-09       1.69767E-01       1.27538E-06       1.24363E-06
       7.52500E-06       7.55000E-06       7.53750E-06       2.50001E-08       4.24419E-09       1.69767E-01       1.27962E-06       1.24787E-06
       7.55000E-06       7.57500E-06       7.56250E-06       2.49996E-08       4.24419E-09       1.69770E-01       1.28389E-06       1.25212E-06
       7.57500E-06       7.60000E-06       7.58750E-06       2.50001E-08       4.24419E-09       1.69767E-01       1.28811E-06       1.25636E-06
       7.60000E-06       7.62500E-06       7.61250E-06       2.50001E-08       4.24419E-09       1.69767E-01       1.29235E-06       1.26061E-06
       7.62500E-06       7.65000E-06       7.63750E-06       2.50001E-08       4.24419E-09       1.69767E-01       1.29660E-06       1.26485E-06
       7.65000E-06       7.67500E-06       7.66250E-06       2.50001E-08       4.24419E-09       1.69767E-01       1.30084E-06       1.26909E-06
       7.67500E-06       7.70000E-06       7.68750E-06       2.49996E-08       4.24419E-09       1.69770E-01       1.30511E-06       1.27334E-06
       7.70000E-06       7.72500E-06       7.71250E-06       2.50001E-08       4.24419E-09       1.69767E-01       1.30933E-06       1.27758E-06
       7.72500E-06       7.75000E-06       7.73750E-06       2.50001E-08       4.24419E-09       1.69767E-01       1.31357E-06       1.28183E-06
       7.75000E-06       7.77500E-06       7.76250E-06       2.50001E-08       4.24419E-09       1.69767E-01       1.31782E-06       1.28607E-06
       7.77500E-06       7.80000E-06       7.78750E-06       2.50001E-08       4.24419E-09       1.69767E-01       1.32206E-06       1.29032E-06
       7.80000E-06       7.82500E-06       7.81250E-06       2.49996E-08       4.24419E-09       1.69770E-01       1.32633E-06       1.29456E-06
       7.82500E-06       7.85000E-06       7.83750E-06       2.50001E-08       4.24419E-09       1.69767E-01       1.33055E-06       1.29880E-06
       7.85000E-06       7.87500E-06       7.86250E-06       2.50001E-08       4.24419E-09       1.69767E-01       1.33479E-06       1.30305E-06
       7.87500E-06       7.90000E-06       7.88750E-06       2.50001E-08       4.24419E-09       1.69767E-01       1.33904E-06       1.30729E-06
       7.90000E-06       7.92500E-06       7.91250E-06       2.50001E-08       4.24419E-09       1.69767E-01       1.34328E-06       1.31154E-06
       7.92500E-06       7.95000E-06       7.93750E-06       2.49996E-08       4.24419E-09       1.69770E-01       1.34755E-06       1.31578E-06
       7.95000E-06       7.97500E-06       7.96250E-06       2.50001E-08       4.24419E-09       1.69767E-01       1.35177E-06       1.32002E-06
       7.97500E-06       8.00000E-06       7.98750E-06       2.50001E-08       4.24419E-09       1.69767E-01       1.35601E-06       1.32427E-06
       8.00000E-06       8.02500E-06       8.01250E-06       2.49996E-08       4.24419E-09       1.69770E-01       1.36028E-06       1.32851E-06
       8.02500E-06       8.05000E-06       8.03750E-06       2.50006E-08       4.24419E-09       1.69764E-01       1.36448E-06       1.33276E-06
       8.05000E-06       8.07500E-06       8.06250E-06       2.49996E-08       4.24419E-09       1.69770E-01       1.36877E-06       1.33700E-06
       8.07500E-06       8.10000E-06       8.08750E-06       2.50006E-08       4.24419E-09       1.69764E-01       1.37297E-06       1.34125E-06
       8.10000E-06       8.12500E-06       8.11250E-06       2.49996E-08       4.24419E-09       1.69770E-01       1.37726E-06       1.34549E-06
       8.12500E-06       8.15000E-06       8.13750E-06       2.49996E-08       4.24419E-09       1.69770E-01       1.38151E-06       1.34973E-06
       8.15000E-06       8.17500E-06       8.16250E-06       2.50006E-08       4.24419E-09       1.69764E-01       1.38570E-06       1.35398E-06
       8.17500E-06       8.20000E-06       8.18750E-06       2.49996E-08       4.24419E-09       1.69770E-01       1.38999E-06       1.35822E-06
       8.20000E-06       8.22500E-06       8.21250E-06       2.50006E-08       4.24419E-09       1.69764E-01       1.39419E-06       1.36247E-06
       8.22500E-06       8.25000E-06       8.23750E-06       2.49996E-08       4.24419E-09       1.69770E-01       1.39848E-06       1.36671E-06
       8.25000E-06       8.27500E-06       8.26250E-06       2.49996E-08       4.24419E-09       1.69770E-01       1.40273E-06       1.37095E-06
       8.27500E-06       8.30000E-06       8.28750E-06       2.50006E-08       4.24419E-09       1.69764E-01       1.40692E-06       1.37520E-06
       8.30000E-06       8.32500E-06       8.31250E-06       2.49996E-08       4.24419E-09       1.69770E-01       1.41122E-06       1.37944E-06
       8.32500E-06       8.35000E-06       8.33750E-06       2.50006E-08       4.24419E-09       1.69764E-01       1.41541E-06       1.38369E-06
       8.35000E-06       8.37500E-06       8.36250E-06       2.49996E-08       4.24419E-09       1.69770E-01       1.41970E-06       1.38793E-06
       8.37500E-06       8.40000E-06       8.38750E-06       2.49996E-08       4.24419E-09       1.69770E-01       1.42395E-06       1.39218E-06
       8.40000E-06       8.42500E-06       8.41250E-06       2.50006E-08       4.24419E-09       1.69764E-01       1.42814E-06       1.39642E-06
       8.42500E-06       8.45000E-06       8.43750E-06       2.49996E-08       4.24419E-09       1.69770E-01       1.43244E-06       1.40066E-06
       8.45000E-06       8.47500E-06       8.46250E-06       2.50006E-08       4.24419E-09       1.69764E-01       1.43663E-06       1.40491E-06
       8.47500E-06       8.50000E-06       8.48750E-06       2.49996E-08       4.24419E-09       1.69770E-01       1.44093E-06       1.40915E-06
       8.50000E-06       8.52500E-06       8.51250E-06       2.49996E-08       4.24419E-09       1.69770E-01       1.44517E-06       1.41340E-06
       8.52500E-06       8.55000E-06       8.53750E-06       2.50006E-08       4.24419E-09       1.69764E-01       1.44936E-06       1.41764E-06
       8.55000E-06       8.57500E-06       8.56250E-06       2.49996E-08       4.24419E-09       1.69770E-01       1.45366E-06       1.42188E-06
       8.57500E-06       8.60000E-06       8.58750E-06       2.50006E-08       4.24419E-09       1.69764E-01       1.45785E-06       1.42613E-06
       8.60000E-06       8.62500E-06       8.61250E-06       2.49996E-08       4.24419E-09       1.69770E-01       1.46215E-06       1.43037E-06
       8.62500E-06       8.65000E-06       8.63750E-06       2.49996E-08       4.24419E-09       1.69770E-01       1.46639E-06       1.43462E-06
       8.65000E-06       8.67500E-06       8.66250E-06       2.50006E-08       4.24419E-09       1.69764E-01       1.47058E-06       1.43886E-06
       8.67500E-06       8.70000E-06       8.68750E-06       2.49996E-08       4.24419E-09       1.69770E-01       1.47488E-06       1.44311E-06
       8.70000E-06       8.72500E-06       8.71250E-06       2.50006E-08       4.24419E-09       1.69764E-01       1.47907E-06       1.44735E-06
       8.72500E-06       8.75000E-06       8.73750E-06       2.49996E-08       4.24419E-09       1.69770E-01       1.48337E-06       1.45159E-06
       8.75000E-06       8.77500E-06       8.76250E-06       2.49996E-08       4.24419E-09       1.69770E-01       1.48761E-06       1.45584E-06
       8.77500E-06       8.80000E-06       8.78750E-06       2.50006E-08       4.24419E-09       1.69764E-01       1.49180E-06       1.46008E-06
       8.80000E-06       8.82500E-06       8.81250E-06       2.49996E-08       4.24419E-09       1.69770E-01       1.49610E-06       1.46433E-06
       8.82500E-06       8.85000E-06       8.83750E-06       2.50006E-08       4.24419E-09       1.69764E-01       1.50029E-06       1.46857E-06
       8.85000E-06       8.87500E-06       8.86250E-06       2.49996E-08       4.24419E-09       1.69770E-01       1.50459E-06       1.47281E-06
       8.87500E-06       8.90000E-06       8.88750E-06       2.49996E-08       4.24419E-09       1.69770E-01       1.50883E-06       1.47706E-06
       8.90000E-06       8.92500E-06       8.91250E-06       2.50006E-08       4.24419E-09       1.69764E-01       1.51302E-06       1.48130E-06
       8.92500E-06       8.95000E-06       8.93750E-06       2.49996E-08       4.24419E-09       1.69770E-01       1.51732E-06       1.48555E-06
       8.95000E-06       8.97500E-06       8.96250E-06       2.50006E-08       4.24419E-09       1.69764E-01       1.52151E-06       1.48979E-06
       8.97500E-06       9.00000E-06       8.98750E-06       2.49996E-08       4.24419E-09       1.69770E-01       1.52581E-06       1.49403E-06
       9.00000E-06       9.02500E-06       9.01250E-06       2.49996E-08       4.24419E-09       1.69770E-01       1.53005E-06       1.49828E-06
       9.02500E-06       9.05000E-06       9.03750E-06       2.50006E-08       4.24419E-09       1.69764E-01       1.53424E-06       1.50252E-06
       9.05000E-06       9.07500E-06       9.06250E-06       2.49996E-08       4.24419E-09       1.69770E-01       1.53854E-06       1.50677E-06
       9.07500E-06       9.10000E-06       9.08750E-06       2.50006E-08       4.24419E-09       1.69764E-01       1.54273E-06       1.51101E-06
       9.10000E-06       9.12500E-06       9.11250E-06       2.49996E-08       4.24419E-09       1.69770E-01       1.54703E-06       1.51526E-06
       9.12500E-06       9.15000E-06       9.13750E-06       2.49996E-08       4.24419E-09       1.69770E-01       1.55128E-06       1.51950E-06
       9.15000E-06       9.17500E-06       9.16250E-06       2.50006E-08       4.24419E-09       1.69764E-01       1.55546E-06       1.52374E-06
       9.17500E-06       9.20000E-06       9.18750E-06       2.49996E-08       4.24419E-09       1.69770E-01       1.55976E-06       1.52799E-06
       9.20000E-06       9.22500E-06       9.21250E-06       2.50006E-08       4.24419E-09       1.69764E-01       1.56395E-06       1.53223E-06
       9.22500E-06       9.25000E-06       9.23750E-06       2.49996E-08       4.24419E-09       1.69770E-01       1.56825E-06       1.53648E-06
       9.25000E-06       9.27500E-06       9.26250E-06       2.49996E-08       4.24419E-09       1.69770E-01       1.57250E-06       1.54072E-06
       9.27500E-06       9.30000E-06       9.28750E-06       2.50006E-08       4.24419E-09       1.69764E-01       1.57668E-06       1.54496E-06
       9.30000E-06       9.32500E-06       9.31250E-06       2.49996E-08       4.24419E-09       1.69770E-01       1.58099E-06       1.54921E-06
       9.32500E-06       9.35000E-06       9.33750E-06       2.50006E-08       4.24419E-09       1.69764E-01       1.58517E-06       1.55345E-06
       9.35000E-06       9.37500E-06       9.36250E-06       2.49996E-08       4.24419E-09       1.69770E-01       1.58947E-06       1.55770E-06
       9.37500E-06       9.40000E-06       9.38750E-06       2.49996E-08       4.24419E-09       1.69770E-01       1.59372E-06       1.56194E-06
       9.40000E-06       9.42500E-06       9.41250E-06       2.50006E-08       4.24419E-09       1.69764E-01       1.59790E-06       1.56619E-06
       9.42500E-06       9.45000E-06       9.43750E-06       2.49996E-08       4.24419E-09       1.69770E-01       1.60221E-06       1.57043E-06
       9.45000E-06       9.47500E-06       9.46250E-06       2.50006E-08       4.24419E-09       1.69764E-01       1.60639E-06       1.57467E-06
       9.47500E-06       9.50000E-06       9.48750E-06       2.49996E-08       4.24419E-09       1.69770E-01       1.61070E-06       1.57892E-06
       9.50000E-06       9.52500E-06       9.51250E-06       2.49996E-08       4.24419E-09       1.69770E-01       1.61494E-06       1.58316E-06
       9.52500E-06       9.55000E-06       9.53750E-06       2.50006E-08       4.24419E-09       1.69764E-01       1.61912E-06       1.58741E-06
       9.55000E-06       9.57500E-06       9.56250E-06       2.49996E-08       4.24419E-09       1.69770E-01       1.62343E-06       1.59165E-06
       9.57500E-06       9.60000E-06       9.58750E-06       2.50006E-08       4.24419E-09       1.69764E-01       1.62761E-06       1.59589E-06
       9.60000E-06       9.62500E-06       9.61250E-06       2.49996E-08       4.24419E-09       1.69770E-01       1.63192E-06       1.60014E-06
       9.62500E-06       9.65000E-06       9.63750E-06       2.49996E-08       4.24419E-09       1.69770E-01       1.63616E-06       1.60438E-06
       9.65000E-06       9.67500E-06       9.66250E-06       2.50006E-08       4.24419E-09       1.69764E-01       1.64034E-06       1.60863E-06
       9.67500E-06       9.70000E-06       9.68750E-06       2.49996E-08       4.24419E-09       1.69770E-01       1.64465E-06       1.61287E-06
       9.70000E-06       9.72500E-06       9.71250E-06       2.50006E-08       4.24419E-09       1.69764E-01       1.64883E-06       1.61712E-06
       9.72500E-06       9.75000E-06       9.73750E-06       2.49996E-08       4.24419E-09       1.69770E-01       1.65314E-06       1.62136E-06
       9.75000E-06       9.77500E-06       9.76250E-06       2.49996E-08       4.24419E-09       1.69770E-01       1.65738E-06       1.62560E-06
       9.77500E-06       9.80000E-06       9.78750E-06       2.50006E-08       4.24419E-09       1.69764E-01       1.66156E-06       1.62985E-06
       9.80000E-06       9.82500E-06       9.81250E-06       2.49996E-08       4.24419E-09       1.69770E-01       1.66587E-06       1.63409E-06
       9.82500E-06       9.85000E-06       9.83750E-06       2.50006E-08       4.24419E-09       1.69764E-01       1.67005E-06       1.63834E-06
       9.85000E-06       9.87500E-06       9.86250E-06       2.49996E-08       4.24419E-09       1.69770E-01       1.67436E-06       1.64258E-06
       9.87500E-06       9.90000E-06       9.88750E-06       2.49996E-08       4.24419E-09       1.69770E-01       1.67860E-06       1.64682E-06
       9.90000E-06       9.92500E-06       9.91250E-06       2.50006E-08       4.24419E-09       1.69764E-01       1.68278E-06       1.65107E-06
       9.92500E-06       9.95000E-06       9.93750E-06       2.49996E-08       4.24419E-09       1.69770E-01       1.68709E-06       1.65531E-06
       9.95000E-06       9.97500E-06       9.96250E-06       2.50006E-08       4.24419E-09       1.69764E-01       1.69127E-06       1.65956E-06
       9.97500E-06       1.00000E-05       9.98750E-06       2.49996E-08       4.24419E-09       1.69770E-01       1.69558E-06       1.66380E-06
       1.00000E-05       1.04713E-05       1.02356E-05       4.71300E-07       8.00105E-08       1.69765E-01       1.73766E-06       1.74381E-06
       1.04713E-05       1.09648E-05       1.07180E-05       4.93500E-07       8.37793E-08       1.69766E-01       1.81956E-06       1.82759E-06
       1.09648E-05       1.14815E-05       1.12232E-05       5.16700E-07       8.77299E-08       1.69789E-01       1.90557E-06       1.91532E-06
       1.14815E-05       1.20226E-05       1.17521E-05       5.41101E-07       9.18622E-08       1.69769E-01       1.99514E-06       2.00718E-06
       1.20226E-05       1.25892E-05       1.23059E-05       5.66600E-07       9.61934E-08       1.69773E-01       2.08921E-06       2.10338E-06
       1.25892E-05       1.31826E-05       1.28859E-05       5.93400E-07       1.00728E-07       1.69747E-01       2.18735E-06       2.20410E-06
       1.31826E-05       1.38038E-05       1.34932E-05       6.21200E-07       1.05473E-07       1.69788E-01       2.29099E-06       2.30958E-06
       1.38038E-05       1.44544E-05       1.41291E-05       6.50600E-07       1.10445E-07       1.69759E-01       2.39854E-06       2.42002E-06
       1.44544E-05       1.51356E-05       1.47950E-05       6.81200E-07       1.15648E-07       1.69771E-01       2.51176E-06       2.53567E-06
       1.51356E-05       1.58489E-05       1.54922E-05       7.13300E-07       1.21099E-07       1.69773E-01       2.63017E-06       2.65677E-06
       1.58489E-05       1.65959E-05       1.62224E-05       7.47000E-07       1.26807E-07       1.69755E-01       2.75383E-06       2.78358E-06
       1.65959E-05       1.73780E-05       1.69869E-05       7.82101E-07       1.32783E-07       1.69778E-01       2.88401E-06       2.91636E-06
       1.73780E-05       1.81970E-05       1.77875E-05       8.19000E-07       1.39041E-07       1.69769E-01       3.01977E-06       3.05540E-06
       1.81970E-05       1.90546E-05       1.86258E-05       8.57599E-07       1.45595E-07       1.69771E-01       3.16211E-06       3.20100E-06
       1.90546E-05       1.99526E-05       1.95036E-05       8.98001E-07       1.52455E-07       1.69772E-01       3.31117E-06       3.35345E-06
       1.99526E-05       2.08930E-05       2.04228E-05       9.40399E-07       1.59639E-07       1.69756E-01       3.46690E-06       3.51309E-06
       2.08930E-05       2.18776E-05       2.13853E-05       9.84600E-07       1.67158E-07       1.69772E-01       3.63063E-06       3.68025E-06
       2.18776E-05       2.29087E-05       2.23932E-05       1.03110E-06       1.75050E-07       1.69770E-01       3.80168E-06       3.85530E-06
       2.29087E-05       2.39883E-05       2.34485E-05       1.07960E-06       1.83299E-07       1.69784E-01       3.98118E-06       4.03860E-06
       2.39883E-05       2.51189E-05       2.45536E-05       1.13060E-06       1.91936E-07       1.69765E-01       4.16834E-06       4.23053E-06
       2.51189E-05       2.63027E-05       2.57108E-05       1.18380E-06       2.00978E-07       1.69773E-01       4.36501E-06       4.43151E-06
       2.63027E-05       2.75423E-05       2.69225E-05       1.23960E-06       2.10454E-07       1.69776E-01       4.57079E-06       4.64197E-06
       2.75423E-05       2.88403E-05       2.81913E-05       1.29800E-06       2.20366E-07       1.69773E-01       4.78612E-06       4.86233E-06
       2.88403E-05       3.01995E-05       2.95199E-05       1.35920E-06       2.30743E-07       1.69764E-01       5.01141E-06       5.09307E-06
       3.01995E-05       3.16228E-05       3.09111E-05       1.42330E-06       2.41633E-07       1.69769E-01       5.24777E-06       5.33471E-06
       3.16228E-05       3.31131E-05       3.23679E-05       1.49030E-06       2.53005E-07       1.69768E-01       5.49504E-06       5.58771E-06
       3.31131E-05       3.46737E-05       3.38934E-05       1.56060E-06       2.64936E-07       1.69765E-01       5.75392E-06       5.85265E-06
       3.46737E-05       3.63078E-05       3.54907E-05       1.63410E-06       2.77426E-07       1.69773E-01       6.02536E-06       6.13007E-06
       3.63078E-05       3.80189E-05       3.71634E-05       1.71110E-06       2.90491E-07       1.69768E-01       6.30917E-06       6.42056E-06
       3.80189E-05       3.98107E-05       3.89148E-05       1.79180E-06       3.04193E-07       1.69770E-01       6.60656E-06       6.72476E-06
       3.98107E-05       4.16869E-05       4.07488E-05       1.87620E-06       3.18532E-07       1.69775E-01       6.91812E-06       7.04329E-06
       4.16869E-05       4.36516E-05       4.26692E-05       1.96470E-06       3.33539E-07       1.69766E-01       7.24378E-06       7.37683E-06
       4.36516E-05       4.57088E-05       4.46802E-05       2.05720E-06       3.49260E-07       1.69775E-01       7.58556E-06       7.72609E-06
       4.57088E-05       4.78630E-05       4.67859E-05       2.15420E-06       3.65712E-07       1.69767E-01       7.94271E-06       8.09180E-06
       4.78630E-05       5.01187E-05       4.89908E-05       2.25570E-06       3.82956E-07       1.69773E-01       8.31731E-06       8.47476E-06
       5.01187E-05       5.24808E-05       5.12998E-05       2.36210E-06       4.01008E-07       1.69767E-01       8.70902E-06       8.87577E-06
       5.24808E-05       5.49541E-05       5.37174E-05       2.47330E-06       4.19899E-07       1.69773E-01       9.11975E-06       9.29566E-06
       5.49541E-05       5.75440E-05       5.62490E-05       2.58990E-06       4.39690E-07       1.69771E-01       9.54948E-06       9.73535E-06
       5.75440E-05       6.02560E-05       5.89000E-05       2.71200E-06       4.60414E-07       1.69769E-01       9.99940E-06       1.01958E-05
       6.02560E-05       6.30957E-05       6.16758E-05       2.83970E-06       4.82101E-07       1.69772E-01       1.04708E-05       1.06779E-05
       6.30957E-05       6.60693E-05       6.45825E-05       2.97360E-06       5.04829E-07       1.69770E-01       1.09642E-05       1.11827E-05
       6.60693E-05       6.91831E-05       6.76262E-05       3.11380E-06       5.28629E-07       1.69770E-01       1.14809E-05       1.17113E-05
       6.91831E-05       7.24436E-05       7.08134E-05       3.26051E-06       5.53532E-07       1.69769E-01       1.20219E-05       1.22649E-05
       7.24436E-05       7.58578E-05       7.41507E-05       3.41420E-06       5.79615E-07       1.69766E-01       1.25883E-05       1.28445E-05
       7.58578E-05       7.94328E-05       7.76453E-05       3.57500E-06       6.06941E-07       1.69774E-01       1.31822E-05       1.34514E-05
       7.94328E-05       8.31764E-05       8.13046E-05       3.74360E-06       6.35542E-07       1.69768E-01       1.38029E-05       1.40870E-05
       8.31764E-05       8.70964E-05       8.51364E-05       3.92000E-06       6.65493E-07       1.69769E-01       1.44535E-05       1.47525E-05
       8.70964E-05       9.12011E-05       8.91488E-05       4.10471E-06       6.96859E-07       1.69771E-01       1.51348E-05       1.54493E-05
       9.12011E-05       9.54993E-05       9.33502E-05       4.29820E-06       7.29700E-07       1.69769E-01       1.58480E-05       1.61790E-05
       9.54993E-05       1.00000E-04       9.77497E-05       4.50070E-06       7.64095E-07       1.69772E-01       1.65952E-05       1.69431E-05
       1.00000E-04       1.04713E-04       1.02356E-04       4.71300E-06       8.00105E-07       1.69766E-01       1.73766E-05       1.77432E-05
       1.04713E-04       1.09648E-04       1.07181E-04       4.93501E-06       8.37793E-07       1.69765E-01       1.81955E-05       1.85810E-05
       1.09648E-04       1.14815E-04       1.12232E-04       5.16700E-06       8.77299E-07       1.69789E-01       1.90557E-05       1.94583E-05
       1.14815E-04       1.20226E-04       1.17520E-04       5.41100E-06       9.18622E-07       1.69770E-01       1.99514E-05       2.03769E-05
       1.20226E-04       1.25892E-04       1.23059E-04       5.66600E-06       9.61934E-07       1.69773E-01       2.08921E-05       2.13389E-05
       1.25892E-04       1.31826E-04       1.28859E-04       5.93401E-06       1.00728E-06       1.69747E-01       2.18735E-05       2.23461E-05
       1.31826E-04       1.38038E-04       1.34932E-04       6.21199E-06       1.05473E-06       1.69789E-01       2.29099E-05       2.34009E-05
       1.38038E-04       1.44544E-04       1.41291E-04       6.50601E-06       1.10445E-06       1.69759E-01       2.39854E-05       2.45053E-05
       1.44544E-04       1.51356E-04       1.47950E-04       6.81200E-06       1.15648E-06       1.69771E-01       2.51176E-05       2.56618E-05
       1.51356E-04       1.58489E-04       1.54922E-04       7.13300E-06       1.21099E-06       1.69773E-01       2.63017E-05       2.68728E-05
       1.58489E-04       1.65959E-04       1.62224E-04       7.47000E-06       1.26807E-06       1.69755E-01       2.75383E-05       2.81409E-05
       1.65959E-04       1.73780E-04       1.69870E-04       7.82100E-06       1.32783E-06       1.69778E-01       2.88401E-05       2.94687E-05
       1.73780E-04       1.81970E-04       1.77875E-04       8.19000E-06       1.39041E-06       1.69769E-01       3.01977E-05       3.08591E-05
       1.81970E-04       1.90546E-04       1.86258E-04       8.57600E-06       1.45595E-06       1.69770E-01       3.16211E-05       3.23151E-05
       1.90546E-04       1.99526E-04       1.95036E-04       8.98000E-06       1.52455E-06       1.69772E-01       3.31117E-05       3.38396E-05
       1.99526E-04       2.08930E-04       2.04228E-04       9.40399E-06       1.59640E-06       1.69758E-01       3.46694E-05       3.54360E-05
       2.08930E-04       2.18776E-04       2.13853E-04       9.84601E-06       1.67166E-06       1.69780E-01       3.63080E-05       3.71077E-05
       2.18776E-04       2.29087E-04       2.23932E-04       1.03110E-05       1.75042E-06       1.69762E-01       3.80151E-05       3.88581E-05
       2.29087E-04       2.39883E-04       2.34485E-04       1.07960E-05       1.83291E-06       1.69777E-01       3.98101E-05       4.06910E-05
       2.39883E-04       2.51189E-04       2.45536E-04       1.13060E-05       1.91930E-06       1.69760E-01       4.16821E-05       4.26103E-05
       2.51189E-04       2.63027E-04       2.57108E-04       1.18380E-05       2.00976E-06       1.69772E-01       4.36497E-05       4.46201E-05
       2.63027E-04       2.75423E-04       2.69225E-04       1.23960E-05       2.10448E-06       1.69771E-01       4.57066E-05       4.67245E-05
       2.75423E-04       2.88403E-04       2.81913E-04       1.29800E-05       2.20366E-06       1.69773E-01       4.78612E-05       4.89282E-05
       2.88403E-04       3.01995E-04       2.95199E-04       1.35920E-05       2.30751E-06       1.69770E-01       5.01159E-05       5.12357E-05
       3.01995E-04       3.16228E-04       3.09111E-04       1.42330E-05       2.41627E-06       1.69765E-01       5.24764E-05       5.36520E-05
       3.16228E-04       3.31131E-04       3.23680E-04       1.49030E-05       2.53013E-06       1.69773E-01       5.49520E-05       5.61821E-05
       3.31131E-04       3.46737E-04       3.38934E-04       1.56060E-05       2.64939E-06       1.69767E-01       5.75400E-05       5.88315E-05
       3.46737E-04       3.63078E-04       3.54908E-04       1.63410E-05       2.77425E-06       1.69772E-01       6.02534E-05       6.16057E-05
       3.63078E-04       3.80189E-04       3.71634E-04       1.71110E-05       2.90497E-06       1.69772E-01       6.30931E-05       6.45107E-05
       3.80189E-04       3.98107E-04       3.89148E-04       1.79180E-05       3.04190E-06       1.69768E-01       6.60648E-05       6.75526E-05
       3.98107E-04       4.16869E-04       4.07488E-04       1.87620E-05       3.18524E-06       1.69771E-01       6.91796E-05       7.07378E-05
       4.16869E-04       4.36516E-04       4.26692E-04       1.96470E-05       3.33536E-06       1.69764E-01       7.24371E-05       7.40732E-05
       4.36516E-04       4.57088E-04       4.46802E-04       2.05720E-05       3.49257E-06       1.69773E-01       7.58549E-05       7.75658E-05
       4.57088E-04       4.78630E-04       4.67859E-04       2.15420E-05       3.65715E-06       1.69769E-01       7.94277E-05       8.12229E-05
       4.78630E-04       5.01187E-04       4.89909E-04       2.25570E-05       3.82951E-06       1.69770E-01       8.31720E-05       8.50524E-05
       5.01187E-04       5.24808E-04       5.12998E-04       2.36210E-05       4.01000E-06       1.69764E-01       8.70887E-05       8.90624E-05
       5.24808E-04       5.49541E-04       5.37175E-04       2.47330E-05       4.19897E-06       1.69772E-01       9.11971E-05       9.32614E-05
       5.49541E-04       5.75440E-04       5.62491E-04       2.58990E-05       4.39686E-06       1.69769E-01       9.54937E-05       9.76583E-05
       5.75440E-04       6.02560E-04       5.89000E-04       2.71200E-05       4.60410E-06       1.69768E-01       9.99931E-05       1.02262E-04
       6.02560E-04       6.30957E-04       6.16758E-04       2.83970E-05       4.82106E-06       1.69774E-01       1.04709E-04       1.07083E-04
       6.30957E-04       6.60693E-04       6.45825E-04       2.97360E-05       5.04829E-06       1.69770E-01       1.09642E-04       1.12132E-04
       6.60693E-04       6.91831E-04       6.76262E-04       3.11380E-05       5.28621E-06       1.69767E-01       1.14807E-04       1.17418E-04
       6.91831E-04       7.24436E-04       7.08133E-04       3.26050E-05       5.53533E-06       1.69770E-01       1.20219E-04       1.22953E-04
       7.24436E-04       7.58578E-04       7.41507E-04       3.41420E-05       5.79620E-06       1.69767E-01       1.25884E-04       1.28749E-04
       7.58578E-04       7.94328E-04       7.76453E-04       3.57500E-05       6.06937E-06       1.69773E-01       1.31820E-04       1.34819E-04
       7.94328E-04       8.31764E-04       8.13046E-04       3.74360E-05       6.35543E-06       1.69768E-01       1.38029E-04       1.41174E-04
       8.31764E-04       8.70964E-04       8.51364E-04       3.92000E-05       6.65493E-06       1.69769E-01       1.44535E-04       1.47829E-04
       8.70964E-04       9.12011E-04       8.91487E-04       4.10470E-05       6.96855E-06       1.69770E-01       1.51348E-04       1.54798E-04
       9.12011E-04       9.54993E-04       9.33502E-04       4.29820E-05       7.29700E-06       1.69769E-01       1.58479E-04       1.62095E-04
       9.54993E-04       1.00000E-03       9.77497E-04       4.50070E-05       7.64088E-06       1.69771E-01       1.65950E-04       1.69736E-04
       1.00000E-03       1.04713E-03       1.02356E-03       4.71300E-05       8.00106E-06       1.69766E-01       1.73766E-04       1.77737E-04
       1.04713E-03       1.09648E-03       1.07180E-03       4.93500E-05       8.37796E-06       1.69766E-01       1.81956E-04       1.86115E-04
       1.09648E-03       1.14815E-03       1.12231E-03       5.16700E-05       8.77300E-06       1.69789E-01       1.90557E-04       1.94888E-04
       1.14815E-03       1.20226E-03       1.17520E-03       5.41100E-05       9.18622E-06       1.69769E-01       1.99514E-04       2.04074E-04
       1.20226E-03       1.25892E-03       1.23059E-03       5.66600E-05       9.61931E-06       1.69772E-01       2.08920E-04       2.13693E-04
       1.25892E-03       1.31826E-03       1.28859E-03       5.93400E-05       1.00728E-05       1.69747E-01       2.18734E-04       2.23766E-04
       1.31826E-03       1.38038E-03       1.34932E-03       6.21200E-05       1.05473E-05       1.69789E-01       2.29099E-04       2.34313E-04
       1.38038E-03       1.44544E-03       1.41291E-03       6.50599E-05       1.10445E-05       1.69759E-01       2.39854E-04       2.45358E-04
       1.44544E-03       1.51356E-03       1.47950E-03       6.81201E-05       1.15649E-05       1.69772E-01       2.51177E-04       2.56923E-04
       1.51356E-03       1.58489E-03       1.54923E-03       7.13300E-05       1.21100E-05       1.69774E-01       2.63019E-04       2.69033E-04
       1.58489E-03       1.65959E-03       1.62224E-03       7.47000E-05       1.26808E-05       1.69756E-01       2.75385E-04       2.81713E-04
       1.65959E-03       1.73780E-03       1.69870E-03       7.82101E-05       1.32783E-05       1.69778E-01       2.88401E-04       2.94992E-04
       1.73780E-03       1.81970E-03       1.77875E-03       8.18999E-05       1.39041E-05       1.69770E-01       3.01978E-04       3.08896E-04
       1.81970E-03       1.90546E-03       1.86258E-03       8.57600E-05       1.45594E-05       1.69769E-01       3.16209E-04       3.23455E-04
       1.90546E-03       1.99526E-03       1.95036E-03       8.98001E-05       1.52455E-05       1.69771E-01       3.31115E-04       3.38701E-04
       1.99526E-03       2.08930E-03       2.04228E-03       9.40400E-05       1.59640E-05       1.69758E-01       3.46693E-04       3.54665E-04
       2.08930E-03       2.18776E-03       2.13853E-03       9.84600E-05       1.67166E-05       1.69780E-01       3.63080E-04       3.71381E-04
       2.18776E-03       2.29087E-03       2.23932E-03       1.03110E-04       1.75042E-05       1.69762E-01       3.80151E-04       3.88885E-04
       2.29087E-03       2.39883E-03       2.34485E-03       1.07960E-04       1.83291E-05       1.69777E-01       3.98101E-04       4.07215E-04
       2.39883E-03       2.51189E-03       2.45536E-03       1.13060E-04       1.91930E-05       1.69760E-01       4.16821E-04       4.26408E-04
       2.51189E-03       2.63027E-03       2.57108E-03       1.18380E-04       2.00976E-05       1.69772E-01       4.36497E-04       4.46505E-04
       2.63027E-03       2.75423E-03       2.69225E-03       1.23960E-04       2.10448E-05       1.69771E-01       4.57066E-04       4.67550E-04
       2.75423E-03       2.88403E-03       2.81913E-03       1.29800E-04       2.20366E-05       1.69773E-01       4.78613E-04       4.89587E-04
       2.88403E-03       3.01995E-03       2.95199E-03       1.35920E-04       2.30751E-05       1.69770E-01       5.01158E-04       5.12662E-04
       3.01995E-03       3.16228E-03       3.09112E-03       1.42330E-04       2.41627E-05       1.69765E-01       5.24764E-04       5.36824E-04
       3.16228E-03       3.31131E-03       3.23679E-03       1.49030E-04       2.53013E-05       1.69773E-01       5.49520E-04       5.62126E-04
       3.31131E-03       3.46737E-03       3.38934E-03       1.56060E-04       2.64939E-05       1.69767E-01       5.75399E-04       5.88620E-04
       3.46737E-03       3.63078E-03       3.54907E-03       1.63410E-04       2.77425E-05       1.69772E-01       6.02534E-04       6.16362E-04
       3.63078E-03       3.80189E-03       3.71633E-03       1.71110E-04       2.90497E-05       1.69772E-01       6.30931E-04       6.45412E-04
       3.80189E-03       3.98107E-03       3.89148E-03       1.79180E-04       3.04190E-05       1.69768E-01       6.60647E-04       6.75831E-04
       3.98107E-03       4.16869E-03       4.07488E-03       1.87620E-04       3.18524E-05       1.69771E-01       6.91796E-04       7.07683E-04
       4.16869E-03       4.36516E-03       4.26693E-03       1.96470E-04       3.33536E-05       1.69764E-01       7.24371E-04       7.41037E-04
       4.36516E-03       4.57088E-03       4.46802E-03       2.05720E-04       3.49257E-05       1.69773E-01       7.58551E-04       7.75962E-04
       4.57088E-03       4.78630E-03       4.67859E-03       2.15420E-04       3.65715E-05       1.69769E-01       7.94277E-04       8.12534E-04
       4.78630E-03       5.01187E-03       4.89909E-03       2.25570E-04       3.82951E-05       1.69770E-01       8.31719E-04       8.50829E-04
       5.01187E-03       5.24807E-03       5.12997E-03       2.36200E-04       4.01000E-05       1.69772E-01       8.70923E-04       8.90929E-04
       5.24807E-03       5.49541E-03       5.37174E-03       2.47340E-04       4.19897E-05       1.69765E-01       9.11933E-04       9.32919E-04
       5.49541E-03       5.75440E-03       5.62491E-03       2.58990E-04       4.39686E-05       1.69770E-01       9.54937E-04       9.76888E-04
       5.75440E-03       6.02560E-03       5.89000E-03       2.71200E-04       4.60410E-05       1.69767E-01       9.99930E-04       1.02293E-03
       6.02560E-03       6.30957E-03       6.16759E-03       2.83970E-04       4.82106E-05       1.69774E-01       1.04709E-03       1.07114E-03
       6.30957E-03       6.60693E-03       6.45825E-03       2.97360E-04       5.04829E-05       1.69770E-01       1.09642E-03       1.12162E-03
       6.60693E-03       6.91831E-03       6.76262E-03       3.11380E-04       5.28621E-05       1.69767E-01       1.14807E-03       1.17448E-03
       6.91831E-03       7.24436E-03       7.08133E-03       3.26050E-04       5.53533E-05       1.69770E-01       1.20219E-03       1.22984E-03
       7.24436E-03       7.58578E-03       7.41507E-03       3.41420E-04       5.79620E-05       1.69767E-01       1.25884E-03       1.28780E-03
       7.58578E-03       7.94328E-03       7.76453E-03       3.57500E-04       6.06937E-05       1.69773E-01       1.31820E-03       1.34849E-03
       7.94328E-03       8.31764E-03       8.13046E-03       3.74360E-04       6.35543E-05       1.69768E-01       1.38029E-03       1.41205E-03
       8.31764E-03       8.70964E-03       8.51364E-03       3.92000E-04       6.65493E-05       1.69769E-01       1.44535E-03       1.47860E-03
       8.70964E-03       9.12011E-03       8.91487E-03       4.10471E-04       6.96855E-05       1.69770E-01       1.51348E-03       1.54828E-03
       9.12011E-03       9.54993E-03       9.33502E-03       4.29819E-04       7.29700E-05       1.69769E-01       1.58480E-03       1.62125E-03
       9.54993E-03       1.00000E-02       9.77496E-03       4.50070E-04       7.64088E-05       1.69771E-01       1.65950E-03       1.69766E-03
       1.00000E-02       1.04713E-02       1.02357E-02       4.71300E-04       8.00106E-05       1.69766E-01       1.73766E-03       1.77767E-03
       1.04713E-02       1.09648E-02       1.07180E-02       4.93500E-04       8.37796E-05       1.69766E-01       1.81956E-03       1.86145E-03
       1.09648E-02       1.14815E-02       1.12232E-02       5.16700E-04       8.77300E-05       1.69789E-01       1.90557E-03       1.94918E-03
       1.14815E-02       1.20226E-02       1.17521E-02       5.41100E-04       9.18622E-05       1.69770E-01       1.99514E-03       2.04104E-03
       1.20226E-02       1.25892E-02       1.23059E-02       5.66601E-04       9.61931E-05       1.69772E-01       2.08920E-03       2.13724E-03
       1.25892E-02       1.31826E-02       1.28859E-02       5.93399E-04       1.00728E-04       1.69747E-01       2.18734E-03       2.23796E-03
       1.31826E-02       1.38038E-02       1.34932E-02       6.21200E-04       1.05473E-04       1.69789E-01       2.29099E-03       2.34344E-03
       1.38038E-02       1.44544E-02       1.41291E-02       6.50601E-04       1.10445E-04       1.69759E-01       2.39854E-03       2.45388E-03
       1.44544E-02       1.51356E-02       1.47950E-02       6.81199E-04       1.15649E-04       1.69772E-01       2.51178E-03       2.56953E-03
       1.51356E-02       1.58489E-02       1.54923E-02       7.13301E-04       1.21100E-04       1.69774E-01       2.63018E-03       2.69063E-03
       1.58489E-02       1.65959E-02       1.62224E-02       7.47000E-04       1.26808E-04       1.69756E-01       2.75385E-03       2.81744E-03
       1.65959E-02       1.73780E-02       1.69870E-02       7.82100E-04       1.32783E-04       1.69778E-01       2.88401E-03       2.95022E-03
       1.73780E-02       1.81970E-02       1.77875E-02       8.19000E-04       1.39041E-04       1.69770E-01       3.01978E-03       3.08926E-03
       1.81970E-02       1.90546E-02       1.86258E-02       8.57600E-04       1.45594E-04       1.69770E-01       3.16209E-03       3.23486E-03
       1.90546E-02       1.99526E-02       1.95036E-02       8.98000E-04       1.52455E-04       1.69771E-01       3.31115E-03       3.38731E-03
       1.99526E-02       2.08930E-02       2.04228E-02       9.40400E-04       1.59640E-04       1.69758E-01       3.46693E-03       3.54695E-03
       2.08930E-02       2.18776E-02       2.13853E-02       9.84600E-04       1.67166E-04       1.69780E-01       3.63080E-03       3.71412E-03
       2.18776E-02       2.29087E-02       2.23931E-02       1.03110E-03       1.75042E-04       1.69762E-01       3.80151E-03       3.88916E-03
       2.29087E-02       2.39883E-02       2.34485E-02       1.07960E-03       1.83291E-04       1.69777E-01       3.98101E-03       4.07245E-03
       2.39883E-02       2.51189E-02       2.45536E-02       1.13060E-03       1.91930E-04       1.69760E-01       4.16821E-03       4.26438E-03
       2.51189E-02       2.63027E-02       2.57108E-02       1.18380E-03       2.00976E-04       1.69772E-01       4.36498E-03       4.46536E-03
       2.63027E-02       2.75423E-02       2.69225E-02       1.23960E-03       2.10448E-04       1.69771E-01       4.57065E-03       4.67581E-03
       2.75423E-02       2.88403E-02       2.81913E-02       1.29800E-03       2.20366E-04       1.69773E-01       4.78613E-03       4.89617E-03
       2.88403E-02       3.01995E-02       2.95199E-02       1.35920E-03       2.30751E-04       1.69770E-01       5.01158E-03       5.12692E-03
       3.01995E-02       3.16228E-02       3.09112E-02       1.42330E-03       2.41627E-04       1.69765E-01       5.24764E-03       5.36855E-03
       3.16228E-02       3.31131E-02       3.23680E-02       1.49030E-03       2.53013E-04       1.69773E-01       5.49520E-03       5.62156E-03
       3.31131E-02       3.46737E-02       3.38934E-02       1.56060E-03       2.64939E-04       1.69768E-01       5.75400E-03       5.88650E-03
       3.46737E-02       3.63078E-02       3.54908E-02       1.63410E-03       2.77425E-04       1.69772E-01       6.02533E-03       6.16392E-03
       3.63078E-02       3.80189E-02       3.71633E-02       1.71110E-03       2.90497E-04       1.69772E-01       6.30931E-03       6.45442E-03
       3.80189E-02       3.98107E-02       3.89148E-02       1.79180E-03       3.04190E-04       1.69768E-01       6.60648E-03       6.75861E-03
       3.98107E-02       4.16869E-02       4.07488E-02       1.87620E-03       3.18524E-04       1.69771E-01       6.91796E-03       7.07714E-03
       4.16869E-02       4.36516E-02       4.26693E-02       1.96470E-03       3.33536E-04       1.69764E-01       7.24370E-03       7.41067E-03
       4.36516E-02       4.57088E-02       4.46802E-02       2.05720E-03       3.49257E-04       1.69773E-01       7.58550E-03       7.75993E-03
       4.57088E-02       4.78630E-02       4.67859E-02       2.15420E-03       3.65715E-04       1.69769E-01       7.94277E-03       8.12564E-03
       4.78630E-02       5.01187E-02       4.89908E-02       2.25570E-03       3.82951E-04       1.69771E-01       8.31721E-03       8.50860E-03
       5.01187E-02       5.24808E-02       5.12998E-02       2.36210E-03       4.01000E-04       1.69764E-01       8.70886E-03       8.90960E-03
       5.24808E-02       5.49541E-02       5.37174E-02       2.47330E-03       4.19897E-04       1.69772E-01       9.11972E-03       9.32949E-03
       5.49541E-02       5.75440E-02       5.62491E-02       2.58990E-03       4.39686E-04       1.69769E-01       9.54937E-03       9.76918E-03
       5.75440E-02       6.02560E-02       5.89000E-02       2.71200E-03       4.60410E-04       1.69768E-01       9.99931E-03       1.02296E-02
       6.02560E-02       6.30957E-02       6.16758E-02       2.83970E-03       4.82106E-04       1.69774E-01       1.04709E-02       1.07117E-02
       6.30957E-02       6.60693E-02       6.45825E-02       2.97360E-03       5.04829E-04       1.69770E-01       1.09642E-02       1.12165E-02
       6.60693E-02       6.91831E-02       6.76262E-02       3.11380E-03       5.28621E-04       1.69767E-01       1.14807E-02       1.17451E-02
       6.91831E-02       7.24436E-02       7.08134E-02       3.26050E-03       5.79357E-04       1.77690E-01       1.25828E-02       1.23245E-02
       7.24436E-02       7.58578E-02       7.41507E-02       3.41420E-03       8.19089E-04       2.39907E-01       1.77893E-02       1.31436E-02
       7.58578E-02       7.94328E-02       7.76453E-02       3.57500E-03       1.17492E-03       3.28649E-01       2.55180E-02       1.43185E-02
       7.94328E-02       8.31764E-02       8.13046E-02       3.74360E-03       1.24931E-03       3.33720E-01       2.71329E-02       1.55678E-02
       8.31764E-02       8.70964E-02       8.51364E-02       3.92000E-03       1.30819E-03       3.33722E-01       2.84119E-02       1.68760E-02
       8.70964E-02       9.12011E-02       8.91488E-02       4.10470E-03       1.36984E-03       3.33725E-01       2.97511E-02       1.82459E-02
       9.12011E-02       9.54993E-02       9.33502E-02       4.29820E-03       1.43440E-03       3.33722E-01       3.11530E-02       1.96803E-02
       9.54993E-02       1.00000E-01       9.77497E-02       4.50070E-03       1.50200E-03       3.33726E-01       3.26216E-02       2.11823E-02
       1.00000E-01       1.04713E-01       1.02357E-01       4.71300E-03       1.57281E-03       3.33717E-01       3.41581E-02       2.27551E-02
       1.04713E-01       1.09648E-01       1.07180E-01       4.93500E-03       1.64689E-03       3.33717E-01       3.57679E-02       2.44020E-02
       1.09648E-01       1.14815E-01       1.12231E-01       5.16700E-03       1.99215E-03       3.85552E-01       4.32710E-02       2.63941E-02
       1.14815E-01       1.20226E-01       1.17520E-01       5.41100E-03       3.13045E-03       5.78534E-01       6.79896E-02       2.95246E-02
       1.20226E-01       1.25892E-01       1.23059E-01       5.66600E-03       3.63745E-03       6.41979E-01       7.90013E-02       3.31620E-02
       1.25892E-01       1.31826E-01       1.28859E-01       5.93400E-03       3.80893E-03       6.41882E-01       8.27123E-02       3.69709E-02
       1.31826E-01       1.38038E-01       1.34932E-01       6.21200E-03       3.98836E-03       6.42041E-01       8.66319E-02       4.09593E-02
       1.38038E-01       1.44544E-01       1.41291E-01       6.50600E-03       4.15092E-03       6.38014E-01       9.01457E-02       4.51102E-02
       1.44544E-01       1.51356E-01       1.47950E-01       6.81200E-03       4.10689E-03       6.02891E-01       8.91977E-02       4.92171E-02
       1.51356E-01       1.58489E-01       1.54923E-01       7.13300E-03       3.91824E-03       5.49311E-01       8.51006E-02       5.31353E-02
       1.58489E-01       1.65959E-01       1.62224E-01       7.47000E-03       4.06807E-03       5.44588E-01       8.83452E-02       5.72034E-02
       1.65959E-01       1.73780E-01       1.69869E-01       7.82100E-03       4.25977E-03       5.44659E-01       9.25209E-02       6.14632E-02
       1.73780E-01       1.81970E-01       1.77875E-01       8.19000E-03       4.46052E-03       5.44630E-01       9.68761E-02       6.59237E-02
       1.81970E-01       1.90546E-01       1.86258E-01       8.57600E-03       4.67076E-03       5.44631E-01       1.01442E-01       7.05945E-02
       1.90546E-01       1.99526E-01       1.95036E-01       8.98000E-03       4.89084E-03       5.44637E-01       1.06224E-01       7.54853E-02
       1.99526E-01       2.08930E-01       2.04228E-01       9.40400E-03       5.12138E-03       5.44596E-01       1.11222E-01       8.06067E-02
       2.08930E-01       2.18776E-01       2.13853E-01       9.84600E-03       5.44349E-03       5.52863E-01       1.18231E-01       8.60502E-02
       2.18776E-01       2.29087E-01       2.23931E-01       1.03110E-02       7.76428E-03       7.53009E-01       1.68622E-01       9.38145E-02
       2.29087E-01       2.39883E-01       2.34485E-01       1.07960E-02       1.48869E-02       1.37893E+00       3.23337E-01       1.08701E-01
       2.39883E-01       2.51189E-01       2.45536E-01       1.13060E-02       1.82219E-02       1.61170E+00       3.95731E-01       1.26923E-01
       2.51189E-01       2.63027E-01       2.57108E-01       1.18380E-02       1.90808E-02       1.61183E+00       4.14414E-01       1.46004E-01
       2.63027E-01       2.75423E-01       2.69225E-01       1.23960E-02       1.99800E-02       1.61181E+00       4.33940E-01       1.65984E-01
       2.75423E-01       2.88403E-01       2.81913E-01       1.29800E-02       2.08811E-02       1.60871E+00       4.53516E-01       1.86865E-01
       2.88403E-01       3.01995E-01       2.95199E-01       1.35920E-02       2.14105E-02       1.57523E+00       4.65006E-01       2.08276E-01
       3.01995E-01       3.16228E-01       3.09112E-01       1.42330E-02       2.16429E-02       1.52061E+00       4.70039E-01       2.29919E-01
       3.16228E-01       3.31131E-01       3.23680E-01       1.49030E-02       2.25685E-02       1.51436E+00       4.90167E-01       2.52487E-01
       3.31131E-01       3.46737E-01       3.38934E-01       1.56060E-02       2.24706E-02       1.43987E+00       4.88021E-01       2.74958E-01
       3.46737E-01       3.63078E-01       3.54908E-01       1.63410E-02       2.04785E-02       1.25320E+00       4.44770E-01       2.95436E-01
       3.63078E-01       3.80189E-01       3.71633E-01       1.71110E-02       2.12349E-02       1.24101E+00       4.61201E-01       3.16671E-01
       3.80189E-01       3.98107E-01       3.89148E-01       1.79180E-02       2.29469E-02       1.28066E+00       4.98367E-01       3.39618E-01
       3.98107E-01       4.16869E-01       4.07488E-01       1.87620E-02       2.40479E-02       1.28173E+00       5.22291E-01       3.63666E-01
       4.16869E-01       4.36516E-01       4.26692E-01       1.96470E-02       2.51496E-02       1.28008E+00       5.46199E-01       3.88816E-01
       4.36516E-01       4.57088E-01       4.46802E-01       2.05720E-02       2.61159E-02       1.26949E+00       5.67210E-01       4.14932E-01
       4.57088E-01       4.78630E-01       4.67859E-01       2.15420E-02       2.70504E-02       1.25570E+00       5.87492E-01       4.41982E-01
       4.78630E-01       5.01187E-01       4.89909E-01       2.25570E-02       2.83159E-02       1.25530E+00       6.14983E-01       4.70298E-01
       5.01187E-01       5.24808E-01       5.12998E-01       2.36210E-02       2.94420E-02       1.24643E+00       6.39417E-01       4.99740E-01
       5.24808E-01       5.49541E-01       5.37174E-01       2.47330E-02       3.03859E-02       1.22856E+00       6.59950E-01       5.30126E-01
       5.49541E-01       5.75440E-01       5.62490E-01       2.58990E-02       3.17667E-02       1.22656E+00       6.89928E-01       5.61892E-01
       5.75440E-01       6.02560E-01       5.89000E-01       2.71200E-02       3.38043E-02       1.24647E+00       7.34170E-01       5.95697E-01
       6.02560E-01       6.30957E-01       6.16758E-01       2.83970E-02       3.63748E-02       1.28094E+00       7.90030E-01       6.32071E-01
       6.30957E-01       6.60693E-01       6.45825E-01       2.97360E-02       3.80683E-02       1.28021E+00       8.26792E-01       6.70140E-01
       6.60693E-01       6.91831E-01       6.76262E-01       3.11380E-02       4.07772E-02       1.30956E+00       8.85608E-01       7.10917E-01
       6.91831E-01       7.24436E-01       7.08133E-01       3.26050E-02       4.85020E-02       1.48756E+00       1.05339E+00       7.59419E-01
       7.24436E-01       7.58578E-01       7.41507E-01       3.41420E-02       5.26311E-02       1.54154E+00       1.14306E+00       8.12050E-01
       7.58578E-01       7.94328E-01       7.76453E-01       3.57500E-02       5.30415E-02       1.48368E+00       1.15201E+00       8.65092E-01
       7.94328E-01       8.31764E-01       8.13046E-01       3.74360E-02       4.38514E-02       1.17137E+00       9.52378E-01       9.08943E-01
       8.31764E-01       8.70964E-01       8.51364E-01       3.92000E-02       3.57861E-02       9.12910E-01       7.77219E-01       9.44729E-01
       8.70964E-01       9.12011E-01       8.91487E-01       4.10470E-02       3.22956E-02       7.86797E-01       7.01419E-01       9.77025E-01
       9.12011E-01       9.54993E-01       9.33502E-01       4.29820E-02       1.62104E-02       3.77145E-01       3.52065E-01       9.93235E-01
       9.54993E-01       1.00000E+00       9.77497E-01       4.50070E-02       4.55123E-03       1.01123E-01       9.88471E-02       9.97786E-01
       1.00000E+00       1.04713E+00       1.02357E+00       4.71300E-02       1.86067E-03       3.94796E-02       4.04099E-02       9.99647E-01
       1.04713E+00       1.09648E+00       1.07181E+00       4.93500E-02       3.53091E-04       7.15484E-03       7.66859E-03       1.00000E+00

 Sum =                                                                         1.00000E+00
 Renormalization bin#   950 =                                                  6.43703E-04 barn        1.48000E+07        1.50000E+07        1.49000E+07
 Avg. Energy     bin#   950 =                                                  5.23389E-01 MeV         1.48000E+07        1.50000E+07
