"        MT= 28 recoil spectrum "
" Initial neutron energy corresponds to the group:"
   1.46000E+01    1.48000E+01       0.00000E+00           615           865           251



          Low               High              Mid              Energy           Number             dn/de            E*dn/de          Cumulative
         Energy            Energy            Energy             Width          Fraction                               Sum   
         [MeV]             [MeV]             [MeV]              [MeV]

       9.97500E-06       1.00000E-05       9.98750E-06       2.49996E-08       0.00000E+00       0.00000E+00       0.00000E+00       0.00000E+00
       1.00000E-05       1.04713E-05       1.02356E-05       4.71300E-07       4.72834E-08       1.00325E-01       1.02690E-06       4.72834E-08
       1.04713E-05       1.09648E-05       1.07180E-05       4.93500E-07       4.95110E-08       1.00326E-01       1.07530E-06       9.67943E-08
       1.09648E-05       1.14815E-05       1.12232E-05       5.16700E-07       5.18442E-08       1.00337E-01       1.12610E-06       1.48639E-07
       1.14815E-05       1.20226E-05       1.17521E-05       5.41101E-07       5.42862E-08       1.00326E-01       1.17903E-06       2.02925E-07
       1.20226E-05       1.25892E-05       1.23059E-05       5.66600E-07       5.68463E-08       1.00329E-01       1.23464E-06       2.59771E-07
       1.25892E-05       1.31826E-05       1.28859E-05       5.93400E-07       5.95244E-08       1.00311E-01       1.29259E-06       3.19295E-07
       1.31826E-05       1.38038E-05       1.34932E-05       6.21200E-07       6.23299E-08       1.00338E-01       1.35388E-06       3.81625E-07
       1.38038E-05       1.44544E-05       1.41291E-05       6.50600E-07       6.52690E-08       1.00321E-01       1.41745E-06       4.46894E-07
       1.44544E-05       1.51356E-05       1.47950E-05       6.81200E-07       6.83448E-08       1.00330E-01       1.48438E-06       5.15239E-07
       1.51356E-05       1.58489E-05       1.54922E-05       7.13300E-07       7.15635E-08       1.00327E-01       1.55430E-06       5.86803E-07
       1.58489E-05       1.65959E-05       1.62224E-05       7.47000E-07       7.49375E-08       1.00318E-01       1.62740E-06       6.61740E-07
       1.65959E-05       1.73780E-05       1.69869E-05       7.82101E-07       7.84701E-08       1.00332E-01       1.70434E-06       7.40210E-07
       1.73780E-05       1.81970E-05       1.77875E-05       8.19000E-07       8.21672E-08       1.00326E-01       1.78455E-06       8.22377E-07
       1.81970E-05       1.90546E-05       1.86258E-05       8.57599E-07       8.60415E-08       1.00328E-01       1.86869E-06       9.08419E-07
       1.90546E-05       1.99526E-05       1.95036E-05       8.98001E-07       9.00928E-08       1.00326E-01       1.95672E-06       9.98512E-07
       1.99526E-05       2.08930E-05       2.04228E-05       9.40399E-07       9.43399E-08       1.00319E-01       2.04879E-06       1.09285E-06
       2.08930E-05       2.18776E-05       2.13853E-05       9.84600E-07       9.87889E-08       1.00334E-01       2.14567E-06       1.19164E-06
       2.18776E-05       2.29087E-05       2.23932E-05       1.03110E-06       1.03443E-07       1.00323E-01       2.24654E-06       1.29508E-06
       2.29087E-05       2.39883E-05       2.34485E-05       1.07960E-06       1.08318E-07       1.00331E-01       2.35262E-06       1.40340E-06
       2.39883E-05       2.51189E-05       2.45536E-05       1.13060E-06       1.13422E-07       1.00320E-01       2.46323E-06       1.51682E-06
       2.51189E-05       2.63027E-05       2.57108E-05       1.18380E-06       1.18769E-07       1.00329E-01       2.57953E-06       1.63559E-06
       2.63027E-05       2.75423E-05       2.69225E-05       1.23960E-06       1.24365E-07       1.00326E-01       2.70104E-06       1.75996E-06
       2.75423E-05       2.88403E-05       2.81913E-05       1.29800E-06       1.30227E-07       1.00329E-01       2.82841E-06       1.89018E-06
       2.88403E-05       3.01995E-05       2.95199E-05       1.35920E-06       1.36363E-07       1.00326E-01       2.96162E-06       2.02655E-06
       3.01995E-05       3.16228E-05       3.09111E-05       1.42330E-06       1.42791E-07       1.00324E-01       3.10113E-06       2.16934E-06
       3.16228E-05       3.31131E-05       3.23679E-05       1.49030E-06       1.49521E-07       1.00330E-01       3.24746E-06       2.31886E-06
       3.31131E-05       3.46737E-05       3.38934E-05       1.56060E-06       1.56567E-07       1.00325E-01       3.40036E-06       2.47543E-06
       3.46737E-05       3.63078E-05       3.54907E-05       1.63410E-06       1.63946E-07       1.00328E-01       3.56071E-06       2.63937E-06
       3.63078E-05       3.80189E-05       3.71634E-05       1.71110E-06       1.71673E-07       1.00329E-01       3.72856E-06       2.81105E-06
       3.80189E-05       3.98107E-05       3.89148E-05       1.79180E-06       1.79763E-07       1.00326E-01       3.90415E-06       2.99081E-06
       3.98107E-05       4.16869E-05       4.07488E-05       1.87620E-06       1.88236E-07       1.00328E-01       4.08825E-06       3.17905E-06
       4.16869E-05       4.36516E-05       4.26692E-05       1.96470E-06       1.97106E-07       1.00324E-01       4.28073E-06       3.37615E-06
       4.36516E-05       4.57088E-05       4.46802E-05       2.05720E-06       2.06395E-07       1.00328E-01       4.48268E-06       3.58255E-06
       4.57088E-05       4.78630E-05       4.67859E-05       2.15420E-06       2.16123E-07       1.00326E-01       4.69386E-06       3.79867E-06
       4.78630E-05       5.01187E-05       4.89908E-05       2.25570E-06       2.26307E-07       1.00327E-01       4.91509E-06       4.02498E-06
       5.01187E-05       5.24808E-05       5.12998E-05       2.36210E-06       2.36976E-07       1.00324E-01       5.14661E-06       4.26195E-06
       5.24808E-05       5.49541E-05       5.37174E-05       2.47330E-06       2.48142E-07       1.00328E-01       5.38938E-06       4.51009E-06
       5.49541E-05       5.75440E-05       5.62490E-05       2.58990E-06       2.59836E-07       1.00327E-01       5.64329E-06       4.76993E-06
       5.75440E-05       6.02560E-05       5.89000E-05       2.71200E-06       2.72084E-07       1.00326E-01       5.90918E-06       5.04201E-06
       6.02560E-05       6.30957E-05       6.16758E-05       2.83970E-06       2.84906E-07       1.00330E-01       6.18791E-06       5.32692E-06
       6.30957E-05       6.60693E-05       6.45825E-05       2.97360E-06       2.98333E-07       1.00327E-01       6.47940E-06       5.62525E-06
       6.60693E-05       6.91831E-05       6.76262E-05       3.11380E-06       3.12395E-07       1.00326E-01       6.78467E-06       5.93765E-06
       6.91831E-05       7.24436E-05       7.08134E-05       3.26051E-06       3.27122E-07       1.00328E-01       7.10460E-06       6.26477E-06
       7.24436E-05       7.58578E-05       7.41507E-05       3.41420E-06       3.42532E-07       1.00326E-01       7.43921E-06       6.60730E-06
       7.58578E-05       7.94328E-05       7.76453E-05       3.57500E-06       3.58687E-07       1.00332E-01       7.79033E-06       6.96599E-06
       7.94328E-05       8.31764E-05       8.13046E-05       3.74360E-06       3.75589E-07       1.00328E-01       8.15715E-06       7.34158E-06
       8.31764E-05       8.70964E-05       8.51364E-05       3.92000E-06       3.93267E-07       1.00323E-01       8.54116E-06       7.73484E-06
       8.70964E-05       9.12011E-05       8.91488E-05       4.10471E-06       4.11815E-07       1.00327E-01       8.94407E-06       8.14666E-06
       9.12011E-05       9.54993E-05       9.33502E-05       4.29820E-06       4.31233E-07       1.00329E-01       9.36571E-06       8.57789E-06
       9.54993E-05       1.00000E-04       9.77497E-05       4.50070E-06       4.51552E-07       1.00329E-01       9.80714E-06       9.02944E-06
       1.00000E-04       1.04713E-04       1.02356E-04       4.71300E-06       4.72834E-07       1.00325E-01       1.02690E-05       9.50228E-06
       1.04713E-04       1.09648E-04       1.07181E-04       4.93501E-06       4.95110E-07       1.00326E-01       1.07530E-05       9.99738E-06
       1.09648E-04       1.14815E-04       1.12232E-04       5.16700E-06       5.18442E-07       1.00337E-01       1.12610E-05       1.05158E-05
       1.14815E-04       1.20226E-04       1.17520E-04       5.41100E-06       5.42862E-07       1.00326E-01       1.17903E-05       1.10587E-05
       1.20226E-04       1.25892E-04       1.23059E-04       5.66600E-06       5.68463E-07       1.00329E-01       1.23464E-05       1.16272E-05
       1.25892E-04       1.31826E-04       1.28859E-04       5.93401E-06       5.95244E-07       1.00311E-01       1.29259E-05       1.22224E-05
       1.31826E-04       1.38038E-04       1.34932E-04       6.21199E-06       6.23299E-07       1.00338E-01       1.35388E-05       1.28457E-05
       1.38038E-04       1.44544E-04       1.41291E-04       6.50601E-06       6.52690E-07       1.00321E-01       1.41745E-05       1.34984E-05
       1.44544E-04       1.51356E-04       1.47950E-04       6.81200E-06       6.83448E-07       1.00330E-01       1.48438E-05       1.41818E-05
       1.51356E-04       1.58489E-04       1.54922E-04       7.13300E-06       7.15635E-07       1.00327E-01       1.55430E-05       1.48975E-05
       1.58489E-04       1.65959E-04       1.62224E-04       7.47000E-06       7.49375E-07       1.00318E-01       1.62740E-05       1.56468E-05
       1.65959E-04       1.73780E-04       1.69870E-04       7.82100E-06       7.84701E-07       1.00333E-01       1.70434E-05       1.64315E-05
       1.73780E-04       1.81970E-04       1.77875E-04       8.19000E-06       8.21672E-07       1.00326E-01       1.78455E-05       1.72532E-05
       1.81970E-04       1.90546E-04       1.86258E-04       8.57600E-06       8.60415E-07       1.00328E-01       1.86869E-05       1.81136E-05
       1.90546E-04       1.99526E-04       1.95036E-04       8.98000E-06       9.00928E-07       1.00326E-01       1.95672E-05       1.90146E-05
       1.99526E-04       2.08930E-04       2.04228E-04       9.40399E-06       9.43399E-07       1.00319E-01       2.04879E-05       1.99580E-05
       2.08930E-04       2.18776E-04       2.13853E-04       9.84601E-06       9.87889E-07       1.00334E-01       2.14567E-05       2.09458E-05
       2.18776E-04       2.29087E-04       2.23932E-04       1.03110E-05       1.03443E-06       1.00323E-01       2.24655E-05       2.19803E-05
       2.29087E-04       2.39883E-04       2.34485E-04       1.07960E-05       1.08318E-06       1.00331E-01       2.35262E-05       2.30635E-05
       2.39883E-04       2.51189E-04       2.45536E-04       1.13060E-05       1.13422E-06       1.00320E-01       2.46323E-05       2.41977E-05
       2.51189E-04       2.63027E-04       2.57108E-04       1.18380E-05       1.18769E-06       1.00329E-01       2.57953E-05       2.53854E-05
       2.63027E-04       2.75423E-04       2.69225E-04       1.23960E-05       1.24365E-06       1.00326E-01       2.70104E-05       2.66290E-05
       2.75423E-04       2.88403E-04       2.81913E-04       1.29800E-05       1.30227E-06       1.00329E-01       2.82841E-05       2.79313E-05
       2.88403E-04       3.01995E-04       2.95199E-04       1.35920E-05       1.36363E-06       1.00326E-01       2.96162E-05       2.92949E-05
       3.01995E-04       3.16228E-04       3.09111E-04       1.42330E-05       1.42791E-06       1.00324E-01       3.10114E-05       3.07228E-05
       3.16228E-04       3.31131E-04       3.23680E-04       1.49030E-05       1.49521E-06       1.00329E-01       3.24745E-05       3.22180E-05
       3.31131E-04       3.46737E-04       3.38934E-04       1.56060E-05       1.56567E-06       1.00325E-01       3.40036E-05       3.37837E-05
       3.46737E-04       3.63078E-04       3.54908E-04       1.63410E-05       1.63946E-06       1.00328E-01       3.56072E-05       3.54232E-05
       3.63078E-04       3.80189E-04       3.71634E-04       1.71110E-05       1.71673E-06       1.00329E-01       3.72856E-05       3.71399E-05
       3.80189E-04       3.98107E-04       3.89148E-04       1.79180E-05       1.79763E-06       1.00325E-01       3.90414E-05       3.89375E-05
       3.98107E-04       4.16869E-04       4.07488E-04       1.87620E-05       1.88236E-06       1.00328E-01       4.08825E-05       4.08199E-05
       4.16869E-04       4.36516E-04       4.26692E-04       1.96470E-05       1.97106E-06       1.00324E-01       4.28073E-05       4.27910E-05
       4.36516E-04       4.57088E-04       4.46802E-04       2.05720E-05       2.06395E-06       1.00328E-01       4.48268E-05       4.48549E-05
       4.57088E-04       4.78630E-04       4.67859E-04       2.15420E-05       2.16123E-06       1.00326E-01       4.69385E-05       4.70161E-05
       4.78630E-04       5.01187E-04       4.89909E-04       2.25570E-05       2.26307E-06       1.00327E-01       4.91509E-05       4.92792E-05
       5.01187E-04       5.24808E-04       5.12998E-04       2.36210E-05       2.36976E-06       1.00324E-01       5.14662E-05       5.16490E-05
       5.24808E-04       5.49541E-04       5.37175E-04       2.47330E-05       2.48142E-06       1.00328E-01       5.38938E-05       5.41304E-05
       5.49541E-04       5.75440E-04       5.62491E-04       2.58990E-05       2.59836E-06       1.00327E-01       5.64329E-05       5.67288E-05
       5.75440E-04       6.02560E-04       5.89000E-04       2.71200E-05       2.72084E-06       1.00326E-01       5.90919E-05       5.94496E-05
       6.02560E-04       6.30957E-04       6.16758E-04       2.83970E-05       2.84906E-06       1.00330E-01       6.18791E-05       6.22986E-05
       6.30957E-04       6.60693E-04       6.45825E-04       2.97360E-05       2.98333E-06       1.00327E-01       6.47939E-05       6.52820E-05
       6.60693E-04       6.91831E-04       6.76262E-04       3.11380E-05       3.12392E-06       1.00325E-01       6.78460E-05       6.84059E-05
       6.91831E-04       7.24436E-04       7.08133E-04       3.26050E-05       3.27115E-06       1.00327E-01       7.10448E-05       7.16771E-05
       7.24436E-04       7.58578E-04       7.41507E-04       3.41420E-05       3.42532E-06       1.00326E-01       7.43921E-05       7.51024E-05
       7.58578E-04       7.94328E-04       7.76453E-04       3.57500E-05       3.58675E-06       1.00329E-01       7.79005E-05       7.86891E-05
       7.94328E-04       8.31764E-04       8.13046E-04       3.74360E-05       3.75579E-06       1.00326E-01       8.15695E-05       8.24449E-05
       8.31764E-04       8.70964E-04       8.51364E-04       3.92000E-05       3.93279E-06       1.00326E-01       8.54142E-05       8.63777E-05
       8.70964E-04       9.12011E-04       8.91487E-04       4.10470E-05       4.11812E-06       1.00327E-01       8.94401E-05       9.04958E-05
       9.12011E-04       9.54993E-04       9.33502E-04       4.29820E-05       4.31223E-06       1.00327E-01       9.36550E-05       9.48081E-05
       9.54993E-04       1.00000E-03       9.77497E-04       4.50070E-05       4.51545E-06       1.00328E-01       9.80700E-05       9.93235E-05
       1.00000E-03       1.04713E-03       1.02356E-03       4.71300E-05       4.72830E-06       1.00325E-01       1.02689E-04       1.04052E-04
       1.04713E-03       1.09648E-03       1.07180E-03       4.93500E-05       4.95104E-06       1.00325E-01       1.07529E-04       1.09003E-04
       1.09648E-03       1.14815E-03       1.12231E-03       5.16700E-05       5.18448E-06       1.00338E-01       1.12611E-04       1.14187E-04
       1.14815E-03       1.20226E-03       1.17520E-03       5.41100E-05       5.42868E-06       1.00327E-01       1.17905E-04       1.19616E-04
       1.20226E-03       1.25892E-03       1.23059E-03       5.66600E-05       5.68460E-06       1.00328E-01       1.23463E-04       1.25301E-04
       1.25892E-03       1.31826E-03       1.28859E-03       5.93400E-05       5.95259E-06       1.00313E-01       1.29263E-04       1.31253E-04
       1.31826E-03       1.38038E-03       1.34932E-03       6.21200E-05       6.23299E-06       1.00338E-01       1.35388E-04       1.37486E-04
       1.38038E-03       1.44544E-03       1.41291E-03       6.50599E-05       6.52687E-06       1.00321E-01       1.41744E-04       1.44013E-04
       1.44544E-03       1.51356E-03       1.47950E-03       6.81201E-05       6.83435E-06       1.00328E-01       1.48435E-04       1.50847E-04
       1.51356E-03       1.58489E-03       1.54923E-03       7.13300E-05       7.15651E-06       1.00330E-01       1.55433E-04       1.58004E-04
       1.58489E-03       1.65959E-03       1.62224E-03       7.47000E-05       7.49379E-06       1.00318E-01       1.62741E-04       1.65498E-04
       1.65959E-03       1.73780E-03       1.69870E-03       7.82101E-05       7.84694E-06       1.00332E-01       1.70433E-04       1.73345E-04
       1.73780E-03       1.81970E-03       1.77875E-03       8.18999E-05       8.21675E-06       1.00327E-01       1.78456E-04       1.81561E-04
       1.81970E-03       1.90546E-03       1.86258E-03       8.57600E-05       8.60402E-06       1.00327E-01       1.86867E-04       1.90165E-04
       1.90546E-03       1.99526E-03       1.95036E-03       8.98001E-05       9.00944E-06       1.00328E-01       1.95675E-04       1.99175E-04
       1.99526E-03       2.08930E-03       2.04228E-03       9.40400E-05       9.43411E-06       1.00320E-01       2.04882E-04       2.08609E-04
       2.08930E-03       2.18776E-03       2.13853E-03       9.84600E-05       9.87877E-06       1.00333E-01       2.14565E-04       2.18488E-04
       2.18776E-03       2.29087E-03       2.23932E-03       1.03110E-04       1.03443E-05       1.00323E-01       2.24654E-04       2.28832E-04
       2.29087E-03       2.39883E-03       2.34485E-03       1.07960E-04       1.08318E-05       1.00331E-01       2.35262E-04       2.39664E-04
       2.39883E-03       2.51189E-03       2.45536E-03       1.13060E-04       1.13422E-05       1.00321E-01       2.46323E-04       2.51006E-04
       2.51189E-03       2.63027E-03       2.57108E-03       1.18380E-04       1.18769E-05       1.00328E-01       2.57952E-04       2.62883E-04
       2.63027E-03       2.75423E-03       2.69225E-03       1.23960E-04       1.24366E-05       1.00327E-01       2.70107E-04       2.75320E-04
       2.75423E-03       2.88403E-03       2.81913E-03       1.29800E-04       1.30227E-05       1.00329E-01       2.82840E-04       2.88342E-04
       2.88403E-03       3.01995E-03       2.95199E-03       1.35920E-04       1.36364E-05       1.00327E-01       2.96163E-04       3.01979E-04
       3.01995E-03       3.16228E-03       3.09112E-03       1.42330E-04       1.42791E-05       1.00324E-01       3.10112E-04       3.16258E-04
       3.16228E-03       3.31131E-03       3.23679E-03       1.49030E-04       1.49520E-05       1.00329E-01       3.24744E-04       3.31210E-04
       3.31131E-03       3.46737E-03       3.38934E-03       1.56060E-04       1.56568E-05       1.00325E-01       3.40037E-04       3.46866E-04
       3.46737E-03       3.63078E-03       3.54907E-03       1.63410E-04       1.63946E-05       1.00328E-01       3.56071E-04       3.63261E-04
       3.63078E-03       3.80189E-03       3.71633E-03       1.71110E-04       1.71672E-05       1.00328E-01       3.72854E-04       3.80428E-04
       3.80189E-03       3.98107E-03       3.89148E-03       1.79180E-04       1.79763E-05       1.00326E-01       3.90415E-04       3.98405E-04
       3.98107E-03       4.16869E-03       4.07488E-03       1.87620E-04       1.88235E-05       1.00328E-01       4.08824E-04       4.17228E-04
       4.16869E-03       4.36516E-03       4.26693E-03       1.96470E-04       1.97106E-05       1.00323E-01       4.28072E-04       4.36939E-04
       4.36516E-03       4.57088E-03       4.46802E-03       2.05720E-04       2.06396E-05       1.00329E-01       4.48271E-04       4.57578E-04
       4.57088E-03       4.78630E-03       4.67859E-03       2.15420E-04       2.16123E-05       1.00326E-01       4.69385E-04       4.79190E-04
       4.78630E-03       5.01187E-03       4.89909E-03       2.25570E-04       2.26308E-05       1.00327E-01       4.91511E-04       5.01821E-04
       5.01187E-03       5.24807E-03       5.12997E-03       2.36200E-04       2.36974E-05       1.00328E-01       5.14680E-04       5.25519E-04
       5.24807E-03       5.49541E-03       5.37174E-03       2.47340E-04       2.48142E-05       1.00324E-01       5.38915E-04       5.50333E-04
       5.49541E-03       5.75440E-03       5.62491E-03       2.58990E-04       2.59836E-05       1.00327E-01       5.64328E-04       5.76317E-04
       5.75440E-03       6.02560E-03       5.89000E-03       2.71200E-04       2.72083E-05       1.00325E-01       5.90917E-04       6.03525E-04
       6.02560E-03       6.30957E-03       6.16759E-03       2.83970E-04       2.84905E-05       1.00329E-01       6.18789E-04       6.32015E-04
       6.30957E-03       6.60693E-03       6.45825E-03       2.97360E-04       2.98332E-05       1.00327E-01       6.47936E-04       6.61849E-04
       6.60693E-03       6.91831E-03       6.76262E-03       3.11380E-04       3.12392E-05       1.00325E-01       6.78460E-04       6.93088E-04
       6.91831E-03       7.24436E-03       7.08133E-03       3.26050E-04       3.27115E-05       1.00327E-01       7.10448E-04       7.25799E-04
       7.24436E-03       7.58578E-03       7.41507E-03       3.41420E-04       3.42532E-05       1.00326E-01       7.43922E-04       7.60052E-04
       7.58578E-03       7.94328E-03       7.76453E-03       3.57500E-04       3.58675E-05       1.00329E-01       7.79005E-04       7.95920E-04
       7.94328E-03       8.31764E-03       8.13046E-03       3.74360E-04       3.75579E-05       1.00326E-01       8.15695E-04       8.33478E-04
       8.31764E-03       8.70964E-03       8.51364E-03       3.92000E-04       3.93279E-05       1.00326E-01       8.54142E-04       8.72806E-04
       8.70964E-03       9.12011E-03       8.91487E-03       4.10471E-04       4.11812E-05       1.00327E-01       8.94400E-04       9.13987E-04
       9.12011E-03       9.54993E-03       9.33502E-03       4.29819E-04       4.31223E-05       1.00327E-01       9.36551E-04       9.57109E-04
       9.54993E-03       1.00000E-02       9.77496E-03       4.50070E-04       4.51545E-05       1.00328E-01       9.80700E-04       1.00226E-03
       1.00000E-02       1.04713E-02       1.02357E-02       4.71300E-04       4.72830E-05       1.00325E-01       1.02689E-03       1.04955E-03
       1.04713E-02       1.09648E-02       1.07180E-02       4.93500E-04       4.95104E-05       1.00325E-01       1.07529E-03       1.09906E-03
       1.09648E-02       1.14815E-02       1.12232E-02       5.16700E-04       5.18449E-05       1.00338E-01       1.12611E-03       1.15090E-03
       1.14815E-02       1.20226E-02       1.17521E-02       5.41100E-04       5.42868E-05       1.00327E-01       1.17905E-03       1.20519E-03
       1.20226E-02       1.25892E-02       1.23059E-02       5.66601E-04       5.68460E-05       1.00328E-01       1.23463E-03       1.26203E-03
       1.25892E-02       1.31826E-02       1.28859E-02       5.93399E-04       5.95259E-05       1.00313E-01       1.29263E-03       1.32156E-03
       1.31826E-02       1.38038E-02       1.34932E-02       6.21200E-04       6.23299E-05       1.00338E-01       1.35388E-03       1.38389E-03
       1.38038E-02       1.44544E-02       1.41291E-02       6.50601E-04       6.52687E-05       1.00321E-01       1.41744E-03       1.44916E-03
       1.44544E-02       1.51356E-02       1.47950E-02       6.81199E-04       6.83435E-05       1.00328E-01       1.48436E-03       1.51750E-03
       1.51356E-02       1.58489E-02       1.54923E-02       7.13301E-04       7.15650E-05       1.00329E-01       1.55433E-03       1.58907E-03
       1.58489E-02       1.65959E-02       1.62224E-02       7.47000E-04       7.49379E-05       1.00318E-01       1.62741E-03       1.66401E-03
       1.65959E-02       1.73780E-02       1.69870E-02       7.82100E-04       7.84694E-05       1.00332E-01       1.70433E-03       1.74248E-03
       1.73780E-02       1.81970E-02       1.77875E-02       8.19000E-04       8.21675E-05       1.00327E-01       1.78456E-03       1.82464E-03
       1.81970E-02       1.90546E-02       1.86258E-02       8.57600E-04       8.60402E-05       1.00327E-01       1.86867E-03       1.91068E-03
       1.90546E-02       1.99526E-02       1.95036E-02       8.98000E-04       9.00944E-05       1.00328E-01       1.95675E-03       2.00078E-03
       1.99526E-02       2.08930E-02       2.04228E-02       9.40400E-04       9.43412E-05       1.00320E-01       2.04882E-03       2.09512E-03
       2.08930E-02       2.18776E-02       2.13853E-02       9.84600E-04       9.87877E-05       1.00333E-01       2.14565E-03       2.19391E-03
       2.18776E-02       2.29087E-02       2.23931E-02       1.03110E-03       1.03443E-04       1.00323E-01       2.24654E-03       2.29735E-03
       2.29087E-02       2.39883E-02       2.34485E-02       1.07960E-03       1.08318E-04       1.00331E-01       2.35262E-03       2.40567E-03
       2.39883E-02       2.51189E-02       2.45536E-02       1.13060E-03       1.13422E-04       1.00320E-01       2.46323E-03       2.51909E-03
       2.51189E-02       2.63027E-02       2.57108E-02       1.18380E-03       1.18769E-04       1.00329E-01       2.57953E-03       2.63786E-03
       2.63027E-02       2.75423E-02       2.69225E-02       1.23960E-03       1.24366E-04       1.00327E-01       2.70106E-03       2.76222E-03
       2.75423E-02       2.88403E-02       2.81913E-02       1.29800E-03       1.30227E-04       1.00329E-01       2.82840E-03       2.89245E-03
       2.88403E-02       3.01995E-02       2.95199E-02       1.35920E-03       1.36364E-04       1.00327E-01       2.96163E-03       3.02881E-03
       3.01995E-02       3.16228E-02       3.09112E-02       1.42330E-03       1.42791E-04       1.00324E-01       3.10112E-03       3.17161E-03
       3.16228E-02       3.31131E-02       3.23680E-02       1.49030E-03       1.49520E-04       1.00329E-01       3.24744E-03       3.32113E-03
       3.31131E-02       3.46737E-02       3.38934E-02       1.56060E-03       1.56568E-04       1.00326E-01       3.40038E-03       3.47769E-03
       3.46737E-02       3.63078E-02       3.54908E-02       1.63410E-03       1.63946E-04       1.00328E-01       3.56071E-03       3.64164E-03
       3.63078E-02       3.80189E-02       3.71633E-02       1.71110E-03       1.71672E-04       1.00329E-01       3.72854E-03       3.81331E-03
       3.80189E-02       3.98107E-02       3.89148E-02       1.79180E-03       1.79763E-04       1.00326E-01       3.90415E-03       3.99307E-03
       3.98107E-02       4.16869E-02       4.07488E-02       1.87620E-03       1.88235E-04       1.00328E-01       4.08824E-03       4.18131E-03
       4.16869E-02       4.36516E-02       4.26693E-02       1.96470E-03       1.97106E-04       1.00323E-01       4.28072E-03       4.37841E-03
       4.36516E-02       4.57088E-02       4.46802E-02       2.05720E-03       2.06396E-04       1.00329E-01       4.48271E-03       4.58481E-03
       4.57088E-02       4.78630E-02       4.67859E-02       2.15420E-03       2.16123E-04       1.00326E-01       4.69385E-03       4.80093E-03
       4.78630E-02       5.01187E-02       4.89908E-02       2.25570E-03       2.26308E-04       1.00327E-01       4.91511E-03       5.02724E-03
       5.01187E-02       5.24808E-02       5.12998E-02       2.36210E-03       2.36974E-04       1.00324E-01       5.14657E-03       5.26422E-03
       5.24808E-02       5.49541E-02       5.37174E-02       2.47330E-03       2.48142E-04       1.00328E-01       5.38938E-03       5.51236E-03
       5.49541E-02       5.75440E-02       5.62491E-02       2.58990E-03       2.59836E-04       1.00327E-01       5.64328E-03       5.77219E-03
       5.75440E-02       6.02560E-02       5.89000E-02       2.71200E-03       2.72083E-04       1.00326E-01       5.90918E-03       6.04428E-03
       6.02560E-02       6.30957E-02       6.16758E-02       2.83970E-03       2.84905E-04       1.00329E-01       6.18789E-03       6.32918E-03
       6.30957E-02       6.60693E-02       6.45825E-02       2.97360E-03       2.98332E-04       1.00327E-01       6.47937E-03       6.62751E-03
       6.60693E-02       6.91831E-02       6.76262E-02       3.11380E-03       3.32767E-04       1.06868E-01       7.22709E-03       6.96028E-03
       6.91831E-02       7.24436E-02       7.08134E-02       3.26050E-03       5.26259E-04       1.61404E-01       1.14296E-02       7.48654E-03
       7.24436E-02       7.58578E-02       7.41507E-02       3.41420E-03       6.73329E-04       1.97214E-01       1.46236E-02       8.15987E-03
       7.58578E-02       7.94328E-02       7.76453E-02       3.57500E-03       7.05062E-04       1.97220E-01       1.53132E-02       8.86493E-03
       7.94328E-02       8.31764E-02       8.13046E-02       3.74360E-03       7.38293E-04       1.97215E-01       1.60345E-02       9.60322E-03
       8.31764E-02       8.70964E-02       8.51364E-02       3.92000E-03       7.73084E-04       1.97215E-01       1.67902E-02       1.03763E-02
       8.70964E-02       9.12011E-02       8.91488E-02       4.10470E-03       8.09518E-04       1.97217E-01       1.75817E-02       1.11858E-02
       9.12011E-02       9.54993E-02       9.33502E-02       4.29820E-03       8.47674E-04       1.97216E-01       1.84102E-02       1.20335E-02
       9.54993E-02       1.00000E-01       9.77497E-02       4.50070E-03       8.87622E-04       1.97218E-01       1.92780E-02       1.29211E-02
       1.00000E-01       1.04713E-01       1.02357E-01       4.71300E-03       1.01055E-03       2.14418E-01       2.19471E-02       1.39317E-02
       1.04713E-01       1.09648E-01       1.07180E-01       4.93500E-03       1.48563E-03       3.01040E-01       3.22656E-02       1.54173E-02
       1.09648E-01       1.14815E-01       1.12231E-01       5.16700E-03       2.89949E-03       5.61156E-01       6.29794E-02       1.83168E-02
       1.14815E-01       1.20226E-01       1.17520E-01       5.41100E-03       3.13563E-03       5.79492E-01       6.81022E-02       2.14524E-02
       1.20226E-01       1.25892E-01       1.23059E-01       5.66600E-03       3.28346E-03       5.79502E-01       7.13129E-02       2.47359E-02
       1.25892E-01       1.31826E-01       1.28859E-01       5.93400E-03       3.43824E-03       5.79414E-01       7.46627E-02       2.81741E-02
       1.31826E-01       1.38038E-01       1.34932E-01       6.21200E-03       3.57762E-03       5.75920E-01       7.77100E-02       3.17517E-02
       1.38038E-01       1.44544E-01       1.41291E-01       6.50600E-03       3.55167E-03       5.45907E-01       7.71318E-02       3.53034E-02
       1.44544E-01       1.51356E-01       1.47950E-01       6.81200E-03       3.55571E-03       5.21978E-01       7.72266E-02       3.88591E-02
       1.51356E-01       1.58489E-01       1.54923E-01       7.13300E-03       3.72333E-03       5.21986E-01       8.08674E-02       4.25825E-02
       1.58489E-01       1.65959E-01       1.62224E-01       7.47000E-03       3.89880E-03       5.21928E-01       8.46693E-02       4.64813E-02
       1.65959E-01       1.73780E-01       1.69869E-01       7.82100E-03       4.08254E-03       5.21998E-01       8.86715E-02       5.05638E-02
       1.73780E-01       1.81970E-01       1.77875E-01       8.19000E-03       4.27495E-03       5.21972E-01       9.28458E-02       5.48388E-02
       1.81970E-01       1.90546E-01       1.86258E-01       8.57600E-03       4.47643E-03       5.21972E-01       9.72214E-02       5.93152E-02
       1.90546E-01       1.99526E-01       1.95036E-01       8.98000E-03       4.68736E-03       5.21977E-01       1.01804E-01       6.40025E-02
       1.99526E-01       2.08930E-01       2.04228E-01       9.40400E-03       5.33672E-03       5.67495E-01       1.15898E-01       6.93393E-02
       2.08930E-01       2.18776E-01       2.13853E-01       9.84600E-03       8.43029E-03       8.56214E-01       1.83104E-01       7.77695E-02
       2.18776E-01       2.29087E-01       2.23931E-01       1.03110E-02       1.75610E-02       1.70313E+00       3.81385E-01       9.53306E-02
       2.29087E-01       2.39883E-01       2.34485E-01       1.07960E-02       1.91126E-02       1.77034E+00       4.15117E-01       1.14443E-01
       2.39883E-01       2.51189E-01       2.45536E-01       1.13060E-02       2.00133E-02       1.77015E+00       4.34634E-01       1.34456E-01
       2.51189E-01       2.63027E-01       2.57108E-01       1.18380E-02       2.09566E-02       1.77028E+00       4.55154E-01       1.55413E-01
       2.63027E-01       2.75423E-01       2.69225E-01       1.23960E-02       2.19021E-02       1.76687E+00       4.75685E-01       1.77315E-01
       2.75423E-01       2.88403E-01       2.81913E-01       1.29800E-02       2.25775E-02       1.73941E+00       4.90362E-01       1.99893E-01
       2.88403E-01       3.01995E-01       2.95199E-01       1.35920E-02       2.32784E-02       1.71265E+00       5.05573E-01       2.23171E-01
       3.01995E-01       3.16228E-01       3.09112E-01       1.42330E-02       2.39656E-02       1.68380E+00       5.20483E-01       2.47137E-01
       3.16228E-01       3.31131E-01       3.23680E-01       1.49030E-02       2.34681E-02       1.57472E+00       5.09706E-01       2.70605E-01
       3.31131E-01       3.46737E-01       3.38934E-01       1.56060E-02       2.09733E-02       1.34393E+00       4.55502E-01       2.91578E-01
       3.46737E-01       3.63078E-01       3.54908E-01       1.63410E-02       2.22489E-02       1.36154E+00       4.83220E-01       3.13827E-01
       3.63078E-01       3.80189E-01       3.71633E-01       1.71110E-02       2.35408E-02       1.37577E+00       5.11282E-01       3.37368E-01
       3.80189E-01       3.98107E-01       3.89148E-01       1.79180E-02       2.46504E-02       1.37573E+00       5.35363E-01       3.62018E-01
       3.98107E-01       4.16869E-01       4.07488E-01       1.87620E-02       2.57904E-02       1.37461E+00       5.60135E-01       3.87808E-01
       4.16869E-01       4.36516E-01       4.26692E-01       1.96470E-02       2.68129E-02       1.36473E+00       5.82320E-01       4.14621E-01
       4.36516E-01       4.57088E-01       4.46802E-01       2.05720E-02       2.79783E-02       1.36002E+00       6.07659E-01       4.42600E-01
       4.57088E-01       4.78630E-01       4.67859E-01       2.15420E-02       2.92778E-02       1.35910E+00       6.35870E-01       4.71877E-01
       4.78630E-01       5.01187E-01       4.89909E-01       2.25570E-02       3.05152E-02       1.35280E+00       6.62750E-01       5.02393E-01
       5.01187E-01       5.24808E-01       5.12998E-01       2.36210E-02       3.16972E-02       1.34191E+00       6.88394E-01       5.34090E-01
       5.24808E-01       5.49541E-01       5.37174E-01       2.47330E-02       3.32428E-02       1.34407E+00       7.21999E-01       5.67333E-01
       5.49541E-01       5.75440E-01       5.62490E-01       2.58990E-02       3.52210E-02       1.35993E+00       7.64950E-01       6.02554E-01
       5.75440E-01       6.02560E-01       5.89000E-01       2.71200E-02       3.73684E-02       1.37789E+00       8.11578E-01       6.39922E-01
       6.02560E-01       6.30957E-01       6.16758E-01       2.83970E-02       3.97520E-02       1.39987E+00       8.63379E-01       6.79674E-01
       6.30957E-01       6.60693E-01       6.45825E-01       2.97360E-02       4.37682E-02       1.47189E+00       9.50586E-01       7.23442E-01
       6.60693E-01       6.91831E-01       6.76262E-01       3.11380E-02       5.33007E-02       1.71176E+00       1.15760E+00       7.76743E-01
       6.91831E-01       7.24436E-01       7.08133E-01       3.26050E-02       5.64489E-02       1.73130E+00       1.22599E+00       8.33192E-01
       7.24436E-01       7.58578E-01       7.41507E-01       3.41420E-02       5.37981E-02       1.57572E+00       1.16841E+00       8.86990E-01
       7.58578E-01       7.94328E-01       7.76453E-01       3.57500E-02       3.89880E-02       1.09057E+00       8.46780E-01       9.25978E-01
       7.94328E-01       8.31764E-01       8.13046E-01       3.74360E-02       3.47956E-02       9.29470E-01       7.55702E-01       9.60774E-01
       8.31764E-01       8.70964E-01       8.51364E-01       3.92000E-02       2.88755E-02       7.36620E-01       6.27132E-01       9.89649E-01
       8.70964E-01       9.12011E-01       8.91487E-01       4.10470E-02       7.74404E-03       1.88663E-01       1.68191E-01       9.97393E-01
       9.12011E-01       9.54993E-01       9.33502E-01       4.29820E-02       1.66143E-03       3.86541E-02       3.60837E-02       9.99055E-01
       9.54993E-01       1.00000E+00       9.77497E-01       4.50070E-02       9.45363E-04       2.10048E-02       2.05321E-02       1.00000E+00

 Sum =                                                                         1.00000E+00
 Renormalization bin#   949 =                                                  3.21868E-04 barn        1.46000E+07        1.48000E+07        1.47000E+07
 Avg. Energy     bin#   949 =                                                  4.97822E-01 MeV         1.46000E+07        1.48000E+07
