"        MT=107 recoil spectrum "
" Initial neutron energy corresponds to the group:"
   4.57088E+00    4.78630E+00       0.00000E+00           777           844            68



          Low               High              Mid              Energy           Number             dn/de            E*dn/de          Cumulative
         Energy            Energy            Energy             Width          Fraction                               Sum   
         [MeV]             [MeV]             [MeV]              [MeV]

       1.65959E-02       1.73780E-02       1.69870E-02       7.82100E-04       0.00000E+00       0.00000E+00       0.00000E+00       0.00000E+00
       1.73780E-02       1.81970E-02       1.77875E-02       8.19000E-04       7.59727E-05       9.27628E-02       1.65002E-03       7.59727E-05
       1.81970E-02       1.90546E-02       1.86258E-02       8.57600E-04       3.66080E-04       4.26866E-01       7.95071E-03       4.42052E-04
       1.90546E-02       1.99526E-02       1.95036E-02       8.98000E-04       6.83952E-04       7.61639E-01       1.48547E-02       1.12600E-03
       1.99526E-02       2.08930E-02       2.04228E-02       9.40400E-04       1.01874E-03       1.08331E+00       2.21242E-02       2.14475E-03
       2.08930E-02       2.18776E-02       2.13853E-02       9.84600E-04       1.37827E-03       1.39983E+00       2.99357E-02       3.52302E-03
       2.18776E-02       2.29087E-02       2.23931E-02       1.03110E-03       1.75551E-03       1.70256E+00       3.81257E-02       5.27853E-03
       2.29087E-02       2.39883E-02       2.34485E-02       1.07960E-03       2.15295E-03       1.99421E+00       4.67613E-02       7.43148E-03
       2.39883E-02       2.51189E-02       2.45536E-02       1.13060E-03       2.57015E-03       2.27326E+00       5.58168E-02       1.00016E-02
       2.51189E-02       2.63027E-02       2.57108E-02       1.18380E-03       3.01024E-03       2.54286E+00       6.53791E-02       1.30119E-02
       2.63027E-02       2.75423E-02       2.69225E-02       1.23960E-03       3.46601E-03       2.79607E+00       7.52771E-02       1.64779E-02
       2.75423E-02       2.88403E-02       2.81913E-02       1.29800E-03       3.93936E-03       3.03495E+00       8.55592E-02       2.04172E-02
       2.88403E-02       3.01995E-02       2.95199E-02       1.35920E-03       4.43896E-03       3.26586E+00       9.64080E-02       2.48562E-02
       3.01995E-02       3.16228E-02       3.09112E-02       1.42330E-03       4.95365E-03       3.48039E+00       1.07583E-01       2.98099E-02
       3.16228E-02       3.31131E-02       3.23680E-02       1.49030E-03       5.48336E-03       3.67936E+00       1.19093E-01       3.52932E-02
       3.31131E-02       3.46737E-02       3.38934E-02       1.56060E-03       6.03741E-03       3.86865E+00       1.31122E-01       4.13306E-02
       3.46737E-02       3.63078E-02       3.54908E-02       1.63410E-03       6.60333E-03       4.04096E+00       1.43417E-01       4.79339E-02
       3.63078E-02       3.80189E-02       3.71633E-02       1.71110E-03       7.01882E-03       4.10194E+00       1.52442E-01       5.49528E-02
       3.80189E-02       3.98107E-02       3.89148E-02       1.79180E-03       7.24982E-03       4.04611E+00       1.57454E-01       6.22026E-02
       3.98107E-02       4.16869E-02       4.07488E-02       1.87620E-03       7.48725E-03       3.99065E+00       1.62614E-01       6.96898E-02
       4.16869E-02       4.36516E-02       4.26693E-02       1.96470E-03       7.73164E-03       3.93527E+00       1.67915E-01       7.74215E-02
       4.36516E-02       4.57088E-02       4.46802E-02       2.05720E-03       7.98350E-03       3.88076E+00       1.73393E-01       8.54050E-02
       4.57088E-02       4.78630E-02       4.67859E-02       2.15420E-03       8.24331E-03       3.82662E+00       1.79032E-01       9.36483E-02
       4.78630E-02       5.01187E-02       4.89908E-02       2.25570E-03       8.51170E-03       3.77342E+00       1.84863E-01       1.02160E-01
       5.01187E-02       5.24808E-02       5.12998E-02       2.36210E-03       8.78942E-03       3.72102E+00       1.90887E-01       1.10949E-01
       5.24808E-02       5.49541E-02       5.37174E-02       2.47330E-03       9.07704E-03       3.67001E+00       1.97144E-01       1.20026E-01
       5.49541E-02       5.75440E-02       5.62491E-02       2.58990E-03       9.37562E-03       3.62007E+00       2.03626E-01       1.29402E-01
       5.75440E-02       6.02560E-02       5.89000E-02       2.71200E-03       9.68600E-03       3.57153E+00       2.10363E-01       1.39088E-01
       6.02560E-02       6.30957E-02       6.16758E-02       2.83970E-03       1.00092E-02       3.52473E+00       2.17391E-01       1.49097E-01
       6.30957E-02       6.60693E-02       6.45825E-02       2.97360E-03       1.03463E-02       3.47940E+00       2.24708E-01       1.59444E-01
       6.60693E-02       6.91831E-02       6.76262E-02       3.11380E-03       1.06986E-02       3.43587E+00       2.32355E-01       1.70142E-01
       6.91831E-02       7.24436E-02       7.08134E-02       3.26050E-03       1.10673E-02       3.39435E+00       2.40366E-01       1.81210E-01
       7.24436E-02       7.58578E-02       7.41507E-02       3.41420E-03       1.14538E-02       3.35475E+00       2.48757E-01       1.92663E-01
       7.58578E-02       7.94328E-02       7.76453E-02       3.57500E-03       1.18595E-02       3.31734E+00       2.57576E-01       2.04523E-01
       7.94328E-02       8.31764E-02       8.13046E-02       3.74360E-03       1.22860E-02       3.28187E+00       2.66831E-01       2.16809E-01
       8.31764E-02       8.70964E-02       8.51364E-02       3.92000E-03       1.27348E-02       3.24866E+00       2.76579E-01       2.29544E-01
       8.70964E-02       9.12011E-02       8.91488E-02       4.10470E-03       1.32074E-02       3.21762E+00       2.86847E-01       2.42751E-01
       9.12011E-02       9.54993E-02       9.33502E-02       4.29820E-03       1.37057E-02       3.18870E+00       2.97666E-01       2.56457E-01
       9.54993E-02       1.00000E-01       9.77497E-02       4.50070E-03       1.42312E-02       3.16200E+00       3.09085E-01       2.70688E-01
       1.00000E-01       1.04713E-01       1.02357E-01       4.71300E-03       1.47861E-02       3.13730E+00       3.21123E-01       2.85474E-01
       1.04713E-01       1.09648E-01       1.07180E-01       4.93500E-03       1.53712E-02       3.11474E+00       3.33839E-01       3.00845E-01
       1.09648E-01       1.14815E-01       1.12231E-01       5.16700E-03       1.59898E-02       3.09461E+00       3.47312E-01       3.16835E-01
       1.14815E-01       1.20226E-01       1.17520E-01       5.41100E-03       1.66423E-02       3.07564E+00       3.61451E-01       3.33477E-01
       1.20226E-01       1.25892E-01       1.23059E-01       5.66600E-03       1.73322E-02       3.05899E+00       3.76436E-01       3.50810E-01
       1.25892E-01       1.31826E-01       1.28859E-01       5.93400E-03       1.80611E-02       3.04367E+00       3.92204E-01       3.68871E-01
       1.31826E-01       1.38038E-01       1.34932E-01       6.21200E-03       1.88309E-02       3.03138E+00       4.09030E-01       3.87702E-01
       1.38038E-01       1.44544E-01       1.41291E-01       6.50600E-03       1.96458E-02       3.01965E+00       4.26649E-01       4.07347E-01
       1.44544E-01       1.51356E-01       1.47950E-01       6.81200E-03       2.05077E-02       3.01053E+00       4.45408E-01       4.27855E-01
       1.51356E-01       1.58489E-01       1.54923E-01       7.13300E-03       2.14215E-02       3.00315E+00       4.65256E-01       4.49277E-01
       1.58489E-01       1.65959E-01       1.62224E-01       7.47000E-03       2.23912E-02       2.99749E+00       4.86264E-01       4.71668E-01
       1.65959E-01       1.73780E-01       1.69869E-01       7.82100E-03       2.34224E-02       2.99481E+00       5.08727E-01       4.95090E-01
       1.73780E-01       1.81970E-01       1.77875E-01       8.19000E-03       2.45219E-02       2.99412E+00       5.32580E-01       5.19612E-01
       1.81970E-01       1.90546E-01       1.86258E-01       8.57600E-03       2.56982E-02       2.99653E+00       5.58127E-01       5.45310E-01
       1.90546E-01       1.99526E-01       1.95036E-01       8.98000E-03       2.69619E-02       3.00244E+00       5.85584E-01       5.72272E-01
       1.99526E-01       2.08930E-01       2.04228E-01       9.40400E-03       2.83284E-02       3.01238E+00       6.15212E-01       6.00601E-01
       2.08930E-01       2.18776E-01       2.13853E-01       9.84600E-03       2.98177E-02       3.02840E+00       6.47633E-01       6.30418E-01
       2.18776E-01       2.29087E-01       2.23931E-01       1.03110E-02       3.14603E-02       3.05114E+00       6.83247E-01       6.61879E-01
       2.29087E-01       2.39883E-01       2.34485E-01       1.07960E-02       3.33042E-02       3.08487E+00       7.23355E-01       6.95183E-01
       2.39883E-01       2.51189E-01       2.45536E-01       1.13060E-02       3.54255E-02       3.13333E+00       7.69346E-01       7.30608E-01
       2.51189E-01       2.63027E-01       2.57108E-01       1.18380E-02       3.79496E-02       3.20574E+00       8.24222E-01       7.68558E-01
       2.63027E-01       2.75423E-01       2.69225E-01       1.23960E-02       4.10827E-02       3.31419E+00       8.92263E-01       8.09641E-01
       2.75423E-01       2.88403E-01       2.81913E-01       1.29800E-02       4.38407E-02       3.37756E+00       9.52177E-01       8.53481E-01
       2.88403E-01       3.01995E-01       2.95199E-01       1.35920E-02       4.18527E-02       3.07922E+00       9.08982E-01       8.95334E-01
       3.01995E-01       3.16228E-01       3.09112E-01       1.42330E-02       3.80381E-02       2.67253E+00       8.26109E-01       9.33372E-01
       3.16228E-01       3.31131E-01       3.23680E-01       1.49030E-02       3.22661E-02       2.16507E+00       7.00790E-01       9.65638E-01
       3.31131E-01       3.46737E-01       3.38934E-01       1.56060E-02       2.36006E-02       1.51227E+00       5.12561E-01       9.89239E-01
       3.46737E-01       3.63078E-01       3.54908E-01       1.63410E-02       1.06305E-02       6.50540E-01       2.30882E-01       9.99869E-01
       3.63078E-01       3.80189E-01       3.71633E-01       1.71110E-02       1.30735E-04       7.64040E-03       2.83943E-03       1.00000E+00

 Sum =                                                                         1.00000E+00
 Renormalization bin#   899 =                                                  1.52423E-07 barn        4.57088E+06        4.78630E+06        4.67859E+06
 Avg. Energy     bin#   899 =                                                  1.76602E-01 MeV         4.57088E+06        4.78630E+06
