"        MT=107 recoil spectrum "
" Initial neutron energy corresponds to the group:"
   6.60000E+00    6.80000E+00       0.00000E+00           689           865           177



          Low               High              Mid              Energy           Number             dn/de            E*dn/de          Cumulative
         Energy            Energy            Energy             Width          Fraction                               Sum   
         [MeV]             [MeV]             [MeV]              [MeV]

       2.88403E-04       3.01995E-04       2.95199E-04       1.35920E-05       0.00000E+00       0.00000E+00       0.00000E+00       0.00000E+00
       3.01995E-04       3.16228E-04       3.09111E-04       1.42330E-05       8.89650E-09       6.25062E-04       1.93214E-07       8.89650E-09
       3.16228E-04       3.31131E-04       3.23680E-04       1.49030E-05       9.59535E-09       6.43853E-04       2.08402E-07       1.84919E-08
       3.31131E-04       3.46737E-04       3.38934E-04       1.56060E-05       1.25316E-08       8.03000E-04       2.72164E-07       3.10235E-08
       3.46737E-04       3.63078E-04       3.54908E-04       1.63410E-05       1.36391E-08       8.34658E-04       2.96226E-07       4.46626E-08
       3.63078E-04       3.80189E-04       3.71634E-04       1.71110E-05       1.70672E-08       9.97441E-04       3.70683E-07       6.17298E-08
       3.80189E-04       3.98107E-04       3.89148E-04       1.79180E-05       1.83395E-08       1.02352E-03       3.98301E-07       8.00693E-08
       3.98107E-04       4.16869E-04       4.07488E-04       1.87620E-05       2.26372E-08       1.20655E-03       4.91654E-07       1.02707E-07
       4.16869E-04       4.36516E-04       4.26692E-04       1.96470E-05       2.43474E-08       1.23924E-03       5.28776E-07       1.27054E-07
       4.36516E-04       4.57088E-04       4.46802E-04       2.05720E-05       2.84790E-08       1.38435E-03       6.18532E-07       1.55533E-07
       4.57088E-04       4.78630E-04       4.67859E-04       2.15420E-05       3.19586E-08       1.48355E-03       6.94092E-07       1.87492E-07
       4.78630E-04       5.01187E-04       4.89909E-04       2.25570E-05       3.60016E-08       1.59603E-03       7.81908E-07       2.23493E-07
       5.01187E-04       5.24808E-04       5.12998E-04       2.36210E-05       4.03263E-08       1.70723E-03       8.75803E-07       2.63819E-07
       5.24808E-04       5.49541E-04       5.37175E-04       2.47330E-05       4.50828E-08       1.82278E-03       9.79150E-07       3.08902E-07
       5.49541E-04       5.75440E-04       5.62491E-04       2.58990E-05       5.01957E-08       1.93813E-03       1.09018E-06       3.59098E-07
       5.75440E-04       6.02560E-04       5.89000E-04       2.71200E-05       5.58265E-08       2.05850E-03       1.21246E-06       4.14925E-07
       6.02560E-04       6.30957E-04       6.16758E-04       2.83970E-05       6.19207E-08       2.18054E-03       1.34487E-06       4.76845E-07
       6.30957E-04       6.60693E-04       6.45825E-04       2.97360E-05       6.85536E-08       2.30541E-03       1.48889E-06       5.45399E-07
       6.60693E-04       6.91831E-04       6.76262E-04       3.11380E-05       7.57338E-08       2.43220E-03       1.64480E-06       6.21133E-07
       6.91831E-04       7.24436E-04       7.08133E-04       3.26050E-05       8.35081E-08       2.56121E-03       1.81368E-06       7.04641E-07
       7.24436E-04       7.58578E-04       7.41507E-04       3.41420E-05       9.19359E-08       2.69275E-03       1.99669E-06       7.96577E-07
       7.58578E-04       7.94328E-04       7.76453E-04       3.57500E-05       1.00964E-07       2.82417E-03       2.19283E-06       8.97541E-07
       7.94328E-04       8.31764E-04       8.13046E-04       3.74360E-05       1.10777E-07       2.95911E-03       2.40589E-06       1.00832E-06
       8.31764E-04       8.70964E-04       8.51364E-04       3.92000E-05       1.21329E-07       3.09513E-03       2.63508E-06       1.12965E-06
       8.70964E-04       9.12011E-04       8.91487E-04       4.10470E-05       1.33190E-07       3.24481E-03       2.89271E-06       1.26284E-06
       9.12011E-04       9.54993E-04       9.33502E-04       4.29820E-05       1.45843E-07       3.39312E-03       3.16748E-06       1.40868E-06
       9.54993E-04       1.00000E-03       9.77497E-04       4.50070E-05       1.59104E-07       3.53510E-03       3.45554E-06       1.56778E-06
       1.00000E-03       1.04713E-03       1.02356E-03       4.71300E-05       1.73381E-07       3.67879E-03       3.76548E-06       1.74117E-06
       1.04713E-03       1.09648E-03       1.07180E-03       4.93500E-05       1.89937E-07       3.84877E-03       4.12513E-06       1.93110E-06
       1.09648E-03       1.14815E-03       1.12231E-03       5.16700E-05       2.07662E-07       4.01900E-03       4.51059E-06       2.13876E-06
       1.14815E-03       1.20226E-03       1.17520E-03       5.41100E-05       2.23478E-07       4.13008E-03       4.85369E-06       2.36224E-06
       1.20226E-03       1.25892E-03       1.23059E-03       5.66600E-05       2.44152E-07       4.30906E-03       5.30269E-06       2.60639E-06
       1.25892E-03       1.31826E-03       1.28859E-03       5.93400E-05       2.66656E-07       4.49371E-03       5.79055E-06       2.87305E-06
       1.31826E-03       1.38038E-03       1.34932E-03       6.21200E-05       2.87930E-07       4.63506E-03       6.25418E-06       3.16098E-06
       1.38038E-03       1.44544E-03       1.41291E-03       6.50599E-05       3.11074E-07       4.78134E-03       6.75560E-06       3.47205E-06
       1.44544E-03       1.51356E-03       1.47950E-03       6.81201E-05       3.40167E-07       4.99363E-03       7.38808E-06       3.81222E-06
       1.51356E-03       1.58489E-03       1.54923E-03       7.13300E-05       3.62494E-07       5.08194E-03       7.87307E-06       4.17471E-06
       1.58489E-03       1.65959E-03       1.62224E-03       7.47000E-05       3.80720E-07       5.09666E-03       8.26800E-06       4.55543E-06
       1.65959E-03       1.73780E-03       1.69870E-03       7.82101E-05       3.98684E-07       5.09760E-03       8.65927E-06       4.95412E-06
       1.73780E-03       1.81970E-03       1.77875E-03       8.18999E-05       4.17541E-07       5.09818E-03       9.06839E-06       5.37166E-06
       1.81970E-03       1.90546E-03       1.86258E-03       8.57600E-05       4.37252E-07       5.09855E-03       9.49645E-06       5.80891E-06
       1.90546E-03       1.99526E-03       1.95036E-03       8.98001E-05       4.57948E-07       5.09964E-03       9.94613E-06       6.26686E-06
       1.99526E-03       2.08930E-03       2.04228E-03       9.40400E-05       4.79598E-07       5.09994E-03       1.04155E-05       6.74646E-06
       2.08930E-03       2.18776E-03       2.13853E-03       9.84600E-05       5.02288E-07       5.10144E-03       1.09096E-05       7.24875E-06
       2.18776E-03       2.29087E-03       2.23932E-03       1.03110E-04       5.26078E-07       5.10210E-03       1.14252E-05       7.77482E-06
       2.29087E-03       2.39883E-03       2.34485E-03       1.07960E-04       5.50923E-07       5.10303E-03       1.19658E-05       8.32575E-06
       2.39883E-03       2.51189E-03       2.45536E-03       1.13060E-04       5.77045E-07       5.10389E-03       1.25319E-05       8.90279E-06
       2.51189E-03       2.63027E-03       2.57108E-03       1.18380E-04       6.04352E-07       5.10518E-03       1.31258E-05       9.50714E-06
       2.63027E-03       2.75423E-03       2.69225E-03       1.23960E-04       6.32961E-07       5.10617E-03       1.37471E-05       1.01401E-05
       2.75423E-03       2.88403E-03       2.81913E-03       1.29800E-04       6.62916E-07       5.10721E-03       1.43979E-05       1.08030E-05
       2.88403E-03       3.01995E-03       2.95199E-03       1.35920E-04       6.94303E-07       5.10817E-03       1.50793E-05       1.14973E-05
       3.01995E-03       3.16228E-03       3.09112E-03       1.42330E-04       7.27190E-07       5.10918E-03       1.57931E-05       1.22245E-05
       3.16228E-03       3.31131E-03       3.23679E-03       1.49030E-04       7.61663E-07       5.11080E-03       1.65426E-05       1.29862E-05
       3.31131E-03       3.46737E-03       3.38934E-03       1.56060E-04       7.97753E-07       5.11183E-03       1.73257E-05       1.37839E-05
       3.46737E-03       3.63078E-03       3.54907E-03       1.63410E-04       8.35543E-07       5.11317E-03       1.81470E-05       1.46195E-05
       3.63078E-03       3.80189E-03       3.71633E-03       1.71110E-04       8.75180E-07       5.11473E-03       1.90080E-05       1.54947E-05
       3.80189E-03       3.98107E-03       3.89148E-03       1.79180E-04       9.16742E-07       5.11631E-03       1.99100E-05       1.64114E-05
       3.98107E-03       4.16869E-03       4.07488E-03       1.87620E-04       9.60151E-07       5.11753E-03       2.08533E-05       1.73715E-05
       4.16869E-03       4.36516E-03       4.26693E-03       1.96470E-04       1.00579E-06       5.11931E-03       2.18437E-05       1.83773E-05
       4.36516E-03       4.57088E-03       4.46802E-03       2.05720E-04       1.05351E-06       5.12110E-03       2.28812E-05       1.94309E-05
       4.57088E-03       4.78630E-03       4.67859E-03       2.15420E-04       1.10354E-06       5.12273E-03       2.39672E-05       2.05344E-05
       4.78630E-03       5.01187E-03       4.89909E-03       2.25570E-04       1.15588E-06       5.12424E-03       2.51041E-05       2.16903E-05
       5.01187E-03       5.24807E-03       5.12997E-03       2.36200E-04       1.21083E-06       5.12629E-03       2.62977E-05       2.29011E-05
       5.24807E-03       5.49541E-03       5.37174E-03       2.47340E-04       1.26832E-06       5.12784E-03       2.75454E-05       2.41694E-05
       5.49541E-03       5.75440E-03       5.62491E-03       2.58990E-04       1.32859E-06       5.12988E-03       2.88551E-05       2.54980E-05
       5.75440E-03       6.02560E-03       5.89000E-03       2.71200E-04       1.39170E-06       5.13163E-03       3.02253E-05       2.68897E-05
       6.02560E-03       6.30957E-03       6.16759E-03       2.83970E-04       1.45797E-06       5.13423E-03       3.16658E-05       2.83477E-05
       6.30957E-03       6.60693E-03       6.45825E-03       2.97360E-04       1.52731E-06       5.13624E-03       3.31711E-05       2.98750E-05
       6.60693E-03       6.91831E-03       6.76262E-03       3.11380E-04       1.59997E-06       5.13832E-03       3.47485E-05       3.14750E-05
       6.91831E-03       7.24436E-03       7.08133E-03       3.26050E-04       1.67617E-06       5.14083E-03       3.64039E-05       3.31511E-05
       7.24436E-03       7.58578E-03       7.41507E-03       3.41420E-04       1.75598E-06       5.14317E-03       3.81369E-05       3.49071E-05
       7.58578E-03       7.94328E-03       7.76453E-03       3.57500E-04       1.83964E-06       5.14585E-03       3.99551E-05       3.67467E-05
       7.94328E-03       8.31764E-03       8.13046E-03       3.74360E-04       1.92723E-06       5.14806E-03       4.18561E-05       3.86740E-05
       8.31764E-03       8.70964E-03       8.51364E-03       3.92000E-04       2.01913E-06       5.15083E-03       4.38523E-05       4.06931E-05
       8.70964E-03       9.12011E-03       8.91487E-03       4.10471E-04       2.11533E-06       5.15343E-03       4.59422E-05       4.28084E-05
       9.12011E-03       9.54993E-03       9.33502E-03       4.29819E-04       2.21624E-06       5.15620E-03       4.81333E-05       4.50247E-05
       9.54993E-03       1.00000E-02       9.77496E-03       4.50070E-04       2.10759E-05       4.68280E-02       4.57742E-04       6.61006E-05
       1.00000E-02       1.04713E-02       1.02357E-02       4.71300E-04       1.06503E-04       2.25978E-01       2.31303E-03       1.72604E-04
       1.04713E-02       1.09648E-02       1.07180E-02       4.93500E-04       2.20552E-04       4.46914E-01       4.79005E-03       3.93156E-04
       1.09648E-02       1.14815E-02       1.12232E-02       5.16700E-04       3.64140E-04       7.04741E-01       7.90942E-03       7.57296E-04
       1.14815E-02       1.20226E-02       1.17521E-02       5.41100E-04       5.42047E-04       1.00175E+00       1.17726E-02       1.29934E-03
       1.20226E-02       1.25892E-02       1.23059E-02       5.66601E-04       7.59766E-04       1.34092E+00       1.65012E-02       2.05911E-03
       1.25892E-02       1.31826E-02       1.28859E-02       5.93399E-04       1.02346E-03       1.72473E+00       2.22248E-02       3.08256E-03
       1.31826E-02       1.38038E-02       1.34932E-02       6.21200E-04       1.20816E-03       1.94488E+00       2.62427E-02       4.29072E-03
       1.38038E-02       1.44544E-02       1.41291E-02       6.50601E-04       1.26068E-03       1.93772E+00       2.73782E-02       5.55141E-03
       1.44544E-02       1.51356E-02       1.47950E-02       6.81199E-04       1.31500E-03       1.93041E+00       2.85605E-02       6.86640E-03
       1.51356E-02       1.58489E-02       1.54923E-02       7.13301E-04       1.37146E-03       1.92269E+00       2.97868E-02       8.23786E-03
       1.58489E-02       1.65959E-02       1.62224E-02       7.47000E-04       1.43008E-03       1.91444E+00       3.10567E-02       9.66794E-03
       1.65959E-02       1.73780E-02       1.69870E-02       7.82100E-04       1.49093E-03       1.90632E+00       3.23826E-02       1.11589E-02
       1.73780E-02       1.81970E-02       1.77875E-02       8.19000E-04       1.55409E-03       1.89754E+00       3.37525E-02       1.27130E-02
       1.81970E-02       1.90546E-02       1.86258E-02       8.57600E-04       1.61960E-03       1.88852E+00       3.51752E-02       1.43326E-02
       1.90546E-02       1.99526E-02       1.95036E-02       8.98000E-04       1.68751E-03       1.87918E+00       3.66509E-02       1.60201E-02
       1.99526E-02       2.08930E-02       2.04228E-02       9.40400E-04       1.75792E-03       1.86934E+00       3.81771E-02       1.77780E-02
       2.08930E-02       2.18776E-02       2.13853E-02       9.84600E-04       1.83090E-03       1.85953E+00       3.97667E-02       1.96089E-02
       2.18776E-02       2.29087E-02       2.23931E-02       1.03110E-03       1.90645E-03       1.84894E+00       4.14037E-02       2.15153E-02
       2.29087E-02       2.39883E-02       2.34485E-02       1.07960E-03       1.98465E-03       1.83832E+00       4.31059E-02       2.35000E-02
       2.39883E-02       2.51189E-02       2.45536E-02       1.13060E-03       2.06557E-03       1.82696E+00       4.48586E-02       2.55655E-02
       2.51189E-02       2.63027E-02       2.57108E-02       1.18380E-03       2.14926E-03       1.81556E+00       4.66794E-02       2.77148E-02
       2.63027E-02       2.75423E-02       2.69225E-02       1.23960E-03       2.23574E-03       1.80359E+00       4.85573E-02       2.99505E-02
       2.75423E-02       2.88403E-02       2.81913E-02       1.29800E-03       2.32508E-03       1.79128E+00       5.04985E-02       3.22756E-02
       2.88403E-02       3.01995E-02       2.95199E-02       1.35920E-03       2.41731E-03       1.77848E+00       5.25005E-02       3.46929E-02
       3.01995E-02       3.16228E-02       3.09112E-02       1.42330E-03       2.51249E-03       1.76525E+00       5.45660E-02       3.72054E-02
       3.16228E-02       3.31131E-02       3.23680E-02       1.49030E-03       2.61063E-03       1.75175E+00       5.67005E-02       3.98160E-02
       3.31131E-02       3.46737E-02       3.38934E-02       1.56060E-03       2.71180E-03       1.73767E+00       5.88955E-02       4.25278E-02
       3.46737E-02       3.63078E-02       3.54908E-02       1.63410E-03       2.81597E-03       1.72325E+00       6.11595E-02       4.53438E-02
       3.63078E-02       3.80189E-02       3.71633E-02       1.71110E-03       2.92320E-03       1.70837E+00       6.34889E-02       4.82670E-02
       3.80189E-02       3.98107E-02       3.89148E-02       1.79180E-03       3.03355E-03       1.69302E+00       6.58833E-02       5.13006E-02
       3.98107E-02       4.16869E-02       4.07488E-02       1.87620E-03       3.14709E-03       1.67737E+00       6.83509E-02       5.44476E-02
       4.16869E-02       4.36516E-02       4.26693E-02       1.96470E-03       3.26413E-03       1.66139E+00       7.08902E-02       5.77118E-02
       4.36516E-02       4.57088E-02       4.46802E-02       2.05720E-03       3.38440E-03       1.64515E+00       7.35056E-02       6.10962E-02
       4.57088E-02       4.78630E-02       4.67859E-02       2.15420E-03       3.50782E-03       1.62836E+00       7.61845E-02       6.46040E-02
       4.78630E-02       5.01187E-02       4.89908E-02       2.25570E-03       3.63441E-03       1.61121E+00       7.89347E-02       6.82384E-02
       5.01187E-02       5.24808E-02       5.12998E-02       2.36210E-03       3.76421E-03       1.59359E+00       8.17506E-02       7.20026E-02
       5.24808E-02       5.49541E-02       5.37174E-02       2.47330E-03       3.89715E-03       1.57569E+00       8.46420E-02       7.58998E-02
       5.49541E-02       5.75440E-02       5.62491E-02       2.58990E-03       4.03327E-03       1.55731E+00       8.75972E-02       7.99330E-02
       5.75440E-02       6.02560E-02       5.89000E-02       2.71200E-03       4.17257E-03       1.53856E+00       9.06211E-02       8.41056E-02
       6.02560E-02       6.30957E-02       6.16758E-02       2.83970E-03       4.31499E-03       1.51952E+00       9.37180E-02       8.84206E-02
       6.30957E-02       6.60693E-02       6.45825E-02       2.97360E-03       4.46053E-03       1.50005E+00       9.68767E-02       9.28812E-02
       6.60693E-02       6.91831E-02       6.76262E-02       3.11380E-03       4.60886E-03       1.48014E+00       1.00096E-01       9.74900E-02
       6.91831E-02       7.24436E-02       7.08134E-02       3.26050E-03       4.76017E-03       1.45995E+00       1.03384E-01       1.02250E-01
       7.24436E-02       7.58578E-02       7.41507E-02       3.41420E-03       4.91462E-03       1.43947E+00       1.06737E-01       1.07165E-01
       7.58578E-02       7.94328E-02       7.76453E-02       3.57500E-03       5.07223E-03       1.41880E+00       1.10163E-01       1.12237E-01
       7.94328E-02       8.31764E-02       8.13046E-02       3.74360E-03       5.23303E-03       1.39786E+00       1.13652E-01       1.17470E-01
       8.31764E-02       8.70964E-02       8.51364E-02       3.92000E-03       5.39702E-03       1.37679E+00       1.17215E-01       1.22867E-01
       8.70964E-02       9.12011E-02       8.91488E-02       4.10470E-03       5.56427E-03       1.35558E+00       1.20849E-01       1.28431E-01
       9.12011E-02       9.54993E-02       9.33502E-02       4.29820E-03       5.73487E-03       1.33425E+00       1.24552E-01       1.34166E-01
       9.54993E-02       1.00000E-01       9.77497E-02       4.50070E-03       5.90886E-03       1.31287E+00       1.28333E-01       1.40075E-01
       1.00000E-01       1.04713E-01       1.02357E-01       4.71300E-03       6.08643E-03       1.29141E+00       1.32185E-01       1.46162E-01
       1.04713E-01       1.09648E-01       1.07180E-01       4.93500E-03       6.26747E-03       1.27000E+00       1.36120E-01       1.52429E-01
       1.09648E-01       1.14815E-01       1.12231E-01       5.16700E-03       6.45260E-03       1.24881E+00       1.40156E-01       1.58882E-01
       1.14815E-01       1.20226E-01       1.17520E-01       5.41100E-03       6.64142E-03       1.22739E+00       1.44244E-01       1.65523E-01
       1.20226E-01       1.25892E-01       1.23059E-01       5.66600E-03       6.83475E-03       1.20627E+00       1.48443E-01       1.72358E-01
       1.25892E-01       1.31826E-01       1.28859E-01       5.93400E-03       7.03253E-03       1.18513E+00       1.52714E-01       1.79390E-01
       1.31826E-01       1.38038E-01       1.34932E-01       6.21200E-03       7.23491E-03       1.16467E+00       1.57151E-01       1.86625E-01
       1.38038E-01       1.44544E-01       1.41291E-01       6.50600E-03       7.44269E-03       1.14397E+00       1.61633E-01       1.94068E-01
       1.44544E-01       1.51356E-01       1.47950E-01       6.81200E-03       7.65580E-03       1.12387E+00       1.66277E-01       2.01724E-01
       1.51356E-01       1.58489E-01       1.54923E-01       7.13300E-03       7.87507E-03       1.10403E+00       1.71040E-01       2.09599E-01
       1.58489E-01       1.65959E-01       1.62224E-01       7.47000E-03       8.10079E-03       1.08444E+00       1.75923E-01       2.17700E-01
       1.65959E-01       1.73780E-01       1.69869E-01       7.82100E-03       8.33343E-03       1.06552E+00       1.80999E-01       2.26033E-01
       1.73780E-01       1.81970E-01       1.77875E-01       8.19000E-03       8.57377E-03       1.04686E+00       1.86210E-01       2.34607E-01
       1.81970E-01       1.90546E-01       1.86258E-01       8.57600E-03       8.82243E-03       1.02873E+00       1.91610E-01       2.43429E-01
       1.90546E-01       1.99526E-01       1.95036E-01       8.98000E-03       9.08003E-03       1.01114E+00       1.97209E-01       2.52509E-01
       1.99526E-01       2.08930E-01       2.04228E-01       9.40400E-03       9.34758E-03       9.94000E-01       2.03003E-01       2.61857E-01
       2.08930E-01       2.18776E-01       2.13853E-01       9.84600E-03       9.62577E-03       9.77633E-01       2.09070E-01       2.71483E-01
       2.18776E-01       2.29087E-01       2.23931E-01       1.03110E-02       9.91562E-03       9.61655E-01       2.15345E-01       2.81398E-01
       2.29087E-01       2.39883E-01       2.34485E-01       1.07960E-02       1.02183E-02       9.46489E-01       2.21937E-01       2.91616E-01
       2.39883E-01       2.51189E-01       2.45536E-01       1.13060E-02       1.05348E-02       9.31788E-01       2.28788E-01       3.02151E-01
       2.51189E-01       2.63027E-01       2.57108E-01       1.18380E-02       1.08666E-02       9.17943E-01       2.36010E-01       3.13018E-01
       2.63027E-01       2.75423E-01       2.69225E-01       1.23960E-02       1.12150E-02       9.04725E-01       2.43575E-01       3.24233E-01
       2.75423E-01       2.88403E-01       2.81913E-01       1.29800E-02       1.15816E-02       8.92266E-01       2.51541E-01       3.35814E-01
       2.88403E-01       3.01995E-01       2.95199E-01       1.35920E-02       1.19682E-02       8.80529E-01       2.59931E-01       3.47783E-01
       3.01995E-01       3.16228E-01       3.09112E-01       1.42330E-02       1.23767E-02       8.69579E-01       2.68797E-01       3.60159E-01
       3.16228E-01       3.31131E-01       3.23680E-01       1.49030E-02       1.28093E-02       8.59515E-01       2.78207E-01       3.72969E-01
       3.31131E-01       3.46737E-01       3.38934E-01       1.56060E-02       1.32689E-02       8.50242E-01       2.88176E-01       3.86238E-01
       3.46737E-01       3.63078E-01       3.54908E-01       1.63410E-02       1.37577E-02       8.41913E-01       2.98801E-01       3.99995E-01
       3.63078E-01       3.80189E-01       3.71633E-01       1.71110E-02       1.42786E-02       8.34471E-01       3.10117E-01       4.14274E-01
       3.80189E-01       3.98107E-01       3.89148E-01       1.79180E-02       1.48306E-02       8.27694E-01       3.22095E-01       4.29105E-01
       3.98107E-01       4.16869E-01       4.07488E-01       1.87620E-02       1.54200E-02       8.21872E-01       3.34903E-01       4.44524E-01
       4.16869E-01       4.36516E-01       4.26692E-01       1.96470E-02       1.60520E-02       8.17021E-01       3.48617E-01       4.60577E-01
       4.36516E-01       4.57088E-01       4.46802E-01       2.05720E-02       1.67319E-02       8.13333E-01       3.63399E-01       4.77308E-01
       4.57088E-01       4.78630E-01       4.67859E-01       2.15420E-02       1.74724E-02       8.11087E-01       3.79475E-01       4.94781E-01
       4.78630E-01       5.01187E-01       4.89909E-01       2.25570E-02       1.82851E-02       8.10616E-01       3.97128E-01       5.13066E-01
       5.01187E-01       5.24808E-01       5.12998E-01       2.36210E-02       1.91739E-02       8.11733E-01       4.16417E-01       5.32240E-01
       5.24808E-01       5.49541E-01       5.37174E-01       2.47330E-02       2.01532E-02       8.14829E-01       4.37705E-01       5.52393E-01
       5.49541E-01       5.75440E-01       5.62490E-01       2.58990E-02       2.12434E-02       8.20241E-01       4.61378E-01       5.73636E-01
       5.75440E-01       6.02560E-01       5.89000E-01       2.71200E-02       2.24690E-02       8.28502E-01       4.87988E-01       5.96105E-01
       6.02560E-01       6.30957E-01       6.16758E-01       2.83970E-02       2.38635E-02       8.40353E-01       5.18295E-01       6.19969E-01
       6.30957E-01       6.60693E-01       6.45825E-01       2.97360E-02       2.54749E-02       8.56703E-01       5.53280E-01       6.45444E-01
       6.60693E-01       6.91831E-01       6.76262E-01       3.11380E-02       2.73674E-02       8.78906E-01       5.94371E-01       6.72811E-01
       6.91831E-01       7.24436E-01       7.08133E-01       3.26050E-02       2.95858E-02       9.07400E-01       6.42560E-01       7.02397E-01
       7.24436E-01       7.58578E-01       7.41507E-01       3.41420E-02       3.23224E-02       9.46705E-01       7.01988E-01       7.34719E-01
       7.58578E-01       7.94328E-01       7.76453E-01       3.57500E-02       3.59201E-02       1.00476E+00       7.80148E-01       7.70639E-01
       7.94328E-01       8.31764E-01       8.13046E-01       3.74360E-02       4.07525E-02       1.08859E+00       8.85075E-01       8.11392E-01
       8.31764E-01       8.70964E-01       8.51364E-01       3.92000E-02       4.75341E-02       1.21260E+00       1.03237E+00       8.58926E-01
       8.70964E-01       9.12011E-01       8.91487E-01       4.10470E-02       5.75823E-02       1.40284E+00       1.25061E+00       9.16508E-01
       9.12011E-01       9.54993E-01       9.33502E-01       4.29820E-02       6.40638E-02       1.49048E+00       1.39137E+00       9.80572E-01
       9.54993E-01       1.00000E+00       9.77497E-01       4.50070E-02       1.94281E-02       4.31668E-01       4.21954E-01       1.00000E+00

 Sum =                                                                         1.00000E+00
 Renormalization bin#   909 =                                                  1.29927E-04 barn        6.60000E+06        6.80000E+06        6.70000E+06
 Avg. Energy     bin#   909 =                                                  4.86001E-01 MeV         6.60000E+06        6.80000E+06
