"        MT=107 recoil spectrum "
" Initial neutron energy corresponds to the group:"
   4.36516E+00    4.57088E+00       0.00000E+00           793           838            46



          Low               High              Mid              Energy           Number             dn/de            E*dn/de          Cumulative
         Energy            Energy            Energy             Width          Fraction                               Sum   
         [MeV]             [MeV]             [MeV]              [MeV]

       3.46737E-02       3.63078E-02       3.54908E-02       1.63410E-03       0.00000E+00       0.00000E+00       0.00000E+00       0.00000E+00
       3.63078E-02       3.80189E-02       3.71633E-02       1.71110E-03       4.79267E-04       2.80093E-01       1.04092E-02       4.79267E-04
       3.80189E-02       3.98107E-02       3.89148E-02       1.79180E-03       1.51244E-03       8.44089E-01       3.28476E-02       1.99171E-03
       3.98107E-02       4.16869E-02       4.07488E-02       1.87620E-03       2.56989E-03       1.36973E+00       5.58149E-02       4.56159E-03
       4.16869E-02       4.36516E-02       4.26693E-02       1.96470E-03       3.64873E-03       1.85714E+00       7.92428E-02       8.21033E-03
       4.36516E-02       4.57088E-02       4.46802E-02       2.05720E-03       4.75044E-03       2.30918E+00       1.03174E-01       1.29608E-02
       4.57088E-02       4.78630E-02       4.67859E-02       2.15420E-03       5.85703E-03       2.71889E+00       1.27206E-01       1.88178E-02
       4.78630E-02       5.01187E-02       4.89908E-02       2.25570E-03       6.98561E-03       3.09687E+00       1.51718E-01       2.58034E-02
       5.01187E-02       5.24808E-02       5.12998E-02       2.36210E-03       8.12605E-03       3.44018E+00       1.76480E-01       3.39294E-02
       5.24808E-02       5.49541E-02       5.37174E-02       2.47330E-03       9.27505E-03       3.75007E+00       2.01444E-01       4.32045E-02
       5.49541E-02       5.75440E-02       5.62491E-02       2.58990E-03       1.04288E-02       4.02671E+00       2.26498E-01       5.36333E-02
       5.75440E-02       6.02560E-02       5.89000E-02       2.71200E-03       1.15833E-02       4.27114E+00       2.51570E-01       6.52166E-02
       6.02560E-02       6.30957E-02       6.16758E-02       2.83970E-03       1.27337E-02       4.48418E+00       2.76566E-01       7.79503E-02
       6.30957E-02       6.60693E-02       6.45825E-02       2.97360E-03       1.38857E-02       4.66966E+00       3.01579E-01       9.18360E-02
       6.60693E-02       6.91831E-02       6.76262E-02       3.11380E-03       1.50549E-02       4.83490E+00       3.26966E-01       1.06891E-01
       6.91831E-02       7.24436E-02       7.08134E-02       3.26050E-03       1.61978E-02       4.96790E+00       3.51794E-01       1.23089E-01
       7.24436E-02       7.58578E-02       7.41507E-02       3.41420E-03       1.73453E-02       5.08034E+00       3.76711E-01       1.40434E-01
       7.58578E-02       7.94328E-02       7.76453E-02       3.57500E-03       1.85098E-02       5.17756E+00       4.02013E-01       1.58944E-01
       7.94328E-02       8.31764E-02       8.13046E-02       3.74360E-03       1.96544E-02       5.25014E+00       4.26860E-01       1.78598E-01
       8.31764E-02       8.70964E-02       8.51364E-02       3.92000E-03       2.08114E-02       5.30904E+00       4.51993E-01       1.99410E-01
       8.70964E-02       9.12011E-02       8.91488E-02       4.10470E-03       2.18817E-02       5.33089E+00       4.75243E-01       2.21291E-01
       9.12011E-02       9.54993E-02       9.33502E-02       4.29820E-03       2.27892E-02       5.30204E+00       4.94947E-01       2.44081E-01
       9.54993E-02       1.00000E-01       9.77497E-02       4.50070E-03       2.37356E-02       5.27375E+00       5.15508E-01       2.67816E-01
       1.00000E-01       1.04713E-01       1.02357E-01       4.71300E-03       2.47422E-02       5.24978E+00       5.37349E-01       2.92558E-01
       1.04713E-01       1.09648E-01       1.07180E-01       4.93500E-03       2.58092E-02       5.22982E+00       5.60535E-01       3.18368E-01
       1.09648E-01       1.14815E-01       1.12231E-01       5.16700E-03       2.69402E-02       5.21389E+00       5.85163E-01       3.45308E-01
       1.14815E-01       1.20226E-01       1.17520E-01       5.41100E-03       2.81353E-02       5.19964E+00       6.11064E-01       3.73443E-01
       1.20226E-01       1.25892E-01       1.23059E-01       5.66600E-03       2.93996E-02       5.18878E+00       6.38526E-01       4.02843E-01
       1.25892E-01       1.31826E-01       1.28859E-01       5.93400E-03       3.07357E-02       5.17959E+00       6.67437E-01       4.33578E-01
       1.31826E-01       1.38038E-01       1.34932E-01       6.21200E-03       3.21475E-02       5.17507E+00       6.98282E-01       4.65726E-01
       1.38038E-01       1.44544E-01       1.41291E-01       6.50600E-03       3.36434E-02       5.17114E+00       7.30635E-01       4.99369E-01
       1.44544E-01       1.51356E-01       1.47950E-01       6.81200E-03       3.52296E-02       5.17170E+00       7.65152E-01       5.34599E-01
       1.51356E-01       1.58489E-01       1.54923E-01       7.13300E-03       3.69199E-02       5.17593E+00       8.01868E-01       5.71519E-01
       1.58489E-01       1.65959E-01       1.62224E-01       7.47000E-03       3.87284E-02       5.18453E+00       8.41055E-01       6.10247E-01
       1.65959E-01       1.73780E-01       1.69869E-01       7.82100E-03       4.01804E-02       5.13750E+00       8.72704E-01       6.50428E-01
       1.73780E-01       1.81970E-01       1.77875E-01       8.19000E-03       4.11657E-02       5.02633E+00       8.94059E-01       6.91593E-01
       1.81970E-01       1.90546E-01       1.86258E-01       8.57600E-03       4.18307E-02       4.87765E+00       9.08502E-01       7.33424E-01
       1.90546E-01       1.99526E-01       1.95036E-01       8.98000E-03       4.20496E-02       4.68258E+00       9.13272E-01       7.75474E-01
       1.99526E-01       2.08930E-01       2.04228E-01       9.40400E-03       4.17625E-02       4.44093E+00       9.06962E-01       8.17236E-01
       2.08930E-01       2.18776E-01       2.13853E-01       9.84600E-03       4.07495E-02       4.13868E+00       8.85069E-01       8.57986E-01
       2.18776E-01       2.29087E-01       2.23931E-01       1.03110E-02       3.87466E-02       3.75779E+00       8.41487E-01       8.96732E-01
       2.29087E-01       2.39883E-01       2.34485E-01       1.07960E-02       3.54666E-02       3.28516E+00       7.70321E-01       9.32199E-01
       2.39883E-01       2.51189E-01       2.45536E-01       1.13060E-02       3.05572E-02       2.70274E+00       6.63620E-01       9.62756E-01
       2.51189E-01       2.63027E-01       2.57108E-01       1.18380E-02       2.33082E-02       1.96893E+00       5.06228E-01       9.86064E-01
       2.63027E-01       2.75423E-01       2.69225E-01       1.23960E-02       1.27596E-02       1.02933E+00       2.77121E-01       9.98824E-01
       2.75423E-01       2.88403E-01       2.81913E-01       1.29800E-02       1.17626E-03       9.06207E-02       2.55472E-02       1.00000E+00

 Sum =                                                                         1.00000E+00
 Renormalization bin#   898 =                                                  5.73021E-08 barn        4.36516E+06        4.57088E+06        4.46802E+06
 Avg. Energy     bin#   898 =                                                  1.46840E-01 MeV         4.36516E+06        4.57088E+06
