"        MT=103 recoil spectrum "
" Initial neutron energy corresponds to the group:"
   9.00000E+00    9.20000E+00       0.00000E+00           819           852            34



          Low               High              Mid              Energy           Number             dn/de            E*dn/de          Cumulative
         Energy            Energy            Energy             Width          Fraction                               Sum   
         [MeV]             [MeV]             [MeV]              [MeV]

       1.14815E-01       1.20226E-01       1.17520E-01       5.41100E-03       0.00000E+00       0.00000E+00       0.00000E+00       0.00000E+00
       1.20226E-01       1.25892E-01       1.23059E-01       5.66600E-03       3.33549E-03       5.88686E-01       7.24431E-02       3.33549E-03
       1.25892E-01       1.31826E-01       1.28859E-01       5.93400E-03       9.67156E-03       1.62985E+00       2.10021E-01       1.30071E-02
       1.31826E-01       1.38038E-01       1.34932E-01       6.21200E-03       1.10304E-02       1.77565E+00       2.39593E-01       2.40374E-02
       1.38038E-01       1.44544E-01       1.41291E-01       6.50600E-03       1.43329E-02       2.20302E+00       3.11267E-01       3.83703E-02
       1.44544E-01       1.51356E-01       1.47950E-01       6.81200E-03       1.69178E-02       2.48352E+00       3.67437E-01       5.52881E-02
       1.51356E-01       1.58489E-01       1.54923E-01       7.13300E-03       1.78909E-02       2.50818E+00       3.88574E-01       7.31789E-02
       1.58489E-01       1.65959E-01       1.62224E-01       7.47000E-03       1.88363E-02       2.52159E+00       4.09062E-01       9.20152E-02
       1.65959E-01       1.73780E-01       1.69869E-01       7.82100E-03       1.98294E-02       2.53541E+00       4.30688E-01       1.11845E-01
       1.73780E-01       1.81970E-01       1.77875E-01       8.19000E-03       2.09559E-02       2.55872E+00       4.55132E-01       1.32800E-01
       1.81970E-01       1.90546E-01       1.86258E-01       8.57600E-03       2.23313E-02       2.60394E+00       4.85004E-01       1.55132E-01
       1.90546E-01       1.99526E-01       1.95036E-01       8.98000E-03       2.37287E-02       2.64239E+00       5.15361E-01       1.78861E-01
       1.99526E-01       2.08930E-01       2.04228E-01       9.40400E-03       2.49959E-02       2.65801E+00       5.42839E-01       2.03856E-01
       2.08930E-01       2.18776E-01       2.13853E-01       9.84600E-03       2.62511E-02       2.66616E+00       5.70167E-01       2.30107E-01
       2.18776E-01       2.29087E-01       2.23931E-01       1.03110E-02       2.75650E-02       2.67336E+00       5.98650E-01       2.57672E-01
       2.29087E-01       2.39883E-01       2.34485E-01       1.07960E-02       2.89409E-02       2.68070E+00       6.28584E-01       2.86613E-01
       2.39883E-01       2.51189E-01       2.45536E-01       1.13060E-02       3.03798E-02       2.68705E+00       6.59768E-01       3.16993E-01
       2.51189E-01       2.63027E-01       2.57108E-01       1.18380E-02       3.18843E-02       2.69338E+00       6.92491E-01       3.48877E-01
       2.63027E-01       2.75423E-01       2.69225E-01       1.23960E-02       3.34557E-02       2.69891E+00       7.26614E-01       3.82333E-01
       2.75423E-01       2.88403E-01       2.81913E-01       1.29800E-02       3.50960E-02       2.70385E+00       7.62251E-01       4.17429E-01
       2.88403E-01       3.01995E-01       2.95199E-01       1.35920E-02       3.68072E-02       2.70800E+00       7.99400E-01       4.54236E-01
       3.01995E-01       3.16228E-01       3.09112E-01       1.42330E-02       3.85900E-02       2.71131E+00       8.38096E-01       4.92826E-01
       3.16228E-01       3.31131E-01       3.23680E-01       1.49030E-02       4.04458E-02       2.71393E+00       8.78445E-01       5.33272E-01
       3.31131E-01       3.46737E-01       3.38934E-01       1.56060E-02       4.23746E-02       2.71527E+00       9.20299E-01       5.75647E-01
       3.46737E-01       3.63078E-01       3.54908E-01       1.63410E-02       4.43745E-02       2.71553E+00       9.63762E-01       6.20021E-01
       3.63078E-01       3.80189E-01       3.71633E-01       1.71110E-02       4.64452E-02       2.71435E+00       1.00874E+00       6.66466E-01
       3.80189E-01       3.98107E-01       3.89148E-01       1.79180E-02       4.84638E-02       2.70476E+00       1.05255E+00       7.14930E-01
       3.98107E-01       4.16869E-01       4.07488E-01       1.87620E-02       5.00794E-02       2.66919E+00       1.08766E+00       7.65009E-01
       4.16869E-01       4.36516E-01       4.26692E-01       1.96470E-02       5.14810E-02       2.62030E+00       1.11806E+00       8.16490E-01
       4.36516E-01       4.57088E-01       4.46802E-01       2.05720E-02       5.32021E-02       2.58614E+00       1.15549E+00       8.69693E-01
       4.57088E-01       4.78630E-01       4.67859E-01       2.15420E-02       5.42028E-02       2.51615E+00       1.17720E+00       9.23895E-01
       4.78630E-01       5.01187E-01       4.89909E-01       2.25570E-02       4.71034E-02       2.08819E+00       1.02302E+00       9.70999E-01
       5.01187E-01       5.24808E-01       5.12998E-01       2.36210E-02       2.74577E-02       1.16243E+00       5.96323E-01       9.98456E-01
       5.24808E-01       5.49541E-01       5.37174E-01       2.47330E-02       1.54359E-03       6.24101E-02       3.35251E-02       1.00000E+00

 Sum =                                                                         1.00000E+00
 Renormalization bin#   921 =                                                  3.75669E-04 barn        9.00000E+06        9.20000E+06        9.10000E+06
 Avg. Energy     bin#   921 =                                                  3.19231E-01 MeV         9.00000E+06        9.20000E+06
