9.7749600E+02		2.2216078E+04
9.3350200E+02		2.1986564E+04
8.9148700E+02		2.1767393E+04
8.5136400E+02		2.1558103E+04
8.1304600E+02		2.1358633E+04
7.7645300E+02		2.1192008E+04
7.4150700E+02		2.1046407E+04
7.0813300E+02		2.0908163E+04
6.7626200E+02		2.0794145E+04
6.4582500E+02		2.0692471E+04
6.1675800E+02		2.0595383E+04
5.8900000E+02		2.0467759E+04
5.6249000E+02		2.0296393E+04
5.3717400E+02		2.0132354E+04
5.1299700E+02		1.9975733E+04
4.8990900E+02		1.9857036E+04
4.6785900E+02		1.9781372E+04
4.4680200E+02		1.9709188E+04
4.2669300E+02		1.9640266E+04
4.0748800E+02		1.9574453E+04
3.8914800E+02		1.9511595E+04
3.7163400E+02		1.9451539E+04
3.5490800E+02		1.9396130E+04
3.3893400E+02		1.9403888E+04
3.2367900E+02		1.9440426E+04
3.0911100E+02		1.9475272E+04
2.9519900E+02		1.9508579E+04
2.8191300E+02		1.9540408E+04
2.6922500E+02		1.9570759E+04
2.5710800E+02		1.9599787E+04
2.4553600E+02		1.9734060E+04
2.3448500E+02		2.0019228E+04
2.2393100E+02		2.0292946E+04
2.1385300E+02		2.0554381E+04
2.0422800E+02		2.0804980E+04
1.9503600E+02		2.3475430E+04
1.8625800E+02		2.4591030E+04
1.7787500E+02		2.5747356E+04
1.6986900E+02		2.7063851E+04
1.6222400E+02		2.8334364E+04
1.5492300E+02		2.9693556E+04
1.4795000E+02		3.1129822E+04
1.4129100E+02		3.2652029E+04
1.3493200E+02		3.4263791E+04
1.2885900E+02		3.5915842E+04
1.2305900E+02		3.7670913E+04
1.1752100E+02		3.9650527E+04
1.1223200E+02		4.1884463E+04
1.0718000E+02		4.4199195E+04
1.0235600E+02		4.6548413E+04
9.7749600E+01		4.8925767E+04
9.3350200E+01		5.1330163E+04
8.9148700E+01		5.3698102E+04
8.5136400E+01		5.6159318E+04
8.1304600E+01		5.8523535E+04
7.7645300E+01		6.0887862E+04
7.4150700E+01		6.3241021E+04
7.0813400E+01		6.5575788E+04
6.7626200E+01		6.7887126E+04
6.4582500E+01		7.0130586E+04
6.1675800E+01		7.2289528E+04
5.8900000E+01		7.4439822E+04
5.6249000E+01		7.6532091E+04
5.3717400E+01		7.8573451E+04
5.1299700E+01		8.0531170E+04
4.8990900E+01		8.2325216E+04
4.6785900E+01		8.4002994E+04
4.4680200E+01		8.5548302E+04
4.2669300E+01		8.6971977E+04
4.0748800E+01		8.8266686E+04
3.8914800E+01		8.9441733E+04
3.7163400E+01		9.0496571E+04
3.5490700E+01		9.1436346E+04
3.3893400E+01		9.2290726E+04
3.2367900E+01		9.3095184E+04
3.0911100E+01		9.3747574E+04
3.0099800E+01		9.4084006E+04
2.9900000E+01		9.5944725E+04
2.9700000E+01		9.6031980E+04
2.9500000E+01		9.6119236E+04
2.9300000E+01		9.6206491E+04
2.9100000E+01		9.6293746E+04
2.8900000E+01		9.6440997E+04
2.8700000E+01		9.6648242E+04
2.8500000E+01		9.6855925E+04
2.8300000E+01		9.7065141E+04
2.8100000E+01		9.7274576E+04
2.7900000E+01		9.7415148E+04
2.7700000E+01		9.7487077E+04
2.7500000E+01		9.7559114E+04
2.7300000E+01		9.7632247E+04
2.7100000E+01		9.7705708E+04
2.6900000E+01		9.7782891E+04
2.6700000E+01		9.7863906E+04
2.6500000E+01		9.7944812E+04
2.6300000E+01		9.8025827E+04
2.6100000E+01		9.8106732E+04
2.5900000E+01		9.8173953E+04
2.5700000E+01		9.8227598E+04
2.5500000E+01		9.8281681E+04
2.5300000E+01		9.8336312E+04
2.5100000E+01		9.8390942E+04
2.4900000E+01		9.8442945E+04
2.4700000E+01		9.8492320E+04
2.4500000E+01		9.8541586E+04
2.4300000E+01		9.8590962E+04
2.4100000E+01		9.8640337E+04
2.3900000E+01		9.8681720E+04
2.3700000E+01		9.8714893E+04
2.3500000E+01		9.8748065E+04
2.3300000E+01		9.8781456E+04
2.3100000E+01		9.8814848E+04
2.2900000E+01		9.8874624E+04
2.2700000E+01		9.8960675E+04
2.2500000E+01		9.9046836E+04
2.2300000E+01		9.9133215E+04
2.2100000E+01		9.9219814E+04
2.1900000E+01		9.9284626E+04
2.1700000E+01		9.9327432E+04
2.1500000E+01		9.9370239E+04
2.1300000E+01		9.9413155E+04
2.1100000E+01		9.9455962E+04
2.0900000E+01		9.9480595E+04
2.0700000E+01		9.9486944E+04
2.0500000E+01		9.9494280E+04
2.0300000E+01		9.9502819E+04
2.0100000E+01		9.9511796E+04
1.9900000E+01		9.9538400E+04
1.9700000E+01		9.8990500E+04
1.9500000E+01		9.8711600E+04
1.9300000E+01		9.8755000E+04
1.9100000E+01		9.9437500E+04
1.8900000E+01		1.0076400E+05
1.8700000E+01		1.0102200E+05
1.8500000E+01		9.8242700E+04
1.8300000E+01		9.8710400E+04
1.8100000E+01		1.0007800E+05
1.7900000E+01		9.8761600E+04
1.7700000E+01		9.7556000E+04
1.7500000E+01		9.8407300E+04
1.7300000E+01		9.8979800E+04
1.7100000E+01		9.9259100E+04
1.6900000E+01		9.9066600E+04
1.6700000E+01		1.0055300E+05
1.6500000E+01		9.7528600E+04
1.6300000E+01		9.7278400E+04
1.6100000E+01		9.8058000E+04
1.5900000E+01		9.7015900E+04
1.5700000E+01		9.4067100E+04
1.5500000E+01		9.4438300E+04
1.5300000E+01		9.5631400E+04
1.5100000E+01		9.3139100E+04
1.4900000E+01		9.4287000E+04
1.4700000E+01		9.2400000E+04
1.4500000E+01		9.4644000E+04
1.4300000E+01		9.5592700E+04
1.4100000E+01		9.3953600E+04
1.3900000E+01		9.5585600E+04
1.3700000E+01		9.3280300E+04
1.3500000E+01		9.4446200E+04
1.3300000E+01		9.3272000E+04
1.3100000E+01		9.5138200E+04
1.2900000E+01		9.5152900E+04
1.2700000E+01		9.4560100E+04
1.2500000E+01		9.0748200E+04
1.2300000E+01		9.2501300E+04
1.2100000E+01		9.1183000E+04
1.1900000E+01		8.9059000E+04
1.1700000E+01		8.8660300E+04
1.1500000E+01		8.9011000E+04
1.1300000E+01		8.5980700E+04
1.1100000E+01		8.5052700E+04
1.0900000E+01		8.7568000E+04
1.0700000E+01		8.4493200E+04
1.0500000E+01		8.4536800E+04
1.0300000E+01		8.7563100E+04
1.0100000E+01		8.7433700E+04
9.9000000E+00		8.6644500E+04
9.7000000E+00		8.2239700E+04
9.5000000E+00		8.6916300E+04
9.3000000E+00		8.1184100E+04
9.1000000E+00		8.5477300E+04
8.9000000E+00		8.6052600E+04
8.7000000E+00		7.8933500E+04
8.5000000E+00		8.4300900E+04
8.3000000E+00		8.3432600E+04
8.1000000E+00		8.3331700E+04
7.9000000E+00		9.2527300E+04
7.7000000E+00		8.7412100E+04
7.5000000E+00		8.5148000E+04
7.3000000E+00		8.6498100E+04
7.1000000E+00		7.7637900E+04
6.9000000E+00		7.3371800E+04
6.7000000E+00		8.0548400E+04
6.5000000E+00		6.7533800E+04
6.3000000E+00		8.4743000E+04
6.1000000E+00		7.2469900E+04
5.9000000E+00		7.7946400E+04
5.7000000E+00		8.4892100E+04
5.5000000E+00		6.8041100E+04
5.3000000E+00		7.0419100E+04
5.1000000E+00		8.2313700E+04
4.8931500E+00		7.9519300E+04
4.6785900E+00		8.3229700E+04
4.4680200E+00		7.2268200E+04
4.2669300E+00		7.4446700E+04
4.0748800E+00		6.3744500E+04
3.8914800E+00		6.2937700E+04
3.7163400E+00		4.9297900E+04
3.5490700E+00		5.3297900E+04
3.3893400E+00		5.9839800E+04
3.2367900E+00		5.8923500E+04
3.0911100E+00		6.6516600E+04
2.9519900E+00		5.2468000E+04
2.8191300E+00		6.6589900E+04
2.6922500E+00		5.5909300E+04
2.5710800E+00		6.2186100E+04
2.4553600E+00		6.2727100E+04
2.3448500E+00		5.3527500E+04
2.2393200E+00		5.1814600E+04
2.1385300E+00		5.8291200E+04
2.0422800E+00		4.5011900E+04
1.9503600E+00		6.8170000E+04
1.8625800E+00		6.9994000E+04
1.7787500E+00		4.1521100E+04
1.6986900E+00		5.1379200E+04
1.6222400E+00		9.9102000E+04
1.5492300E+00		5.3637100E+04
1.4795000E+00		5.1325400E+04
1.4129100E+00		4.8365100E+04
1.3493200E+00		4.3909600E+04
1.2885900E+00		5.2813000E+04
1.2305900E+00		3.7697900E+04
1.1752100E+00		3.2297700E+04
1.1223200E+00		3.0277000E+04
1.0718000E+00		3.4009400E+04
1.0235600E+00		4.5473500E+04
9.7749600E-01		5.8627700E+04
9.3350200E-01		5.6895500E+04
8.9148700E-01		4.1294500E+04
8.5136400E-01		4.2619900E+04
8.1304600E-01		7.5867800E+04
7.7645300E-01		4.1280000E+04
7.4150700E-01		3.0574900E+04
7.0813400E-01		2.8399500E+04
6.7626200E-01		2.6970000E+04
6.4582500E-01		2.5768400E+04
6.1675900E-01		2.5411400E+04
5.8900000E-01		2.8550200E+04
5.6249000E-01		6.1748800E+04
5.3717400E-01		3.8539300E+04
5.1299700E-01		2.8436000E+04
4.8990900E-01		2.7476300E+04
4.6785900E-01		2.6803500E+04
4.4680200E-01		2.6190300E+04
4.2669300E-01		2.5625700E+04
4.0748800E-01		2.5107400E+04
3.8914800E-01		2.4894700E+04
3.7163400E-01		2.4917700E+04
3.5490800E-01		2.5365000E+04
3.3893400E-01		2.5147800E+04
3.2367900E-01		2.5390400E+04
3.0911200E-01		2.5733000E+04
2.9519900E-01		2.6264600E+04
2.8191300E-01		2.6935100E+04
2.6922500E-01		2.7900700E+04
2.5710800E-01		2.9227900E+04
2.4553600E-01		3.1051700E+04
2.3448500E-01		3.3630100E+04
2.2393200E-01		3.7308700E+04
2.1385300E-01		4.2604200E+04
2.0422800E-01		5.0013400E+04
1.9503600E-01		5.8895000E+04
1.8625800E-01		6.0699600E+04
1.7787500E-01		4.2646700E+04
1.6986900E-01		1.8777100E+04
1.6222400E-01		5.9721500E+03
1.5492300E-01		1.3649600E+03
1.4795000E-01		1.5050300E+02
1.4129100E-01		9.0822800E+01
1.3493200E-01		3.5151600E+02
1.2885900E-01		6.8430500E+02
1.2305900E-01		1.0098900E+03
1.1752100E-01		1.3038800E+03
1.1223200E-01		1.5553000E+03
1.0718000E-01		1.7731500E+03
1.0235600E-01		1.9513400E+03
9.7749600E-02		2.1043300E+03
9.3350200E-02		2.2311600E+03
8.9148700E-02		2.3371300E+03
8.5136400E-02		2.4615100E+03
8.1304600E-02		2.5099400E+03
7.7645300E-02		2.5894400E+03
7.4150700E-02		2.6750500E+03
7.0813400E-02		2.7798800E+03
6.7626200E-02		3.0791700E+03
6.4582500E-02		3.1910800E+03
6.1675800E-02		3.7351900E+03
5.8900000E-02		5.6240200E+03
5.6249000E-02		2.5694000E+04
5.3717400E-02		4.0567300E+02
5.1299700E-02		5.9984700E+02
4.8990900E-02		9.3839900E+02
4.6785900E-02		1.1067100E+03
4.4680200E-02		1.1941800E+03
4.2669300E-02		1.2403600E+03
4.0748800E-02		1.2587200E+03
3.8914800E-02		1.2636300E+03
3.7163400E-02		1.2528100E+03
3.5490800E-02		1.2390900E+03
3.3893400E-02		1.2186000E+03
3.2367900E-02		1.1955300E+03
3.0911100E-02		1.1660300E+03
2.9519900E-02		1.1340000E+03
2.8191300E-02		1.1030700E+03
2.6922500E-02		1.0735300E+03
2.5710800E-02		1.0449100E+03
2.4553600E-02		1.0135100E+03
2.3448500E-02		9.8246800E+02
2.2393100E-02		9.5167900E+02
2.1385300E-02		9.2048900E+02
2.0422800E-02		8.9068000E+02
1.9503600E-02		8.6123600E+02
1.8625800E-02		8.3227100E+02
1.7787500E-02		8.0403200E+02
1.6986900E-02		7.7646000E+02
1.6222400E-02		7.4945200E+02
1.5492300E-02		7.2308700E+02
1.4795000E-02		6.9777300E+02
1.4129100E-02		6.7296500E+02
1.3493200E-02		6.4903100E+02
1.2885900E-02		6.2584000E+02
1.2305900E-02		6.0310900E+02
1.1752100E-02		5.8138700E+02
1.1223200E-02		5.6043400E+02
1.0718000E-02		5.4023900E+02
1.0235600E-02		5.2071500E+02
9.7749600E-03		5.0185300E+02
9.3350200E-03		4.8366500E+02
8.9148700E-03		4.6612700E+02
8.5136400E-03		4.4895200E+02
8.1304600E-03		4.3252600E+02
7.7645300E-03		4.1680400E+02
7.4150700E-03		4.0177900E+02
7.0813300E-03		3.8730800E+02
6.7626200E-03		3.7310800E+02
6.4582500E-03		3.5952100E+02
6.1675900E-03		3.4654100E+02
5.8900000E-03		3.3413200E+02
5.6249000E-03		3.2228000E+02
5.3717400E-03		3.1096100E+02
5.1299700E-03		3.0008500E+02
4.8990900E-03		2.8943200E+02
4.6785900E-03		2.7899200E+02
4.4680200E-03		2.6910000E+02
4.2669300E-03		2.5984100E+02
4.0748800E-03		2.5098400E+02
3.8914800E-03		2.4221300E+02
3.7163400E-03		2.3373600E+02
3.5490700E-03		2.2562600E+02
3.3893400E-03		2.1781300E+02
3.2367900E-03		2.1034300E+02
3.0911200E-03		2.0322300E+02
2.9519900E-03		1.9654000E+02
2.8191300E-03		1.9015000E+02
2.6922500E-03		1.8380100E+02
2.5710800E-03		1.7769000E+02
2.4553600E-03		1.7195400E+02
2.3448500E-03		1.6651900E+02
2.2393100E-03		1.6131600E+02
2.1385300E-03		1.5632100E+02
2.0422800E-03		1.5155000E+02
1.9503600E-03		1.4686700E+02
1.8625800E-03		1.4227300E+02
1.7787500E-03		1.3771900E+02
1.6986900E-03		1.3337100E+02
1.6222400E-03		1.2940700E+02
1.5492300E-03		1.2566300E+02
1.4795000E-03		1.2216300E+02
1.4129100E-03		1.1877700E+02
1.3493200E-03		1.1521900E+02
1.2885900E-03		1.1174300E+02
1.2305900E-03		1.0839300E+02
1.1752100E-03		1.0517800E+02
1.1223200E-03		1.0210300E+02
1.0718000E-03		9.9648800E+01
1.0235600E-03		9.7609800E+01
9.7749600E-04		9.5276500E+01
9.3350200E-04		9.2662000E+01
8.9148700E-04		9.0180600E+01
8.5136400E-04		8.7825600E+01
8.1304600E-04		8.5275100E+01
7.7645300E-04		8.2262800E+01
7.4150700E-04		7.9519700E+01
7.0813400E-04		7.7575400E+01
6.7626200E-04		7.5800800E+01
6.4582500E-04		7.3733500E+01
6.1675800E-04		7.1462200E+01
5.8900000E-04		6.9304800E+01
5.6249000E-04		6.7573900E+01
5.3717400E-04		6.6079400E+01
5.1299700E-04		6.4681200E+01
4.8990900E-04		6.3343000E+01
4.6785900E-04		6.1570900E+01
4.4680200E-04		5.9607700E+01
4.2669300E-04		5.7604600E+01
4.0748800E-04		5.5415700E+01
3.8914800E-04		5.3313500E+01
3.7163400E-04		5.1066900E+01
3.5490800E-04		4.8765200E+01
3.3893400E-04		4.6566700E+01
3.2367900E-04		4.4338900E+01
3.0911200E-04		4.2101400E+01
2.9519900E-04		3.9858300E+01
2.8191300E-04		3.7631600E+01
2.6922500E-04		3.5193500E+01
2.5710800E-04		3.2447300E+01
2.4553600E-04		2.9232700E+01
2.3448500E-04		2.5591400E+01
2.2393200E-04		2.1733000E+01
2.1385300E-04		1.8209600E+01
2.0422800E-04		1.4929500E+01
1.9503600E-04		1.1065900E+01
1.8625800E-04		6.7769000E+00
1.7787500E-04		3.2122200E+00
1.6986900E-04		2.1203400E+00
1.6222400E-04		1.3463800E+00
1.5492300E-04		8.4287400E-01
1.4795000E-04		8.4718900E-01
1.4129100E-04		8.6672400E-01
1.3493200E-04		8.8742600E-01
1.2885900E-04		9.0765000E-01
1.2305900E-04		9.2955000E-01
1.1752100E-04		9.5099100E-01
1.1223200E-04		9.7308600E-01
1.0718000E-04		9.9659100E-01
1.0235600E-04		1.0190600E+00
9.7749600E-05		1.0424100E+00
9.3350200E-05		1.0666200E+00
8.9148700E-05		1.0917400E+00
8.5136400E-05		1.1170800E+00
8.1304600E-05		1.1433200E+00
7.7645300E-05		1.1702000E+00
7.4150700E-05		1.1971300E+00
7.0813400E-05		1.2259700E+00
6.7626200E-05		1.2537600E+00
6.4582500E-05		1.2837700E+00
6.1675800E-05		1.3142000E+00
5.8900000E-05		1.3434500E+00
5.6249000E-05		1.3746400E+00
5.3717400E-05		1.4064500E+00
5.1299700E-05		1.4394600E+00
4.8990900E-05		1.4731800E+00
4.6785900E-05		1.5078300E+00
4.4680200E-05		1.5427400E+00
4.2669300E-05		1.5794600E+00
4.0748800E-05		1.6153200E+00
3.8914800E-05		1.6542700E+00
3.7163400E-05		1.6923300E+00
3.5490800E-05		1.7313600E+00
3.3893400E-05		1.7734400E+00
3.2367900E-05		1.8137300E+00
3.0911100E-05		1.8547200E+00
2.9519900E-05		1.8984300E+00
2.8191300E-05		1.9422400E+00
2.6922500E-05		1.9884900E+00
2.5710800E-05		2.0337700E+00
2.4553600E-05		2.0828100E+00
2.3448500E-05		2.1306500E+00
2.2393200E-05		2.1803400E+00
2.1385300E-05		2.2328200E+00
2.0422800E-05		2.2829600E+00
1.9503600E-05		2.3355400E+00
1.8625800E-05		2.3896600E+00
1.7787500E-05		2.4460600E+00
1.6986900E-05		2.5026500E+00
1.6222400E-05		2.5615200E+00
1.5492300E-05		2.6215100E+00
1.4795000E-05		2.6818800E+00
1.4129100E-05		2.7463000E+00
1.3493200E-05		2.8083900E+00
1.2885900E-05		2.8757900E+00
1.2305900E-05		2.9437200E+00
1.1752100E-05		3.0091700E+00
1.1223200E-05		3.0791600E+00
1.0718000E-05		3.1504400E+00
1.0235600E-05		3.2241800E+00
9.9875000E-06		3.2625200E+00
9.9625000E-06		3.2668600E+00
9.9375000E-06		3.2712000E+00
9.9125000E-06		3.2755400E+00
9.8875000E-06		3.2798800E+00
9.8625000E-06		3.2842200E+00
9.8375000E-06		3.2885600E+00
9.8125000E-06		3.2929000E+00
9.7875000E-06		3.2972400E+00
9.7625000E-06		3.3015800E+00
9.7375000E-06		3.3059200E+00
9.7125000E-06		3.3102600E+00
9.6875000E-06		3.3146000E+00
9.6625000E-06		3.3189400E+00
9.6375000E-06		3.3232800E+00
9.6125000E-06		3.3276200E+00
9.5875000E-06		3.3319600E+00
9.5625000E-06		3.3363000E+00
9.5375000E-06		3.3406400E+00
9.5125000E-06		3.3449800E+00
9.4875000E-06		3.3493200E+00
9.4625000E-06		3.3536600E+00
9.4375000E-06		3.3580000E+00
9.4125000E-06		3.3623400E+00
9.3875000E-06		3.3666800E+00
9.3625000E-06		3.3710200E+00
9.3375000E-06		3.3753600E+00
9.3125000E-06		3.3797000E+00
9.2875000E-06		3.3840400E+00
9.2625000E-06		3.3883800E+00
9.2375000E-06		3.3927200E+00
9.2125000E-06		3.3970600E+00
9.1875000E-06		3.4017800E+00
9.1625000E-06		3.4067300E+00
9.1375000E-06		3.4116700E+00
9.1125000E-06		3.4166100E+00
9.0875000E-06		3.4215500E+00
9.0625000E-06		3.4264900E+00
9.0375000E-06		3.4314300E+00
9.0125000E-06		3.4363700E+00
8.9875000E-06		3.4413100E+00
8.9625000E-06		3.4462500E+00
8.9375000E-06		3.4511900E+00
8.9125000E-06		3.4561400E+00
8.8875000E-06		3.4610800E+00
8.8625000E-06		3.4660200E+00
8.8375000E-06		3.4709600E+00
8.8125000E-06		3.4759000E+00
8.7875000E-06		3.4808400E+00
8.7625000E-06		3.4857800E+00
8.7375000E-06		3.4907200E+00
8.7125000E-06		3.4956600E+00
8.6875000E-06		3.5006000E+00
8.6625000E-06		3.5055400E+00
8.6375000E-06		3.5104800E+00
8.6125000E-06		3.5154300E+00
8.5875000E-06		3.5203700E+00
8.5625000E-06		3.5253100E+00
8.5375000E-06		3.5302500E+00
8.5125000E-06		3.5351900E+00
8.4875000E-06		3.5401300E+00
8.4625000E-06		3.5450700E+00
8.4375000E-06		3.5500100E+00
8.4125000E-06		3.5549900E+00
8.3875000E-06		3.5605100E+00
8.3625000E-06		3.5662400E+00
8.3375000E-06		3.5719700E+00
8.3125000E-06		3.5777000E+00
8.2875000E-06		3.5834300E+00
8.2625000E-06		3.5891600E+00
8.2375000E-06		3.5948900E+00
8.2125000E-06		3.6006100E+00
8.1875000E-06		3.6063400E+00
8.1625000E-06		3.6120700E+00
8.1375000E-06		3.6178000E+00
8.1125000E-06		3.6235300E+00
8.0875000E-06		3.6292600E+00
8.0625000E-06		3.6349900E+00
8.0375000E-06		3.6407200E+00
8.0125000E-06		3.6464500E+00
7.9875000E-06		3.6521700E+00
7.9625000E-06		3.6579000E+00
7.9375000E-06		3.6636300E+00
7.9125000E-06		3.6693600E+00
7.8875000E-06		3.6750900E+00
7.8625000E-06		3.6808200E+00
7.8375000E-06		3.6865500E+00
7.8125000E-06		3.6922800E+00
7.7875000E-06		3.6980000E+00
7.7625000E-06		3.7037300E+00
7.7375000E-06		3.7094600E+00
7.7125000E-06		3.7151900E+00
7.6875000E-06		3.7209200E+00
7.6625000E-06		3.7266500E+00
7.6375000E-06		3.7323800E+00
7.6125000E-06		3.7381100E+00
7.5875000E-06		3.7438400E+00
7.5625000E-06		3.7495900E+00
7.5375000E-06		3.7560500E+00
7.5125000E-06		3.7628400E+00
7.4875000E-06		3.7696300E+00
7.4625000E-06		3.7764200E+00
7.4375000E-06		3.7832100E+00
7.4125000E-06		3.7900000E+00
7.3875000E-06		3.7967900E+00
7.3625000E-06		3.8035800E+00
7.3375000E-06		3.8103700E+00
7.3125000E-06		3.8171600E+00
7.2875000E-06		3.8239500E+00
7.2625000E-06		3.8307400E+00
7.2375000E-06		3.8375300E+00
7.2125000E-06		3.8443200E+00
7.1875000E-06		3.8511100E+00
7.1625000E-06		3.8579000E+00
7.1375000E-06		3.8646900E+00
7.1125000E-06		3.8714800E+00
7.0875000E-06		3.8782700E+00
7.0625000E-06		3.8850600E+00
7.0375000E-06		3.8918500E+00
7.0125000E-06		3.8986400E+00
6.9875000E-06		3.9054300E+00
6.9625000E-06		3.9122200E+00
6.9375000E-06		3.9190100E+00
6.9125000E-06		3.9258000E+00
6.8875000E-06		3.9325900E+00
6.8625000E-06		3.9393800E+00
6.8375000E-06		3.9461700E+00
6.8125000E-06		3.9529600E+00
6.7875000E-06		3.9597500E+00
6.7625000E-06		3.9665500E+00
6.7375000E-06		3.9733400E+00
6.7125000E-06		3.9801400E+00
6.6875000E-06		3.9878300E+00
6.6625000E-06		3.9960500E+00
6.6375000E-06		4.0042700E+00
6.6125000E-06		4.0125000E+00
6.5875000E-06		4.0207200E+00
6.5625000E-06		4.0289400E+00
6.5375000E-06		4.0371600E+00
6.5125000E-06		4.0453800E+00
6.4875000E-06		4.0536000E+00
6.4625000E-06		4.0618200E+00
6.4375000E-06		4.0700400E+00
6.4125000E-06		4.0782600E+00
6.3875000E-06		4.0864800E+00
6.3625000E-06		4.0947000E+00
6.3375000E-06		4.1029200E+00
6.3125000E-06		4.1111400E+00
6.2875000E-06		4.1193600E+00
6.2625000E-06		4.1275800E+00
6.2375000E-06		4.1358000E+00
6.2125000E-06		4.1440200E+00
6.1875000E-06		4.1522500E+00
6.1625000E-06		4.1604700E+00
6.1375000E-06		4.1686900E+00
6.1125000E-06		4.1769100E+00
6.0875000E-06		4.1851300E+00
6.0625000E-06		4.1933500E+00
6.0375000E-06		4.2015700E+00
6.0125000E-06		4.2097900E+00
5.9875000E-06		4.2180100E+00
5.9625000E-06		4.2262300E+00
5.9375000E-06		4.2344500E+00
5.9125000E-06		4.2426700E+00
5.8875000E-06		4.2508900E+00
5.8625000E-06		4.2591200E+00
5.8375000E-06		4.2681400E+00
5.8125000E-06		4.2777800E+00
5.7875000E-06		4.2874100E+00
5.7625000E-06		4.2970500E+00
5.7375000E-06		4.3066800E+00
5.7125000E-06		4.3163200E+00
5.6875000E-06		4.3259500E+00
5.6625000E-06		4.3355900E+00
5.6375000E-06		4.3452200E+00
5.6125000E-06		4.3548500E+00
5.5875000E-06		4.3644900E+00
5.5625000E-06		4.3741200E+00
5.5375000E-06		4.3837600E+00
5.5125000E-06		4.3933900E+00
5.4875000E-06		4.4030300E+00
5.4625000E-06		4.4126600E+00
5.4375000E-06		4.4223000E+00
5.4125000E-06		4.4325800E+00
5.3875000E-06		4.4434100E+00
5.3625000E-06		4.4542500E+00
5.3375000E-06		4.4650900E+00
5.3125000E-06		4.4759300E+00
5.2875000E-06		4.4867600E+00
5.2625000E-06		4.4976000E+00
5.2375000E-06		4.5084400E+00
5.2125000E-06		4.5192800E+00
5.1875000E-06		4.5301100E+00
5.1625000E-06		4.5409500E+00
5.1375000E-06		4.5517900E+00
5.1125000E-06		4.5626200E+00
5.0875000E-06		4.5734600E+00
5.0625000E-06		4.5843000E+00
5.0375000E-06		4.5951400E+00
5.0125000E-06		4.6059700E+00
4.9875000E-06		4.6175500E+00
4.9625000E-06		4.6298700E+00
4.9375000E-06		4.6421900E+00
4.9125000E-06		4.6545100E+00
4.8875000E-06		4.6668300E+00
4.8625000E-06		4.6791500E+00
4.8375000E-06		4.6914700E+00
4.8125000E-06		4.7037900E+00
4.7875000E-06		4.7161100E+00
4.7625000E-06		4.7284400E+00
4.7375000E-06		4.7407600E+00
4.7125000E-06		4.7530800E+00
4.6875000E-06		4.7654000E+00
4.6625000E-06		4.7777200E+00
4.6375000E-06		4.7900400E+00
4.6125000E-06		4.8023600E+00
4.5875000E-06		4.8147400E+00
4.5625000E-06		4.8283800E+00
4.5375000E-06		4.8425100E+00
4.5125000E-06		4.8566300E+00
4.4875000E-06		4.8707500E+00
4.4625000E-06		4.8848700E+00
4.4375000E-06		4.8989900E+00
4.4125000E-06		4.9131100E+00
4.3875000E-06		4.9272300E+00
4.3625000E-06		4.9413500E+00
4.3375000E-06		4.9554700E+00
4.3125000E-06		4.9696000E+00
4.2875000E-06		4.9837200E+00
4.2625000E-06		4.9978400E+00
4.2375000E-06		5.0119600E+00
4.2125000E-06		5.0260800E+00
4.1875000E-06		5.0402000E+00
4.1625000E-06		5.0546600E+00
4.1375000E-06		5.0708400E+00
4.1125000E-06		5.0872600E+00
4.0875000E-06		5.1036900E+00
4.0625000E-06		5.1201100E+00
4.0375000E-06		5.1365400E+00
4.0125000E-06		5.1529600E+00
3.9875000E-06		5.1693800E+00
3.9625000E-06		5.1858100E+00
3.9375000E-06		5.2022300E+00
3.9125000E-06		5.2186600E+00
3.8875000E-06		5.2350800E+00
3.8625000E-06		5.2515000E+00
3.8375000E-06		5.2679300E+00
3.8125000E-06		5.2843500E+00
3.7875000E-06		5.3007700E+00
3.7625000E-06		5.3172000E+00
3.7375000E-06		5.3346000E+00
3.7125000E-06		5.3539900E+00
3.6875000E-06		5.3734200E+00
3.6625000E-06		5.3928500E+00
3.6375000E-06		5.4122800E+00
3.6125000E-06		5.4317200E+00
3.5875000E-06		5.4511500E+00
3.5625000E-06		5.4705800E+00
3.5375000E-06		5.4900100E+00
3.5125000E-06		5.5094500E+00
3.4875000E-06		5.5288800E+00
3.4625000E-06		5.5483100E+00
3.4375000E-06		5.5677400E+00
3.4125000E-06		5.5871700E+00
3.3875000E-06		5.6066100E+00
3.3625000E-06		5.6260400E+00
3.3375000E-06		5.6454800E+00
3.3125000E-06		5.6669700E+00
3.2875000E-06		5.6899600E+00
3.2625000E-06		5.7129500E+00
3.2375000E-06		5.7359400E+00
3.2125000E-06		5.7589300E+00
3.1875000E-06		5.7819200E+00
3.1625000E-06		5.8049100E+00
3.1375000E-06		5.8279000E+00
3.1125000E-06		5.8508900E+00
3.0875000E-06		5.8738800E+00
3.0625000E-06		5.8968700E+00
3.0375000E-06		5.9198600E+00
3.0125000E-06		5.9428500E+00
2.9875000E-06		5.9672000E+00
2.9625000E-06		5.9942600E+00
2.9375000E-06		6.0214000E+00
2.9125000E-06		6.0485400E+00
2.8875000E-06		6.0756800E+00
2.8625000E-06		6.1028200E+00
2.8375000E-06		6.1299500E+00
2.8125000E-06		6.1570900E+00
2.7875000E-06		6.1842300E+00
2.7625000E-06		6.2113700E+00
2.7375000E-06		6.2385000E+00
2.7125000E-06		6.2656400E+00
2.6875000E-06		6.2927800E+00
2.6625000E-06		6.3207300E+00
2.6375000E-06		6.3529000E+00
2.6125000E-06		6.3856500E+00
2.5875000E-06		6.4184000E+00
2.5625000E-06		6.4511600E+00
2.5375000E-06		6.4839100E+00
2.5125000E-06		6.5166600E+00
2.4875000E-06		6.5494100E+00
2.4625000E-06		6.5821600E+00
2.4375000E-06		6.6149100E+00
2.4125000E-06		6.6476700E+00
2.3875000E-06		6.6804200E+00
2.3625000E-06		6.7131700E+00
2.3375000E-06		6.7461400E+00
2.3125000E-06		6.7829300E+00
2.2875000E-06		6.8211900E+00
2.2625000E-06		6.8594600E+00
2.2375000E-06		6.8977300E+00
2.2125000E-06		6.9360000E+00
2.1875000E-06		6.9742600E+00
2.1625000E-06		7.0134600E+00
2.1375000E-06		7.0560500E+00
2.1125000E-06		7.0989400E+00
2.0875000E-06		7.1418400E+00
2.0625000E-06		7.1847300E+00
2.0375000E-06		7.2276300E+00
2.0125000E-06		7.2705200E+00
1.9875000E-06		7.3162400E+00
1.9625000E-06		7.3647800E+00
1.9375000E-06		7.4133200E+00
1.9125000E-06		7.4618500E+00
1.8875000E-06		7.5103900E+00
1.8625000E-06		7.5589300E+00
1.8375000E-06		7.6087200E+00
1.8125000E-06		7.6634900E+00
1.7875000E-06		7.7187900E+00
1.7625000E-06		7.7740900E+00
1.7375000E-06		7.8293800E+00
1.7125000E-06		7.8846800E+00
1.6875000E-06		7.9401800E+00
1.6625000E-06		8.0015800E+00
1.6375000E-06		8.0656800E+00
1.6125000E-06		8.1297800E+00
1.5875000E-06		8.1938800E+00
1.5625000E-06		8.2579800E+00
1.5375000E-06		8.3220800E+00
1.5125000E-06		8.3871900E+00
1.4875000E-06		8.4610800E+00
1.4625000E-06		8.5370100E+00
1.4375000E-06		8.6129500E+00
1.4125000E-06		8.6888800E+00
1.3875000E-06		8.7648200E+00
1.3625000E-06		8.8407500E+00
1.3375000E-06		8.9196500E+00
1.3125000E-06		9.0103800E+00
1.2875000E-06		9.1023300E+00
1.2625000E-06		9.1942900E+00
1.2375000E-06		9.2862400E+00
1.2125000E-06		9.3782000E+00
1.1875000E-06		9.4701500E+00
1.1625000E-06		9.5672200E+00
1.1375000E-06		9.6747000E+00
1.1125000E-06		9.7824800E+00
1.0875000E-06		9.8913400E+00
1.0625000E-06		1.0010200E+01
1.0375000E-06		1.0131400E+01
1.0125000E-06		1.0252700E+01
9.8750000E-07		1.0382800E+01
9.6250010E-07		1.0521900E+01
9.3750000E-07		1.0660900E+01
9.1250000E-07		1.0800300E+01
8.8750000E-07		1.0955000E+01
8.6250000E-07		1.1118100E+01
8.3750000E-07		1.1281200E+01
8.1250000E-07		1.1445800E+01
7.8750000E-07		1.1630600E+01
7.6250000E-07		1.1821800E+01
7.3750000E-07		1.2014000E+01
7.1250000E-07		1.2228800E+01
6.8750000E-07		1.2452900E+01
6.6250000E-07		1.2677600E+01
6.3750000E-07		1.2930000E+01
6.1250000E-07		1.3197600E+01
5.8750000E-07		1.3465500E+01
5.6250000E-07		1.3767600E+01
5.3740400E-07		1.4096100E+01
5.1299700E-07		1.4415500E+01
4.8990900E-07		1.4742600E+01
4.6785900E-07		1.5085700E+01
4.4680200E-07		1.5432800E+01
4.2669300E-07		1.5792600E+01
4.0748800E-07		1.6160900E+01
3.8914800E-07		1.6537700E+01
3.7163400E-07		1.6923000E+01
3.5490800E-07		1.7317200E+01
3.3893400E-07		1.7720600E+01
3.2367900E-07		1.8133000E+01
3.0911100E-07		1.8556200E+01
2.9519900E-07		1.8988900E+01
2.8191300E-07		1.9430800E+01
2.6922500E-07		1.9882500E+01
2.5710800E-07		2.0343700E+01
2.4553600E-07		2.0817600E+01
2.3448500E-07		2.1303000E+01
2.2393100E-07		2.1799300E+01
2.1385300E-07		2.2307000E+01
2.0422800E-07		2.2826700E+01
1.9503600E-07		2.3359900E+01
1.8625800E-07		2.3904500E+01
1.7787500E-07		2.4461600E+01
1.6986900E-07		2.5031400E+01
1.6222400E-07		2.5614100E+01
1.5492300E-07		2.6210200E+01
1.4795000E-07		2.6821100E+01
1.4129100E-07		2.7446700E+01
1.3493200E-07		2.8087300E+01
1.2885900E-07		2.8741100E+01
1.2305900E-07		2.9410100E+01
1.1752100E-07		3.0096700E+01
1.1223200E-07		3.0792300E+01
1.0718000E-07		3.1509800E+01
1.0235600E-07		3.2243600E+01
9.7749600E-08		3.2994200E+01
9.3350200E-08		3.3763300E+01
8.9148700E-08		3.4549700E+01
8.5136400E-08		3.5354600E+01
8.1304600E-08		3.6178900E+01
7.7645300E-08		3.7022100E+01
7.4150700E-08		3.7884600E+01
7.0813300E-08		3.8767100E+01
6.7626200E-08		3.9670400E+01
6.4582500E-08		4.0594800E+01
6.1675800E-08		4.1540800E+01
5.8900000E-08		4.2508800E+01
5.6249000E-08		4.3499400E+01
5.3717400E-08		4.4512700E+01
5.1299700E-08		4.5543200E+01
4.8990900E-08		4.6606300E+01
4.6785900E-08		4.7693000E+01
4.4680200E-08		4.8804600E+01
4.2669300E-08		4.9941900E+01
4.0748800E-08		5.1105800E+01
3.8914800E-08		5.2296900E+01
3.7163400E-08		5.3515800E+01
3.5490700E-08		5.4760600E+01
3.3893400E-08		5.6035100E+01
3.2367900E-08		5.7340600E+01
3.0911100E-08		5.8677600E+01
2.9519900E-08		6.0045500E+01
2.8191300E-08		6.1445100E+01
2.6922500E-08		6.2877500E+01
2.5710800E-08		6.4343400E+01
2.4553600E-08		6.5845400E+01
2.3448500E-08		6.7380900E+01
2.2393200E-08		6.8949500E+01
2.1385300E-08		7.0555200E+01
2.0422800E-08		7.2203800E+01
1.9503600E-08		7.3879500E+01
1.8625800E-08		7.5600800E+01
1.7787500E-08		7.7361000E+01
1.6986900E-08		7.9162600E+01
1.6222400E-08		8.1010500E+01
1.5492300E-08		8.2888400E+01
1.4795000E-08		8.4820500E+01
1.4129100E-08		8.6797200E+01
1.3493200E-08		8.8818800E+01
1.2885900E-08		9.0886800E+01
1.2305900E-08		9.3004100E+01
1.1752100E-08		9.5177400E+01
1.1223200E-08		9.7373300E+01
1.0718000E-08		9.9642600E+01
1.0235600E-08		1.0196200E+02
9.7749600E-09		1.0433800E+02
9.3350200E-09		1.0676100E+02
8.9148700E-09		1.0925400E+02
8.5136400E-09		1.1179800E+02
8.1304600E-09		1.1440200E+02
7.7645300E-09		1.1706700E+02
7.4150700E-09		1.1979400E+02
7.0813400E-09		1.2258300E+02
6.7626200E-09		1.2544100E+02
6.4582500E-09		1.2836500E+02
6.1675800E-09		1.3134900E+02
5.8900000E-09		1.3441100E+02
5.6249000E-09		1.3754400E+02
5.3717400E-09		1.4074200E+02
5.1299700E-09		1.4405600E+02
4.8990900E-09		1.4737300E+02
4.6785900E-09		1.5080900E+02
4.4680200E-09		1.5431600E+02
4.2669300E-09		1.5792500E+02
4.0748800E-09		1.6160600E+02
3.8914800E-09		1.6536700E+02
3.7163400E-09		1.6920700E+02
3.5490800E-09		1.7316000E+02
3.3893400E-09		1.7718200E+02
3.2367900E-09		1.8130900E+02
3.0911200E-09		1.8556600E+02
2.9519900E-09		1.8989300E+02
2.8191300E-09		1.9431400E+02
2.6922500E-09		1.9882700E+02
2.5710800E-09		2.0343400E+02
2.4553600E-09		2.0818400E+02
2.3448500E-09		2.1303800E+02
2.2393100E-09		2.1798700E+02
2.1385300E-09		2.2308300E+02
2.0422800E-09		2.2828300E+02
1.9503600E-09		2.3361700E+02
1.8625800E-09		2.3906200E+02
1.7787500E-09		2.4463000E+02
1.6986900E-09		2.5031100E+02
1.6222400E-09		2.5611400E+02
1.5492300E-09		2.6210000E+02
1.4795000E-09		2.6820700E+02
1.4129100E-09		2.7445700E+02
1.3493200E-09		2.8085100E+02
1.2885900E-09		2.8739500E+02
1.2305900E-09		2.9409400E+02
1.1752100E-09		3.0095000E+02
1.1223200E-09		3.0792500E+02
1.0718000E-09		3.1512300E+02
1.0235600E-09		3.2246900E+02
9.7749600E-10		3.2997000E+02
9.3350210E-10		3.3763500E+02
8.9148700E-10		3.4555300E+02
8.5136400E-10		3.5361500E+02
8.1304600E-10		3.6185200E+02
7.7645300E-10		3.7027600E+02
7.4150700E-10		3.7890000E+02
7.0813300E-10		3.8769400E+02
6.7626200E-10		3.9672900E+02
6.4582500E-10		4.0597400E+02
6.1675800E-10		4.1543500E+02
5.8900000E-10		4.2511600E+02
5.6249000E-10		4.3502400E+02
5.3717400E-10		4.4516700E+02
5.1299700E-10		4.5556100E+02
4.8990900E-10		4.6611000E+02
4.6785900E-10		4.7697400E+02
4.4680200E-10		4.8809200E+02
4.2669300E-10		4.9946900E+02
4.0748800E-10		5.1111500E+02
3.8914800E-10		5.2303300E+02
3.7163400E-10		5.3521900E+02
3.5490700E-10		5.4768300E+02
3.3893400E-10		5.6042700E+02
3.2367900E-10		5.7344600E+02
3.0911100E-10		5.8680700E+02
2.9519900E-10		6.0048000E+02
2.8191300E-10		6.1447400E+02
2.6922500E-10		6.2879700E+02
2.5710800E-10		6.4345200E+02
2.4553600E-10		6.5837000E+02
2.3448500E-10		6.7371300E+02
2.2393200E-10		6.8943000E+02
2.1385300E-10		7.0549000E+02
2.0422800E-10		7.2186700E+02
1.9503600E-10		7.3874200E+02
1.8625800E-10		7.5596100E+02
1.7787500E-10		7.7357800E+02
1.6986900E-10		7.9159800E+02
1.6222400E-10		8.1002000E+02
1.5492300E-10		8.2889400E+02
1.4795000E-10		8.4820700E+02
1.4129100E-10		8.6797400E+02
1.3493200E-10		8.8820300E+02
1.2885900E-10		9.0890400E+02
1.2305900E-10		9.2998400E+02
1.1752100E-10		9.5164700E+02
1.1223200E-10		9.7385700E+02
1.0718000E-10		9.9654500E+02
1.0235600E-10		1.0197700E+03
9.7749600E-11		1.0434900E+03
9.3350200E-11		1.0678200E+03
8.9148700E-11		1.0926800E+03
8.5136400E-11		1.1181000E+03
8.1304600E-11		1.1443900E+03
7.7645300E-11		1.1708000E+03
7.4150700E-11		1.1980900E+03
7.0813400E-11		1.2259900E+03
6.7626200E-11		1.2545500E+03
6.4582500E-11		1.2836900E+03
6.1675800E-11		1.3136500E+03
5.8900000E-11		1.3442400E+03
5.6249000E-11		1.3756200E+03
5.3717400E-11		1.4076700E+03
5.1299700E-11		1.4404700E+03
4.8990900E-11		1.4740000E+03
4.6785900E-11		1.5083500E+03
4.4680200E-11		1.5435100E+03
4.2669300E-11		1.5794900E+03
4.0748800E-11		1.6163100E+03
3.8914800E-11		1.6540000E+03
3.7163400E-11		1.6925400E+03
3.5490700E-11		1.7319500E+03
3.3893400E-11		1.7722700E+03
3.2367900E-11		1.8135000E+03
3.0911100E-11		1.8557700E+03
2.9519900E-11		1.8990600E+03
2.8191300E-11		1.9433700E+03
2.6922500E-11		1.9886000E+03
2.5710800E-11		2.0349000E+03
2.4553600E-11		2.0824100E+03
2.3448500E-11		2.1305300E+03
2.2393100E-11		2.1801800E+03
2.1385300E-11		2.2309400E+03
2.0422800E-11		2.2829200E+03
1.9503600E-11		2.3361300E+03
1.8625800E-11		2.3905700E+03
1.7787500E-11		2.4462800E+03
1.6986900E-11		2.5032800E+03
1.6222400E-11		2.5616200E+03
1.5492300E-11		2.6211200E+03
1.4795000E-11		2.6820700E+03
1.4129100E-11		2.7446400E+03
1.3493200E-11		2.8085700E+03
1.2885900E-11		2.8740500E+03
1.2305900E-11		2.9410200E+03
1.1752100E-11		3.0095400E+03
1.1223200E-11		3.0796700E+03
1.0718000E-11		3.1513800E+03
1.0235600E-11		3.2248200E+03
