9.7749600E+02		4.4214572E+04
9.3350200E+02		4.3757199E+04
8.9148700E+02		4.3320195E+04
8.5136400E+02		4.2903251E+04
8.1304600E+02		4.2505750E+04
7.7645300E+02		4.2174294E+04
7.4150700E+02		4.1885118E+04
7.0813300E+02		4.1611064E+04
6.7626200E+02		4.1386081E+04
6.4582500E+02		4.1186096E+04
6.1675800E+02		4.0995061E+04
5.8900000E+02		4.0745080E+04
5.6249000E+02		4.0410229E+04
5.3717400E+02		4.0089574E+04
5.1299700E+02		3.9783733E+04
4.8990900E+02		3.9552886E+04
4.6785900E+02		3.9407527E+04
4.4680200E+02		3.9268957E+04
4.2669300E+02		3.9136559E+04
4.0748800E+02		3.9010334E+04
3.8914800E+02		3.8889356E+04
3.7163400E+02		3.8774241E+04
3.5490800E+02		3.8667767E+04
3.3893400E+02		3.8686902E+04
3.2367900E+02		3.8763131E+04
3.0911100E+02		3.8835656E+04
2.9519900E+02		3.8905095E+04
2.8191300E+02		3.8971140E+04
2.6922500E+02		3.9034407E+04
2.5710800E+02		3.9094896E+04
2.4553600E+02		3.9365863E+04
2.3448500E+02		3.9938968E+04
2.2393100E+02		4.0488927E+04
2.1385300E+02		4.1014196E+04
2.0422800E+02		4.1517553E+04
1.9503600E+02		4.6855970E+04
1.8625800E+02		4.9087634E+04
1.7787500E+02		5.1400542E+04
1.6986900E+02		5.4033275E+04
1.6222400E+02		5.6574363E+04
1.5492300E+02		5.9292609E+04
1.4795000E+02		6.2165130E+04
1.4129100E+02		6.5209115E+04
1.3493200E+02		6.8432557E+04
1.2885900E+02		7.1736147E+04
1.2305900E+02		7.5246019E+04
1.1752100E+02		7.9204590E+04
1.1223200E+02		8.3671532E+04
1.0718000E+02		8.8299974E+04
1.0235600E+02		9.2996958E+04
9.7749600E+01		9.7750550E+04
9.3350200E+01		1.0255790E+05
8.9148700E+01		1.0729255E+05
8.5136400E+01		1.1221388E+05
8.1304600E+01		1.1693956E+05
7.7645300E+01		1.2166742E+05
7.4150700E+01		1.2637119E+05
7.0813400E+01		1.3103992E+05
6.7626200E+01		1.3566048E+05
6.4582500E+01		1.4014527E+05
6.1675800E+01		1.4446144E+05
5.8900000E+01		1.4876010E+05
5.6249000E+01		1.5294269E+05
5.3717400E+01		1.5702345E+05
5.1299700E+01		1.6093779E+05
4.8990900E+01		1.6452474E+05
4.6785900E+01		1.6787848E+05
4.4680200E+01		1.7096834E+05
4.2669300E+01		1.7381404E+05
4.0748800E+01		1.7640352E+05
3.8914800E+01		1.7875322E+05
3.7163400E+01		1.8086203E+05
3.5490700E+01		1.8274201E+05
3.3893400E+01		1.8445118E+05
3.2367900E+01		1.8606071E+05
3.0911100E+01		1.8736585E+05
3.0099800E+01		1.8803923E+05
2.9900000E+01		1.9175976E+05
2.9700000E+01		1.9193385E+05
2.9500000E+01		1.9210904E+05
2.9300000E+01		1.9228313E+05
2.9100000E+01		1.9245832E+05
2.8900000E+01		1.9275285E+05
2.8700000E+01		1.9316783E+05
2.8500000E+01		1.9358280E+05
2.8300000E+01		1.9400106E+05
2.8100000E+01		1.9442041E+05
2.7900000E+01		1.9470071E+05
2.7700000E+01		1.9484524E+05
2.7500000E+01		1.9498977E+05
2.7300000E+01		1.9513540E+05
2.7100000E+01		1.9528321E+05
2.6900000E+01		1.9543759E+05
2.6700000E+01		1.9559964E+05
2.6500000E+01		1.9576060E+05
2.6300000E+01		1.9592264E+05
2.6100000E+01		1.9608469E+05
2.5900000E+01		1.9621937E+05
2.5700000E+01		1.9632667E+05
2.5500000E+01		1.9643507E+05
2.5300000E+01		1.9654456E+05
2.5100000E+01		1.9665405E+05
2.4900000E+01		1.9675807E+05
2.4700000E+01		1.9685661E+05
2.4500000E+01		1.9695515E+05
2.4300000E+01		1.9705479E+05
2.4100000E+01		1.9715333E+05
2.3900000E+01		1.9723545E+05
2.3700000E+01		1.9730224E+05
2.3500000E+01		1.9736903E+05
2.3300000E+01		1.9743582E+05
2.3100000E+01		1.9750261E+05
2.2900000E+01		1.9762196E+05
2.2700000E+01		1.9779386E+05
2.2500000E+01		1.9796576E+05
2.2300000E+01		1.9813876E+05
2.2100000E+01		1.9831176E+05
2.1900000E+01		1.9844096E+05
2.1700000E+01		1.9852746E+05
2.1500000E+01		1.9861286E+05
2.1300000E+01		1.9869826E+05
2.1100000E+01		1.9878367E+05
2.0900000E+01		1.9883294E+05
2.0700000E+01		1.9884608E+05
2.0500000E+01		1.9886031E+05
2.0300000E+01		1.9887783E+05
2.0100000E+01		1.9889535E+05
1.9900000E+01		1.9894900E+05
1.9700000E+01		1.9785400E+05
1.9500000E+01		1.9729700E+05
1.9300000E+01		1.9738300E+05
1.9100000E+01		1.9874700E+05
1.8900000E+01		2.0139700E+05
1.8700000E+01		2.0191200E+05
1.8500000E+01		1.9635800E+05
1.8300000E+01		1.9729200E+05
1.8100000E+01		2.0002600E+05
1.7900000E+01		1.9739400E+05
1.7700000E+01		1.9498500E+05
1.7500000E+01		1.9668600E+05
1.7300000E+01		1.9783000E+05
1.7100000E+01		1.9838800E+05
1.6900000E+01		1.9800300E+05
1.6700000E+01		2.0097200E+05
1.6500000E+01		1.9492900E+05
1.6300000E+01		1.9442900E+05
1.6100000E+01		1.9598700E+05
1.5900000E+01		1.9390400E+05
1.5700000E+01		1.8801200E+05
1.5500000E+01		1.8875400E+05
1.5300000E+01		1.9113800E+05
1.5100000E+01		1.8615800E+05
1.4900000E+01		1.8845100E+05
1.4700000E+01		1.8468100E+05
1.4500000E+01		1.8916500E+05
1.4300000E+01		1.9106100E+05
1.4100000E+01		1.8778600E+05
1.3900000E+01		1.9104700E+05
1.3700000E+01		1.8644100E+05
1.3500000E+01		1.8877100E+05
1.3300000E+01		1.8642400E+05
1.3100000E+01		1.9015300E+05
1.2900000E+01		1.9018200E+05
1.2700000E+01		1.8899700E+05
1.2500000E+01		1.8138000E+05
1.2300000E+01		1.8488200E+05
1.2100000E+01		1.8224700E+05
1.1900000E+01		1.7800200E+05
1.1700000E+01		1.7720500E+05
1.1500000E+01		1.7790400E+05
1.1300000E+01		1.7184800E+05
1.1100000E+01		1.6999300E+05
1.0900000E+01		1.7501800E+05
1.0700000E+01		1.6887400E+05
1.0500000E+01		1.6896000E+05
1.0300000E+01		1.7500700E+05
1.0100000E+01		1.7474800E+05
9.9000000E+00		1.7317000E+05
9.7000000E+00		1.6436800E+05
9.5000000E+00		1.7371200E+05
9.3000000E+00		1.6225600E+05
9.1000000E+00		1.7083200E+05
8.9000000E+00		1.7198500E+05
8.7000000E+00		1.5775000E+05
8.5000000E+00		1.6847800E+05
8.3000000E+00		1.6674400E+05
8.1000000E+00		1.6654800E+05
7.9000000E+00		1.8492000E+05
7.7000000E+00		1.7469400E+05
7.5000000E+00		1.7017300E+05
7.3000000E+00		1.7286700E+05
7.1000000E+00		1.5516400E+05
6.9000000E+00		1.4663300E+05
6.7000000E+00		1.6097700E+05
6.5000000E+00		1.3496900E+05
6.3000000E+00		1.6935600E+05
6.1000000E+00		1.4483100E+05
5.9000000E+00		1.5577600E+05
5.7000000E+00		1.6965800E+05
5.5000000E+00		1.3598100E+05
5.3000000E+00		1.4073400E+05
5.1000000E+00		1.6449800E+05
4.8931500E+00		1.5890800E+05
4.6785900E+00		1.6632200E+05
4.4680200E+00		1.4441300E+05
4.2669300E+00		1.4876300E+05
4.0748800E+00		1.2737700E+05
3.8914800E+00		1.2576300E+05
3.7163400E+00		9.8503100E+04
3.5490700E+00		1.0648900E+05
3.3893400E+00		1.1955900E+05
3.2367900E+00		1.1772800E+05
3.0911100E+00		1.3289700E+05
2.9519900E+00		1.0482500E+05
2.8191300E+00		1.3303000E+05
2.6922500E+00		1.1168700E+05
2.5710800E+00		1.2422000E+05
2.4553600E+00		1.2530600E+05
2.3448500E+00		1.0691900E+05
2.2393200E+00		1.0350000E+05
2.1385300E+00		1.1641600E+05
2.0422800E+00		8.9906800E+04
1.9503600E+00		1.3614400E+05
1.8625800E+00		1.3975300E+05
1.7787500E+00		8.2945000E+04
1.6986900E+00		1.0260400E+05
1.6222400E+00		1.9793800E+05
1.5492300E+00		1.0713300E+05
1.4795000E+00		1.0250300E+05
1.4129100E+00		9.6576400E+04
1.3493200E+00		8.7682300E+04
1.2885900E+00		1.0546400E+05
1.2305900E+00		7.5253800E+04
1.1752100E+00		6.4484500E+04
1.1223200E+00		6.0421600E+04
1.0718000E+00		6.7859300E+04
1.0235600E+00		9.0730400E+04
9.7749600E-01		1.1698600E+05
9.3350200E-01		1.1355100E+05
8.9148700E-01		8.2416400E+04
8.5136400E-01		8.5017900E+04
8.1304600E-01		1.5137300E+05
7.7645300E-01		8.2418400E+04
7.4150700E-01		6.1029200E+04
7.0813400E-01		5.6674300E+04
6.7626200E-01		5.3809500E+04
6.4582500E-01		5.1399100E+04
6.1675900E-01		5.0672600E+04
5.8900000E-01		5.6902300E+04
5.6249000E-01		1.2312200E+05
5.3717400E-01		7.6899000E+04
5.1299700E-01		5.6725100E+04
4.8990900E-01		5.4802800E+04
4.6785900E-01		5.3453000E+04
4.4680200E-01		5.2222200E+04
4.2669300E-01		5.1088100E+04
4.0748800E-01		5.0046400E+04
3.8914800E-01		4.9615300E+04
3.7163400E-01		4.9655300E+04
3.5490800E-01		5.0540200E+04
3.3893400E-01		5.0100700E+04
3.2367900E-01		5.0577100E+04
3.0911200E-01		5.1252200E+04
2.9519900E-01		5.2302900E+04
2.8191300E-01		5.3629800E+04
2.6922500E-01		5.5543100E+04
2.5710800E-01		5.8175100E+04
2.4553600E-01		6.1794100E+04
2.3448500E-01		6.6912500E+04
2.2393200E-01		7.4216900E+04
2.1385300E-01		8.4733500E+04
2.0422800E-01		9.9447500E+04
1.9503600E-01		1.1708900E+05
1.8625800E-01		1.2066200E+05
1.7787500E-01		8.4764500E+04
1.6986900E-01		3.7316000E+04
1.6222400E-01		1.1866600E+04
1.5492300E-01		2.7112900E+03
1.4795000E-01		2.9870700E+02
1.4129100E-01		1.7995000E+02
1.3493200E-01		6.9627200E+02
1.2885900E-01		1.3550100E+03
1.2305900E-01		1.9990700E+03
1.1752100E-01		2.5802000E+03
1.1223200E-01		3.0766700E+03
1.0718000E-01		3.5064100E+03
1.0235600E-01		3.8573100E+03
9.7749600E-02		4.1581500E+03
9.3350200E-02		4.4070200E+03
8.9148700E-02		4.6144600E+03
8.5136400E-02		4.8574900E+03
8.1304600E-02		4.9510600E+03
7.7645300E-02		5.1053100E+03
7.4150700E-02		5.2712900E+03
7.0813400E-02		5.4747900E+03
6.7626200E-02		6.0582100E+03
6.4582500E-02		6.2772200E+03
6.1675800E-02		7.3428300E+03
5.8900000E-02		1.1048400E+04
5.6249000E-02		5.0439800E+04
5.3717400E-02		7.9581500E+02
5.1299700E-02		1.1743300E+03
4.8990900E-02		1.8356500E+03
4.6785900E-02		2.1630600E+03
4.4680200E-02		2.3319100E+03
4.2669300E-02		2.4198300E+03
4.0748800E-02		2.4532400E+03
3.8914800E-02		2.4603300E+03
3.7163400E-02		2.4365600E+03
3.5490800E-02		2.4071700E+03
3.3893400E-02		2.3644500E+03
3.2367900E-02		2.3163300E+03
3.0911100E-02		2.2563700E+03
2.9519900E-02		2.1911000E+03
2.8191300E-02		2.1281100E+03
2.6922500E-02		2.0679400E+03
2.5710800E-02		2.0096900E+03
2.4553600E-02		1.9459700E+03
2.3448500E-02		1.8830300E+03
2.2393100E-02		1.8207400E+03
2.1385300E-02		1.7578300E+03
2.0422800E-02		1.6977000E+03
1.9503600E-02		1.6382900E+03
1.8625800E-02		1.5798300E+03
1.7787500E-02		1.5227700E+03
1.6986900E-02		1.4670300E+03
1.6222400E-02		1.4125000E+03
1.5492300E-02		1.3592400E+03
1.4795000E-02		1.3081100E+03
1.4129100E-02		1.2580400E+03
1.3493200E-02		1.2097600E+03
1.2885900E-02		1.1630800E+03
1.2305900E-02		1.1175200E+03
1.1752100E-02		1.0739800E+03
1.1223200E-02		1.0318000E+03
1.0718000E-02		9.9101400E+02
1.0235600E-02		9.5159300E+02
9.7749600E-03		9.1349600E+02
9.3350200E-03		8.7674000E+02
8.9148700E-03		8.4144900E+02
8.5136400E-03		8.0727200E+02
8.1304600E-03		7.7457000E+02
7.7645300E-03		7.4288000E+02
7.4150700E-03		7.1248500E+02
7.0813300E-03		6.8332500E+02
6.7626200E-03		6.5506300E+02
6.4582500E-03		6.2804500E+02
6.1675900E-03		6.0213800E+02
5.8900000E-03		5.7700800E+02
5.6249000E-03		5.5297400E+02
5.3717400E-03		5.3002000E+02
5.1299700E-03		5.0794700E+02
4.8990900E-03		4.8666500E+02
4.6785900E-03		4.6622800E+02
4.4680200E-03		4.4665000E+02
4.2669300E-03		4.2780400E+02
4.0748800E-03		4.0978900E+02
3.8914800E-03		3.9244100E+02
3.7163400E-03		3.7582700E+02
3.5490700E-03		3.5993000E+02
3.3893400E-03		3.4460700E+02
3.2367900E-03		3.2995500E+02
3.0911200E-03		3.1595200E+02
2.9519900E-03		3.0248300E+02
2.8191300E-03		2.8959100E+02
2.6922500E-03		2.7720900E+02
2.5710800E-03		2.6536800E+02
2.4553600E-03		2.5400100E+02
2.3448500E-03		2.4312000E+02
2.2393100E-03		2.3270400E+02
2.1385300E-03		2.2270500E+02
2.0422800E-03		2.1315400E+02
1.9503600E-03		2.0399900E+02
1.8625800E-03		1.9522700E+02
1.7787500E-03		1.8682200E+02
1.6986900E-03		1.7878200E+02
1.6222400E-03		1.7107500E+02
1.5492300E-03		1.6370500E+02
1.4795000E-03		1.5664000E+02
1.4129100E-03		1.4988700E+02
1.3493200E-03		1.4341800E+02
1.2885900E-03		1.3722800E+02
1.2305900E-03		1.3130200E+02
1.1752100E-03		1.2563100E+02
1.1223200E-03		1.2020400E+02
1.0718000E-03		1.1500800E+02
1.0235600E-03		1.1003800E+02
9.7749600E-04		1.0528300E+02
9.3350200E-04		1.0073300E+02
8.9148700E-04		9.6380100E+01
8.5136400E-04		9.2214800E+01
8.1304600E-04		8.8232200E+01
7.7645300E-04		8.4419500E+01
7.4150700E-04		8.0776200E+01
7.0813400E-04		7.7287200E+01
6.7626200E-04		7.3954000E+01
6.4582500E-04		7.0764200E+01
6.1675800E-04		6.7712600E+01
5.8900000E-04		6.4798200E+01
5.6249000E-04		6.2009300E+01
5.3717400E-04		5.9342500E+01
5.1299700E-04		5.6792200E+01
4.8990900E-04		5.4355800E+01
4.6785900E-04		5.2025000E+01
4.4680200E-04		4.9797200E+01
4.2669300E-04		4.7668100E+01
4.0748800E-04		4.5631500E+01
3.8914800E-04		4.3686500E+01
3.7163400E-04		4.1826900E+01
3.5490800E-04		4.0049800E+01
3.3893400E-04		3.8352600E+01
3.2367900E-04		3.6730600E+01
3.0911200E-04		3.5180700E+01
2.9519900E-04		3.3700000E+01
2.8191300E-04		3.2285700E+01
2.6922500E-04		3.0935000E+01
2.5710800E-04		2.9645000E+01
2.4553600E-04		2.8413100E+01
2.3448500E-04		2.7236700E+01
2.2393200E-04		2.6113500E+01
2.1385300E-04		2.5041400E+01
2.0422800E-04		2.4017800E+01
1.9503600E-04		2.3041300E+01
1.8625800E-04		2.2109500E+01
1.7787500E-04		2.1220100E+01
1.6986900E-04		2.0372500E+01
1.6222400E-04		1.9563300E+01
1.5492300E-04		1.8791500E+01
1.4795000E-04		1.8056400E+01
1.4129100E-04		1.7355400E+01
1.3493200E-04		1.6688000E+01
1.2885900E-04		1.6051300E+01
1.2305900E-04		1.5446300E+01
1.1752100E-04		1.4869200E+01
1.1223200E-04		1.4320000E+01
1.0718000E-04		1.3798600E+01
1.0235600E-04		1.3300800E+01
9.7749600E-05		1.2827800E+01
9.3350200E-05		1.2378800E+01
8.9148700E-05		1.1952800E+01
8.5136400E-05		1.1547800E+01
8.1304600E-05		1.1163900E+01
7.7645300E-05		1.0800000E+01
7.4150700E-05		1.0454300E+01
7.0813400E-05		1.0128800E+01
6.7626200E-05		9.8182900E+00
6.4582500E-05		9.5269800E+00
6.1675800E-05		9.2514300E+00
5.8900000E-05		8.9885800E+00
5.6249000E-05		8.7426300E+00
5.3717400E-05		8.5109000E+00
5.1299700E-05		8.2937200E+00
4.8990900E-05		8.0897500E+00
4.6785900E-05		7.8987900E+00
4.4680200E-05		7.7193100E+00
4.2669300E-05		7.5532800E+00
4.0748800E-05		7.3960000E+00
3.8914800E-05		7.2533400E+00
3.7163400E-05		7.1184700E+00
3.5490800E-05		6.9940100E+00
3.3893400E-05		6.8829200E+00
3.2367900E-05		6.7770000E+00
3.0911100E-05		6.6799400E+00
2.9519900E-05		6.5946800E+00
2.8191300E-05		6.5166200E+00
2.6922500E-05		6.4493000E+00
2.5710800E-05		6.3868200E+00
2.4553600E-05		6.3366800E+00
2.3448500E-05		6.2904400E+00
2.2393200E-05		6.2528800E+00
2.1385300E-05		6.2252800E+00
2.0422800E-05		6.1989700E+00
1.9503600E-05		6.1815800E+00
1.8625800E-05		6.1714600E+00
1.7787500E-05		6.1695900E+00
1.6986900E-05		6.1723100E+00
1.6222400E-05		6.1829300E+00
1.5492300E-05		6.1993000E+00
1.4795000E-05		6.2200600E+00
1.4129100E-05		6.2511200E+00
1.3493200E-05		6.2817200E+00
1.2885900E-05		6.3244400E+00
1.2305900E-05		6.3711500E+00
1.1752100E-05		6.4167300E+00
1.1223200E-05		6.4727200E+00
1.0718000E-05		6.5336000E+00
1.0235600E-05		6.6011600E+00
9.9875000E-06		6.6366000E+00
9.9625000E-06		6.6409700E+00
9.9375000E-06		6.6453300E+00
9.9125000E-06		6.6497000E+00
9.8875000E-06		6.6540700E+00
9.8625000E-06		6.6584300E+00
9.8375000E-06		6.6628000E+00
9.8125000E-06		6.6671700E+00
9.7875000E-06		6.6715300E+00
9.7625000E-06		6.6759000E+00
9.7375000E-06		6.6802700E+00
9.7125000E-06		6.6846400E+00
9.6875000E-06		6.6890000E+00
9.6625000E-06		6.6933700E+00
9.6375000E-06		6.6977300E+00
9.6125000E-06		6.7021000E+00
9.5875000E-06		6.7064700E+00
9.5625000E-06		6.7108400E+00
9.5375000E-06		6.7152000E+00
9.5125000E-06		6.7195700E+00
9.4875000E-06		6.7239400E+00
9.4625000E-06		6.7283000E+00
9.4375000E-06		6.7326700E+00
9.4125000E-06		6.7370400E+00
9.3875000E-06		6.7414000E+00
9.3625000E-06		6.7457700E+00
9.3375000E-06		6.7501400E+00
9.3125000E-06		6.7545100E+00
9.2875000E-06		6.7588700E+00
9.2625000E-06		6.7632400E+00
9.2375000E-06		6.7676000E+00
9.2125000E-06		6.7719800E+00
9.1875000E-06		6.7769800E+00
9.1625000E-06		6.7823500E+00
9.1375000E-06		6.7877200E+00
9.1125000E-06		6.7930900E+00
9.0875000E-06		6.7984600E+00
9.0625000E-06		6.8038300E+00
9.0375000E-06		6.8092000E+00
9.0125000E-06		6.8145700E+00
8.9875000E-06		6.8199300E+00
8.9625000E-06		6.8253000E+00
8.9375000E-06		6.8306700E+00
8.9125000E-06		6.8360400E+00
8.8875000E-06		6.8414100E+00
8.8625000E-06		6.8467800E+00
8.8375000E-06		6.8521500E+00
8.8125000E-06		6.8575200E+00
8.7875000E-06		6.8628900E+00
8.7625000E-06		6.8682600E+00
8.7375000E-06		6.8736300E+00
8.7125000E-06		6.8789900E+00
8.6875000E-06		6.8843600E+00
8.6625000E-06		6.8897300E+00
8.6375000E-06		6.8951000E+00
8.6125000E-06		6.9004700E+00
8.5875000E-06		6.9058400E+00
8.5625000E-06		6.9112100E+00
8.5375000E-06		6.9165800E+00
8.5125000E-06		6.9219500E+00
8.4875000E-06		6.9273200E+00
8.4625000E-06		6.9326800E+00
8.4375000E-06		6.9380500E+00
8.4125000E-06		6.9434800E+00
8.3875000E-06		6.9498200E+00
8.3625000E-06		6.9565100E+00
8.3375000E-06		6.9631900E+00
8.3125000E-06		6.9698800E+00
8.2875000E-06		6.9765600E+00
8.2625000E-06		6.9832400E+00
8.2375000E-06		6.9899300E+00
8.2125000E-06		6.9966100E+00
8.1875000E-06		7.0033000E+00
8.1625000E-06		7.0099800E+00
8.1375000E-06		7.0166700E+00
8.1125000E-06		7.0233500E+00
8.0875000E-06		7.0300300E+00
8.0625000E-06		7.0367200E+00
8.0375000E-06		7.0434000E+00
8.0125000E-06		7.0500900E+00
7.9875000E-06		7.0567700E+00
7.9625000E-06		7.0634600E+00
7.9375000E-06		7.0701400E+00
7.9125000E-06		7.0768200E+00
7.8875000E-06		7.0835100E+00
7.8625000E-06		7.0901900E+00
7.8375000E-06		7.0968800E+00
7.8125000E-06		7.1035600E+00
7.7875000E-06		7.1102500E+00
7.7625000E-06		7.1169300E+00
7.7375000E-06		7.1236100E+00
7.7125000E-06		7.1303000E+00
7.6875000E-06		7.1369800E+00
7.6625000E-06		7.1436700E+00
7.6375000E-06		7.1503500E+00
7.6125000E-06		7.1570300E+00
7.5875000E-06		7.1637200E+00
7.5625000E-06		7.1704400E+00
7.5375000E-06		7.1783500E+00
7.5125000E-06		7.1868100E+00
7.4875000E-06		7.1952600E+00
7.4625000E-06		7.2037200E+00
7.4375000E-06		7.2121800E+00
7.4125000E-06		7.2206300E+00
7.3875000E-06		7.2290900E+00
7.3625000E-06		7.2375500E+00
7.3375000E-06		7.2460100E+00
7.3125000E-06		7.2544600E+00
7.2875000E-06		7.2629200E+00
7.2625000E-06		7.2713800E+00
7.2375000E-06		7.2798300E+00
7.2125000E-06		7.2882900E+00
7.1875000E-06		7.2967400E+00
7.1625000E-06		7.3052000E+00
7.1375000E-06		7.3136600E+00
7.1125000E-06		7.3221100E+00
7.0875000E-06		7.3305700E+00
7.0625000E-06		7.3390300E+00
7.0375000E-06		7.3474900E+00
7.0125000E-06		7.3559400E+00
6.9875000E-06		7.3644000E+00
6.9625000E-06		7.3728600E+00
6.9375000E-06		7.3813100E+00
6.9125000E-06		7.3897700E+00
6.8875000E-06		7.3982200E+00
6.8625000E-06		7.4066800E+00
6.8375000E-06		7.4151400E+00
6.8125000E-06		7.4235900E+00
6.7875000E-06		7.4320500E+00
6.7625000E-06		7.4405100E+00
6.7375000E-06		7.4489700E+00
6.7125000E-06		7.4574500E+00
6.6875000E-06		7.4674100E+00
6.6625000E-06		7.4782600E+00
6.6375000E-06		7.4891100E+00
6.6125000E-06		7.4999500E+00
6.5875000E-06		7.5108000E+00
6.5625000E-06		7.5216500E+00
6.5375000E-06		7.5324900E+00
6.5125000E-06		7.5433400E+00
6.4875000E-06		7.5541800E+00
6.4625000E-06		7.5650300E+00
6.4375000E-06		7.5758800E+00
6.4125000E-06		7.5867200E+00
6.3875000E-06		7.5975700E+00
6.3625000E-06		7.6084200E+00
6.3375000E-06		7.6192600E+00
6.3125000E-06		7.6301100E+00
6.2875000E-06		7.6409600E+00
6.2625000E-06		7.6518000E+00
6.2375000E-06		7.6626500E+00
6.2125000E-06		7.6734900E+00
6.1875000E-06		7.6843400E+00
6.1625000E-06		7.6951900E+00
6.1375000E-06		7.7060300E+00
6.1125000E-06		7.7168800E+00
6.0875000E-06		7.7277300E+00
6.0625000E-06		7.7385700E+00
6.0375000E-06		7.7494200E+00
6.0125000E-06		7.7602700E+00
5.9875000E-06		7.7711100E+00
5.9625000E-06		7.7819600E+00
5.9375000E-06		7.7928100E+00
5.9125000E-06		7.8036500E+00
5.8875000E-06		7.8145000E+00
5.8625000E-06		7.8253500E+00
5.8375000E-06		7.8375400E+00
5.8125000E-06		7.8507500E+00
5.7875000E-06		7.8639600E+00
5.7625000E-06		7.8771700E+00
5.7375000E-06		7.8903900E+00
5.7125000E-06		7.9036000E+00
5.6875000E-06		7.9168100E+00
5.6625000E-06		7.9300200E+00
5.6375000E-06		7.9432300E+00
5.6125000E-06		7.9564400E+00
5.5875000E-06		7.9696500E+00
5.5625000E-06		7.9828600E+00
5.5375000E-06		7.9960700E+00
5.5125000E-06		8.0092800E+00
5.4875000E-06		8.0224900E+00
5.4625000E-06		8.0357000E+00
5.4375000E-06		8.0489200E+00
5.4125000E-06		8.0632000E+00
5.3875000E-06		8.0784300E+00
5.3625000E-06		8.0936500E+00
5.3375000E-06		8.1088700E+00
5.3125000E-06		8.1240900E+00
5.2875000E-06		8.1393100E+00
5.2625000E-06		8.1545300E+00
5.2375000E-06		8.1697500E+00
5.2125000E-06		8.1849700E+00
5.1875000E-06		8.2002000E+00
5.1625000E-06		8.2154200E+00
5.1375000E-06		8.2306400E+00
5.1125000E-06		8.2458600E+00
5.0875000E-06		8.2610800E+00
5.0625000E-06		8.2763000E+00
5.0375000E-06		8.2915200E+00
5.0125000E-06		8.3067400E+00
4.9875000E-06		8.3232100E+00
4.9625000E-06		8.3409100E+00
4.9375000E-06		8.3586100E+00
4.9125000E-06		8.3763100E+00
4.8875000E-06		8.3940100E+00
4.8625000E-06		8.4117100E+00
4.8375000E-06		8.4294100E+00
4.8125000E-06		8.4471200E+00
4.7875000E-06		8.4648200E+00
4.7625000E-06		8.4825200E+00
4.7375000E-06		8.5002200E+00
4.7125000E-06		8.5179200E+00
4.6875000E-06		8.5356200E+00
4.6625000E-06		8.5533200E+00
4.6375000E-06		8.5710300E+00
4.6125000E-06		8.5887300E+00
4.5875000E-06		8.6065400E+00
4.5625000E-06		8.6264500E+00
4.5375000E-06		8.6471600E+00
4.5125000E-06		8.6678800E+00
4.4875000E-06		8.6885900E+00
4.4625000E-06		8.7093000E+00
4.4375000E-06		8.7300200E+00
4.4125000E-06		8.7507300E+00
4.3875000E-06		8.7714400E+00
4.3625000E-06		8.7921600E+00
4.3375000E-06		8.8128700E+00
4.3125000E-06		8.8335800E+00
4.2875000E-06		8.8543000E+00
4.2625000E-06		8.8750100E+00
4.2375000E-06		8.8957200E+00
4.2125000E-06		8.9164400E+00
4.1875000E-06		8.9371500E+00
4.1625000E-06		8.9584200E+00
4.1375000E-06		8.9825800E+00
4.1125000E-06		9.0071500E+00
4.0875000E-06		9.0317100E+00
4.0625000E-06		9.0562800E+00
4.0375000E-06		9.0808400E+00
4.0125000E-06		9.1054100E+00
3.9875000E-06		9.1299700E+00
3.9625000E-06		9.1545400E+00
3.9375000E-06		9.1791000E+00
3.9125000E-06		9.2036700E+00
3.8875000E-06		9.2282400E+00
3.8625000E-06		9.2528000E+00
3.8375000E-06		9.2773700E+00
3.8125000E-06		9.3019300E+00
3.7875000E-06		9.3265000E+00
3.7625000E-06		9.3510600E+00
3.7375000E-06		9.3772700E+00
3.7125000E-06		9.4067900E+00
3.6875000E-06		9.4363900E+00
3.6625000E-06		9.4659800E+00
3.6375000E-06		9.4955800E+00
3.6125000E-06		9.5251800E+00
3.5875000E-06		9.5547800E+00
3.5625000E-06		9.5843800E+00
3.5375000E-06		9.6139800E+00
3.5125000E-06		9.6435800E+00
3.4875000E-06		9.6731700E+00
3.4625000E-06		9.7027700E+00
3.4375000E-06		9.7323700E+00
3.4125000E-06		9.7619700E+00
3.3875000E-06		9.7915700E+00
3.3625000E-06		9.8211700E+00
3.3375000E-06		9.8507900E+00
3.3125000E-06		9.8838200E+00
3.2875000E-06		9.9193700E+00
3.2625000E-06		9.9549300E+00
3.2375000E-06		9.9904800E+00
3.2125000E-06		1.0026000E+01
3.1875000E-06		1.0061600E+01
3.1625000E-06		1.0097100E+01
3.1375000E-06		1.0132700E+01
3.1125000E-06		1.0168200E+01
3.0875000E-06		1.0203800E+01
3.0625000E-06		1.0239400E+01
3.0375000E-06		1.0274900E+01
3.0125000E-06		1.0310400E+01
2.9875000E-06		1.0348300E+01
2.9625000E-06		1.0390600E+01
2.9375000E-06		1.0433200E+01
2.9125000E-06		1.0475600E+01
2.8875000E-06		1.0518100E+01
2.8625000E-06		1.0560600E+01
2.8375000E-06		1.0603100E+01
2.8125000E-06		1.0645600E+01
2.7875000E-06		1.0688100E+01
2.7625000E-06		1.0730600E+01
2.7375000E-06		1.0773100E+01
2.7125000E-06		1.0815600E+01
2.6875000E-06		1.0858100E+01
2.6625000E-06		1.0901900E+01
2.6375000E-06		1.0952900E+01
2.6125000E-06		1.1004700E+01
2.5875000E-06		1.1056600E+01
2.5625000E-06		1.1108500E+01
2.5375000E-06		1.1160400E+01
2.5125000E-06		1.1212300E+01
2.4875000E-06		1.1264200E+01
2.4625000E-06		1.1316100E+01
2.4375000E-06		1.1368000E+01
2.4125000E-06		1.1419900E+01
2.3875000E-06		1.1471800E+01
2.3625000E-06		1.1523700E+01
2.3375000E-06		1.1575900E+01
2.3125000E-06		1.1634500E+01
2.2875000E-06		1.1695700E+01
2.2625000E-06		1.1756800E+01
2.2375000E-06		1.1817900E+01
2.2125000E-06		1.1879000E+01
2.1875000E-06		1.1940200E+01
2.1625000E-06		1.2002800E+01
2.1375000E-06		1.2071200E+01
2.1125000E-06		1.2140000E+01
2.0875000E-06		1.2208900E+01
2.0625000E-06		1.2277800E+01
2.0375000E-06		1.2346700E+01
2.0125000E-06		1.2415500E+01
1.9875000E-06		1.2489100E+01
1.9625000E-06		1.2567400E+01
1.9375000E-06		1.2645800E+01
1.9125000E-06		1.2724100E+01
1.8875000E-06		1.2802400E+01
1.8625000E-06		1.2880700E+01
1.8375000E-06		1.2961100E+01
1.8125000E-06		1.3049900E+01
1.7875000E-06		1.3139500E+01
1.7625000E-06		1.3229100E+01
1.7375000E-06		1.3318800E+01
1.7125000E-06		1.3408400E+01
1.6875000E-06		1.3498400E+01
1.6625000E-06		1.3598200E+01
1.6375000E-06		1.3702600E+01
1.6125000E-06		1.3806900E+01
1.5875000E-06		1.3911300E+01
1.5625000E-06		1.4015700E+01
1.5375000E-06		1.4120100E+01
1.5125000E-06		1.4226100E+01
1.4875000E-06		1.4346900E+01
1.4625000E-06		1.4471000E+01
1.4375000E-06		1.4595200E+01
1.4125000E-06		1.4719400E+01
1.3875000E-06		1.4843600E+01
1.3625000E-06		1.4967800E+01
1.3375000E-06		1.5096900E+01
1.3125000E-06		1.5245800E+01
1.2875000E-06		1.5396900E+01
1.2625000E-06		1.5547900E+01
1.2375000E-06		1.5698900E+01
1.2125000E-06		1.5849900E+01
1.1875000E-06		1.6000900E+01
1.1625000E-06		1.6160400E+01
1.1375000E-06		1.6337400E+01
1.1125000E-06		1.6514900E+01
1.0875000E-06		1.6694300E+01
1.0625000E-06		1.6890300E+01
1.0375000E-06		1.7090300E+01
1.0125000E-06		1.7290300E+01
9.8750000E-07		1.7505300E+01
9.6250010E-07		1.7735200E+01
9.3750000E-07		1.7965100E+01
9.1250000E-07		1.8195500E+01
8.8750000E-07		1.8451600E+01
8.6250000E-07		1.8721600E+01
8.3750000E-07		1.8991700E+01
8.1250000E-07		1.9264300E+01
7.8750000E-07		1.9570900E+01
7.6250000E-07		1.9888100E+01
7.3750000E-07		2.0206900E+01
7.1250000E-07		2.0563600E+01
6.8750000E-07		2.0935800E+01
6.6250000E-07		2.1309000E+01
6.3750000E-07		2.1728800E+01
6.1250000E-07		2.2173900E+01
5.8750000E-07		2.2619400E+01
5.6250000E-07		2.3122300E+01
5.3740400E-07		2.3669300E+01
5.1299700E-07		2.4201300E+01
4.8990900E-07		2.4746400E+01
4.6785900E-07		2.5318100E+01
4.4680200E-07		2.5896900E+01
4.2669300E-07		2.6497000E+01
4.0748800E-07		2.7111400E+01
3.8914800E-07		2.7740100E+01
3.7163400E-07		2.8383200E+01
3.5490800E-07		2.9041200E+01
3.3893400E-07		2.9715000E+01
3.2367900E-07		3.0403700E+01
3.0911100E-07		3.1110500E+01
2.9519900E-07		3.1833400E+01
2.8191300E-07		3.2571800E+01
2.6922500E-07		3.3326500E+01
2.5710800E-07		3.4097500E+01
2.4553600E-07		3.4889700E+01
2.3448500E-07		3.5701100E+01
2.2393100E-07		3.6530900E+01
2.1385300E-07		3.7379900E+01
2.0422800E-07		3.8248900E+01
1.9503600E-07		3.9140600E+01
1.8625800E-07		4.0051500E+01
1.7787500E-07		4.0983300E+01
1.6986900E-07		4.1936500E+01
1.6222400E-07		4.2911400E+01
1.5492300E-07		4.3908600E+01
1.4795000E-07		4.4930800E+01
1.4129100E-07		4.5977600E+01
1.3493200E-07		4.7049500E+01
1.2885900E-07		4.8143600E+01
1.2305900E-07		4.9263100E+01
1.1752100E-07		5.0412300E+01
1.1223200E-07		5.1576300E+01
1.0718000E-07		5.2777200E+01
1.0235600E-07		5.4005300E+01
9.7749600E-08		5.5261700E+01
9.3350200E-08		5.6549100E+01
8.9148700E-08		5.7865400E+01
8.5136400E-08		5.9212800E+01
8.1304600E-08		6.0592600E+01
7.7645300E-08		6.2004100E+01
7.4150700E-08		6.3447900E+01
7.0813300E-08		6.4925300E+01
6.7626200E-08		6.6437500E+01
6.4582500E-08		6.7985200E+01
6.1675800E-08		6.9568900E+01
5.8900000E-08		7.1189500E+01
5.6249000E-08		7.2847900E+01
5.3717400E-08		7.4544400E+01
5.1299700E-08		7.6269700E+01
4.8990900E-08		7.8049600E+01
4.6785900E-08		7.9869000E+01
4.4680200E-08		8.1730200E+01
4.2669300E-08		8.3634500E+01
4.0748800E-08		8.5583100E+01
3.8914800E-08		8.7577400E+01
3.7163400E-08		8.9618200E+01
3.5490700E-08		9.1702600E+01
3.3893400E-08		9.3836500E+01
3.2367900E-08		9.6022500E+01
3.0911100E-08		9.8261000E+01
2.9519900E-08		1.0055100E+02
2.8191300E-08		1.0289500E+02
2.6922500E-08		1.0529300E+02
2.5710800E-08		1.0774800E+02
2.4553600E-08		1.1026300E+02
2.3448500E-08		1.1283400E+02
2.2393200E-08		1.1546100E+02
2.1385300E-08		1.1814900E+02
2.0422800E-08		1.2091000E+02
1.9503600E-08		1.2371600E+02
1.8625800E-08		1.2659800E+02
1.7787500E-08		1.2954500E+02
1.6986900E-08		1.3256200E+02
1.6222400E-08		1.3565600E+02
1.5492300E-08		1.3880100E+02
1.4795000E-08		1.4203600E+02
1.4129100E-08		1.4534600E+02
1.3493200E-08		1.4873100E+02
1.2885900E-08		1.5219400E+02
1.2305900E-08		1.5573900E+02
1.1752100E-08		1.5937900E+02
1.1223200E-08		1.6305600E+02
1.0718000E-08		1.6685600E+02
1.0235600E-08		1.7074000E+02
9.7749600E-09		1.7471900E+02
9.3350200E-09		1.7877500E+02
8.9148700E-09		1.8295000E+02
8.5136400E-09		1.8721000E+02
8.1304600E-09		1.9157000E+02
7.7645300E-09		1.9603300E+02
7.4150700E-09		2.0059900E+02
7.0813400E-09		2.0527000E+02
6.7626200E-09		2.1005600E+02
6.4582500E-09		2.1495100E+02
6.1675800E-09		2.1994900E+02
5.8900000E-09		2.2507600E+02
5.6249000E-09		2.3032100E+02
5.3717400E-09		2.3567800E+02
5.1299700E-09		2.4122600E+02
4.8990900E-09		2.4678100E+02
4.6785900E-09		2.5253500E+02
4.4680200E-09		2.5840700E+02
4.2669300E-09		2.6445000E+02
4.0748800E-09		2.7061500E+02
3.8914800E-09		2.7691100E+02
3.7163400E-09		2.8334300E+02
3.5490800E-09		2.8996100E+02
3.3893400E-09		2.9669700E+02
3.2367900E-09		3.0360800E+02
3.0911200E-09		3.1073500E+02
2.9519900E-09		3.1798100E+02
2.8191300E-09		3.2538500E+02
2.6922500E-09		3.3294100E+02
2.5710800E-09		3.4065700E+02
2.4553600E-09		3.4861100E+02
2.3448500E-09		3.5673700E+02
2.2393100E-09		3.6502500E+02
2.1385300E-09		3.7355900E+02
2.0422800E-09		3.8226700E+02
1.9503600E-09		3.9119800E+02
1.8625800E-09		4.0031500E+02
1.7787500E-09		4.0964000E+02
1.6986900E-09		4.1915400E+02
1.6222400E-09		4.2887100E+02
1.5492300E-09		4.3889300E+02
1.4795000E-09		4.4912100E+02
1.4129100E-09		4.5958500E+02
1.3493200E-09		4.7029300E+02
1.2885900E-09		4.8125100E+02
1.2305900E-09		4.9246800E+02
1.1752100E-09		5.0394900E+02
1.1223200E-09		5.1562800E+02
1.0718000E-09		5.2768200E+02
1.0235600E-09		5.3998300E+02
9.7749600E-10		5.5254500E+02
9.3350210E-10		5.6538000E+02
8.9148700E-10		5.7863800E+02
8.5136400E-10		5.9213900E+02
8.1304600E-10		6.0593200E+02
7.7645300E-10		6.2003800E+02
7.4150700E-10		6.3447900E+02
7.0813300E-10		6.4920500E+02
6.7626200E-10		6.6433400E+02
6.4582500E-10		6.7981500E+02
6.1675800E-10		6.9565700E+02
5.8900000E-10		7.1186900E+02
5.6249000E-10		7.2845900E+02
5.3717400E-10		7.4544400E+02
5.1299700E-10		7.6284900E+02
4.8990900E-10		7.8051400E+02
4.6785900E-10		7.9870700E+02
4.4680200E-10		8.1732300E+02
4.2669300E-10		8.3637500E+02
4.0748800E-10		8.5587600E+02
3.8914800E-10		8.7583200E+02
3.7163400E-10		8.9623800E+02
3.5490700E-10		9.1711100E+02
3.3893400E-10		9.3845100E+02
3.2367900E-10		9.6025100E+02
3.0911100E-10		9.8262400E+02
2.9519900E-10		1.0055200E+03
2.8191300E-10		1.0289500E+03
2.6922500E-10		1.0529400E+03
2.5710800E-10		1.0774800E+03
2.4553600E-10		1.1024600E+03
2.3448500E-10		1.1281500E+03
2.2393200E-10		1.1544700E+03
2.1385300E-10		1.1813600E+03
2.0422800E-10		1.2087900E+03
1.9503600E-10		1.2370400E+03
1.8625800E-10		1.2658800E+03
1.7787500E-10		1.2953800E+03
1.6986900E-10		1.3255500E+03
1.6222400E-10		1.3564000E+03
1.5492300E-10		1.3880100E+03
1.4795000E-10		1.4203500E+03
1.4129100E-10		1.4534500E+03
1.3493200E-10		1.4873200E+03
1.2885900E-10		1.5219800E+03
1.2305900E-10		1.5572800E+03
1.1752100E-10		1.5935600E+03
1.1223200E-10		1.6307500E+03
1.0718000E-10		1.6687400E+03
1.0235600E-10		1.7076200E+03
9.7749600E-11		1.7473600E+03
9.3350200E-11		1.7880900E+03
8.9148700E-11		1.8297100E+03
8.5136400E-11		1.8722900E+03
8.1304600E-11		1.9163200E+03
7.7645300E-11		1.9605300E+03
7.4150700E-11		2.0062300E+03
7.0813400E-11		2.0529600E+03
6.7626200E-11		2.1007700E+03
6.4582500E-11		2.1495800E+03
6.1675800E-11		2.1997500E+03
5.8900000E-11		2.2509700E+03
5.6249000E-11		2.3035100E+03
5.3717400E-11		2.3571800E+03
5.1299700E-11		2.4121100E+03
4.8990900E-11		2.4682500E+03
4.6785900E-11		2.5257800E+03
4.4680200E-11		2.5846500E+03
4.2669300E-11		2.6448900E+03
4.0748800E-11		2.7065600E+03
3.8914800E-11		2.7696700E+03
3.7163400E-11		2.8342000E+03
3.5490700E-11		2.9002000E+03
3.3893400E-11		2.9677200E+03
3.2367900E-11		3.0367600E+03
3.0911100E-11		3.1075400E+03
2.9519900E-11		3.1800200E+03
2.8191300E-11		3.2542200E+03
2.6922500E-11		3.3299700E+03
2.5710800E-11		3.4074900E+03
2.4553600E-11		3.4870500E+03
2.3448500E-11		3.5676300E+03
2.2393100E-11		3.6507600E+03
2.1385300E-11		3.7357800E+03
2.0422800E-11		3.8228000E+03
1.9503600E-11		3.9119200E+03
1.8625800E-11		4.0030800E+03
1.7787500E-11		4.0963600E+03
1.6986900E-11		4.1918200E+03
1.6222400E-11		4.2895000E+03
1.5492300E-11		4.3891300E+03
1.4795000E-11		4.4911900E+03
1.4129100E-11		4.5959700E+03
1.3493200E-11		4.7030300E+03
1.2885900E-11		4.8126800E+03
1.2305900E-11		4.9248300E+03
1.1752100E-11		5.0395600E+03
1.1223200E-11		5.1569900E+03
1.0718000E-11		5.2770700E+03
1.0235600E-11		5.4000500E+03
