9.7749600E+02		4.4214572E+04
9.3350200E+02		4.3757199E+04
8.9148700E+02		4.3320195E+04
8.5136400E+02		4.2903251E+04
8.1304600E+02		4.2505750E+04
7.7645300E+02		4.2174294E+04
7.4150700E+02		4.1885118E+04
7.0813300E+02		4.1611064E+04
6.7626200E+02		4.1386081E+04
6.4582500E+02		4.1186096E+04
6.1675800E+02		4.0995061E+04
5.8900000E+02		4.0745080E+04
5.6249000E+02		4.0410229E+04
5.3717400E+02		4.0089574E+04
5.1299700E+02		3.9783733E+04
4.8990900E+02		3.9552886E+04
4.6785900E+02		3.9407527E+04
4.4680200E+02		3.9268957E+04
4.2669300E+02		3.9136559E+04
4.0748800E+02		3.9010334E+04
3.8914800E+02		3.8889356E+04
3.7163400E+02		3.8774241E+04
3.5490800E+02		3.8667767E+04
3.3893400E+02		3.8686902E+04
3.2367900E+02		3.8763131E+04
3.0911100E+02		3.8835656E+04
2.9519900E+02		3.8905095E+04
2.8191300E+02		3.8971140E+04
2.6922500E+02		3.9034407E+04
2.5710800E+02		3.9094896E+04
2.4553600E+02		3.9365863E+04
2.3448500E+02		3.9938968E+04
2.2393100E+02		4.0488927E+04
2.1385300E+02		4.1014196E+04
2.0422800E+02		4.1517553E+04
1.9503600E+02		4.6855970E+04
1.8625800E+02		4.9087634E+04
1.7787500E+02		5.1400542E+04
1.6986900E+02		5.4033275E+04
1.6222400E+02		5.6574363E+04
1.5492300E+02		5.9292609E+04
1.4795000E+02		6.2165130E+04
1.4129100E+02		6.5209115E+04
1.3493200E+02		6.8432557E+04
1.2885900E+02		7.1736147E+04
1.2305900E+02		7.5246019E+04
1.1752100E+02		7.9204590E+04
1.1223200E+02		8.3671532E+04
1.0718000E+02		8.8299974E+04
1.0235600E+02		9.2996958E+04
9.7749600E+01		9.7750550E+04
9.3350200E+01		1.0255790E+05
8.9148700E+01		1.0729255E+05
8.5136400E+01		1.1221388E+05
8.1304600E+01		1.1693956E+05
7.7645300E+01		1.2166742E+05
7.4150700E+01		1.2637119E+05
7.0813400E+01		1.3103992E+05
6.7626200E+01		1.3566048E+05
6.4582500E+01		1.4014527E+05
6.1675800E+01		1.4446144E+05
5.8900000E+01		1.4876010E+05
5.6249000E+01		1.5294269E+05
5.3717400E+01		1.5702345E+05
5.1299700E+01		1.6093779E+05
4.8990900E+01		1.6452474E+05
4.6785900E+01		1.6787848E+05
4.4680200E+01		1.7096834E+05
4.2669300E+01		1.7381404E+05
4.0748800E+01		1.7640352E+05
3.8914800E+01		1.7875322E+05
3.7163400E+01		1.8086203E+05
3.5490700E+01		1.8274201E+05
3.3893400E+01		1.8445118E+05
3.2367900E+01		1.8606071E+05
3.0911100E+01		1.8736585E+05
3.0099800E+01		1.8803923E+05
2.9900000E+01		1.9175976E+05
2.9700000E+01		1.9193385E+05
2.9500000E+01		1.9210904E+05
2.9300000E+01		1.9228313E+05
2.9100000E+01		1.9245832E+05
2.8900000E+01		1.9275285E+05
2.8700000E+01		1.9316783E+05
2.8500000E+01		1.9358280E+05
2.8300000E+01		1.9400106E+05
2.8100000E+01		1.9442041E+05
2.7900000E+01		1.9470071E+05
2.7700000E+01		1.9484524E+05
2.7500000E+01		1.9498977E+05
2.7300000E+01		1.9513540E+05
2.7100000E+01		1.9528321E+05
2.6900000E+01		1.9543759E+05
2.6700000E+01		1.9559964E+05
2.6500000E+01		1.9576060E+05
2.6300000E+01		1.9592264E+05
2.6100000E+01		1.9608469E+05
2.5900000E+01		1.9621937E+05
2.5700000E+01		1.9632667E+05
2.5500000E+01		1.9643507E+05
2.5300000E+01		1.9654456E+05
2.5100000E+01		1.9665405E+05
2.4900000E+01		1.9675807E+05
2.4700000E+01		1.9685661E+05
2.4500000E+01		1.9695515E+05
2.4300000E+01		1.9705479E+05
2.4100000E+01		1.9715333E+05
2.3900000E+01		1.9723545E+05
2.3700000E+01		1.9730224E+05
2.3500000E+01		1.9736903E+05
2.3300000E+01		1.9743582E+05
2.3100000E+01		1.9750261E+05
2.2900000E+01		1.9762196E+05
2.2700000E+01		1.9779386E+05
2.2500000E+01		1.9796576E+05
2.2300000E+01		1.9813876E+05
2.2100000E+01		1.9831176E+05
2.1900000E+01		1.9844096E+05
2.1700000E+01		1.9852746E+05
2.1500000E+01		1.9861286E+05
2.1300000E+01		1.9869826E+05
2.1100000E+01		1.9878367E+05
2.0900000E+01		1.9883294E+05
2.0700000E+01		1.9884608E+05
2.0500000E+01		1.9886031E+05
2.0300000E+01		1.9887783E+05
2.0100000E+01		1.9889535E+05
1.9900000E+01		1.9894900E+05
1.9700000E+01		1.9785400E+05
1.9500000E+01		1.9729700E+05
1.9300000E+01		1.9738300E+05
1.9100000E+01		1.9874700E+05
1.8900000E+01		2.0139700E+05
1.8700000E+01		2.0191200E+05
1.8500000E+01		1.9635800E+05
1.8300000E+01		1.9729200E+05
1.8100000E+01		2.0002600E+05
1.7900000E+01		1.9739400E+05
1.7700000E+01		1.9498500E+05
1.7500000E+01		1.9668600E+05
1.7300000E+01		1.9783000E+05
1.7100000E+01		1.9838800E+05
1.6900000E+01		1.9800300E+05
1.6700000E+01		2.0097200E+05
1.6500000E+01		1.9492900E+05
1.6300000E+01		1.9442900E+05
1.6100000E+01		1.9598700E+05
1.5900000E+01		1.9390400E+05
1.5700000E+01		1.8801200E+05
1.5500000E+01		1.8875400E+05
1.5300000E+01		1.9113800E+05
1.5100000E+01		1.8615800E+05
1.4900000E+01		1.8845100E+05
1.4700000E+01		1.8468100E+05
1.4500000E+01		1.8916500E+05
1.4300000E+01		1.9106100E+05
1.4100000E+01		1.8778600E+05
1.3900000E+01		1.9104700E+05
1.3700000E+01		1.8644100E+05
1.3500000E+01		1.8877100E+05
1.3300000E+01		1.8642400E+05
1.3100000E+01		1.9015300E+05
1.2900000E+01		1.9018200E+05
1.2700000E+01		1.8899700E+05
1.2500000E+01		1.8138000E+05
1.2300000E+01		1.8488200E+05
1.2100000E+01		1.8224700E+05
1.1900000E+01		1.7800200E+05
1.1700000E+01		1.7720500E+05
1.1500000E+01		1.7790400E+05
1.1300000E+01		1.7184800E+05
1.1100000E+01		1.6999300E+05
1.0900000E+01		1.7501800E+05
1.0700000E+01		1.6887400E+05
1.0500000E+01		1.6896000E+05
1.0300000E+01		1.7500700E+05
1.0100000E+01		1.7474800E+05
9.9000000E+00		1.7317000E+05
9.7000000E+00		1.6436800E+05
9.5000000E+00		1.7371200E+05
9.3000000E+00		1.6225600E+05
9.1000000E+00		1.7083200E+05
8.9000000E+00		1.7198500E+05
8.7000000E+00		1.5775000E+05
8.5000000E+00		1.6847800E+05
8.3000000E+00		1.6674400E+05
8.1000000E+00		1.6654800E+05
7.9000000E+00		1.8492000E+05
7.7000000E+00		1.7469400E+05
7.5000000E+00		1.7017300E+05
7.3000000E+00		1.7286700E+05
7.1000000E+00		1.5516400E+05
6.9000000E+00		1.4663300E+05
6.7000000E+00		1.6097700E+05
6.5000000E+00		1.3496900E+05
6.3000000E+00		1.6935600E+05
6.1000000E+00		1.4483100E+05
5.9000000E+00		1.5577600E+05
5.7000000E+00		1.6965800E+05
5.5000000E+00		1.3598100E+05
5.3000000E+00		1.4073400E+05
5.1000000E+00		1.6449800E+05
4.8931500E+00		1.5890800E+05
4.6785900E+00		1.6632200E+05
4.4680200E+00		1.4441300E+05
4.2669300E+00		1.4876300E+05
4.0748800E+00		1.2737700E+05
3.8914800E+00		1.2576300E+05
3.7163400E+00		9.8503100E+04
3.5490700E+00		1.0648900E+05
3.3893400E+00		1.1955900E+05
3.2367900E+00		1.1772800E+05
3.0911100E+00		1.3289700E+05
2.9519900E+00		1.0482500E+05
2.8191300E+00		1.3303000E+05
2.6922500E+00		1.1168700E+05
2.5710800E+00		1.2422000E+05
2.4553600E+00		1.2530600E+05
2.3448500E+00		1.0691900E+05
2.2393200E+00		1.0350000E+05
2.1385300E+00		1.1641600E+05
2.0422800E+00		8.9906800E+04
1.9503600E+00		1.3614400E+05
1.8625800E+00		1.3975300E+05
1.7787500E+00		8.2945000E+04
1.6986900E+00		1.0260400E+05
1.6222400E+00		1.9793800E+05
1.5492300E+00		1.0713300E+05
1.4795000E+00		1.0250300E+05
1.4129100E+00		9.6576400E+04
1.3493200E+00		8.7682300E+04
1.2885900E+00		1.0546400E+05
1.2305900E+00		7.5253800E+04
1.1752100E+00		6.4484500E+04
1.1223200E+00		6.0421600E+04
1.0718000E+00		6.7859400E+04
1.0235600E+00		9.0730500E+04
9.7749600E-01		1.1698600E+05
9.3350200E-01		1.1355100E+05
8.9148700E-01		8.2416500E+04
8.5136400E-01		8.5018100E+04
8.1304600E-01		1.5137300E+05
7.7645300E-01		8.2418500E+04
7.4150700E-01		6.1029300E+04
7.0813400E-01		5.6674300E+04
6.7626200E-01		5.3809600E+04
6.4582500E-01		5.1399200E+04
6.1675900E-01		5.0672800E+04
5.8900000E-01		5.6902500E+04
5.6249000E-01		1.2312200E+05
5.3717400E-01		7.6899200E+04
5.1299700E-01		5.6725200E+04
4.8990900E-01		5.4802700E+04
4.6785900E-01		5.3453000E+04
4.4680200E-01		5.2222100E+04
4.2669300E-01		5.1088000E+04
4.0748800E-01		5.0046300E+04
3.8914800E-01		4.9615300E+04
3.7163400E-01		4.9655200E+04
3.5490800E-01		5.0540100E+04
3.3893400E-01		5.0100600E+04
3.2367900E-01		5.0577000E+04
3.0911200E-01		5.1252200E+04
2.9519900E-01		5.2302900E+04
2.8191300E-01		5.3629700E+04
2.6922500E-01		5.5543000E+04
2.5710800E-01		5.8175100E+04
2.4553600E-01		6.1794100E+04
2.3448500E-01		6.6912500E+04
2.2393200E-01		7.4216900E+04
2.1385300E-01		8.4733500E+04
2.0422800E-01		9.9447600E+04
1.9503600E-01		1.1708900E+05
1.8625800E-01		1.2066200E+05
1.7787500E-01		8.4764600E+04
1.6986900E-01		3.7316100E+04
1.6222400E-01		1.1866700E+04
1.5492300E-01		2.7113000E+03
1.4795000E-01		2.9871200E+02
1.4129100E-01		1.7995400E+02
1.3493200E-01		6.9628200E+02
1.2885900E-01		1.3550300E+03
1.2305900E-01		1.9991000E+03
1.1752100E-01		2.5802400E+03
1.1223200E-01		3.0767200E+03
1.0718000E-01		3.5064700E+03
1.0235600E-01		3.8573800E+03
9.7749600E-02		4.1582200E+03
9.3350200E-02		4.4070700E+03
8.9148700E-02		4.6144700E+03
8.5136400E-02		4.8574900E+03
8.1304600E-02		4.9510400E+03
7.7645300E-02		5.1053000E+03
7.4150700E-02		5.2713000E+03
7.0813400E-02		5.4748200E+03
6.7626200E-02		6.0583700E+03
6.4582500E-02		6.2772800E+03
6.1675800E-02		7.3429100E+03
5.8900000E-02		1.1048500E+04
5.6249000E-02		5.0440700E+04
5.3717400E-02		7.9583400E+02
5.1299700E-02		1.1743600E+03
4.8990900E-02		1.8357200E+03
4.6785900E-02		2.1631600E+03
4.4680200E-02		2.3320400E+03
4.2669300E-02		2.4199800E+03
4.0748800E-02		2.4533800E+03
3.8914800E-02		2.4604300E+03
3.7163400E-02		2.4366100E+03
3.5490800E-02		2.4071700E+03
3.3893400E-02		2.3644700E+03
3.2367900E-02		2.3163900E+03
3.0911100E-02		2.2564500E+03
2.9519900E-02		2.1912200E+03
2.8191300E-02		2.1282500E+03
2.6922500E-02		2.0681200E+03
2.5710800E-02		2.0098900E+03
2.4553600E-02		1.9462100E+03
2.3448500E-02		1.8833100E+03
2.2393100E-02		1.8210100E+03
2.1385300E-02		1.7580400E+03
2.0422800E-02		1.6978600E+03
1.9503600E-02		1.6384200E+03
1.8625800E-02		1.5799500E+03
1.7787500E-02		1.5229300E+03
1.6986900E-02		1.4672400E+03
1.6222400E-02		1.4127600E+03
1.5492300E-02		1.3595700E+03
1.4795000E-02		1.3085000E+03
1.4129100E-02		1.2584800E+03
1.3493200E-02		1.2102400E+03
1.2885900E-02		1.1635600E+03
1.2305900E-02		1.1179100E+03
1.1752100E-02		1.0742900E+03
1.1223200E-02		1.0321200E+03
1.0718000E-02		9.9142400E+02
1.0235600E-02		9.5208400E+02
9.7749600E-03		9.1408000E+02
9.3350200E-03		8.7743700E+02
8.9148700E-03		8.4218000E+02
8.5136400E-03		8.0784800E+02
8.1304600E-03		7.7500500E+02
7.7645300E-03		7.4339300E+02
7.4150700E-03		7.1313400E+02
7.0813300E-03		6.8405000E+02
6.7626200E-03		6.5569900E+02
6.4582500E-03		6.2858400E+02
6.1675900E-03		6.0263700E+02
5.8900000E-03		5.7766700E+02
5.6249000E-03		5.5380200E+02
5.3717400E-03		5.3101100E+02
5.1299700E-03		5.0911300E+02
4.8990900E-03		4.8784800E+02
4.6785900E-03		4.6722700E+02
4.4680200E-03		4.4758700E+02
4.2669300E-03		4.2895700E+02
4.0748800E-03		4.1114600E+02
3.8914800E-03		3.9377300E+02
3.7163400E-03		3.7706400E+02
3.5490700E-03		3.6108400E+02
3.3893400E-03		3.4571300E+02
3.2367900E-03		3.3102100E+02
3.0911200E-03		3.1700200E+02
2.9519900E-03		3.0370600E+02
2.8191300E-03		2.9099700E+02
2.6922500E-03		2.7860400E+02
2.5710800E-03		2.6671900E+02
2.4553600E-03		2.5546800E+02
2.3448500E-03		2.4476500E+02
2.2393100E-03		2.3453400E+02
2.1385300E-03		2.2474300E+02
2.0422800E-03		2.1539100E+02
1.9503600E-03		2.0634500E+02
1.8625800E-03		1.9759600E+02
1.7787500E-03		1.8908700E+02
1.6986900E-03		1.8097300E+02
1.6222400E-03		1.7343500E+02
1.5492300E-03		1.6628900E+02
1.4795000E-03		1.5957200E+02
1.4129100E-03		1.5312200E+02
1.3493200E-03		1.4666700E+02
1.2885900E-03		1.4044500E+02
1.2305900E-03		1.3449900E+02
1.1752100E-03		1.2884200E+02
1.1223200E-03		1.2346400E+02
1.0718000E-03		1.1885400E+02
1.0235600E-03		1.1478200E+02
9.7749600E-04		1.1054700E+02
9.3350200E-04		1.0615600E+02
8.9148700E-04		1.0202800E+02
8.5136400E-04		9.8148700E+01
8.1304600E-04		9.4180400E+01
7.7645300E-04		8.9886700E+01
7.4150700E-04		8.5943600E+01
7.0813400E-04		8.2954300E+01
6.7626200E-04		8.0194500E+01
6.4582500E-04		7.7284800E+01
6.1675800E-04		7.4287700E+01
5.8900000E-04		7.1441200E+01
5.6249000E-04		6.9167100E+01
5.3717400E-04		6.7233500E+01
5.1299700E-04		6.5511200E+01
4.8990900E-04		6.3892500E+01
4.6785900E-04		6.1997300E+01
4.4680200E-04		5.9983100E+01
4.2669300E-04		5.7948500E+01
4.0748800E-04		5.5766600E+01
3.8914800E-04		5.3672300E+01
3.7163400E-04		5.1434300E+01
3.5490800E-04		4.9141400E+01
3.3893400E-04		4.6951300E+01
3.2367900E-04		4.4732300E+01
3.0911200E-04		4.2504000E+01
2.9519900E-04		4.0270400E+01
2.8191300E-04		3.8053200E+01
2.6922500E-04		3.5624900E+01
2.5710800E-04		3.2888900E+01
2.4553600E-04		2.9684600E+01
2.3448500E-04		2.6053900E+01
2.2393200E-04		2.2206100E+01
2.1385300E-04		1.8694000E+01
2.0422800E-04		1.5425100E+01
1.9503600E-04		1.1573200E+01
1.8625800E-04		7.2961900E+00
1.7787500E-04		3.7433500E+00
1.6986900E-04		2.6643400E+00
1.6222400E-04		1.9028700E+00
1.5492300E-04		1.4119600E+00
1.4795000E-04		1.4297300E+00
1.4129100E-04		1.4627000E+00
1.3493200E-04		1.4976300E+00
1.2885900E-04		1.5317600E+00
1.2305900E-04		1.5687200E+00
1.1752100E-04		1.6049100E+00
1.1223200E-04		1.6421900E+00
1.0718000E-04		1.6818600E+00
1.0235600E-04		1.7197800E+00
9.7749600E-05		1.7591900E+00
9.3350200E-05		1.8000500E+00
8.9148700E-05		1.8424400E+00
8.5136400E-05		1.8852000E+00
8.1304600E-05		1.9294800E+00
7.7645300E-05		1.9748500E+00
7.4150700E-05		2.0202900E+00
7.0813400E-05		2.0689700E+00
6.7626200E-05		2.1158600E+00
6.4582500E-05		2.1665200E+00
6.1675800E-05		2.2178600E+00
5.8900000E-05		2.2672300E+00
5.6249000E-05		2.3198600E+00
5.3717400E-05		2.3735400E+00
5.1299700E-05		2.4292600E+00
4.8990900E-05		2.4861700E+00
4.6785900E-05		2.5446400E+00
4.4680200E-05		2.6035400E+00
4.2669300E-05		2.6655200E+00
4.0748800E-05		2.7260400E+00
3.8914800E-05		2.7917800E+00
3.7163400E-05		2.8560000E+00
3.5490800E-05		2.9218600E+00
3.3893400E-05		2.9928800E+00
3.2367900E-05		3.0608700E+00
3.0911100E-05		3.1300500E+00
2.9519900E-05		3.2038300E+00
2.8191300E-05		3.2777500E+00
2.6922500E-05		3.3558100E+00
2.5710800E-05		3.4322200E+00
2.4553600E-05		3.5149800E+00
2.3448500E-05		3.5957100E+00
2.2393200E-05		3.6795700E+00
2.1385300E-05		3.7681400E+00
2.0422800E-05		3.8527700E+00
1.9503600E-05		3.9414800E+00
1.8625800E-05		4.0328300E+00
1.7787500E-05		4.1280100E+00
1.6986900E-05		4.2235100E+00
1.6222400E-05		4.3228600E+00
1.5492300E-05		4.4240900E+00
1.4795000E-05		4.5259700E+00
1.4129100E-05		4.6347000E+00
1.3493200E-05		4.7394700E+00
1.2885900E-05		4.8532300E+00
1.2305900E-05		4.9678600E+00
1.1752100E-05		5.0783200E+00
1.1223200E-05		5.1964300E+00
1.0718000E-05		5.3167400E+00
1.0235600E-05		5.4411700E+00
9.9875000E-06		5.5058700E+00
9.9625000E-06		5.5131900E+00
9.9375000E-06		5.5205200E+00
9.9125000E-06		5.5278400E+00
9.8875000E-06		5.5351700E+00
9.8625000E-06		5.5424900E+00
9.8375000E-06		5.5498200E+00
9.8125000E-06		5.5571400E+00
9.7875000E-06		5.5644600E+00
9.7625000E-06		5.5717900E+00
9.7375000E-06		5.5791100E+00
9.7125000E-06		5.5864400E+00
9.6875000E-06		5.5937600E+00
9.6625000E-06		5.6010900E+00
9.6375000E-06		5.6084100E+00
9.6125000E-06		5.6157400E+00
9.5875000E-06		5.6230600E+00
9.5625000E-06		5.6303800E+00
9.5375000E-06		5.6377100E+00
9.5125000E-06		5.6450300E+00
9.4875000E-06		5.6523600E+00
9.4625000E-06		5.6596800E+00
9.4375000E-06		5.6670100E+00
9.4125000E-06		5.6743300E+00
9.3875000E-06		5.6816500E+00
9.3625000E-06		5.6889800E+00
9.3375000E-06		5.6963000E+00
9.3125000E-06		5.7036300E+00
9.2875000E-06		5.7109500E+00
9.2625000E-06		5.7182800E+00
9.2375000E-06		5.7256000E+00
9.2125000E-06		5.7329400E+00
9.1875000E-06		5.7409000E+00
9.1625000E-06		5.7492400E+00
9.1375000E-06		5.7575800E+00
9.1125000E-06		5.7659200E+00
9.0875000E-06		5.7742500E+00
9.0625000E-06		5.7825900E+00
9.0375000E-06		5.7909300E+00
9.0125000E-06		5.7992700E+00
8.9875000E-06		5.8076100E+00
8.9625000E-06		5.8159500E+00
8.9375000E-06		5.8242900E+00
8.9125000E-06		5.8326200E+00
8.8875000E-06		5.8409600E+00
8.8625000E-06		5.8493000E+00
8.8375000E-06		5.8576400E+00
8.8125000E-06		5.8659800E+00
8.7875000E-06		5.8743200E+00
8.7625000E-06		5.8826500E+00
8.7375000E-06		5.8909900E+00
8.7125000E-06		5.8993300E+00
8.6875000E-06		5.9076700E+00
8.6625000E-06		5.9160100E+00
8.6375000E-06		5.9243500E+00
8.6125000E-06		5.9326800E+00
8.5875000E-06		5.9410200E+00
8.5625000E-06		5.9493600E+00
8.5375000E-06		5.9577000E+00
8.5125000E-06		5.9660400E+00
8.4875000E-06		5.9743800E+00
8.4625000E-06		5.9827100E+00
8.4375000E-06		5.9910500E+00
8.4125000E-06		5.9994400E+00
8.3875000E-06		6.0087700E+00
8.3625000E-06		6.0184400E+00
8.3375000E-06		6.0281100E+00
8.3125000E-06		6.0377800E+00
8.2875000E-06		6.0474400E+00
8.2625000E-06		6.0571100E+00
8.2375000E-06		6.0667800E+00
8.2125000E-06		6.0764500E+00
8.1875000E-06		6.0861200E+00
8.1625000E-06		6.0957900E+00
8.1375000E-06		6.1054500E+00
8.1125000E-06		6.1151200E+00
8.0875000E-06		6.1247900E+00
8.0625000E-06		6.1344600E+00
8.0375000E-06		6.1441300E+00
8.0125000E-06		6.1537900E+00
7.9875000E-06		6.1634600E+00
7.9625000E-06		6.1731300E+00
7.9375000E-06		6.1828000E+00
7.9125000E-06		6.1924700E+00
7.8875000E-06		6.2021300E+00
7.8625000E-06		6.2118000E+00
7.8375000E-06		6.2214700E+00
7.8125000E-06		6.2311400E+00
7.7875000E-06		6.2408100E+00
7.7625000E-06		6.2504700E+00
7.7375000E-06		6.2601400E+00
7.7125000E-06		6.2698100E+00
7.6875000E-06		6.2794800E+00
7.6625000E-06		6.2891500E+00
7.6375000E-06		6.2988100E+00
7.6125000E-06		6.3084800E+00
7.5875000E-06		6.3181500E+00
7.5625000E-06		6.3278600E+00
7.5375000E-06		6.3387700E+00
7.5125000E-06		6.3502200E+00
7.4875000E-06		6.3616800E+00
7.4625000E-06		6.3731400E+00
7.4375000E-06		6.3846000E+00
7.4125000E-06		6.3960600E+00
7.3875000E-06		6.4075200E+00
7.3625000E-06		6.4189800E+00
7.3375000E-06		6.4304400E+00
7.3125000E-06		6.4419000E+00
7.2875000E-06		6.4533600E+00
7.2625000E-06		6.4648200E+00
7.2375000E-06		6.4762700E+00
7.2125000E-06		6.4877300E+00
7.1875000E-06		6.4991900E+00
7.1625000E-06		6.5106500E+00
7.1375000E-06		6.5221100E+00
7.1125000E-06		6.5335700E+00
7.0875000E-06		6.5450300E+00
7.0625000E-06		6.5564900E+00
7.0375000E-06		6.5679500E+00
7.0125000E-06		6.5794100E+00
6.9875000E-06		6.5908700E+00
6.9625000E-06		6.6023300E+00
6.9375000E-06		6.6137800E+00
6.9125000E-06		6.6252400E+00
6.8875000E-06		6.6367000E+00
6.8625000E-06		6.6481600E+00
6.8375000E-06		6.6596200E+00
6.8125000E-06		6.6710800E+00
6.7875000E-06		6.6825400E+00
6.7625000E-06		6.6940000E+00
6.7375000E-06		6.7054600E+00
6.7125000E-06		6.7169400E+00
6.6875000E-06		6.7299300E+00
6.6625000E-06		6.7438000E+00
6.6375000E-06		6.7576700E+00
6.6125000E-06		6.7715500E+00
6.5875000E-06		6.7854200E+00
6.5625000E-06		6.7992900E+00
6.5375000E-06		6.8131700E+00
6.5125000E-06		6.8270400E+00
6.4875000E-06		6.8409100E+00
6.4625000E-06		6.8547800E+00
6.4375000E-06		6.8686600E+00
6.4125000E-06		6.8825300E+00
6.3875000E-06		6.8964000E+00
6.3625000E-06		6.9102800E+00
6.3375000E-06		6.9241500E+00
6.3125000E-06		6.9380200E+00
6.2875000E-06		6.9519000E+00
6.2625000E-06		6.9657700E+00
6.2375000E-06		6.9796400E+00
6.2125000E-06		6.9935200E+00
6.1875000E-06		7.0073900E+00
6.1625000E-06		7.0212600E+00
6.1375000E-06		7.0351300E+00
6.1125000E-06		7.0490100E+00
6.0875000E-06		7.0628800E+00
6.0625000E-06		7.0767600E+00
6.0375000E-06		7.0906300E+00
6.0125000E-06		7.1045000E+00
5.9875000E-06		7.1183700E+00
5.9625000E-06		7.1322500E+00
5.9375000E-06		7.1461200E+00
5.9125000E-06		7.1599900E+00
5.8875000E-06		7.1738700E+00
5.8625000E-06		7.1877500E+00
5.8375000E-06		7.2029800E+00
5.8125000E-06		7.2192400E+00
5.7875000E-06		7.2355000E+00
5.7625000E-06		7.2517600E+00
5.7375000E-06		7.2680200E+00
5.7125000E-06		7.2842800E+00
5.6875000E-06		7.3005400E+00
5.6625000E-06		7.3167900E+00
5.6375000E-06		7.3330600E+00
5.6125000E-06		7.3493200E+00
5.5875000E-06		7.3655700E+00
5.5625000E-06		7.3818300E+00
5.5375000E-06		7.3980900E+00
5.5125000E-06		7.4143500E+00
5.4875000E-06		7.4306100E+00
5.4625000E-06		7.4468700E+00
5.4375000E-06		7.4631400E+00
5.4125000E-06		7.4804800E+00
5.3875000E-06		7.4987700E+00
5.3625000E-06		7.5170600E+00
5.3375000E-06		7.5353500E+00
5.3125000E-06		7.5536400E+00
5.2875000E-06		7.5719300E+00
5.2625000E-06		7.5902200E+00
5.2375000E-06		7.6085000E+00
5.2125000E-06		7.6267900E+00
5.1875000E-06		7.6450800E+00
5.1625000E-06		7.6633700E+00
5.1375000E-06		7.6816600E+00
5.1125000E-06		7.6999500E+00
5.0875000E-06		7.7182400E+00
5.0625000E-06		7.7365300E+00
5.0375000E-06		7.7548200E+00
5.0125000E-06		7.7731100E+00
4.9875000E-06		7.7926500E+00
4.9625000E-06		7.8134400E+00
4.9375000E-06		7.8342300E+00
4.9125000E-06		7.8550200E+00
4.8875000E-06		7.8758100E+00
4.8625000E-06		7.8966100E+00
4.8375000E-06		7.9174000E+00
4.8125000E-06		7.9381900E+00
4.7875000E-06		7.9589800E+00
4.7625000E-06		7.9797700E+00
4.7375000E-06		8.0005700E+00
4.7125000E-06		8.0213600E+00
4.6875000E-06		8.0421500E+00
4.6625000E-06		8.0629400E+00
4.6375000E-06		8.0837400E+00
4.6125000E-06		8.1045300E+00
4.5875000E-06		8.1254300E+00
4.5625000E-06		8.1484500E+00
4.5375000E-06		8.1722800E+00
4.5125000E-06		8.1961100E+00
4.4875000E-06		8.2199500E+00
4.4625000E-06		8.2437800E+00
4.4375000E-06		8.2676100E+00
4.4125000E-06		8.2914400E+00
4.3875000E-06		8.3152700E+00
4.3625000E-06		8.3391000E+00
4.3375000E-06		8.3629300E+00
4.3125000E-06		8.3867600E+00
4.2875000E-06		8.4105900E+00
4.2625000E-06		8.4344300E+00
4.2375000E-06		8.4582600E+00
4.2125000E-06		8.4820900E+00
4.1875000E-06		8.5059200E+00
4.1625000E-06		8.5303100E+00
4.1375000E-06		8.5576200E+00
4.1125000E-06		8.5853400E+00
4.0875000E-06		8.6130600E+00
4.0625000E-06		8.6407700E+00
4.0375000E-06		8.6684900E+00
4.0125000E-06		8.6962100E+00
3.9875000E-06		8.7239300E+00
3.9625000E-06		8.7516400E+00
3.9375000E-06		8.7793600E+00
3.9125000E-06		8.8070800E+00
3.8875000E-06		8.8347900E+00
3.8625000E-06		8.8625100E+00
3.8375000E-06		8.8902300E+00
3.8125000E-06		8.9179500E+00
3.7875000E-06		8.9456600E+00
3.7625000E-06		8.9733800E+00
3.7375000E-06		9.0027600E+00
3.7125000E-06		9.0354700E+00
3.6875000E-06		9.0682600E+00
3.6625000E-06		9.1010600E+00
3.6375000E-06		9.1338500E+00
3.6125000E-06		9.1666400E+00
3.5875000E-06		9.1994400E+00
3.5625000E-06		9.2322300E+00
3.5375000E-06		9.2650300E+00
3.5125000E-06		9.2978200E+00
3.4875000E-06		9.3306100E+00
3.4625000E-06		9.3634100E+00
3.4375000E-06		9.3962000E+00
3.4125000E-06		9.4290000E+00
3.3875000E-06		9.4617900E+00
3.3625000E-06		9.4945800E+00
3.3375000E-06		9.5274000E+00
3.3125000E-06		9.5636600E+00
3.2875000E-06		9.6024500E+00
3.2625000E-06		9.6412500E+00
3.2375000E-06		9.6800500E+00
3.2125000E-06		9.7188500E+00
3.1875000E-06		9.7576500E+00
3.1625000E-06		9.7964500E+00
3.1375000E-06		9.8352400E+00
3.1125000E-06		9.8740400E+00
3.0875000E-06		9.9128400E+00
3.0625000E-06		9.9516400E+00
3.0375000E-06		9.9904400E+00
3.0125000E-06		1.0029200E+01
2.9875000E-06		1.0070300E+01
2.9625000E-06		1.0116000E+01
2.9375000E-06		1.0161800E+01
2.9125000E-06		1.0207600E+01
2.8875000E-06		1.0253400E+01
2.8625000E-06		1.0299200E+01
2.8375000E-06		1.0345000E+01
2.8125000E-06		1.0390800E+01
2.7875000E-06		1.0436600E+01
2.7625000E-06		1.0482400E+01
2.7375000E-06		1.0528200E+01
2.7125000E-06		1.0574000E+01
2.6875000E-06		1.0619800E+01
2.6625000E-06		1.0667000E+01
2.6375000E-06		1.0721200E+01
2.6125000E-06		1.0776500E+01
2.5875000E-06		1.0831800E+01
2.5625000E-06		1.0887100E+01
2.5375000E-06		1.0942300E+01
2.5125000E-06		1.0997600E+01
2.4875000E-06		1.1052900E+01
2.4625000E-06		1.1108100E+01
2.4375000E-06		1.1163400E+01
2.4125000E-06		1.1218700E+01
2.3875000E-06		1.1274000E+01
2.3625000E-06		1.1329300E+01
2.3375000E-06		1.1384900E+01
2.3125000E-06		1.1447000E+01
2.2875000E-06		1.1511500E+01
2.2625000E-06		1.1576100E+01
2.2375000E-06		1.1640700E+01
2.2125000E-06		1.1705300E+01
2.1875000E-06		1.1769900E+01
2.1625000E-06		1.1836000E+01
2.1375000E-06		1.1907900E+01
2.1125000E-06		1.1980300E+01
2.0875000E-06		1.2052700E+01
2.0625000E-06		1.2125100E+01
2.0375000E-06		1.2197400E+01
2.0125000E-06		1.2269800E+01
1.9875000E-06		1.2347000E+01
1.9625000E-06		1.2428900E+01
1.9375000E-06		1.2510800E+01
1.9125000E-06		1.2592700E+01
1.8875000E-06		1.2674700E+01
1.8625000E-06		1.2756600E+01
1.8375000E-06		1.2840600E+01
1.8125000E-06		1.2933000E+01
1.7875000E-06		1.3026300E+01
1.7625000E-06		1.3119700E+01
1.7375000E-06		1.3213000E+01
1.7125000E-06		1.3306300E+01
1.6875000E-06		1.3400000E+01
1.6625000E-06		1.3503600E+01
1.6375000E-06		1.3611700E+01
1.6125000E-06		1.3719900E+01
1.5875000E-06		1.3828100E+01
1.5625000E-06		1.3936300E+01
1.5375000E-06		1.4044500E+01
1.5125000E-06		1.4154300E+01
1.4875000E-06		1.4279000E+01
1.4625000E-06		1.4407200E+01
1.4375000E-06		1.4535300E+01
1.4125000E-06		1.4663500E+01
1.3875000E-06		1.4791600E+01
1.3625000E-06		1.4919800E+01
1.3375000E-06		1.5052900E+01
1.3125000E-06		1.5206000E+01
1.2875000E-06		1.5361200E+01
1.2625000E-06		1.5516400E+01
1.2375000E-06		1.5671600E+01
1.2125000E-06		1.5826800E+01
1.1875000E-06		1.5982000E+01
1.1625000E-06		1.6145800E+01
1.1375000E-06		1.6327200E+01
1.1125000E-06		1.6509100E+01
1.0875000E-06		1.6692800E+01
1.0625000E-06		1.6893300E+01
1.0375000E-06		1.7097900E+01
1.0125000E-06		1.7302500E+01
9.8750000E-07		1.7522200E+01
9.6250010E-07		1.7756900E+01
9.3750000E-07		1.7991600E+01
9.1250000E-07		1.8226800E+01
8.8750000E-07		1.8487900E+01
8.6250000E-07		1.8763100E+01
8.3750000E-07		1.9038200E+01
8.1250000E-07		1.9316000E+01
7.8750000E-07		1.9628100E+01
7.6250000E-07		1.9950700E+01
7.3750000E-07		2.0275100E+01
7.1250000E-07		2.0637500E+01
6.8750000E-07		2.1015700E+01
6.6250000E-07		2.1394800E+01
6.3750000E-07		2.1820900E+01
6.1250000E-07		2.2272500E+01
5.8750000E-07		2.2724500E+01
5.6250000E-07		2.3234400E+01
5.3740400E-07		2.3788700E+01
5.1299700E-07		2.4327800E+01
4.8990900E-07		2.4879900E+01
4.6785900E-07		2.5458800E+01
4.4680200E-07		2.6044600E+01
4.2669300E-07		2.6651900E+01
4.0748800E-07		2.7273400E+01
3.8914800E-07		2.7909200E+01
3.7163400E-07		2.8559500E+01
3.5490800E-07		2.9224700E+01
3.3893400E-07		2.9905600E+01
3.2367900E-07		3.0601600E+01
3.0911100E-07		3.1315700E+01
2.9519900E-07		3.2046000E+01
2.8191300E-07		3.2791800E+01
2.6922500E-07		3.3553900E+01
2.5710800E-07		3.4332400E+01
2.4553600E-07		3.5132100E+01
2.3448500E-07		3.5951200E+01
2.2393100E-07		3.6788800E+01
2.1385300E-07		3.7645700E+01
2.0422800E-07		3.8522700E+01
1.9503600E-07		3.9422500E+01
1.8625800E-07		4.0341600E+01
1.7787500E-07		4.1281700E+01
1.6986900E-07		4.2243300E+01
1.6222400E-07		4.3226700E+01
1.5492300E-07		4.4232700E+01
1.4795000E-07		4.5263700E+01
1.4129100E-07		4.6319500E+01
1.3493200E-07		4.7400600E+01
1.2885900E-07		4.8503900E+01
1.2305900E-07		4.9632900E+01
1.1752100E-07		5.0791700E+01
1.1223200E-07		5.1965500E+01
1.0718000E-07		5.3176400E+01
1.0235600E-07		5.4414700E+01
9.7749600E-08		5.5681400E+01
9.3350200E-08		5.6979500E+01
8.9148700E-08		5.8306600E+01
8.5136400E-08		5.9665000E+01
8.1304600E-08		6.1056000E+01
7.7645300E-08		6.2479000E+01
7.4150700E-08		6.3934600E+01
7.0813300E-08		6.5423900E+01
6.7626200E-08		6.6948400E+01
6.4582500E-08		6.8508500E+01
6.1675800E-08		7.0104900E+01
5.8900000E-08		7.1738500E+01
5.6249000E-08		7.3410200E+01
5.3717400E-08		7.5120300E+01
5.1299700E-08		7.6859400E+01
4.8990900E-08		7.8653500E+01
4.6785900E-08		8.0487400E+01
4.4680200E-08		8.2363300E+01
4.2669300E-08		8.4282800E+01
4.0748800E-08		8.6246900E+01
3.8914800E-08		8.8257000E+01
3.7163400E-08		9.0314000E+01
3.5490700E-08		9.2414800E+01
3.3893400E-08		9.4565700E+01
3.2367900E-08		9.6768900E+01
3.0911100E-08		9.9025100E+01
2.9519900E-08		1.0133400E+02
2.8191300E-08		1.0369600E+02
2.6922500E-08		1.0611300E+02
2.5710800E-08		1.0858700E+02
2.4553600E-08		1.1112200E+02
2.3448500E-08		1.1371300E+02
2.2393200E-08		1.1636000E+02
2.1385300E-08		1.1907000E+02
2.0422800E-08		1.2185200E+02
1.9503600E-08		1.2468000E+02
1.8625800E-08		1.2758500E+02
1.7787500E-08		1.3055600E+02
1.6986900E-08		1.3359600E+02
1.6222400E-08		1.3671400E+02
1.5492300E-08		1.3988400E+02
1.4795000E-08		1.4314400E+02
1.4129100E-08		1.4648000E+02
1.3493200E-08		1.4989200E+02
1.2885900E-08		1.5338200E+02
1.2305900E-08		1.5695500E+02
1.1752100E-08		1.6062300E+02
1.1223200E-08		1.6432900E+02
1.0718000E-08		1.6815800E+02
1.0235600E-08		1.7207300E+02
9.7749600E-09		1.7608300E+02
9.3350200E-09		1.8017100E+02
8.9148700E-09		1.8437800E+02
8.5136400E-09		1.8867200E+02
8.1304600E-09		1.9306600E+02
7.7645300E-09		1.9756400E+02
7.4150700E-09		2.0216600E+02
7.0813400E-09		2.0687400E+02
6.7626200E-09		2.1169600E+02
6.4582500E-09		2.1663000E+02
6.1675800E-09		2.2166700E+02
5.8900000E-09		2.2683400E+02
5.6249000E-09		2.3212000E+02
5.3717400E-09		2.3751900E+02
5.1299700E-09		2.4311100E+02
4.8990900E-09		2.4870900E+02
4.6785900E-09		2.5450800E+02
4.4680200E-09		2.6042600E+02
4.2669300E-09		2.6651700E+02
4.0748800E-09		2.7272900E+02
3.8914800E-09		2.7907500E+02
3.7163400E-09		2.8555700E+02
3.5490800E-09		2.9222700E+02
3.3893400E-09		2.9901500E+02
3.2367900E-09		3.0598000E+02
3.0911200E-09		3.1316400E+02
2.9519900E-09		3.2046600E+02
2.8191300E-09		3.2792700E+02
2.6922500E-09		3.3554300E+02
2.5710800E-09		3.4331900E+02
2.4553600E-09		3.5133500E+02
2.3448500E-09		3.5952500E+02
2.2393100E-09		3.6787700E+02
2.1385300E-09		3.7647800E+02
2.0422800E-09		3.8525400E+02
1.9503600E-09		3.9425500E+02
1.8625800E-09		4.0344400E+02
1.7787500E-09		4.1284100E+02
1.6986900E-09		4.2242900E+02
1.6222400E-09		4.3222200E+02
1.5492300E-09		4.4232300E+02
1.4795000E-09		4.5263100E+02
1.4129100E-09		4.6317700E+02
1.3493200E-09		4.7396800E+02
1.2885900E-09		4.8501200E+02
1.2305900E-09		4.9631700E+02
1.1752100E-09		5.0788800E+02
1.1223200E-09		5.1965800E+02
1.0718000E-09		5.3180600E+02
1.0235600E-09		5.4420300E+02
9.7749600E-10		5.5686300E+02
9.3350210E-10		5.6979900E+02
8.9148700E-10		5.8316100E+02
8.5136400E-10		5.9676600E+02
8.1304600E-10		6.1066700E+02
7.7645300E-10		6.2488400E+02
7.4150700E-10		6.3943800E+02
7.0813300E-10		6.5427900E+02
6.7626200E-10		6.6952600E+02
6.4582500E-10		6.8512800E+02
6.1675800E-10		7.0109400E+02
5.8900000E-10		7.1743200E+02
5.6249000E-10		7.3415300E+02
5.3717400E-10		7.5127000E+02
5.1299700E-10		7.6881100E+02
4.8990900E-10		7.8661400E+02
4.6785900E-10		8.0494900E+02
4.4680200E-10		8.2371100E+02
4.2669300E-10		8.4291100E+02
4.0748800E-10		8.6256500E+02
3.8914800E-10		8.8267700E+02
3.7163400E-10		9.0324300E+02
3.5490700E-10		9.2427900E+02
3.3893400E-10		9.4578500E+02
3.2367900E-10		9.6775600E+02
3.0911100E-10		9.9030400E+02
2.9519900E-10		1.0133800E+03
2.8191300E-10		1.0370000E+03
2.6922500E-10		1.0611700E+03
2.5710800E-10		1.0859000E+03
2.4553600E-10		1.1110700E+03
2.3448500E-10		1.1369700E+03
2.2393200E-10		1.1634900E+03
2.1385300E-10		1.1905900E+03
2.0422800E-10		1.2182300E+03
1.9503600E-10		1.2467100E+03
1.8625800E-10		1.2757700E+03
1.7787500E-10		1.3055000E+03
1.6986900E-10		1.3359100E+03
1.6222400E-10		1.3670000E+03
1.5492300E-10		1.3988500E+03
1.4795000E-10		1.4314500E+03
1.4129100E-10		1.4648100E+03
1.3493200E-10		1.4989400E+03
1.2885900E-10		1.5338800E+03
1.2305900E-10		1.5694600E+03
1.1752100E-10		1.6060100E+03
1.1223200E-10		1.6435000E+03
1.0718000E-10		1.6817800E+03
1.0235600E-10		1.7209700E+03
9.7749600E-11		1.7610200E+03
9.3350200E-11		1.8020700E+03
8.9148700E-11		1.8440200E+03
8.5136400E-11		1.8869200E+03
8.1304600E-11		1.9312900E+03
7.7645300E-11		1.9758500E+03
7.4150700E-11		2.0219100E+03
7.0813400E-11		2.0690000E+03
6.7626200E-11		2.1171900E+03
6.4582500E-11		2.1663800E+03
6.1675800E-11		2.2169400E+03
5.8900000E-11		2.2685600E+03
5.6249000E-11		2.3215100E+03
5.3717400E-11		2.3756000E+03
5.1299700E-11		2.4309600E+03
4.8990900E-11		2.4875400E+03
4.6785900E-11		2.5455200E+03
4.4680200E-11		2.6048500E+03
4.2669300E-11		2.6655600E+03
4.0748800E-11		2.7277200E+03
3.8914800E-11		2.7913100E+03
3.7163400E-11		2.8563500E+03
3.5490700E-11		2.9228700E+03
3.3893400E-11		2.9909200E+03
3.2367900E-11		3.0604900E+03
3.0911100E-11		3.1318300E+03
2.9519900E-11		3.2048800E+03
2.8191300E-11		3.2796600E+03
2.6922500E-11		3.3560000E+03
2.5710800E-11		3.4341200E+03
2.4553600E-11		3.5143000E+03
2.3448500E-11		3.5955100E+03
2.2393100E-11		3.6792900E+03
2.1385300E-11		3.7649700E+03
2.0422800E-11		3.8526800E+03
1.9503600E-11		3.9424900E+03
1.8625800E-11		4.0343700E+03
1.7787500E-11		4.1283800E+03
1.6986900E-11		4.2245800E+03
1.6222400E-11		4.3230200E+03
1.5492300E-11		4.4234300E+03
1.4795000E-11		4.5262900E+03
1.4129100E-11		4.6318900E+03
1.3493200E-11		4.7397800E+03
1.2885900E-11		4.8502900E+03
1.2305900E-11		4.9633200E+03
1.1752100E-11		5.0789500E+03
1.1223200E-11		5.1972900E+03
1.0718000E-11		5.3183200E+03
1.0235600E-11		5.4422500E+03
