9.7749600E+02		4.3921374E+04
9.3350200E+02		4.3482316E+04
8.9148700E+02		4.3062654E+04
8.5136400E+02		4.2662095E+04
8.1304600E+02		4.2280344E+04
7.7645300E+02		4.1957956E+04
7.4150700E+02		4.1674067E+04
7.0813300E+02		4.1404579E+04
6.7626200E+02		4.1176527E+04
6.4582500E+02		4.0971104E+04
6.1675800E+02		4.0774498E+04
5.8900000E+02		4.0509418E+04
5.6249000E+02		4.0145887E+04
5.3717400E+02		3.9797638E+04
5.1299700E+02		3.9465259E+04
4.8990900E+02		3.9208113E+04
4.6785900E+02		3.9035605E+04
4.4680200E+02		3.8871326E+04
4.2669300E+02		3.8714393E+04
4.0748800E+02		3.8564220E+04
3.8914800E+02		3.8421100E+04
3.7163400E+02		3.8284152E+04
3.5490800E+02		3.8157783E+04
3.3893400E+02		3.8172477E+04
3.2367900E+02		3.8251237E+04
3.0911100E+02		3.8326471E+04
2.9519900E+02		3.8398472E+04
2.8191300E+02		3.8466946E+04
2.6922500E+02		3.8532775E+04
2.5710800E+02		3.8595372E+04
2.4553600E+02		3.8875146E+04
2.3448500E+02		3.9466435E+04
2.2393100E+02		4.0033918E+04
2.1385300E+02		4.0575835E+04
2.0422800E+02		4.1095416E+04
1.9503600E+02		4.6069153E+04
1.8625800E+02		4.8156305E+04
1.7787500E+02		5.0326156E+04
1.6986900E+02		5.2810612E+04
1.6222400E+02		5.5208565E+04
1.5492300E+02		5.7762680E+04
1.4795000E+02		6.0460350E+04
1.4129100E+02		6.3325483E+04
1.3493200E+02		6.6356450E+04
1.2885900E+02		6.9464031E+04
1.2305900E+02		7.2772546E+04
1.1752100E+02		7.6508793E+04
1.1223200E+02		8.0728956E+04
1.0718000E+02		8.5115387E+04
1.0235600E+02		8.9576475E+04
9.7749600E+01		9.4094073E+04
9.3350200E+01		9.8665790E+04
8.9148700E+01		1.0317480E+05
8.5136400E+01		1.0787953E+05
8.1304600E+01		1.1239930E+05
7.7645300E+01		1.1692005E+05
7.4150700E+01		1.2142016E+05
7.0813400E+01		1.2588983E+05
6.7626200E+01		1.3030734E+05
6.4582500E+01		1.3459227E+05
6.1675800E+01		1.3872180E+05
5.8900000E+01		1.4280895E+05
5.6249000E+01		1.4677221E+05
5.3717400E+01		1.5063658E+05
5.1299700E+01		1.5433251E+05
4.8990900E+01		1.5771547E+05
4.6785900E+01		1.6086804E+05
4.4680200E+01		1.6375980E+05
4.2669300E+01		1.6641031E+05
4.0748800E+01		1.6880435E+05
3.8914800E+01		1.7096040E+05
3.7163400E+01		1.7287628E+05
3.5490700E+01		1.7456396E+05
3.3893400E+01		1.7607667E+05
3.2367900E+01		1.7747636E+05
3.0911100E+01		1.7858047E+05
3.0099800E+01		1.7914230E+05
2.9900000E+01		1.8249700E+05
2.9700000E+01		1.8264045E+05
2.9500000E+01		1.8278389E+05
2.9300000E+01		1.8292843E+05
2.9100000E+01		1.8307187E+05
2.8900000E+01		1.8332617E+05
2.8700000E+01		1.8369022E+05
2.8500000E+01		1.8405536E+05
2.8300000E+01		1.8442375E+05
2.8100000E+01		1.8479215E+05
2.7900000E+01		1.8503123E+05
2.7700000E+01		1.8514207E+05
2.7500000E+01		1.8525292E+05
2.7300000E+01		1.8536594E+05
2.7100000E+01		1.8548004E+05
2.6900000E+01		1.8560067E+05
2.6700000E+01		1.8572673E+05
2.6500000E+01		1.8585387E+05
2.6300000E+01		1.8598102E+05
2.6100000E+01		1.8610708E+05
2.5900000E+01		1.8620814E+05
2.5700000E+01		1.8628313E+05
2.5500000E+01		1.8635920E+05
2.5300000E+01		1.8643636E+05
2.5100000E+01		1.8651351E+05
2.4900000E+01		1.8658415E+05
2.4700000E+01		1.8665044E+05
2.4500000E+01		1.8671673E+05
2.4300000E+01		1.8678302E+05
2.4100000E+01		1.8684931E+05
2.3900000E+01		1.8690038E+05
2.3700000E+01		1.8693733E+05
2.3500000E+01		1.8697428E+05
2.3300000E+01		1.8701232E+05
2.3100000E+01		1.8704926E+05
2.2900000E+01		1.8713620E+05
2.2700000E+01		1.8727096E+05
2.2500000E+01		1.8740680E+05
2.2300000E+01		1.8754264E+05
2.2100000E+01		1.8767848E+05
2.1900000E+01		1.8777628E+05
2.1700000E+01		1.8783496E+05
2.1500000E+01		1.8789365E+05
2.1300000E+01		1.8795233E+05
2.1100000E+01		1.8801101E+05
2.0900000E+01		1.8803709E+05
2.0700000E+01		1.8803057E+05
2.0500000E+01		1.8802623E+05
2.0300000E+01		1.8802296E+05
2.0100000E+01		1.8802188E+05
1.9900000E+01		1.8806100E+05
1.9700000E+01		1.8696800E+05
1.9500000E+01		1.8641000E+05
1.9300000E+01		1.8649300E+05
1.9100000E+01		1.8784500E+05
1.8900000E+01		1.9047900E+05
1.8700000E+01		1.9098700E+05
1.8500000E+01		1.8545100E+05
1.8300000E+01		1.8637400E+05
1.8100000E+01		1.8908600E+05
1.7900000E+01		1.8645400E+05
1.7700000E+01		1.8403900E+05
1.7500000E+01		1.8572100E+05
1.7300000E+01		1.8689300E+05
1.7100000E+01		1.8748800E+05
1.6900000E+01		1.8714900E+05
1.6700000E+01		1.9015100E+05
1.6500000E+01		1.8418600E+05
1.6300000E+01		1.8373800E+05
1.6100000E+01		1.8533800E+05
1.5900000E+01		1.8333500E+05
1.5700000E+01		1.7755900E+05
1.5500000E+01		1.7838600E+05
1.5300000E+01		1.8084900E+05
1.5100000E+01		1.7598100E+05
1.4900000E+01		1.7835100E+05
1.4700000E+01		1.7468800E+05
1.4500000E+01		1.7924500E+05
1.4300000E+01		1.8121300E+05
1.4100000E+01		1.7804000E+05
1.3900000E+01		1.8139200E+05
1.3700000E+01		1.7692300E+05
1.3500000E+01		1.7936900E+05
1.3300000E+01		1.7716500E+05
1.3100000E+01		1.8102100E+05
1.2900000E+01		1.8120000E+05
1.2700000E+01		1.8017700E+05
1.2500000E+01		1.7274000E+05
1.2300000E+01		1.7638200E+05
1.2100000E+01		1.7390000E+05
1.1900000E+01		1.6982600E+05
1.1700000E+01		1.6920100E+05
1.1500000E+01		1.7005800E+05
1.1300000E+01		1.6416900E+05
1.1100000E+01		1.6252700E+05
1.0900000E+01		1.6770000E+05
1.0700000E+01		1.6168200E+05
1.0500000E+01		1.6188500E+05
1.0300000E+01		1.6804500E+05
1.0100000E+01		1.6791700E+05
9.9000000E+00		1.6653800E+05
9.7000000E+00		1.5793300E+05
9.5000000E+00		1.6744600E+05
9.3000000E+00		1.5637600E+05
9.1000000E+00		1.6521600E+05
8.9000000E+00		1.6612100E+05
8.7000000E+00		1.5295100E+05
8.5000000E+00		1.6346800E+05
8.3000000E+00		1.6187800E+05
8.1000000E+00		1.6099800E+05
7.9000000E+00		1.7926700E+05
7.7000000E+00		1.6970400E+05
7.5000000E+00		1.6557400E+05
7.3000000E+00		1.6889700E+05
7.1000000E+00		1.5146600E+05
6.9000000E+00		1.4369400E+05
6.7000000E+00		1.5817200E+05
6.5000000E+00		1.3248800E+05
6.3000000E+00		1.6754400E+05
6.1000000E+00		1.4328800E+05
5.9000000E+00		1.5436900E+05
5.7000000E+00		1.6836800E+05
5.5000000E+00		1.3516800E+05
5.3000000E+00		1.4006800E+05
5.1000000E+00		1.6424100E+05
4.8931500E+00		1.5904700E+05
4.6785900E+00		1.6685300E+05
4.4680200E+00		1.4568600E+05
4.2669300E+00		1.5084400E+05
4.0748800E+00		1.2939100E+05
3.8914800E+00		1.2813600E+05
3.7163400E+00		1.0091800E+05
3.5490700E+00		1.0981400E+05
3.3893400E+00		1.2331800E+05
3.2367900E+00		1.2130300E+05
3.0911100E+00		1.3705700E+05
2.9519900E+00		1.0895000E+05
2.8191300E+00		1.3883900E+05
2.6922500E+00		1.1755200E+05
2.5710800E+00		1.3141900E+05
2.4553600E+00		1.3201300E+05
2.3448500E+00		1.1367200E+05
2.2393200E+00		1.0986400E+05
2.1385300E+00		1.2487200E+05
2.0422800E+00		9.5623200E+04
1.9503600E+00		1.4540000E+05
1.8625800E+00		1.5101100E+05
1.7787500E+00		8.7985100E+04
1.6986900E+00		1.0949500E+05
1.6222400E+00		2.0977400E+05
1.5492300E+00		1.1470200E+05
1.4795000E+00		1.1046000E+05
1.4129100E+00		1.0514600E+05
1.3493200E+00		9.5438500E+04
1.2885900E+00		1.1448800E+05
1.2305900E+00		8.2973100E+04
1.1752100E+00		7.0808100E+04
1.1223200E+00		6.7376900E+04
1.0718000E+00		7.5984800E+04
1.0235600E+00		1.0160900E+05
9.7749600E-01		1.3118400E+05
9.3350200E-01		1.2700100E+05
8.9148700E-01		9.1997700E+04
8.5136400E-01		9.6084900E+04
8.1304600E-01		1.6993300E+05
7.7645300E-01		9.1396600E+04
7.4150700E-01		6.8245700E+04
7.0813400E-01		6.3728000E+04
6.7626200E-01		6.0814700E+04
6.4582500E-01		5.8379400E+04
6.1675900E-01		5.7842500E+04
5.8900000E-01		6.5429200E+04
5.6249000E-01		1.4053800E+05
5.3717400E-01		8.7136500E+04
5.1299700E-01		6.4775500E+04
4.8990900E-01		6.2737200E+04
4.6785900E-01		6.1347900E+04
4.4680200E-01		6.0084600E+04
4.2669300E-01		5.8917500E+04
4.0748800E-01		5.7849800E+04
3.8914800E-01		5.7465300E+04
3.7163400E-01		5.7607800E+04
3.5490800E-01		5.8732300E+04
3.3893400E-01		5.8313800E+04
3.2367900E-01		5.8960600E+04
3.0911200E-01		5.9836400E+04
2.9519900E-01		6.1152800E+04
2.8191300E-01		6.2791200E+04
2.6922500E-01		6.5120100E+04
2.5710800E-01		6.8293900E+04
2.4553600E-01		7.2633400E+04
2.3448500E-01		7.8742400E+04
2.2393200E-01		8.7438600E+04
2.1385300E-01		9.9936400E+04
2.0422800E-01		1.1741200E+05
1.9503600E-01		1.3836300E+05
1.8625800E-01		1.4269000E+05
1.7787500E-01		1.0031100E+05
1.6986900E-01		4.4191600E+04
1.6222400E-01		1.4063100E+04
1.5492300E-01		3.2154900E+03
1.4795000E-01		3.5452300E+02
1.4129100E-01		2.1392800E+02
1.3493200E-01		8.2824100E+02
1.2885900E-01		1.6125700E+03
1.2305900E-01		2.3799200E+03
1.1752100E-01		3.0728100E+03
1.1223200E-01		3.6651500E+03
1.0718000E-01		4.1781500E+03
1.0235600E-01		4.5973900E+03
9.7749600E-02		4.9570000E+03
9.3350200E-02		5.2546600E+03
8.9148700E-02		5.5028600E+03
8.5136400E-02		5.7932700E+03
8.1304600E-02		5.9054000E+03
7.7645300E-02		6.0897100E+03
7.4150700E-02		6.2879000E+03
7.0813400E-02		6.5306700E+03
6.7626200E-02		7.2258700E+03
6.4582500E-02		7.4872100E+03
6.1675800E-02		8.7574000E+03
5.8900000E-02		1.3175300E+04
5.6249000E-02		6.0140800E+04
5.3717400E-02		9.4871600E+02
5.1299700E-02		1.3991300E+03
4.8990900E-02		2.1865500E+03
4.6785900E-02		2.5758900E+03
4.4680200E-02		2.7762100E+03
4.2669300E-02		2.8800100E+03
4.0748800E-02		2.9188100E+03
3.8914800E-02		2.9262200E+03
3.7163400E-02		2.8967400E+03
3.5490800E-02		2.8605700E+03
3.3893400E-02		2.8085300E+03
3.2367900E-02		2.7500800E+03
3.0911100E-02		2.6776800E+03
2.9519900E-02		2.5989500E+03
2.8191300E-02		2.5229700E+03
2.6922500E-02		2.4504000E+03
2.5710800E-02		2.3801500E+03
2.4553600E-02		2.3034500E+03
2.3448500E-02		2.2277200E+03
2.2393100E-02		2.1528100E+03
2.1385300E-02		2.0772300E+03
2.0422800E-02		2.0050000E+03
1.9503600E-02		1.9336100E+03
1.8625800E-02		1.8633400E+03
1.7787500E-02		1.7947800E+03
1.6986900E-02		1.7279800E+03
1.6222400E-02		1.6626800E+03
1.5492300E-02		1.5989600E+03
1.4795000E-02		1.5378100E+03
1.4129100E-02		1.4780100E+03
1.3493200E-02		1.4203600E+03
1.2885900E-02		1.3646500E+03
1.2305900E-02		1.3102600E+03
1.1752100E-02		1.2583000E+03
1.1223200E-02		1.2079200E+03
1.0718000E-02		1.1592500E+03
1.0235600E-02		1.1123900E+03
9.7749600E-03		1.0671500E+03
9.3350200E-03		1.0235300E+03
8.9148700E-03		9.8161800E+02
8.5136400E-03		9.4090800E+02
8.1304600E-03		9.0196900E+02
7.7645300E-03		8.6447300E+02
7.4150700E-03		8.2857600E+02
7.0813300E-03		7.9416400E+02
6.7626200E-03		7.6089600E+02
6.4582500E-03		7.2909600E+02
6.1675900E-03		6.9858300E+02
5.8900000E-03		6.6891100E+02
5.6249000E-03		6.4052400E+02
5.3717400E-03		6.1341500E+02
5.1299700E-03		5.8748400E+02
4.8990900E-03		5.6262500E+02
4.6785900E-03		5.3880600E+02
4.4680200E-03		5.1590400E+02
4.2669300E-03		4.9366100E+02
4.0748800E-03		4.7241300E+02
3.8914800E-03		4.5225000E+02
3.7163400E-03		4.3303700E+02
3.5490700E-03		4.1460400E+02
3.3893400E-03		3.9661600E+02
3.2367900E-03		3.7939000E+02
3.0911200E-03		3.6292800E+02
2.9519900E-03		3.4712000E+02
2.8191300E-03		3.3203900E+02
2.6922500E-03		3.1790900E+02
2.5710800E-03		3.0446600E+02
2.4553600E-03		2.9147400E+02
2.3448500E-03		2.7900200E+02
2.2393100E-03		2.6696400E+02
2.1385300E-03		2.5520500E+02
2.0422800E-03		2.4396900E+02
1.9503600E-03		2.3346400E+02
1.8625800E-03		2.2360500E+02
1.7787500E-03		2.1408300E+02
1.6986900E-03		2.0496000E+02
1.6222400E-03		1.9623700E+02
1.5492300E-03		1.8793100E+02
1.4795000E-03		1.8009400E+02
1.4129100E-03		1.7257800E+02
1.3493200E-03		1.6512400E+02
1.2885900E-03		1.5795700E+02
1.2305900E-03		1.5111700E+02
1.1752100E-03		1.4458300E+02
1.1223200E-03		1.3834500E+02
1.0718000E-03		1.3242300E+02
1.0235600E-03		1.2679000E+02
9.7749600E-04		1.2185300E+02
9.3350200E-04		1.1757900E+02
8.9148700E-04		1.1316200E+02
8.5136400E-04		1.0862200E+02
8.1304600E-04		1.0432400E+02
7.7645300E-04		1.0029100E+02
7.4150700E-04		9.6343900E+01
7.0813400E-04		9.2133100E+01
6.7626200E-04		8.8058900E+01
6.4582500E-04		8.4708700E+01
6.1675800E-04		8.1940300E+01
5.8900000E-04		7.9295500E+01
5.6249000E-04		7.6746000E+01
5.3717400E-04		7.4156700E+01
5.1299700E-04		7.1179600E+01
4.8990900E-04		6.8217900E+01
4.6785900E-04		6.6146500E+01
4.4680200E-04		6.4639500E+01
4.2669300E-04		6.2920200E+01
4.0748800E-04		6.0675500E+01
3.8914800E-04		5.8509400E+01
3.7163400E-04		5.6252800E+01
3.5490800E-04		5.3974900E+01
3.3893400E-04		5.1799000E+01
3.2367900E-04		4.9580200E+01
3.0911200E-04		4.7340300E+01
2.9519900E-04		4.5081900E+01
2.8191300E-04		4.2873200E+01
2.6922500E-04		4.0657800E+01
2.5710800E-04		3.8442700E+01
2.4553600E-04		3.6189500E+01
2.3448500E-04		3.3380200E+01
2.2393200E-04		3.0236000E+01
2.1385300E-04		2.6626500E+01
2.0422800E-04		2.2854400E+01
1.9503600E-04		1.9235300E+01
1.8625800E-04		1.5765400E+01
1.7787500E-04		1.2284200E+01
1.6986900E-04		8.2311400E+00
1.6222400E-04		4.2757400E+00
1.5492300E-04		1.6822700E+00
1.4795000E-04		1.6434100E+00
1.4129100E-04		1.6813000E+00
1.3493200E-04		1.7214600E+00
1.2885900E-04		1.7606900E+00
1.2305900E-04		1.8031700E+00
1.1752100E-04		1.8447600E+00
1.1223200E-04		1.8876200E+00
1.0718000E-04		1.9332200E+00
1.0235600E-04		1.9768100E+00
9.7749600E-05		2.0221000E+00
9.3350200E-05		2.0690700E+00
8.9148700E-05		2.1177900E+00
8.5136400E-05		2.1669500E+00
8.1304600E-05		2.2178500E+00
7.7645300E-05		2.2700000E+00
7.4150700E-05		2.3222300E+00
7.0813400E-05		2.3781800E+00
6.7626200E-05		2.4320900E+00
6.4582500E-05		2.4903100E+00
6.1675800E-05		2.5493300E+00
5.8900000E-05		2.6060700E+00
5.6249000E-05		2.6665700E+00
5.3717400E-05		2.7282700E+00
5.1299700E-05		2.7923200E+00
4.8990900E-05		2.8577300E+00
4.6785900E-05		2.9249500E+00
4.4680200E-05		2.9926500E+00
4.2669300E-05		3.0638900E+00
4.0748800E-05		3.1334600E+00
3.8914800E-05		3.2090200E+00
3.7163400E-05		3.2828500E+00
3.5490800E-05		3.3585400E+00
3.3893400E-05		3.4401800E+00
3.2367900E-05		3.5183300E+00
3.0911100E-05		3.5978500E+00
2.9519900E-05		3.6826500E+00
2.8191300E-05		3.7676200E+00
2.6922500E-05		3.8573500E+00
2.5710800E-05		3.9451700E+00
2.4553600E-05		4.0403100E+00
2.3448500E-05		4.1331000E+00
2.2393200E-05		4.2295000E+00
2.1385300E-05		4.3313000E+00
2.0422800E-05		4.4285700E+00
1.9503600E-05		4.5305500E+00
1.8625800E-05		4.6355500E+00
1.7787500E-05		4.7449500E+00
1.6986900E-05		4.8547200E+00
1.6222400E-05		4.9689300E+00
1.5492300E-05		5.0852900E+00
1.4795000E-05		5.2024000E+00
1.4129100E-05		5.3273700E+00
1.3493200E-05		5.4478000E+00
1.2885900E-05		5.5785600E+00
1.2305900E-05		5.7103200E+00
1.1752100E-05		5.8372900E+00
1.1223200E-05		5.9730600E+00
1.0718000E-05		6.1113400E+00
1.0235600E-05		6.2543700E+00
9.9875000E-06		6.3287400E+00
9.9625000E-06		6.3371600E+00
9.9375000E-06		6.3455800E+00
9.9125000E-06		6.3540000E+00
9.8875000E-06		6.3624100E+00
9.8625000E-06		6.3708300E+00
9.8375000E-06		6.3792500E+00
9.8125000E-06		6.3876700E+00
9.7875000E-06		6.3960900E+00
9.7625000E-06		6.4045100E+00
9.7375000E-06		6.4129300E+00
9.7125000E-06		6.4213500E+00
9.6875000E-06		6.4297700E+00
9.6625000E-06		6.4381900E+00
9.6375000E-06		6.4466100E+00
9.6125000E-06		6.4550300E+00
9.5875000E-06		6.4634400E+00
9.5625000E-06		6.4718600E+00
9.5375000E-06		6.4802800E+00
9.5125000E-06		6.4887000E+00
9.4875000E-06		6.4971200E+00
9.4625000E-06		6.5055400E+00
9.4375000E-06		6.5139600E+00
9.4125000E-06		6.5223800E+00
9.3875000E-06		6.5308000E+00
9.3625000E-06		6.5392200E+00
9.3375000E-06		6.5476400E+00
9.3125000E-06		6.5560500E+00
9.2875000E-06		6.5644700E+00
9.2625000E-06		6.5728900E+00
9.2375000E-06		6.5813100E+00
9.2125000E-06		6.5897400E+00
9.1875000E-06		6.5989000E+00
9.1625000E-06		6.6084800E+00
9.1375000E-06		6.6180700E+00
9.1125000E-06		6.6276500E+00
9.0875000E-06		6.6372400E+00
9.0625000E-06		6.6468200E+00
9.0375000E-06		6.6564100E+00
9.0125000E-06		6.6659900E+00
8.9875000E-06		6.6755700E+00
8.9625000E-06		6.6851600E+00
8.9375000E-06		6.6947400E+00
8.9125000E-06		6.7043300E+00
8.8875000E-06		6.7139100E+00
8.8625000E-06		6.7235000E+00
8.8375000E-06		6.7330800E+00
8.8125000E-06		6.7426700E+00
8.7875000E-06		6.7522500E+00
8.7625000E-06		6.7618400E+00
8.7375000E-06		6.7714200E+00
8.7125000E-06		6.7810000E+00
8.6875000E-06		6.7905900E+00
8.6625000E-06		6.8001700E+00
8.6375000E-06		6.8097600E+00
8.6125000E-06		6.8193400E+00
8.5875000E-06		6.8289300E+00
8.5625000E-06		6.8385100E+00
8.5375000E-06		6.8481000E+00
8.5125000E-06		6.8576800E+00
8.4875000E-06		6.8672700E+00
8.4625000E-06		6.8768500E+00
8.4375000E-06		6.8864400E+00
8.4125000E-06		6.8960800E+00
8.3875000E-06		6.9068000E+00
8.3625000E-06		6.9179200E+00
8.3375000E-06		6.9290300E+00
8.3125000E-06		6.9401400E+00
8.2875000E-06		6.9512500E+00
8.2625000E-06		6.9623700E+00
8.2375000E-06		6.9734800E+00
8.2125000E-06		6.9845900E+00
8.1875000E-06		6.9957100E+00
8.1625000E-06		7.0068200E+00
8.1375000E-06		7.0179300E+00
8.1125000E-06		7.0290500E+00
8.0875000E-06		7.0401600E+00
8.0625000E-06		7.0512700E+00
8.0375000E-06		7.0623900E+00
8.0125000E-06		7.0735000E+00
7.9875000E-06		7.0846100E+00
7.9625000E-06		7.0957200E+00
7.9375000E-06		7.1068400E+00
7.9125000E-06		7.1179500E+00
7.8875000E-06		7.1290600E+00
7.8625000E-06		7.1401800E+00
7.8375000E-06		7.1512900E+00
7.8125000E-06		7.1624000E+00
7.7875000E-06		7.1735200E+00
7.7625000E-06		7.1846300E+00
7.7375000E-06		7.1957400E+00
7.7125000E-06		7.2068500E+00
7.6875000E-06		7.2179700E+00
7.6625000E-06		7.2290800E+00
7.6375000E-06		7.2401900E+00
7.6125000E-06		7.2513100E+00
7.5875000E-06		7.2624200E+00
7.5625000E-06		7.2735800E+00
7.5375000E-06		7.2861100E+00
7.5125000E-06		7.2992900E+00
7.4875000E-06		7.3124600E+00
7.4625000E-06		7.3256300E+00
7.4375000E-06		7.3388000E+00
7.4125000E-06		7.3519700E+00
7.3875000E-06		7.3651500E+00
7.3625000E-06		7.3783200E+00
7.3375000E-06		7.3914900E+00
7.3125000E-06		7.4046600E+00
7.2875000E-06		7.4178300E+00
7.2625000E-06		7.4310000E+00
7.2375000E-06		7.4441800E+00
7.2125000E-06		7.4573500E+00
7.1875000E-06		7.4705200E+00
7.1625000E-06		7.4836900E+00
7.1375000E-06		7.4968600E+00
7.1125000E-06		7.5100400E+00
7.0875000E-06		7.5232100E+00
7.0625000E-06		7.5363800E+00
7.0375000E-06		7.5495500E+00
7.0125000E-06		7.5627200E+00
6.9875000E-06		7.5758900E+00
6.9625000E-06		7.5890700E+00
6.9375000E-06		7.6022400E+00
6.9125000E-06		7.6154100E+00
6.8875000E-06		7.6285800E+00
6.8625000E-06		7.6417500E+00
6.8375000E-06		7.6549200E+00
6.8125000E-06		7.6681000E+00
6.7875000E-06		7.6812700E+00
6.7625000E-06		7.6944400E+00
6.7375000E-06		7.7076100E+00
6.7125000E-06		7.7208100E+00
6.6875000E-06		7.7357400E+00
6.6625000E-06		7.7516800E+00
6.6375000E-06		7.7676300E+00
6.6125000E-06		7.7835800E+00
6.5875000E-06		7.7995200E+00
6.5625000E-06		7.8154700E+00
6.5375000E-06		7.8314200E+00
6.5125000E-06		7.8473600E+00
6.4875000E-06		7.8633100E+00
6.4625000E-06		7.8792600E+00
6.4375000E-06		7.8952000E+00
6.4125000E-06		7.9111500E+00
6.3875000E-06		7.9270900E+00
6.3625000E-06		7.9430400E+00
6.3375000E-06		7.9589900E+00
6.3125000E-06		7.9749400E+00
6.2875000E-06		7.9908800E+00
6.2625000E-06		8.0068300E+00
6.2375000E-06		8.0227700E+00
6.2125000E-06		8.0387200E+00
6.1875000E-06		8.0546700E+00
6.1625000E-06		8.0706100E+00
6.1375000E-06		8.0865600E+00
6.1125000E-06		8.1025100E+00
6.0875000E-06		8.1184500E+00
6.0625000E-06		8.1344000E+00
6.0375000E-06		8.1503500E+00
6.0125000E-06		8.1662900E+00
5.9875000E-06		8.1822400E+00
5.9625000E-06		8.1981900E+00
5.9375000E-06		8.2141300E+00
5.9125000E-06		8.2300800E+00
5.8875000E-06		8.2460300E+00
5.8625000E-06		8.2619800E+00
5.8375000E-06		8.2794900E+00
5.8125000E-06		8.2981700E+00
5.7875000E-06		8.3168600E+00
5.7625000E-06		8.3355600E+00
5.7375000E-06		8.3542500E+00
5.7125000E-06		8.3729400E+00
5.6875000E-06		8.3916300E+00
5.6625000E-06		8.4103100E+00
5.6375000E-06		8.4290000E+00
5.6125000E-06		8.4476900E+00
5.5875000E-06		8.4663800E+00
5.5625000E-06		8.4850700E+00
5.5375000E-06		8.5037600E+00
5.5125000E-06		8.5224500E+00
5.4875000E-06		8.5411400E+00
5.4625000E-06		8.5598300E+00
5.4375000E-06		8.5785300E+00
5.4125000E-06		8.5984600E+00
5.3875000E-06		8.6194900E+00
5.3625000E-06		8.6405100E+00
5.3375000E-06		8.6615300E+00
5.3125000E-06		8.6825500E+00
5.2875000E-06		8.7035800E+00
5.2625000E-06		8.7246000E+00
5.2375000E-06		8.7456200E+00
5.2125000E-06		8.7666400E+00
5.1875000E-06		8.7876700E+00
5.1625000E-06		8.8086900E+00
5.1375000E-06		8.8297100E+00
5.1125000E-06		8.8507300E+00
5.0875000E-06		8.8717500E+00
5.0625000E-06		8.8927800E+00
5.0375000E-06		8.9138000E+00
5.0125000E-06		8.9348200E+00
4.9875000E-06		8.9572800E+00
4.9625000E-06		8.9811800E+00
4.9375000E-06		9.0050800E+00
4.9125000E-06		9.0289800E+00
4.8875000E-06		9.0528800E+00
4.8625000E-06		9.0767800E+00
4.8375000E-06		9.1006800E+00
4.8125000E-06		9.1245800E+00
4.7875000E-06		9.1484800E+00
4.7625000E-06		9.1723800E+00
4.7375000E-06		9.1962800E+00
4.7125000E-06		9.2201800E+00
4.6875000E-06		9.2440800E+00
4.6625000E-06		9.2679800E+00
4.6375000E-06		9.2918800E+00
4.6125000E-06		9.3157700E+00
4.5875000E-06		9.3398000E+00
4.5625000E-06		9.3662700E+00
4.5375000E-06		9.3936600E+00
4.5125000E-06		9.4210500E+00
4.4875000E-06		9.4484400E+00
4.4625000E-06		9.4758400E+00
4.4375000E-06		9.5032300E+00
4.4125000E-06		9.5306200E+00
4.3875000E-06		9.5580100E+00
4.3625000E-06		9.5854100E+00
4.3375000E-06		9.6128000E+00
4.3125000E-06		9.6401900E+00
4.2875000E-06		9.6675900E+00
4.2625000E-06		9.6949800E+00
4.2375000E-06		9.7223700E+00
4.2125000E-06		9.7497600E+00
4.1875000E-06		9.7771600E+00
4.1625000E-06		9.8051900E+00
4.1375000E-06		9.8365900E+00
4.1125000E-06		9.8684500E+00
4.0875000E-06		9.9003100E+00
4.0625000E-06		9.9321700E+00
4.0375000E-06		9.9640300E+00
4.0125000E-06		9.9958900E+00
3.9875000E-06		1.0027800E+01
3.9625000E-06		1.0059600E+01
3.9375000E-06		1.0091500E+01
3.9125000E-06		1.0123300E+01
3.8875000E-06		1.0155200E+01
3.8625000E-06		1.0187000E+01
3.8375000E-06		1.0218900E+01
3.8125000E-06		1.0250800E+01
3.7875000E-06		1.0282600E+01
3.7625000E-06		1.0314500E+01
3.7375000E-06		1.0348300E+01
3.7125000E-06		1.0385800E+01
3.6875000E-06		1.0423500E+01
3.6625000E-06		1.0461200E+01
3.6375000E-06		1.0498900E+01
3.6125000E-06		1.0536600E+01
3.5875000E-06		1.0574300E+01
3.5625000E-06		1.0612000E+01
3.5375000E-06		1.0649700E+01
3.5125000E-06		1.0687400E+01
3.4875000E-06		1.0725100E+01
3.4625000E-06		1.0762800E+01
3.4375000E-06		1.0800500E+01
3.4125000E-06		1.0838200E+01
3.3875000E-06		1.0875900E+01
3.3625000E-06		1.0913600E+01
3.3375000E-06		1.0951300E+01
3.3125000E-06		1.0993000E+01
3.2875000E-06		1.1037600E+01
3.2625000E-06		1.1082200E+01
3.2375000E-06		1.1126800E+01
3.2125000E-06		1.1171400E+01
3.1875000E-06		1.1216000E+01
3.1625000E-06		1.1260600E+01
3.1375000E-06		1.1305200E+01
3.1125000E-06		1.1349800E+01
3.0875000E-06		1.1394400E+01
3.0625000E-06		1.1438900E+01
3.0375000E-06		1.1483600E+01
3.0125000E-06		1.1528100E+01
2.9875000E-06		1.1575400E+01
2.9625000E-06		1.1627900E+01
2.9375000E-06		1.1680500E+01
2.9125000E-06		1.1733200E+01
2.8875000E-06		1.1785800E+01
2.8625000E-06		1.1838500E+01
2.8375000E-06		1.1891100E+01
2.8125000E-06		1.1943700E+01
2.7875000E-06		1.1996400E+01
2.7625000E-06		1.2049000E+01
2.7375000E-06		1.2101700E+01
2.7125000E-06		1.2154300E+01
2.6875000E-06		1.2207000E+01
2.6625000E-06		1.2261200E+01
2.6375000E-06		1.2323600E+01
2.6125000E-06		1.2387100E+01
2.5875000E-06		1.2450600E+01
2.5625000E-06		1.2514200E+01
2.5375000E-06		1.2577700E+01
2.5125000E-06		1.2641200E+01
2.4875000E-06		1.2704800E+01
2.4625000E-06		1.2768300E+01
2.4375000E-06		1.2831800E+01
2.4125000E-06		1.2895400E+01
2.3875000E-06		1.2958900E+01
2.3625000E-06		1.3022500E+01
2.3375000E-06		1.3086400E+01
2.3125000E-06		1.3157800E+01
2.2875000E-06		1.3232000E+01
2.2625000E-06		1.3306200E+01
2.2375000E-06		1.3380500E+01
2.2125000E-06		1.3454700E+01
2.1875000E-06		1.3528900E+01
2.1625000E-06		1.3604900E+01
2.1375000E-06		1.3687600E+01
2.1125000E-06		1.3770800E+01
2.0875000E-06		1.3854000E+01
2.0625000E-06		1.3937200E+01
2.0375000E-06		1.4020400E+01
2.0125000E-06		1.4103600E+01
1.9875000E-06		1.4192300E+01
1.9625000E-06		1.4286500E+01
1.9375000E-06		1.4380600E+01
1.9125000E-06		1.4474800E+01
1.8875000E-06		1.4568900E+01
1.8625000E-06		1.4663100E+01
1.8375000E-06		1.4759700E+01
1.8125000E-06		1.4865900E+01
1.7875000E-06		1.4973200E+01
1.7625000E-06		1.5080400E+01
1.7375000E-06		1.5187700E+01
1.7125000E-06		1.5295000E+01
1.6875000E-06		1.5402600E+01
1.6625000E-06		1.5521700E+01
1.6375000E-06		1.5646100E+01
1.6125000E-06		1.5770400E+01
1.5875000E-06		1.5894800E+01
1.5625000E-06		1.6019100E+01
1.5375000E-06		1.6143500E+01
1.5125000E-06		1.6269800E+01
1.4875000E-06		1.6413100E+01
1.4625000E-06		1.6560400E+01
1.4375000E-06		1.6707700E+01
1.4125000E-06		1.6855000E+01
1.3875000E-06		1.7002300E+01
1.3625000E-06		1.7149600E+01
1.3375000E-06		1.7302600E+01
1.3125000E-06		1.7478600E+01
1.2875000E-06		1.7657000E+01
1.2625000E-06		1.7835400E+01
1.2375000E-06		1.8013800E+01
1.2125000E-06		1.8192100E+01
1.1875000E-06		1.8370500E+01
1.1625000E-06		1.8558800E+01
1.1375000E-06		1.8767300E+01
1.1125000E-06		1.8976400E+01
1.0875000E-06		1.9187600E+01
1.0625000E-06		1.9418100E+01
1.0375000E-06		1.9653300E+01
1.0125000E-06		1.9888500E+01
9.8750000E-07		2.0140900E+01
9.6250010E-07		2.0410700E+01
9.3750000E-07		2.0680500E+01
9.1250000E-07		2.0950900E+01
8.8750000E-07		2.1251000E+01
8.6250000E-07		2.1567300E+01
8.3750000E-07		2.1883600E+01
8.1250000E-07		2.2202900E+01
7.8750000E-07		2.2561500E+01
7.6250000E-07		2.2932400E+01
7.3750000E-07		2.3305300E+01
7.1250000E-07		2.3721900E+01
6.8750000E-07		2.4156500E+01
6.6250000E-07		2.4592400E+01
6.3750000E-07		2.5082100E+01
6.1250000E-07		2.5601200E+01
5.8750000E-07		2.6120800E+01
5.6250000E-07		2.6706800E+01
5.3740400E-07		2.7344000E+01
5.1299700E-07		2.7963600E+01
4.8990900E-07		2.8598300E+01
4.6785900E-07		2.9263700E+01
4.4680200E-07		2.9937100E+01
4.2669300E-07		3.0635100E+01
4.0748800E-07		3.1349500E+01
3.8914800E-07		3.2080400E+01
3.7163400E-07		3.2827800E+01
3.5490800E-07		3.3592400E+01
3.3893400E-07		3.4375100E+01
3.2367900E-07		3.5175100E+01
3.0911100E-07		3.5995900E+01
2.9519900E-07		3.6835400E+01
2.8191300E-07		3.7692600E+01
2.6922500E-07		3.8568700E+01
2.5710800E-07		3.9463400E+01
2.4553600E-07		4.0382800E+01
2.3448500E-07		4.1324300E+01
2.2393100E-07		4.2287000E+01
2.1385300E-07		4.3271900E+01
2.0422800E-07		4.4280000E+01
1.9503600E-07		4.5314300E+01
1.8625800E-07		4.6370800E+01
1.7787500E-07		4.7451400E+01
1.6986900E-07		4.8556700E+01
1.6222400E-07		4.9687100E+01
1.5492300E-07		5.0843400E+01
1.4795000E-07		5.2028500E+01
1.4129100E-07		5.3242100E+01
1.3493200E-07		5.4484700E+01
1.2885900E-07		5.5753000E+01
1.2305900E-07		5.7050700E+01
1.1752100E-07		5.8382700E+01
1.1223200E-07		5.9731900E+01
1.0718000E-07		6.1123700E+01
1.0235600E-07		6.2547200E+01
9.7749600E-08		6.4003200E+01
9.3350200E-08		6.5495300E+01
8.9148700E-08		6.7020700E+01
8.5136400E-08		6.8582100E+01
8.1304600E-08		7.0181100E+01
7.7645300E-08		7.1816700E+01
7.4150700E-08		7.3489800E+01
7.0813300E-08		7.5201700E+01
6.7626200E-08		7.6954000E+01
6.4582500E-08		7.8747300E+01
6.1675800E-08		8.0582400E+01
5.8900000E-08		8.2460100E+01
5.6249000E-08		8.4381600E+01
5.3717400E-08		8.6347300E+01
5.1299700E-08		8.8346300E+01
4.8990900E-08		9.0408500E+01
4.6785900E-08		9.2516500E+01
4.4680200E-08		9.4672800E+01
4.2669300E-08		9.6879100E+01
4.0748800E-08		9.9136800E+01
3.8914800E-08		1.0144700E+02
3.7163400E-08		1.0381200E+02
3.5490700E-08		1.0622700E+02
3.3893400E-08		1.0869900E+02
3.2367900E-08		1.1123100E+02
3.0911100E-08		1.1382500E+02
2.9519900E-08		1.1647800E+02
2.8191300E-08		1.1919300E+02
2.6922500E-08		1.2197200E+02
2.5710800E-08		1.2481600E+02
2.4553600E-08		1.2772900E+02
2.3448500E-08		1.3070800E+02
2.2393200E-08		1.3375100E+02
2.1385300E-08		1.3686500E+02
2.0422800E-08		1.4006300E+02
1.9503600E-08		1.4331400E+02
1.8625800E-08		1.4665300E+02
1.7787500E-08		1.5006800E+02
1.6986900E-08		1.5356200E+02
1.6222400E-08		1.5714700E+02
1.5492300E-08		1.6079000E+02
1.4795000E-08		1.6453800E+02
1.4129100E-08		1.6837200E+02
1.3493200E-08		1.7229400E+02
1.2885900E-08		1.7630500E+02
1.2305900E-08		1.8041300E+02
1.1752100E-08		1.8462800E+02
1.1223200E-08		1.8888800E+02
1.0718000E-08		1.9329000E+02
1.0235600E-08		1.9779000E+02
9.7749600E-09		2.0239900E+02
9.3350200E-09		2.0709800E+02
8.9148700E-09		2.1193400E+02
8.5136400E-09		2.1687000E+02
8.1304600E-09		2.2192100E+02
7.7645300E-09		2.2709000E+02
7.4150700E-09		2.3238000E+02
7.0813400E-09		2.3779100E+02
6.7626200E-09		2.4333500E+02
6.4582500E-09		2.4900700E+02
6.1675800E-09		2.5479600E+02
5.8900000E-09		2.6073500E+02
5.6249000E-09		2.6681200E+02
5.3717400E-09		2.7301700E+02
5.1299700E-09		2.7944500E+02
4.8990900E-09		2.8587900E+02
4.6785900E-09		2.9254500E+02
4.4680200E-09		2.9934800E+02
4.2669300E-09		3.0634800E+02
4.0748800E-09		3.1348900E+02
3.8914800E-09		3.2078400E+02
3.7163400E-09		3.2823400E+02
3.5490800E-09		3.3590100E+02
3.3893400E-09		3.4370400E+02
3.2367900E-09		3.5171000E+02
3.0911200E-09		3.5996700E+02
2.9519900E-09		3.6836000E+02
2.8191300E-09		3.7693700E+02
2.6922500E-09		3.8569100E+02
2.5710800E-09		3.9462900E+02
2.4553600E-09		4.0384300E+02
2.3448500E-09		4.1325700E+02
2.2393100E-09		4.2285800E+02
2.1385300E-09		4.3274400E+02
2.0422800E-09		4.4283200E+02
1.9503600E-09		4.5317700E+02
1.8625800E-09		4.6374000E+02
1.7787500E-09		4.7454200E+02
1.6986900E-09		4.8556200E+02
1.6222400E-09		4.9681900E+02
1.5492300E-09		5.0843000E+02
1.4795000E-09		5.2027800E+02
1.4129100E-09		5.3240000E+02
1.3493200E-09		5.4480400E+02
1.2885900E-09		5.5749900E+02
1.2305900E-09		5.7049300E+02
1.1752100E-09		5.8379300E+02
1.1223200E-09		5.9732300E+02
1.0718000E-09		6.1128600E+02
1.0235600E-09		6.2553600E+02
9.7749600E-10		6.4008800E+02
9.3350210E-10		6.5495700E+02
8.9148700E-10		6.7031600E+02
8.5136400E-10		6.8595500E+02
8.1304600E-10		7.0193300E+02
7.7645300E-10		7.1827500E+02
7.4150700E-10		7.3500400E+02
7.0813300E-10		7.5206300E+02
6.7626200E-10		7.6958900E+02
6.4582500E-10		7.8752300E+02
6.1675800E-10		8.0587500E+02
5.8900000E-10		8.2465500E+02
5.6249000E-10		8.4387400E+02
5.3717400E-10		8.6355000E+02
5.1299700E-10		8.8371200E+02
4.8990900E-10		9.0417600E+02
4.6785900E-10		9.2525100E+02
4.4680200E-10		9.4681700E+02
4.2669300E-10		9.6888700E+02
4.0748800E-10		9.9147800E+02
3.8914800E-10		1.0146000E+03
3.7163400E-10		1.0382300E+03
3.5490700E-10		1.0624200E+03
3.3893400E-10		1.0871400E+03
3.2367900E-10		1.1123900E+03
3.0911100E-10		1.1383100E+03
2.9519900E-10		1.1648300E+03
2.8191300E-10		1.1919800E+03
2.6922500E-10		1.2197600E+03
2.5710800E-10		1.2481900E+03
2.4553600E-10		1.2771300E+03
2.3448500E-10		1.3068900E+03
2.2393200E-10		1.3373800E+03
2.1385300E-10		1.3685300E+03
2.0422800E-10		1.4003000E+03
1.9503600E-10		1.4330400E+03
1.8625800E-10		1.4664400E+03
1.7787500E-10		1.5006100E+03
1.6986900E-10		1.5355700E+03
1.6222400E-10		1.5713000E+03
1.5492300E-10		1.6079200E+03
1.4795000E-10		1.6453800E+03
1.4129100E-10		1.6837200E+03
1.3493200E-10		1.7229700E+03
1.2885900E-10		1.7631200E+03
1.2305900E-10		1.8040200E+03
1.1752100E-10		1.8460400E+03
1.1223200E-10		1.8891200E+03
1.0718000E-10		1.9331300E+03
1.0235600E-10		1.9781800E+03
9.7749600E-11		2.0242100E+03
9.3350200E-11		2.0713900E+03
8.9148700E-11		2.1196100E+03
8.5136400E-11		2.1689300E+03
8.1304600E-11		2.2199300E+03
7.7645300E-11		2.2711500E+03
7.4150700E-11		2.3241000E+03
7.0813400E-11		2.3782200E+03
6.7626200E-11		2.4336100E+03
6.4582500E-11		2.4901500E+03
6.1675800E-11		2.5482700E+03
5.8900000E-11		2.6076100E+03
5.6249000E-11		2.6684700E+03
5.3717400E-11		2.7306400E+03
5.1299700E-11		2.7942700E+03
4.8990900E-11		2.8593100E+03
4.6785900E-11		2.9259600E+03
4.4680200E-11		2.9941500E+03
4.2669300E-11		3.0639400E+03
4.0748800E-11		3.1353800E+03
3.8914800E-11		3.2084900E+03
3.7163400E-11		3.2832400E+03
3.5490700E-11		3.3597000E+03
3.3893400E-11		3.4379200E+03
3.2367900E-11		3.5178900E+03
3.0911100E-11		3.5998900E+03
2.9519900E-11		3.6838600E+03
2.8191300E-11		3.7698100E+03
2.6922500E-11		3.8575600E+03
2.5710800E-11		3.9473600E+03
2.4553600E-11		4.0395200E+03
2.3448500E-11		4.1328700E+03
2.2393100E-11		4.2291800E+03
2.1385300E-11		4.3276600E+03
2.0422800E-11		4.4284800E+03
1.9503600E-11		4.5317100E+03
1.8625800E-11		4.6373200E+03
1.7787500E-11		4.7453800E+03
1.6986900E-11		4.8559600E+03
1.6222400E-11		4.9691200E+03
1.5492300E-11		5.0845300E+03
1.4795000E-11		5.2027600E+03
1.4129100E-11		5.3241400E+03
1.3493200E-11		5.4481600E+03
1.2885900E-11		5.5751900E+03
1.2305900E-11		5.7051000E+03
1.1752100E-11		5.8380200E+03
1.1223200E-11		5.9740400E+03
1.0718000E-11		6.1131600E+03
1.0235600E-11		6.2556200E+03
